freq,WS1,WS2,W1,W2,LS1,LS2,L1,L2,S11r,S11i,S21r,S21i,S31r,S31i,S41r,S41i
2.0,4.6,2.1,2.6,2.1,17.0,8.5,38.8,21.6,-0.9013,0.102,-0.2511,0.052,0.2629,0.0205,-0.0537,0.1759
2.0,1.2,3.6,1.4,4.5,13.7,9.9,26.9,14.6,-0.3632,0.3454,-0.3718,-0.6726,-0.2071,0.236,-0.0172,0.2209
2.0,2.2,2.5,4.5,3.6,12.8,20.7,42.9,8.9,-0.5308,0.5021,-0.1621,-0.1518,0.1705,0.1981,-0.4524,-0.3519
2.0,2.5,2.6,3.6,3.4,14.1,11.6,41.5,27.1,-0.5652,-0.0625,-0.4507,0.0507,0.4615,0.0019,-0.4059,0.2827
2.0,3.2,4.4,2.8,2.6,3.1,17.3,24.4,36.1,-0.1355,-0.0029,-0.3376,0.0372,0.3263,0.1617,-0.8037,-0.2603
2.0,1.9,2.3,2.2,1.7,19.5,20.6,26.3,35.7,-0.9539,-0.035,-0.0072,0.129,0.0219,-0.0669,-0.0214,0.2293
2.0,3.2,2.2,4.2,4.4,9.5,16.8,27.7,37.9,-0.4163,0.0333,-0.4827,0.0411,0.4798,0.1614,-0.5594,-0.0731
2.0,1.4,1.9,2.9,2.7,15.0,15.5,21.8,30.6,-0.4308,-0.0718,-0.335,-0.2455,0.2579,0.5323,-0.4763,-0.2119
2.0,1.6,3.4,2.4,3.5,20.4,16.8,7.5,20.0,-0.6244,0.39,0.0415,0.1737,-0.1085,0.1268,-0.305,-0.5379
2.0,4.6,4.9,4.8,3.8,17.0,13.2,22.7,17.2,-0.7233,-0.1693,-0.2489,-0.2533,0.2234,0.4171,-0.2589,0.1297
2.0,4.3,1.6,3.9,2.7,8.6,3.8,13.6,39.0,-0.348,-0.1759,0.1094,-0.1905,-0.3715,0.6518,-0.4262,-0.1589
2.0,3.3,2.2,2.4,3.5,16.4,16.0,29.1,34.6,-0.777,-0.0869,-0.2441,0.3339,0.2653,-0.1695,-0.1906,0.261
2.0,4.0,4.9,4.3,4.0,20.9,10.9,14.0,26.2,-0.9685,0.0568,-0.0574,-0.0391,0.0518,0.1205,-0.0032,0.1501
2.0,4.0,4.4,1.8,3.4,8.6,18.7,43.2,35.2,-0.8516,-0.0475,-0.0135,0.1952,0.0402,-0.1412,-0.0614,0.4409
2.0,1.0,4.7,2.1,4.3,16.6,21.2,38.1,30.5,-0.8283,-0.2616,-0.0094,0.1036,0.0245,-0.0596,-0.1515,0.4347
2.0,2.1,2.8,1.8,4.4,2.7,4.8,39.0,14.3,-0.2979,0.3107,-0.2917,-0.6725,-0.3357,0.2817,-0.0215,0.2698
2.0,3.8,4.7,1.1,1.3,3.5,9.3,15.3,8.0,-0.0403,0.6747,-0.0202,-0.4141,-0.4786,-0.257,-0.1843,-0.1837
2.0,1.8,4.4,1.0,1.7,6.4,13.9,36.7,22.7,-0.1168,-0.0134,-0.3422,0.0964,0.3382,0.2198,-0.7695,-0.2917
2.0,2.5,2.2,3.7,4.9,11.6,13.5,11.6,14.9,-0.4464,0.6128,-0.1939,-0.2599,-0.3606,-0.3604,0.0675,-0.2201
2.0,4.9,2.5,5.0,4.5,17.2,2.9,10.6,37.2,-0.2129,0.2228,0.2806,0.0662,-0.3513,0.2136,-0.7414,-0.2533
2.0,4.4,2.2,2.7,2.8,3.4,16.8,12.1,20.1,0.1261,0.3081,-0.2226,0.0343,-0.5542,0.0383,0.4141,-0.587
2.0,2.7,4.1,2.4,4.2,18.4,19.5,23.3,18.5,-0.5249,-0.3858,-0.1939,0.2493,0.2101,-0.1224,-0.4611,0.4038
2.0,4.4,2.6,3.3,2.0,3.2,9.3,18.9,5.2,-0.4503,0.5512,0.1426,-0.2933,-0.3225,-0.3974,-0.1941,-0.2866
2.0,4.9,3.5,1.6,4.0,20.7,14.5,14.1,22.5,-0.8615,0.4314,-0.1432,0.0401,0.1641,0.0772,0.0119,0.0746
2.0,4.4,2.9,2.0,3.7,18.7,15.5,38.0,15.5,-0.8264,0.2108,-0.2798,0.2176,0.3089,-0.0846,-0.0926,0.1485
2.0,2.1,4.1,3.4,2.2,2.6,8.3,7.4,32.0,-0.3343,0.0695,-0.3135,0.1764,-0.3626,0.1378,0.2687,-0.7237
2.0,1.0,4.1,2.1,4.4,20.3,10.5,9.1,38.2,-0.4238,-0.0169,0.1538,-0.2268,-0.2097,0.6692,-0.4622,-0.0355
2.0,4.4,5.0,4.9,1.8,16.3,18.8,26.0,15.7,-0.5793,-0.4739,-0.1154,0.1156,0.1164,-0.0742,-0.4172,0.4431
2.0,1.9,1.5,1.8,3.6,11.1,4.1,20.0,38.5,-0.4965,0.1016,-0.5215,0.1045,0.1194,0.5551,-0.0798,-0.3449
2.0,4.3,3.4,1.8,1.9,20.3,14.3,34.4,17.1,-0.9005,0.3815,-0.0458,0.1335,0.0626,-0.0715,0.0153,0.0719
2.0,4.2,1.1,4.4,3.1,9.4,10.6,13.4,13.5,-0.3667,0.4798,-0.2903,-0.2347,-0.4667,-0.3381,0.0854,-0.3854
2.0,3.9,1.1,3.4,4.8,3.6,7.2,17.2,5.5,-0.5809,0.4251,0.1712,-0.2327,-0.1833,-0.4139,-0.1791,-0.397
2.0,2.4,3.9,3.4,1.1,13.6,20.7,20.7,14.5,-0.1841,0.1935,-0.0851,-0.0145,0.0761,0.08,-0.7138,-0.6191
2.0,4.1,2.5,4.9,2.0,15.2,18.3,37.8,13.6,-0.638,-0.3265,-0.2462,0.1558,0.25,-0.1175,-0.3543,0.4251
2.0,3.0,2.4,3.6,4.0,18.6,8.9,33.2,29.2,-0.8281,0.0275,-0.3543,0.0831,0.3591,0.038,-0.1483,0.1359
2.0,4.9,2.9,3.9,4.6,15.2,11.8,19.0,10.4,-0.1561,-0.0059,-0.0415,-0.5802,-0.5955,0.1418,-0.416,0.2606
2.0,1.3,1.7,2.8,1.7,14.1,6.9,36.9,33.9,-0.576,-0.1118,-0.4471,-0.0465,0.4542,0.1588,-0.4101,0.205
2.0,5.0,3.7,3.8,1.2,14.8,17.8,29.0,35.7,-0.8725,-0.2674,-0.0637,0.1318,0.0675,-0.0846,-0.1225,0.3293
2.0,4.3,2.7,4.4,1.1,11.7,10.4,22.6,13.3,-0.1546,0.0519,0.1998,-0.0792,-0.3207,0.306,-0.7367,-0.4156
2.0,3.5,2.6,1.0,3.6,18.2,6.5,38.6,38.6,-0.7565,0.4165,-0.0158,0.3899,0.1085,-0.2226,-0.0285,0.1655
2.0,4.4,2.2,2.2,4.1,5.0,17.1,16.6,14.6,-0.0149,0.5802,-0.0245,-0.5314,-0.5936,0.0915,-0.0246,0.0579
2.0,3.0,1.8,4.8,1.6,3.6,3.5,28.8,42.9,-0.6047,0.1029,-0.3619,-0.1852,0.3391,0.3938,-0.3643,-0.2095
2.0,4.4,4.4,4.6,3.2,7.5,5.2,14.8,14.2,-0.3017,0.4777,-0.3094,-0.2049,-0.5169,-0.3107,0.12,-0.3956
2.0,3.5,2.9,3.2,4.0,19.5,19.9,8.6,28.2,-0.3234,0.4537,0.2344,-0.0405,-0.2256,0.1217,-0.6602,-0.3172
2.0,4.3,3.5,3.7,3.1,17.2,16.4,31.9,13.0,-0.6702,-0.1329,-0.4226,0.1061,0.4246,0.0188,-0.316,0.205
2.0,2.0,4.2,3.8,2.7,15.9,8.6,23.7,20.6,-0.3938,-0.2966,-0.0555,-0.317,-0.0771,0.6135,-0.5043,0.0149
2.0,3.8,3.4,2.7,1.0,20.1,8.5,41.3,33.6,-0.9508,0.254,-0.0397,0.0812,0.0457,-0.059,0.0195,0.1028
2.0,2.1,4.4,4.8,5.0,18.3,20.2,26.3,9.2,-0.4696,0.1954,-0.1697,-0.0497,0.1174,0.2633,-0.3597,-0.6796
2.0,1.3,2.8,4.8,2.3,5.9,12.6,12.8,5.9,-0.6484,0.5285,-0.0104,-0.2687,-0.1696,-0.3968,0.0121,-0.1919
2.0,2.7,3.1,3.1,1.4,8.8,2.4,40.8,39.6,-0.5844,-0.0406,-0.4578,0.0467,0.4713,0.0275,-0.3887,0.244
2.0,1.3,4.7,2.0,4.6,17.8,4.8,24.8,7.5,-0.3909,0.0576,0.1206,-0.6582,-0.3622,0.1876,-0.4032,0.2336
2.0,2.8,4.6,1.9,3.0,17.7,3.4,5.3,15.1,-0.5935,0.5115,-0.2709,-0.1478,-0.304,-0.1679,-0.1444,-0.3784
2.0,2.7,4.2,5.0,1.6,6.9,15.6,32.4,11.8,-0.4638,0.2373,-0.1355,-0.2456,0.1163,0.3686,-0.4894,-0.4989
2.0,3.7,5.0,4.8,1.9,10.4,13.9,4.9,23.2,-0.7213,-0.0917,-0.0929,0.1265,-0.0953,0.1227,0.1172,-0.6353
2.0,2.2,1.5,5.0,5.0,20.9,11.4,9.0,13.9,-0.707,0.4164,-0.2551,-0.0592,-0.3127,-0.1162,-0.0884,-0.3571
2.0,4.7,1.6,3.2,4.7,18.1,17.2,29.2,23.9,-0.8521,0.0594,-0.3156,0.1556,0.3201,-0.0185,-0.1161,0.1355
2.0,3.4,4.7,4.8,2.1,7.8,8.3,25.8,41.4,-0.5675,0.0876,-0.3982,-0.1586,0.3782,0.3659,-0.4028,-0.1887
2.0,1.2,4.9,1.9,1.4,6.1,9.3,6.9,9.1,-0.3186,0.6567,-0.1912,-0.3673,-0.2417,-0.3974,0.1629,-0.2157
2.0,4.9,2.1,4.8,4.3,7.9,15.0,25.2,38.6,-0.5541,0.1507,-0.3992,-0.1117,0.3817,0.3412,-0.413,-0.2325
2.0,3.5,2.2,4.4,2.2,18.2,16.2,30.4,6.4,-0.794,-0.1126,-0.21,-0.1795,0.1114,0.4836,-0.1404,0.0077
2.0,2.3,1.0,3.0,4.3,17.1,10.2,21.6,42.3,-0.587,0.2162,-0.4265,0.0603,0.4135,0.2907,-0.3453,-0.1873
2.0,5.0,2.7,2.9,4.9,16.5,11.0,38.1,30.6,-0.8362,0.0843,-0.2467,0.2694,0.268,-0.163,-0.1147,0.1969
2.0,4.7,3.0,3.5,3.8,9.5,8.4,24.7,10.9,-0.1073,0.2074,0.023,-0.6248,-0.6359,0.0781,-0.3331,0.1412
2.0,2.1,4.4,4.2,2.4,17.8,11.1,19.1,38.5,-0.6628,-0.0461,-0.358,-0.2141,0.3424,0.389,-0.3178,-0.0019
2.0,1.4,3.5,1.5,4.9,19.6,8.3,16.5,39.1,-0.5826,0.3041,-0.3839,0.1436,0.3884,0.3428,-0.2773,-0.1989
2.0,3.4,4.7,4.4,2.5,12.6,5.0,36.2,9.1,-0.575,-0.25,-0.0302,-0.2706,-0.1172,0.6313,-0.3197,0.0667
2.0,4.5,4.3,4.9,1.4,2.2,10.8,24.1,5.2,-0.1825,0.6497,0.0213,-0.2898,-0.5947,-0.2866,0.0447,-0.0997
2.0,4.3,4.0,4.9,4.6,16.5,8.3,30.8,5.1,-0.7599,-0.0056,-0.0722,-0.5174,-0.1322,0.1526,-0.0965,0.3019
2.0,2.0,4.2,2.7,2.8,19.5,19.5,12.4,28.0,-0.1649,0.1064,-0.2947,-0.1097,0.3033,0.1881,-0.8274,-0.0913
2.0,1.8,4.7,1.3,4.5,12.7,13.2,17.4,25.8,-0.1091,0.0123,-0.5862,-0.0096,-0.0216,0.608,0.0316,-0.5026
2.0,4.2,4.9,4.2,4.3,15.1,2.7,34.0,24.2,-0.824,-0.0185,-0.2705,-0.1659,0.2565,0.3394,-0.156,0.0839
2.0,2.2,2.1,1.8,4.8,4.3,4.3,16.9,20.8,-0.0407,0.4731,0.0381,-0.4864,-0.6187,-0.0721,-0.3676,-0.0519
2.0,3.4,3.0,4.8,2.3,3.6,8.8,31.1,42.8,-0.4958,0.1247,-0.4573,-0.0473,0.4569,0.2292,-0.4847,-0.1391
2.0,4.3,3.3,4.8,2.5,18.9,2.2,17.4,38.3,-0.9084,-0.0522,-0.1562,-0.1288,0.1375,0.2762,-0.0746,0.1371
2.0,3.9,4.7,2.2,1.6,4.3,15.9,16.6,37.4,-0.317,0.1266,-0.2373,-0.1216,0.1861,0.3855,-0.5249,-0.5827
2.0,2.7,2.0,3.8,3.4,15.7,10.4,24.0,20.2,-0.5201,-0.3268,-0.1365,-0.2624,-0.0653,0.6225,-0.3497,0.0751
2.0,1.4,3.1,3.9,1.6,5.3,3.8,38.9,37.7,-0.4796,-0.0146,-0.457,-0.1308,0.4644,0.2034,-0.5084,0.1284
2.0,1.8,3.3,4.5,1.5,15.9,10.9,25.9,11.2,-0.2594,-0.198,0.1241,-0.2834,-0.2511,0.5492,-0.629,-0.14
2.0,2.0,3.8,3.2,1.4,18.0,9.6,21.7,6.4,-0.0574,-0.164,-0.2268,-0.4532,-0.6639,0.3216,-0.353,0.1289
2.0,3.5,2.8,3.9,4.9,20.0,5.6,20.5,26.8,-0.9391,0.0496,-0.1539,-0.0415,0.1035,0.2459,-0.0246,0.0913
2.0,1.3,4.1,2.0,2.6,12.2,7.3,44.0,28.7,-0.4553,0.1005,-0.4734,-0.0356,0.4986,0.113,-0.4823,0.2228
2.0,2.5,2.6,3.2,1.5,13.1,9.0,15.1,43.9,-0.6997,0.0383,-0.2664,-0.1597,0.1868,0.5242,-0.2097,-0.2015
2.0,1.3,2.2,1.3,1.5,14.8,15.2,40.8,6.9,-0.1519,0.1151,-0.6188,-0.2129,-0.2659,0.5827,0.2184,-0.1891
2.0,1.7,2.4,3.1,2.0,19.2,16.3,5.4,21.0,-0.7675,0.2416,-0.0435,0.1377,-0.0704,0.1154,-0.1403,-0.5336
2.0,2.4,3.9,3.1,4.2,9.8,4.0,22.9,27.8,-0.3776,-0.245,-0.3532,-0.2237,-0.2181,0.7197,-0.1119,-0.1732
2.0,3.2,1.9,1.0,4.8,2.1,15.5,5.7,16.8,-0.3258,0.8009,-0.2268,-0.2188,-0.2708,-0.2349,0.0207,-0.1339
2.0,1.0,2.4,2.1,4.6,13.1,6.0,37.8,16.6,-0.2656,0.1278,-0.5701,-0.4721,-0.382,0.3993,0.1761,0.1023
2.0,4.3,1.8,1.2,4.0,13.0,14.5,20.0,41.5,-0.4443,0.1965,-0.3959,0.4136,0.4876,-0.0011,-0.4232,0.0468
2.0,3.5,3.3,1.8,1.1,17.3,18.1,17.5,11.0,-0.3642,-0.1468,-0.4316,-0.0403,0.4288,0.232,-0.6103,0.1158
2.0,1.2,4.2,2.1,2.9,18.8,21.0,39.3,27.8,-0.9028,-0.1262,-0.0007,0.0784,0.0121,-0.0479,-0.0612,0.3754
2.0,3.2,2.5,3.2,3.8,21.9,15.2,21.5,39.2,-0.942,0.2705,-0.0224,0.1341,0.0345,-0.0742,0.0046,0.0631
2.0,2.7,4.0,3.1,3.7,21.5,17.1,12.0,22.7,-0.895,-0.0186,-0.1665,-0.1082,0.173,0.1791,-0.0698,0.2534
2.0,2.2,4.7,4.3,2.6,13.2,15.6,24.0,16.0,-0.4225,0.0816,-0.1498,-0.271,0.0856,0.4845,-0.4465,-0.5127
2.0,4.7,3.3,4.7,5.0,4.9,5.3,23.8,25.9,-0.3258,-0.2794,-0.1221,-0.2375,-0.3696,0.7112,-0.1944,-0.2205
2.0,4.3,2.5,3.9,4.2,10.1,9.1,13.9,16.7,-0.2236,0.5155,-0.2726,-0.1595,-0.5913,-0.256,-0.0117,-0.3989
2.0,1.8,2.7,1.6,2.5,13.1,11.3,37.8,39.3,-0.5938,-0.0306,-0.3278,0.376,0.3809,-0.1848,-0.3472,0.2889
2.0,2.9,4.1,1.3,3.9,17.2,4.5,41.5,25.1,-0.7256,0.3231,-0.3572,0.0851,0.4134,0.1512,-0.1532,0.0738
2.0,3.7,4.4,4.4,4.9,19.9,7.5,39.4,29.6,-0.9378,0.1282,-0.1258,0.1687,0.134,-0.1253,-0.0245,0.1331
2.0,2.6,2.3,2.6,4.7,15.0,8.6,36.5,18.7,-0.6778,-0.0582,-0.3439,-0.0921,0.0959,0.6,-0.1171,-0.1157
2.0,4.7,4.3,1.4,1.9,6.3,18.7,42.8,40.1,-0.874,-0.0045,0.0098,0.1944,0.0264,-0.1277,-0.0342,0.4048
2.0,4.7,1.2,3.2,3.1,6.6,9.8,19.2,23.9,0.0292,-0.0276,-0.0386,-0.0628,-0.6659,0.4253,-0.367,-0.467
2.0,1.1,4.7,4.2,3.1,9.5,12.5,10.8,10.5,-0.4514,0.6505,-0.1827,-0.2695,-0.2888,-0.3532,0.2109,-0.0846
2.0,1.4,4.7,1.7,3.7,11.7,3.7,19.2,16.1,-0.0149,0.3356,0.0132,-0.567,-0.6088,-0.0162,-0.4278,-0.0165
2.0,4.1,3.4,2.2,4.0,11.8,9.2,6.6,11.9,-0.5566,0.5574,-0.1831,-0.2885,-0.2506,-0.3311,-0.0357,-0.2906
2.0,3.8,3.2,4.4,3.2,19.2,8.3,37.0,30.0,-0.9395,0.073,-0.155,0.1442,0.1613,-0.1008,-0.0324,0.1498
2.0,4.1,3.0,2.3,3.7,4.8,14.1,27.9,11.4,-0.2562,0.4539,-0.2454,-0.6838,-0.3224,0.2221,0.0404,0.1822
2.0,3.7,1.9,4.4,3.8,17.2,12.2,23.8,16.5,-0.7401,-0.2776,-0.1657,-0.176,0.0087,0.4917,-0.1837,0.1629
2.0,4.2,2.3,3.7,3.4,5.4,18.3,17.6,19.7,-0.1721,-0.0889,-0.0335,-0.149,-0.3557,0.511,0.013,-0.7302
2.0,4.7,4.1,1.3,4.4,3.9,3.4,23.6,5.5,-0.221,0.3424,0.2776,-0.514,-0.4675,-0.1551,-0.4683,-0.1537
2.0,4.1,2.8,3.5,4.4,20.9,2.5,7.8,8.9,-0.2796,0.5499,0.0358,-0.0586,-0.1883,-0.0919,-0.6555,-0.2778
2.0,1.5,4.3,3.0,2.0,21.0,7.4,12.0,20.3,-0.0624,-0.1289,0.0646,-0.0087,-0.2286,0.2562,-0.8847,0.0887
2.0,4.4,1.1,3.4,1.3,10.5,17.6,25.7,28.8,-0.268,-0.1913,-0.3257,-0.2274,0.3028,0.3593,-0.7044,0.0142
2.0,4.6,3.3,1.7,4.7,3.7,9.9,19.4,43.3,-0.4279,0.2705,-0.4012,0.2483,0.2909,0.4229,-0.2835,-0.4064
2.0,3.8,2.2,1.3,2.5,12.5,15.3,13.2,9.4,-0.0093,0.4938,-0.0071,-0.4779,-0.6164,-0.0065,-0.3643,-0.0186
2.0,4.4,2.9,1.5,4.2,11.0,12.6,31.6,16.3,-0.2297,0.1942,-0.7445,-0.2597,-0.2228,0.4192,0.1921,-0.0842
2.0,4.2,2.4,3.1,3.1,16.0,2.7,29.5,33.1,-0.8118,0.0362,-0.3659,-0.0034,0.3546,0.1974,-0.1592,0.0836
2.0,2.1,3.2,1.5,2.3,5.9,7.8,16.8,11.0,-0.0714,0.5561,0.04,-0.4623,-0.5146,-0.2632,-0.2843,-0.2179
2.0,1.9,4.4,3.5,2.0,4.4,19.4,35.6,22.0,-0.0557,0.1291,-0.1369,0.0017,0.1404,0.0511,-0.9348,-0.2221
2.0,4.9,4.0,1.8,1.9,6.4,18.5,30.2,10.4,0.1839,0.0354,-0.3718,0.0356,-0.0091,0.3213,0.0452,-0.8317
2.0,3.1,4.3,2.8,1.6,20.6,6.2,25.0,5.1,-0.8898,0.1152,-0.3025,-0.2144,-0.1379,0.0679,0.046,0.1405
2.0,4.6,4.5,2.5,4.9,16.0,15.8,19.0,24.3,-0.5135,0.0084,-0.4717,-0.0184,0.4727,0.2473,-0.4552,0.0173
2.0,4.2,5.0,1.3,1.7,4.0,14.7,32.1,28.8,-0.0611,-0.166,-0.3071,0.1343,0.3019,0.1167,-0.8399,-0.1679
2.0,3.5,2.7,4.1,4.1,5.5,13.2,33.6,16.6,-0.5415,-0.0799,-0.1466,-0.2499,-0.027,0.6397,-0.2303,-0.3728
2.0,4.8,1.0,1.2,3.2,13.2,13.8,36.1,37.4,-0.6972,0.1648,-0.2317,0.4462,0.3084,-0.2033,-0.1831,0.2249
2.0,3.4,1.6,1.7,2.0,8.7,15.1,22.7,33.5,-0.3589,-0.0795,-0.4692,-0.0464,0.3753,0.4344,-0.5124,-0.1877
2.0,3.3,4.1,4.0,2.0,2.6,13.1,21.7,26.7,-0.3492,0.0206,0.0389,-0.2351,-0.1601,0.483,-0.3839,-0.6352
2.0,2.8,4.0,1.2,3.7,3.8,10.7,10.8,41.1,-0.4175,0.1805,-0.4108,0.1984,0.0997,0.5675,-0.0368,-0.4862
2.0,2.0,3.3,4.2,2.1,11.9,2.7,17.4,26.1,-0.2032,0.1688,0.0648,0.1305,-0.4004,0.2043,-0.5376,-0.6364
2.0,2.1,2.6,4.0,4.3,6.5,7.9,34.4,39.3,-0.5239,0.168,-0.447,-0.0285,0.4526,0.2382,-0.4508,-0.1464
2.0,4.3,4.4,4.5,3.5,16.6,7.8,32.1,11.1,-0.822,-0.1476,-0.184,-0.1462,0.0679,0.4604,-0.1129,0.0851
2.0,1.7,2.1,1.4,4.3,21.2,7.8,39.9,5.3,-0.8067,0.4242,-0.213,-0.2923,0.0111,0.0844,0.0387,0.1417
2.0,1.6,4.5,4.0,1.5,13.1,13.7,30.0,4.6,-0.0772,0.1696,-0.3529,-0.5176,-0.5799,0.3647,0.2727,-0.0156
2.0,4.5,1.7,2.8,4.2,5.8,6.4,31.3,25.2,-0.5017,-0.1505,-0.3794,-0.1601,-0.0034,0.6843,-0.1444,-0.2315
2.0,2.1,3.0,4.8,3.3,10.4,7.6,32.0,19.9,-0.5223,-0.1288,-0.046,-0.3811,-0.0094,0.605,-0.4218,-0.0903
2.0,1.0,1.4,3.2,2.6,10.0,4.8,39.4,15.0,-0.5091,-0.1028,0.0269,-0.3686,-0.0639,0.6147,-0.4458,-0.0089
2.0,1.4,1.9,2.4,1.0,17.0,16.3,6.0,11.2,-0.3493,0.113,-0.3368,0.1377,-0.3819,0.1082,0.1936,-0.7226
2.0,2.1,1.5,4.7,3.0,12.5,4.2,11.7,22.9,-0.4358,0.2082,-0.3358,0.1209,-0.4588,0.0397,0.0599,-0.6446
2.0,4.4,1.8,3.4,1.6,7.6,3.8,31.7,16.9,-0.2555,-0.2455,0.0476,-0.2929,-0.1727,0.5746,-0.6397,-0.0618
2.0,4.9,1.8,1.6,4.5,2.5,15.3,39.2,32.1,-0.3782,0.1926,-0.4278,0.093,0.456,0.2568,-0.5503,-0.1888
2.0,2.0,1.5,1.5,3.8,7.8,8.6,5.2,35.2,-0.2227,0.4522,-0.4515,0.1464,-0.5058,0.1195,0.2148,-0.4426
2.0,1.9,2.5,3.9,1.9,20.1,8.8,35.3,9.9,-0.8773,-0.0723,-0.1813,-0.1567,0.1677,0.2992,-0.104,0.165
2.0,2.2,4.2,1.7,3.4,5.6,13.4,35.8,12.7,-0.0027,0.4725,-0.5792,-0.3985,-0.2535,0.2932,0.3249,-0.0732
2.0,3.5,4.1,1.2,2.4,14.6,19.2,26.3,6.9,0.2045,0.6361,-0.5709,-0.1408,-0.1319,0.1549,0.3005,-0.1941
2.0,2.3,4.0,2.4,1.9,3.5,4.6,39.9,37.2,-0.4572,0.0698,-0.473,-0.037,0.494,0.174,-0.5154,0.0928
2.0,3.5,1.9,1.5,1.4,12.2,7.6,14.7,29.0,-0.0613,-0.149,-0.0343,-0.1187,-0.3179,0.541,-0.7323,-0.0907
2.0,4.4,4.6,1.5,1.0,15.8,16.0,5.2,34.7,-0.7471,0.5033,0.0142,0.0611,0.0052,0.0556,-0.23,-0.3505
2.0,2.1,3.1,4.0,2.4,3.2,6.4,26.9,14.9,0.0325,-0.0186,-0.0258,-0.0642,-0.6995,0.3844,-0.1861,-0.5529
2.0,2.7,3.2,3.7,4.4,13.0,14.3,39.2,26.4,-0.4254,-0.0505,-0.4691,0.0477,0.4813,0.044,-0.5596,0.1751
2.0,3.1,2.4,1.3,1.1,16.8,7.9,5.1,41.6,-0.5922,0.5498,0.0086,0.2112,-0.0714,0.1871,-0.3052,-0.4003
2.0,2.4,4.1,3.8,4.1,19.5,13.9,43.6,36.3,-0.9465,0.1119,-0.0245,0.1538,0.0331,-0.127,0.001,0.2058
2.0,4.0,3.3,3.8,3.6,9.8,13.1,36.5,26.4,-0.4063,-0.0336,-0.4667,-0.0531,0.4736,0.1622,-0.5835,0.0864
2.0,4.0,1.5,3.0,2.7,15.3,7.1,18.9,39.3,-0.7352,0.0655,-0.3566,-0.0988,0.3134,0.399,-0.2146,-0.0511
2.0,3.2,2.5,1.3,4.4,6.9,6.1,17.0,20.5,-0.0189,0.2769,-0.1303,-0.6401,-0.5589,0.1933,-0.3221,0.1718
2.0,2.1,4.2,1.2,3.4,18.3,2.9,40.5,24.3,-0.7587,0.2958,-0.3342,0.0759,0.3644,0.241,-0.1149,0.0537
2.0,1.4,3.0,2.6,3.0,15.4,15.6,34.8,28.0,-0.3866,-0.2194,-0.4094,0.154,0.4198,-0.0141,-0.5996,0.2364
2.0,3.5,4.9,3.1,3.9,14.3,6.0,30.7,22.2,-0.7089,-0.0953,-0.3214,-0.1635,0.2244,0.4995,-0.2188,0.0039
2.0,2.8,3.8,4.5,1.5,2.2,18.4,8.1,15.8,-0.0678,-0.0204,-0.1423,0.0748,-0.172,0.0466,0.6768,-0.6851
2.0,4.7,3.7,3.6,4.0,4.9,5.1,24.1,19.8,0.0851,-0.0384,-0.199,-0.3349,-0.7577,0.4423,-0.1242,-0.1933
2.0,1.6,2.8,4.6,1.6,21.6,9.8,24.8,12.1,-0.9188,-0.1565,-0.1138,-0.0845,0.0796,0.2086,-0.0676,0.1931
2.0,1.8,2.8,4.1,3.8,3.7,13.9,14.2,27.4,-0.1788,0.0594,-0.0214,0.1838,-0.5285,0.2117,0.0327,-0.7693
2.0,2.7,1.2,1.6,2.9,13.1,9.2,24.1,28.2,-0.5549,-0.1237,-0.5054,-0.0538,0.1293,0.5971,-0.1604,-0.0736
2.0,3.5,3.7,1.0,3.1,12.3,18.6,22.3,15.8,0.0885,-0.0483,-0.4404,0.1856,0.1675,0.3583,-0.3303,-0.6791
2.0,4.0,3.1,1.8,1.5,15.0,10.1,43.8,13.2,-0.7374,0.1008,-0.3805,-0.0604,0.4065,0.1479,-0.1899,0.2491
2.0,4.4,4.9,1.1,4.1,15.0,13.0,42.0,16.4,-0.5185,0.2926,-0.4256,0.1411,0.5028,0.1884,-0.3683,-0.0095
2.0,2.8,1.9,2.0,1.6,16.7,20.1,8.0,11.4,-0.4633,0.2065,0.0424,0.1918,-0.2164,0.1894,-0.2588,-0.7322
2.0,3.4,4.9,3.0,2.0,7.9,7.4,41.6,15.7,-0.481,0.0881,-0.2444,-0.3749,0.2546,0.4815,-0.5005,0.0384
2.0,3.1,1.3,1.0,2.7,19.8,2.1,40.2,15.7,-0.7766,0.4834,-0.2398,0.1304,0.0907,0.2577,0.0299,0.0217
2.0,2.2,1.8,1.7,4.1,7.6,12.4,27.1,26.8,-0.2057,-0.0218,-0.6498,-0.0811,-0.0732,0.6087,0.0399,-0.3671
2.0,4.9,3.4,3.6,2.9,16.2,21.8,9.0,31.2,-0.7044,0.4528,-0.0209,-0.046,0.025,0.081,-0.2922,-0.4421
2.0,3.7,1.3,3.7,3.4,16.3,14.1,7.4,33.5,-0.711,0.3598,-0.0192,0.1913,-0.1053,0.1313,-0.2134,-0.4972
2.0,3.1,1.6,3.9,4.6,3.3,13.5,6.4,4.1,-0.7526,0.2886,0.0656,-0.3229,0.0305,-0.3697,0.041,-0.3157
2.0,4.2,2.6,3.2,4.5,4.3,8.9,12.6,21.5,-0.1745,0.6001,-0.2691,-0.1911,-0.5569,-0.2742,0.1086,-0.3075
2.0,2.2,4.5,3.2,2.4,4.0,21.1,29.4,40.1,-0.6673,-0.4365,-0.0524,0.1328,0.0621,-0.0737,-0.327,0.4465
2.0,3.8,2.8,2.5,3.0,16.6,18.7,14.0,41.0,-0.4501,-0.0004,-0.4563,0.1729,0.4846,-0.0126,-0.5191,0.1669
2.0,1.8,2.0,2.4,3.5,4.3,14.6,11.0,10.2,-0.4736,0.6525,-0.0237,-0.2901,-0.254,-0.3799,-0.0543,-0.2187
2.0,1.8,3.9,3.0,1.0,8.0,20.7,8.8,16.4,-0.2533,-0.0778,0.0319,0.032,-0.1201,0.0703,0.2815,-0.9053
2.0,4.3,2.1,2.6,1.5,20.7,4.8,28.4,13.0,-0.9468,0.2656,-0.0893,0.02,0.0454,0.1034,0.0131,0.0576
2.0,3.0,4.4,2.2,4.4,18.7,4.0,42.2,39.8,-0.8513,0.2045,-0.0759,0.3222,0.1141,-0.2292,-0.0482,0.2142
2.0,1.2,2.3,1.7,1.9,21.5,19.0,14.8,43.8,-0.8078,0.0278,-0.1172,0.371,0.1649,-0.2185,-0.126,0.2752
2.0,4.0,3.0,4.9,1.5,16.5,2.9,43.1,16.7,-0.8859,-0.0484,-0.2289,-0.0853,0.2318,0.1006,-0.0864,0.2728
2.0,4.4,1.3,3.1,2.8,7.2,14.0,5.3,5.2,-0.7,0.3689,-0.0099,-0.3583,-0.0367,-0.3882,0.0438,-0.2969
2.0,4.1,3.3,1.4,2.9,4.9,18.5,42.9,30.2,-0.3367,-0.219,-0.1992,0.2373,0.2383,-0.1501,-0.6044,0.5247
2.0,3.8,2.3,3.6,3.2,9.2,4.9,35.5,19.3,-0.6042,-0.1464,-0.1467,-0.327,0.0938,0.5856,-0.3486,0.0307
2.0,4.0,2.6,4.9,2.8,12.9,5.4,35.8,25.8,-0.6914,-0.1141,-0.347,-0.2181,0.3482,0.2968,-0.3015,0.1774
2.0,1.3,2.7,1.1,1.6,15.7,21.0,19.5,29.5,-0.1483,-0.3851,-0.1362,0.157,0.1603,-0.0297,-0.8234,0.2264
2.0,2.9,1.3,1.1,1.1,21.0,18.9,4.1,16.5,-0.5763,0.7152,0.021,0.0777,-0.0132,0.0674,-0.2812,-0.2346
2.0,1.9,3.0,4.7,4.4,11.6,3.4,21.8,14.7,-0.1093,0.4673,-0.0108,-0.3076,-0.686,-0.2446,-0.2742,-0.239
2.0,4.3,3.7,4.1,1.0,7.4,14.7,25.6,17.4,-0.2891,0.129,-0.0458,-0.2601,0.0054,0.3934,-0.6067,-0.5434
2.0,1.9,1.9,1.3,4.7,15.8,17.8,33.9,7.4,-0.633,0.4948,-0.2854,-0.4678,-0.0198,0.1481,0.0143,0.1487
2.0,4.7,4.9,2.1,3.9,2.3,16.0,4.6,43.6,-0.7323,0.343,0.0156,0.2522,-0.0243,0.2231,-0.1314,-0.4521
2.0,4.9,3.8,1.4,4.5,7.7,17.8,31.6,41.5,-0.8267,0.0541,0.0142,0.4027,0.0763,-0.1976,-0.0813,0.2863
2.0,1.0,1.5,1.8,1.6,11.0,19.1,12.8,20.9,0.0727,-0.006,-0.0494,-0.0667,-0.3887,0.3937,0.0038,-0.8153
2.0,1.1,2.3,2.6,4.2,16.9,12.1,10.4,23.2,-0.1906,0.3682,-0.3637,0.0879,-0.5981,0.0208,0.0954,-0.5541
2.0,4.8,4.8,1.5,1.1,5.9,14.6,12.1,40.2,-0.3831,0.1362,-0.0338,-0.2241,-0.0001,0.5403,-0.4934,-0.4795
2.0,1.1,3.8,1.9,2.2,19.2,11.6,11.6,4.1,-0.3986,0.57,0.1226,-0.2492,-0.3695,-0.2926,-0.3505,-0.29
2.0,4.0,3.5,2.7,1.6,9.9,19.1,43.6,10.1,-0.085,0.1564,-0.2686,0.0011,0.2811,0.0459,-0.8879,0.0471
2.0,4.1,3.9,4.5,3.8,8.5,9.1,6.9,6.9,-0.7418,0.3795,-0.0424,-0.3185,-0.0785,-0.3632,0.0357,-0.2454
2.0,1.3,4.9,2.0,4.0,19.3,2.4,23.8,19.3,-0.5255,-0.0983,-0.5407,-0.3833,-0.2938,0.3486,0.0021,0.2226
2.0,4.2,1.5,1.6,4.6,15.9,2.4,13.6,32.3,-0.7061,0.0159,-0.4097,0.0032,-0.0332,0.5584,0.0201,0.0626
2.0,2.2,4.7,3.3,3.0,9.3,21.2,39.5,38.7,-0.9136,-0.1306,-0.0047,0.0772,0.0126,-0.0507,-0.0587,0.3504
2.0,2.8,4.1,4.5,2.0,6.0,8.3,41.3,22.3,-0.3469,0.0626,-0.3503,-0.2967,0.3553,0.3335,-0.6375,0.092
2.0,2.4,1.7,3.7,1.2,6.8,18.1,35.6,13.1,-0.317,0.2152,-0.2075,-0.2398,0.1996,0.3447,-0.6593,-0.3801
2.0,3.6,2.4,2.4,1.8,6.8,11.8,34.2,7.0,-0.1149,0.2779,-0.2461,-0.6735,-0.5201,0.2705,0.0049,0.1865
2.0,3.9,1.4,3.0,4.9,19.7,2.6,25.2,35.4,-0.8462,0.2051,-0.3164,0.1096,0.3196,0.0746,-0.1005,0.0477
2.0,3.4,3.0,1.2,3.0,8.0,2.3,38.8,21.2,-0.47,-0.0797,-0.5099,-0.0485,0.0418,0.6867,-0.0916,-0.0958
2.0,4.7,1.0,4.6,1.7,2.5,20.0,42.9,29.7,-0.1838,-0.1689,-0.2863,0.0304,0.2897,-0.0125,-0.7989,0.338
2.0,1.4,4.4,2.3,2.5,3.5,7.5,31.3,28.6,-0.3745,-0.0703,-0.354,-0.1898,0.2083,0.5803,-0.4275,-0.3431
2.0,4.8,4.0,2.2,1.2,6.1,2.8,16.9,6.0,-0.2841,0.4758,0.0453,-0.3889,-0.3164,-0.4387,-0.2007,-0.448
2.0,1.1,2.9,3.5,4.2,14.7,18.9,36.7,26.3,-0.213,-0.2028,-0.3334,0.1177,0.342,-0.0217,-0.779,0.1972
2.0,2.2,4.6,3.6,2.8,18.2,21.8,28.5,26.1,-0.8532,-0.3148,-0.0065,0.0354,0.0093,-0.0192,-0.1426,0.3674
2.0,4.2,3.4,2.4,2.4,21.6,2.9,16.3,40.2,-0.8997,0.3612,-0.1437,0.0535,0.1546,0.0358,-0.0044,0.0489
2.0,4.4,3.6,4.3,4.6,20.8,12.4,19.8,4.1,-0.9441,0.1591,-0.1187,-0.2108,-0.0358,0.0094,0.0193,0.1181
2.0,1.8,4.7,4.7,3.4,5.5,14.1,30.6,39.3,-0.3414,-0.0528,-0.4661,0.0794,0.4687,0.0698,-0.6441,0.0156
2.0,1.0,1.7,1.6,3.7,7.2,19.1,8.4,41.0,-0.5986,0.0696,-0.1841,-0.0648,0.0769,0.6369,-0.1404,-0.3791
2.0,1.5,2.8,2.7,2.7,8.0,15.4,20.6,21.2,-0.1046,-0.111,-0.2005,-0.2133,-0.2298,0.6116,-0.0927,-0.6628
2.0,2.0,3.7,1.4,5.0,4.9,2.4,4.4,39.0,-0.255,0.5567,-0.4574,0.1084,-0.4702,0.1001,0.3042,-0.2705
2.0,4.5,2.5,3.4,3.5,18.9,18.9,16.9,7.5,-0.7371,-0.1336,-0.2555,-0.1257,0.0111,0.5643,-0.1036,0.0182
2.0,4.2,3.3,3.7,4.0,14.0,5.3,35.4,42.3,-0.6734,-0.0306,-0.3249,0.3566,0.3521,-0.2017,-0.2923,0.2266
2.0,2.2,1.8,4.0,3.0,9.8,14.7,19.8,36.3,-0.5794,-0.0141,-0.2379,-0.267,0.1552,0.5665,-0.3233,-0.2724
2.0,4.3,2.4,4.4,1.3,7.9,17.7,40.0,38.2,-0.6781,-0.3396,-0.1512,0.1665,0.1563,-0.1344,-0.3104,0.4717
2.0,2.6,1.2,2.9,1.8,6.8,17.7,26.7,23.4,-0.2702,-0.0219,-0.2095,-0.2629,0.1138,0.5174,-0.5634,-0.4487
2.0,3.0,2.7,2.2,2.9,18.1,13.4,31.3,39.4,-0.8854,0.0835,-0.0871,0.3177,0.1203,-0.1773,-0.0592,0.201
2.0,3.7,3.5,5.0,3.4,19.4,4.5,28.4,21.0,-0.9493,-0.0116,-0.1414,-0.0728,0.1273,0.1814,-0.0361,0.1221
2.0,4.0,3.8,4.9,2.5,12.4,17.5,6.9,16.6,-0.716,-0.0329,-0.0665,0.1376,-0.0856,0.1153,0.0639,-0.6566
2.0,1.7,2.6,3.9,4.0,4.5,14.3,18.7,23.5,-0.0116,-0.0585,-0.0236,-0.1074,-0.6247,0.4715,0.0115,-0.5954
2.0,3.0,3.5,3.4,1.7,6.0,6.4,27.3,18.4,-0.1413,-0.1114,0.0952,-0.179,-0.3537,0.5257,-0.5713,-0.4307
2.0,2.9,2.2,3.6,3.6,19.2,9.6,10.0,20.6,-0.3653,0.4335,-0.043,0.1797,-0.2905,0.1332,-0.5149,-0.5039
2.0,1.0,3.7,3.7,2.1,10.0,14.0,24.1,19.2,-0.3261,-0.0266,-0.036,-0.2594,-0.1149,0.5402,-0.3697,-0.6082
2.0,5.0,1.5,4.4,1.6,18.7,3.8,42.4,6.4,-0.9538,0.1098,-0.0977,-0.1105,0.1045,0.1507,-0.0141,0.129
2.0,1.3,4.8,2.8,4.8,5.4,3.9,27.9,15.2,-0.2044,0.2747,0.0233,-0.6896,-0.5305,0.1272,-0.2621,0.1735
2.0,4.0,3.1,3.8,2.6,18.1,19.2,40.4,7.3,-0.7027,-0.1642,-0.2632,0.2415,0.2742,-0.1851,-0.271,0.3696
2.0,1.2,3.9,1.9,1.1,16.6,11.1,16.2,17.3,-0.0039,-0.0784,0.0397,-0.0559,-0.3614,0.4316,-0.6451,-0.485
2.0,3.3,1.5,3.6,2.8,5.3,19.5,35.6,32.5,-0.2406,-0.175,-0.3715,0.0867,0.3782,0.0082,-0.7517,0.1936
2.0,1.6,3.1,1.6,2.4,4.1,4.2,31.6,10.5,-0.0855,0.3228,0.0059,-0.6719,-0.5463,0.0807,-0.3386,0.0888
2.0,4.2,2.0,4.2,2.5,8.9,6.5,40.6,21.0,-0.5706,-0.0303,-0.2972,-0.3469,0.3037,0.4043,-0.4165,0.1594
2.0,1.8,1.5,4.5,2.8,12.2,16.2,34.4,37.5,-0.4764,-0.1692,-0.4454,0.1254,0.4504,-0.0267,-0.5154,0.2146
2.0,4.5,2.1,1.9,2.5,11.6,17.7,24.5,21.5,-0.2986,-0.0952,-0.452,-0.0339,0.4007,0.3403,-0.6168,-0.1376
2.0,1.7,2.7,1.2,1.4,17.4,21.0,36.2,27.6,-0.9075,-0.0749,0.0081,0.1074,0.0144,-0.0583,-0.0414,0.3697
2.0,2.3,3.2,1.0,4.4,4.4,20.3,43.7,26.0,-0.0626,0.0864,-0.2115,0.157,0.2776,-0.0153,-0.8942,0.11
2.0,4.2,4.7,4.6,1.3,14.6,21.1,25.5,32.5,-0.6097,-0.4951,-0.0286,0.0472,0.03,-0.0287,-0.3876,0.4587
2.0,3.9,2.6,3.6,3.4,6.2,14.9,31.2,16.1,-0.4423,-0.0757,-0.2008,-0.2325,-0.0127,0.6342,-0.2434,-0.4763
2.0,1.5,3.1,4.9,2.4,7.1,3.8,43.7,16.9,-0.5334,0.0937,-0.1159,-0.4696,0.12,0.4899,-0.4384,0.1279
2.0,4.9,2.4,2.6,4.5,5.4,16.9,20.4,12.3,-0.2135,0.4932,-0.0457,-0.6539,-0.4535,0.1739,-0.0498,0.1683
2.0,4.8,2.1,4.8,3.9,9.4,6.7,20.7,43.0,-0.7161,0.2155,-0.2727,-0.0534,0.2278,0.3988,-0.2134,-0.3131
2.0,3.4,5.0,2.8,1.2,17.8,15.5,37.1,35.0,-0.9679,0.0425,-0.0117,0.0962,0.02,-0.0607,0.0009,0.2001
2.0,3.9,1.2,2.8,4.6,15.4,3.6,6.3,38.0,-0.6416,0.354,-0.1148,0.3018,-0.1865,0.2497,-0.118,-0.49
2.0,2.6,2.5,4.7,2.6,9.5,8.9,34.9,21.7,-0.4998,-0.0407,-0.2051,-0.398,0.199,0.5068,-0.4906,-0.0004
2.0,2.5,2.6,4.0,1.8,16.8,18.2,27.8,36.2,-0.7623,-0.3347,-0.1586,0.197,0.1618,-0.1253,-0.2325,0.3631
2.0,4.8,4.8,1.8,4.9,15.6,8.0,10.8,8.6,-0.3088,0.6091,0.0823,-0.2014,-0.3889,-0.2024,-0.4709,-0.2483
2.0,4.8,3.7,1.1,3.5,18.4,3.9,31.0,34.2,-0.7534,0.4617,-0.1689,0.3244,0.2325,-0.1078,-0.05,0.082
2.0,1.8,3.3,4.9,2.8,16.7,21.7,8.9,23.8,-0.7823,0.1593,0.0156,-0.0477,-0.024,0.102,-0.1225,-0.5714
2.0,4.3,1.7,4.2,2.4,7.9,12.0,8.8,39.6,-0.6522,0.2033,-0.0165,0.2638,-0.2089,0.1599,-0.1205,-0.6094
2.0,1.8,3.1,4.8,4.8,14.3,17.4,5.1,29.2,-0.7522,-0.047,-0.1054,0.1878,-0.1108,0.1794,0.0999,-0.5691
2.0,4.2,2.3,3.7,4.2,18.0,15.3,23.4,16.3,-0.8385,-0.0755,-0.2482,-0.1217,0.174,0.389,-0.1175,0.0832
2.0,4.0,3.1,4.7,3.4,18.9,9.3,17.0,6.3,-0.4556,-0.2538,-0.0517,-0.4918,-0.3231,0.1324,-0.3777,0.4296
2.0,1.7,4.0,4.1,4.4,6.6,9.4,5.5,15.6,-0.5975,0.4894,-0.2008,-0.352,-0.2121,-0.3671,0.2169,-0.0893
2.0,2.8,2.9,2.2,4.7,5.1,5.9,14.4,25.6,0.0913,0.4631,-0.1149,-0.3312,-0.763,-0.002,-0.1896,-0.1499
2.0,4.6,3.0,3.8,2.3,10.1,20.5,37.2,9.2,-0.2154,0.2783,-0.2048,-0.052,0.2079,0.1434,-0.7691,-0.3897
2.0,4.9,2.5,2.0,4.7,9.1,8.6,16.5,4.5,-0.3795,0.4628,0.2522,-0.2791,-0.3924,-0.2847,-0.4143,-0.2953
2.0,2.0,3.3,4.1,4.7,20.4,18.7,20.6,37.1,-0.8156,-0.1835,-0.1623,0.2735,0.173,-0.1755,-0.1704,0.2932
2.0,3.7,4.8,2.4,2.6,19.2,21.9,28.1,21.8,-0.9753,0.125,0.0044,0.0202,-0.0001,-0.0081,0.0167,0.1483
2.0,3.5,2.3,4.4,2.2,2.3,15.4,18.3,26.2,-0.3454,0.0249,0.155,-0.0384,-0.3488,0.3222,-0.2473,-0.7466
2.0,4.2,3.4,3.8,3.2,8.9,7.9,25.3,14.3,0.0319,-0.1327,-0.1549,-0.263,-0.7122,0.5122,-0.2182,-0.2285
2.0,2.5,3.6,2.6,1.3,4.5,14.1,7.1,28.5,-0.3091,-0.0244,-0.1652,0.1524,-0.2038,0.1277,0.2466,-0.8526
2.0,3.2,2.5,3.7,1.5,6.5,14.9,16.2,21.0,-0.327,0.0727,0.0738,0.1,-0.3043,0.1758,-0.1993,-0.8365
2.0,1.0,2.9,1.4,4.1,3.8,11.3,23.9,15.0,-0.2111,0.4268,-0.1623,-0.7179,-0.355,0.2206,-0.1213,0.1784
2.0,1.9,3.9,4.4,4.4,17.3,7.5,34.5,28.2,-0.6619,-0.0065,-0.4234,-0.1273,0.4228,0.2611,-0.3258,0.0464
2.0,3.2,3.6,1.3,3.2,17.6,5.1,35.7,9.7,-0.7088,0.3317,-0.4454,-0.3456,-0.0877,0.1158,0.0817,0.1797
2.0,2.5,2.4,2.3,1.2,16.6,17.0,8.9,28.4,-0.5039,0.3901,0.0808,0.0902,-0.116,0.0865,-0.4562,-0.5824
2.0,3.5,3.4,3.3,4.9,4.8,11.7,16.2,4.2,-0.5989,0.4809,0.1823,-0.1822,-0.2537,-0.3589,-0.2197,-0.3128
2.0,2.8,1.3,2.7,3.0,6.1,20.9,40.2,18.3,-0.2514,0.3086,-0.2762,-0.096,0.2895,0.2014,-0.7362,-0.2625
2.0,3.6,1.1,2.6,1.3,17.6,6.4,9.0,23.6,-0.5133,0.4779,-0.0563,0.1222,-0.1779,0.0904,-0.4309,-0.5026
2.0,3.8,4.6,4.9,2.4,5.8,6.5,33.9,33.4,-0.4767,-0.0058,-0.3939,-0.246,0.3899,0.3586,-0.5142,-0.0252
2.0,3.1,3.7,3.0,2.1,10.9,2.0,15.8,29.5,-0.057,0.0768,0.0337,0.0629,-0.4847,0.3194,-0.6394,-0.473
2.0,3.1,1.6,3.4,2.2,9.4,20.7,41.1,18.9,-0.1491,-0.1463,-0.2608,0.0597,0.2681,-0.0227,-0.8337,0.3072
2.0,4.4,3.5,4.1,2.8,5.6,13.8,19.8,16.4,-0.0768,-0.0339,0.0377,-0.023,-0.5586,0.3854,-0.0495,-0.7156
2.0,2.0,5.0,3.1,4.3,12.0,15.9,43.7,41.0,-0.876,0.001,-0.0444,0.2559,0.0653,-0.1988,-0.0642,0.3259
2.0,2.7,2.6,4.0,3.7,3.4,2.9,18.3,42.5,-0.6787,0.0919,-0.3028,0.0419,0.0644,0.5068,-0.0531,-0.4046
2.0,1.1,3.8,1.3,2.7,20.9,19.5,19.1,4.3,-0.4954,0.7123,-0.3195,-0.337,-0.016,0.0733,0.0623,0.0704
2.0,1.7,4.9,3.2,4.7,8.8,20.0,11.6,12.5,-0.0479,0.7396,-0.1793,-0.2135,-0.1592,0.0937,0.5648,0.0178
2.0,2.3,4.5,1.7,3.6,3.6,5.1,34.7,26.1,-0.3434,-0.0669,-0.5179,-0.0559,0.0642,0.6599,-0.1245,-0.3669
2.0,2.2,2.3,2.2,1.3,15.0,10.1,42.1,16.8,-0.6079,-0.0699,-0.393,-0.1359,0.4078,0.2048,-0.3513,0.3275
2.0,2.7,1.7,1.1,1.7,13.5,20.6,11.4,31.4,-0.2318,0.2265,-0.2516,-0.059,0.2733,0.282,-0.7281,-0.349
2.0,3.6,3.0,3.6,4.5,16.8,18.1,10.4,5.1,-0.594,0.6278,0.0285,-0.146,-0.2671,-0.2962,-0.1513,-0.2002
2.0,3.0,3.0,3.5,3.4,20.5,10.3,17.8,13.1,-0.8924,-0.0952,-0.2116,-0.0251,-0.0591,0.3052,-0.0182,0.1787
2.0,1.4,4.1,1.3,2.0,4.8,20.7,31.2,27.8,0.029,-0.2073,-0.1081,0.0902,0.1178,0.0279,-0.9297,-0.1919
2.0,3.1,3.0,3.8,4.9,12.0,20.7,27.4,43.4,-0.926,-0.0046,-0.0142,0.2544,0.041,-0.1326,-0.0439,0.1952
2.0,5.0,2.4,4.0,1.8,9.6,15.2,22.6,16.3,-0.2861,-0.0048,0.1071,-0.2685,-0.2149,0.5136,-0.5649,-0.4377
2.0,3.6,1.9,3.9,2.2,3.2,8.0,34.1,42.6,-0.4786,0.1049,-0.4765,0.006,0.4842,0.1741,-0.5013,-0.0699
2.0,2.6,1.1,3.2,1.2,13.2,20.9,6.0,20.7,-0.6843,0.026,-0.0444,0.1118,-0.0709,0.0908,-0.0041,-0.7044
2.0,3.4,2.0,2.8,1.2,12.9,11.8,38.2,30.2,-0.7108,-0.2339,-0.3071,0.1167,0.3147,-0.0532,-0.2737,0.3793
2.0,4.2,4.5,3.5,4.2,15.1,14.6,13.8,18.7,-0.2362,0.0372,0.2375,-0.0698,-0.396,0.441,-0.6062,-0.3755
2.0,2.3,1.1,2.8,2.1,12.5,21.8,31.5,16.1,-0.1178,0.0208,-0.2917,-0.0197,0.2804,0.1662,-0.8377,-0.2542
2.0,1.2,4.1,1.1,4.6,10.4,3.8,21.4,39.9,-0.2517,0.2482,-0.5854,0.3091,0.1024,0.4797,-0.0609,-0.4225
2.0,3.8,3.5,4.6,1.0,7.2,20.5,15.1,4.4,0.1226,0.3123,-0.1754,-0.1646,-0.2462,0.184,0.7551,-0.368
2.0,2.2,2.4,2.0,1.9,7.0,6.2,6.2,9.7,-0.4155,0.4578,-0.0827,-0.4387,-0.1452,-0.4767,0.0992,-0.3945
2.0,4.2,4.4,1.1,3.4,17.7,7.7,10.2,5.4,-0.101,0.4294,0.1669,-0.3252,-0.4537,0.031,-0.6605,0.0653
2.0,3.8,4.3,3.9,2.0,6.6,6.6,21.0,33.8,-0.3266,-0.1561,0.0435,-0.3204,-0.1687,0.6176,-0.5421,-0.2114
2.0,1.8,3.8,1.7,3.9,9.4,7.7,22.8,23.5,-0.0625,0.0578,-0.6208,-0.4195,-0.3643,0.5126,0.126,-0.0684
2.0,3.0,4.5,4.0,3.7,11.8,15.6,20.9,5.4,-0.4502,0.3568,0.1716,-0.5938,-0.4235,0.1399,-0.2078,0.1806
2.0,2.9,3.2,1.8,4.3,19.7,7.8,41.1,12.0,-0.7966,0.2414,-0.3225,0.0939,0.0349,0.4171,0.0313,-0.0299
2.0,4.9,2.3,3.2,5.0,21.5,12.5,14.1,6.2,-0.9352,0.2997,-0.0853,-0.1012,-0.0302,-0.0037,0.0254,0.0785
2.0,3.5,3.5,3.8,2.7,12.3,14.5,10.9,36.5,-0.4227,0.2581,0.2648,0.059,-0.3272,0.2088,-0.501,-0.5126
2.0,3.1,1.4,2.6,2.6,11.5,16.1,43.3,21.9,-0.4368,0.0137,-0.4626,-0.0374,0.4771,0.0891,-0.5133,0.2807
2.0,3.5,4.1,1.4,2.0,16.2,9.6,18.8,14.9,-0.5303,-0.242,-0.453,-0.1336,-0.0958,0.5962,-0.1502,0.169
2.0,2.5,2.9,2.3,1.1,7.9,10.6,12.9,36.7,-0.2046,0.1166,0.1208,0.062,-0.3539,0.3135,-0.503,-0.6592
2.0,2.9,1.7,1.5,2.6,8.3,11.0,31.9,28.6,-0.4488,-0.0522,-0.4885,-0.0167,0.3558,0.4877,-0.3865,-0.1701
2.0,2.1,4.8,4.1,3.8,6.8,13.7,31.3,17.6,-0.5052,0.047,-0.192,-0.204,0.0791,0.5154,-0.2882,-0.5438
2.0,4.1,1.5,4.9,3.3,8.6,20.6,29.4,26.9,-0.1671,0.0242,-0.3353,-0.0743,0.3296,0.1733,-0.8167,-0.1553
2.0,3.4,2.8,1.0,1.3,19.7,16.9,16.4,9.0,-0.7766,0.2637,-0.3398,0.1138,0.3053,0.2713,-0.0738,0.0642
2.0,2.3,4.5,2.3,1.6,10.7,18.0,6.6,41.9,-0.6296,0.3517,0.0722,0.1402,-0.0777,0.0873,-0.3115,-0.5766
2.0,1.4,4.6,4.4,4.9,10.8,5.4,24.7,7.5,-0.3995,0.423,0.314,-0.2724,-0.4672,-0.2349,-0.4141,-0.1916
2.0,4.9,4.7,2.6,1.1,12.7,9.2,15.4,16.5,-0.2012,0.2291,0.0795,0.0881,-0.2763,0.2058,-0.6691,-0.5585
2.0,3.5,3.5,1.7,4.8,11.6,5.6,12.9,10.9,-0.313,0.5735,0.0704,-0.2862,-0.3935,-0.2855,-0.3878,-0.3039
2.0,3.6,1.1,2.1,1.5,6.8,14.5,31.6,18.5,-0.262,-0.1765,-0.2281,-0.2739,0.0573,0.6327,-0.5282,-0.2749
2.0,3.3,2.7,4.8,3.9,7.4,3.4,43.5,17.8,-0.6823,0.0956,-0.1228,-0.4186,0.1304,0.4594,-0.29,0.1205
2.0,1.6,2.9,4.6,2.3,10.2,8.1,14.8,11.5,-0.2667,0.485,-0.2973,-0.2273,-0.5083,-0.3365,0.189,-0.3699
2.0,4.9,4.4,1.2,4.3,12.0,21.6,19.7,37.4,-0.9322,0.113,0.0388,0.123,0.0003,-0.0585,0.0206,0.2794
2.0,3.9,4.0,1.3,2.2,5.3,7.5,33.5,19.7,-0.1309,-0.1643,-0.544,-0.1612,-0.0748,0.7025,-0.1481,-0.3073
2.0,4.3,1.2,3.1,1.8,16.8,18.3,11.1,7.5,-0.2974,0.3902,-0.2498,0.103,-0.5711,0.0375,-0.2115,-0.5417
2.0,3.1,2.8,1.6,1.1,12.2,6.2,14.0,39.5,-0.3805,-0.2345,-0.1508,-0.2345,-0.0313,0.6808,-0.4751,0.0725
2.0,4.6,3.9,3.9,2.1,18.9,14.8,8.3,38.5,-0.6233,0.5254,0.0831,0.0839,-0.0831,0.0187,-0.3623,-0.4116
2.0,2.8,1.4,3.7,1.6,8.8,11.2,34.9,42.9,-0.5166,-0.0832,-0.4655,0.1535,0.4757,-0.0217,-0.4687,0.1626
2.0,1.1,3.4,4.7,1.7,17.0,6.1,29.3,41.1,-0.5957,-0.0588,-0.4636,-0.0723,0.4563,0.2131,-0.3917,0.0336
2.0,1.7,4.2,1.9,4.5,7.7,16.5,29.2,22.1,-0.0574,-0.0015,-0.4279,0.0553,0.0885,0.435,-0.161,-0.7517
2.0,1.9,4.5,3.3,1.7,7.2,3.9,12.5,28.1,-0.2927,0.1604,-0.2189,0.1705,-0.3949,0.1157,-0.0697,-0.793
2.0,3.0,1.2,3.8,4.3,12.8,20.9,30.8,21.9,-0.2905,0.0557,-0.3938,-0.099,0.3791,0.2705,-0.6786,-0.2065
2.0,2.4,2.8,1.4,2.6,11.0,19.2,35.7,14.1,-0.1519,0.0589,-0.3207,0.0844,0.2437,0.3077,-0.5634,-0.6026
2.0,3.5,3.0,3.7,4.4,9.1,9.4,15.8,31.1,-0.2679,-0.2119,0.0309,-0.1911,-0.4088,0.6855,-0.3589,-0.2456
2.0,3.0,4.8,3.4,4.9,3.0,2.2,4.4,4.8,-0.6338,0.2122,0.1526,-0.4007,0.1411,-0.4161,0.1702,-0.3808
2.0,2.6,4.4,1.5,4.6,9.5,14.7,33.3,5.2,-0.6777,0.4507,-0.1876,-0.4864,-0.0351,0.1815,-0.0202,0.153
2.0,3.5,2.4,2.2,3.0,3.8,5.0,27.4,30.4,-0.39,-0.1538,-0.4467,-0.1488,0.0387,0.6835,-0.1909,-0.2898
2.0,1.9,3.2,1.6,3.6,17.1,3.7,12.8,23.7,0.0692,0.0374,-0.2003,-0.2862,-0.6688,0.3198,-0.5426,0.0515
2.0,1.3,1.9,4.4,2.1,5.3,9.2,30.5,6.2,-0.1704,0.4406,0.1554,-0.468,-0.6687,-0.1015,-0.2501,0.0288
2.0,4.2,4.1,4.9,3.4,14.6,12.5,12.0,33.9,-0.3967,0.3127,0.2594,0.0785,-0.3068,0.1403,-0.5619,-0.4732
2.0,4.9,3.2,4.6,4.3,15.1,20.1,30.7,13.8,-0.2881,-0.3108,-0.3048,0.1431,0.3074,-0.0511,-0.7036,0.2723
2.0,1.0,2.1,3.3,2.7,15.6,10.8,25.9,7.4,-0.2045,0.2803,0.1747,-0.5896,-0.5745,0.0009,-0.3909,0.0815
2.0,2.4,2.3,1.3,4.3,18.9,16.0,14.0,35.4,-0.5979,0.2848,-0.4139,0.0941,0.4753,0.2102,-0.3047,-0.0062
2.0,1.1,4.3,3.8,4.9,5.8,2.5,39.8,32.0,-0.6534,0.1886,-0.3259,-0.207,0.3343,0.3703,-0.3289,-0.1499
2.0,5.0,3.7,2.3,3.5,6.3,8.2,40.4,41.7,-0.5355,0.0329,-0.3749,0.3459,0.4243,-0.1826,-0.4053,0.248
2.0,1.4,1.9,1.0,4.1,11.9,20.1,32.6,41.5,-0.7699,0.0397,0.0189,0.4587,0.1008,-0.2175,-0.1186,0.3139
2.0,1.1,2.6,5.0,2.4,9.8,10.4,23.9,4.8,-0.4407,0.4985,0.2555,-0.2461,-0.4497,-0.3014,-0.3086,-0.1895
2.0,1.7,1.1,2.5,3.0,2.9,21.7,11.9,14.8,0.0991,0.7116,-0.0406,-0.2124,-0.4881,-0.0023,0.4101,-0.0917
2.0,4.9,3.9,4.6,2.3,20.2,5.6,43.5,29.4,-0.9637,0.2078,-0.0516,0.0682,0.0541,-0.0583,0.0126,0.0952
2.0,3.2,2.4,3.2,2.9,6.7,19.3,27.6,15.4,-0.2982,0.0427,-0.2381,-0.0795,0.079,0.394,-0.2754,-0.7681
2.0,3.1,2.0,3.0,3.8,17.0,18.2,31.3,32.5,-0.8392,-0.1329,-0.158,0.281,0.1727,-0.1687,-0.1396,0.2874
2.0,2.5,4.7,1.2,4.2,8.7,8.0,35.5,7.4,-0.5248,0.309,-0.1617,-0.6473,-0.1567,0.2626,-0.1259,0.2573
2.0,2.7,2.2,1.6,1.3,19.4,3.3,20.0,11.7,-0.8482,-0.0216,-0.3552,-0.1487,-0.1282,0.19,0.0088,0.2459
2.0,1.6,3.2,1.1,4.9,13.5,17.1,28.6,33.5,-0.3181,-0.1058,-0.3656,0.4244,0.4311,-0.033,-0.5913,0.1034
2.0,4.9,2.6,1.8,2.6,14.1,17.6,23.5,23.2,-0.521,-0.2301,-0.3921,0.2276,0.4026,-0.0279,-0.4531,0.2811
2.0,4.5,4.0,1.2,2.5,19.4,13.5,13.4,21.3,-0.8577,0.3388,-0.2002,0.031,0.2294,0.1391,0.0058,0.1459
2.0,1.4,1.8,1.2,3.9,12.1,10.0,16.7,36.8,-0.3566,0.1378,-0.586,0.156,0.0725,0.5644,-0.0191,-0.3836
2.0,4.4,2.2,4.3,1.5,9.3,14.1,10.6,33.5,-0.6996,0.1784,-0.0053,0.1504,-0.1156,0.0905,-0.1421,-0.6394
2.0,4.2,2.7,1.6,2.1,17.7,8.4,19.4,4.8,-0.735,0.0546,-0.2179,-0.497,-0.0823,0.1704,-0.073,0.326
2.0,1.6,1.9,4.1,1.5,18.6,7.9,37.1,21.3,-0.7826,-0.1857,-0.2949,-0.0992,0.2973,0.1482,-0.2069,0.302
2.0,4.8,4.0,5.0,1.9,18.9,21.5,14.1,30.5,-0.3802,-0.4171,-0.0651,0.0473,0.0665,-0.0334,-0.615,0.4883
2.0,3.4,4.2,3.4,1.1,20.1,4.1,33.9,9.8,-0.9645,0.0797,-0.1124,-0.0272,0.0941,0.1383,-0.0069,0.1144
2.0,1.4,2.0,4.1,1.1,14.3,21.3,8.9,43.6,-0.624,0.2323,0.2397,-0.1123,-0.2536,0.2484,-0.3303,-0.4766
2.0,2.3,1.1,2.1,2.9,6.8,12.4,15.6,34.5,-0.2771,-0.2013,-0.3221,-0.213,-0.2133,0.7586,-0.1511,-0.2675
2.0,4.7,3.1,2.4,4.1,4.8,6.6,25.6,37.8,-0.5181,0.1187,-0.4463,0.0639,0.2864,0.4731,-0.2701,-0.3524
2.0,4.6,2.8,1.7,3.0,10.6,12.0,28.7,22.8,-0.4792,-0.0841,-0.484,-0.0438,0.316,0.5218,-0.3416,-0.1526
2.0,2.7,1.7,2.6,2.2,12.5,8.3,11.4,10.0,-0.3717,0.5108,-0.124,-0.3145,-0.3614,-0.3923,-0.1287,-0.4231
2.0,3.2,1.3,3.1,2.7,13.9,16.1,36.0,10.9,-0.6435,-0.0923,-0.2157,-0.2408,0.0988,0.614,-0.248,-0.0955
2.0,4.9,4.7,1.7,2.2,4.0,4.8,30.7,15.7,0.1302,0.0424,-0.3946,-0.5141,-0.5919,0.4296,-0.0929,-0.0481
2.0,1.0,1.7,2.0,1.5,2.6,19.5,25.1,13.2,0.2903,0.18,-0.3902,-0.1655,-0.1686,0.3468,0.3519,-0.6396
2.0,4.6,5.0,1.3,3.7,2.3,13.4,4.0,21.5,-0.0732,0.7028,-0.3506,-0.0993,-0.355,-0.1021,0.4489,-0.1485
2.0,2.2,3.1,1.3,1.3,20.1,14.3,40.1,40.5,-0.8886,0.3883,0.0272,0.1537,0.0056,-0.0909,0.0367,0.1231
2.0,2.2,1.5,2.4,2.3,4.6,4.2,6.1,30.2,-0.271,0.323,-0.4569,-0.0457,-0.5098,-0.0796,0.2575,-0.5216
2.0,4.1,4.7,2.3,4.3,19.2,14.7,10.5,17.8,-0.3724,-0.2353,0.071,-0.207,-0.0978,0.4673,-0.5742,0.3899
2.0,4.2,4.0,1.9,2.4,3.4,3.0,8.7,39.8,-0.0845,0.3062,-0.1773,0.2406,-0.6057,0.2691,-0.1109,-0.5838
2.0,4.2,4.0,1.7,2.9,12.2,21.2,27.4,11.5,0.0091,-0.0376,-0.1659,0.088,0.1394,0.1182,-0.7456,-0.5825
2.0,4.3,2.9,1.1,1.4,19.8,21.3,11.2,6.0,-0.4092,0.0417,-0.3523,0.2584,0.4098,-0.1279,-0.4811,0.3697
2.0,3.0,2.0,4.1,1.0,16.6,21.8,35.0,14.6,-0.7791,-0.3704,-0.0333,0.0684,0.0356,-0.047,-0.2166,0.4295
2.0,2.8,4.6,2.4,4.0,2.8,15.3,32.9,19.5,-0.2111,0.0111,-0.3466,-0.0118,0.0754,0.4584,-0.1703,-0.7549
2.0,4.3,4.8,1.6,1.2,5.3,5.0,5.1,20.9,-0.2262,0.2519,-0.4367,-0.1563,-0.443,-0.1607,0.3397,-0.5709
2.0,2.7,2.3,2.0,4.3,17.3,9.5,30.0,15.0,-0.5585,0.0861,-0.6178,-0.3104,-0.2489,0.3185,0.117,0.1071
2.0,1.7,3.0,4.4,4.1,17.6,22.0,20.0,13.0,-0.432,0.2414,-0.0708,-0.0129,0.0537,0.1059,-0.4254,-0.7286
2.0,2.5,4.7,2.1,4.8,6.0,15.0,37.7,26.3,-0.2708,0.1519,-0.3749,0.0278,0.3846,0.2363,-0.677,-0.287
2.0,5.0,1.8,2.8,4.4,12.3,4.5,24.9,15.6,-0.3889,-0.1032,-0.3397,-0.5972,-0.4064,0.2603,-0.1348,0.3191
2.0,2.1,2.9,4.7,4.8,11.6,22.0,24.4,37.6,-0.6158,-0.4498,-0.0848,0.1466,0.0902,-0.0872,-0.3791,0.4382
2.0,3.1,2.6,3.4,1.5,16.9,8.7,43.0,21.2,-0.8604,-0.0398,-0.2527,0.068,0.2581,-0.0459,-0.0967,0.3192
2.0,2.4,4.8,4.9,2.1,18.0,4.7,9.8,4.8,-0.7177,0.3828,-0.0738,-0.2257,-0.1597,-0.3097,-0.0913,-0.3834
2.0,3.4,1.9,3.8,3.8,21.9,2.5,7.7,16.4,-0.5816,-0.2775,-0.0661,-0.0558,-0.1148,0.0777,-0.3598,0.5478
2.0,3.7,2.4,1.3,3.8,2.8,4.1,6.3,32.0,-0.1386,0.6469,-0.4032,-0.049,-0.5246,-0.08,0.0994,-0.3134
2.0,2.4,3.5,2.4,2.1,11.1,21.8,37.4,6.2,-0.3389,0.1627,-0.0979,0.0337,0.0618,0.1448,-0.371,-0.8072
2.0,2.1,1.6,2.7,4.1,15.1,11.0,13.2,38.5,-0.686,-0.0417,-0.247,-0.1114,0.0584,0.6256,-0.1173,-0.1714
2.0,4.6,2.5,2.6,4.2,6.1,19.5,28.9,33.9,-0.2628,-0.2321,-0.3598,0.2208,0.372,-0.0267,-0.7115,0.1653
2.0,1.9,4.9,3.0,3.4,13.2,18.5,35.2,26.0,-0.3386,-0.4035,-0.1735,0.1621,0.1845,-0.0853,-0.655,0.417
2.0,2.7,1.5,1.5,3.0,18.7,10.9,22.6,33.5,-0.7673,0.2012,-0.3777,0.1841,0.3771,0.1209,-0.1414,0.067
2.0,2.2,1.9,4.2,1.9,8.1,4.1,38.6,21.1,-0.4609,-0.0717,-0.1563,-0.4234,0.159,0.4917,-0.5317,0.1344
2.0,2.9,4.4,4.5,4.3,13.8,17.2,28.2,39.1,-0.701,-0.2787,-0.2051,0.3058,0.2166,-0.1873,-0.288,0.3361
2.0,1.4,4.1,1.8,4.1,5.5,20.9,18.0,41.4,-0.5804,-0.3054,-0.118,0.3161,0.1651,-0.1668,-0.3903,0.4435
2.0,2.8,4.1,3.6,4.8,2.9,13.3,33.5,8.6,-0.54,0.4067,-0.0826,-0.6197,-0.2353,0.1928,-0.0175,0.2225
2.0,4.2,4.7,2.6,3.3,19.4,8.2,34.9,37.1,-0.9283,0.2397,-0.04,0.2025,0.0614,-0.1199,-0.0016,0.1113
2.0,4.7,1.7,3.4,1.3,5.7,4.5,12.5,29.7,-0.4571,0.1355,-0.1628,0.1749,-0.3054,0.1226,-0.0714,-0.7715
2.0,4.5,2.2,2.0,1.8,16.3,20.2,16.8,20.6,-0.402,-0.3142,-0.2932,0.1451,0.305,-0.0419,-0.5848,0.4018
2.0,3.9,2.8,1.4,2.6,18.5,18.6,28.7,7.8,-0.5247,0.1515,-0.5254,0.182,0.2765,0.4426,-0.1813,-0.2234
2.0,2.7,4.0,2.2,1.6,16.0,20.5,35.1,35.0,-0.9437,-0.0733,0.0018,0.0773,0.0094,-0.0421,-0.0286,0.2911
2.0,1.9,1.6,2.2,2.2,12.2,12.8,15.9,5.0,-0.3374,0.5026,0.1982,-0.3334,-0.4018,-0.3241,-0.3527,-0.2917
2.0,2.5,1.1,2.2,4.5,8.9,11.5,22.3,26.8,-0.2168,-0.0741,-0.5862,-0.2978,-0.3265,0.603,0.1037,-0.136
2.0,2.0,4.8,2.1,2.6,16.2,16.9,33.6,19.7,-0.3932,-0.3621,-0.2534,0.2228,0.27,-0.0933,-0.5933,0.3748
2.0,1.2,2.3,2.6,1.5,21.4,2.8,4.7,23.1,-0.7418,0.3919,-0.1661,0.0837,-0.1861,0.0679,-0.1734,-0.4258
2.0,4.8,4.3,1.2,4.9,12.7,4.0,41.5,22.6,-0.6694,0.2604,-0.3794,0.1232,0.2774,0.4539,-0.1144,-0.1165
2.0,4.9,3.2,1.0,4.9,17.3,2.3,6.5,32.3,-0.2311,0.6443,-0.0649,0.2904,-0.2643,0.2936,-0.4205,-0.308
2.0,2.9,4.2,2.2,4.1,4.9,3.9,35.6,38.6,-0.5021,0.204,-0.444,0.0936,0.4549,0.2652,-0.4258,-0.1745
2.0,2.3,3.0,3.3,3.8,5.1,6.4,31.3,26.3,-0.5243,-0.1086,-0.2631,-0.2366,0.0824,0.6473,-0.2775,-0.2712
2.0,2.6,1.4,3.6,4.9,13.7,4.3,37.3,22.2,-0.7557,-0.0301,-0.2245,-0.2121,0.1681,0.5077,-0.1916,-0.0192
2.0,4.8,3.1,1.8,2.0,11.7,19.0,9.8,31.0,-0.5055,0.3477,0.0719,-0.1566,-0.068,0.3327,-0.4618,-0.5034
2.0,2.0,3.0,2.3,4.1,17.4,21.1,14.5,33.2,-0.1053,0.0124,-0.2734,0.0674,0.2921,0.0447,-0.8836,0.0034
2.0,2.5,2.3,1.0,4.7,4.9,4.1,21.1,39.9,-0.1442,0.3246,-0.6578,0.2739,-0.018,0.4428,0.051,-0.3918
2.0,1.2,1.0,1.9,3.1,2.1,3.5,18.0,21.4,0.0678,0.4671,-0.0786,-0.4321,-0.6676,-0.1533,-0.2404,-0.2177
2.0,1.3,2.1,1.9,2.9,5.7,19.5,19.9,15.7,0.2495,0.4938,-0.4368,-0.2872,-0.2218,0.2597,0.4509,-0.2809
2.0,3.5,4.4,4.0,2.7,17.6,2.1,24.7,9.2,-0.5945,-0.2767,-0.3203,-0.3835,-0.3353,0.2266,-0.1348,0.3468
2.0,2.2,3.8,2.5,3.8,18.2,4.3,13.6,39.9,-0.7588,0.1361,-0.2791,-0.0496,0.21,0.4775,-0.1376,-0.1438
2.0,2.2,1.7,3.6,3.1,10.6,6.1,4.1,43.8,-0.6452,0.153,-0.2028,0.3266,-0.2386,0.2868,0.1023,-0.5059
2.0,2.3,4.3,2.0,2.5,15.7,9.5,5.2,22.2,-0.4912,0.2372,-0.3108,0.2077,-0.3372,0.1909,-0.0062,-0.6344
2.0,3.3,2.7,1.6,3.8,6.5,14.6,23.5,38.4,-0.3504,0.0961,-0.4743,0.2177,0.4453,0.2668,-0.5061,-0.2328
2.0,1.7,2.8,2.4,2.0,21.6,12.7,17.6,21.0,-0.924,0.0033,-0.1765,-0.0353,0.1509,0.1911,-0.0408,0.1768
2.0,3.3,2.4,4.2,4.1,15.3,18.3,31.6,33.6,-0.7511,-0.2551,-0.2016,0.2648,0.2099,-0.1706,-0.2388,0.3388
2.0,1.1,3.9,2.2,1.7,7.8,3.5,6.0,17.1,-0.2885,0.3904,-0.2965,-0.3779,-0.3252,-0.3983,0.2675,-0.4381
2.0,2.7,4.3,3.5,1.1,19.9,17.4,36.8,30.1,-0.9787,0.0515,-0.0059,0.0523,0.0096,-0.0336,0.005,0.165
2.0,1.9,4.3,2.6,4.6,13.5,3.6,37.3,41.3,-0.5049,0.123,-0.4551,0.2465,0.4973,-0.0106,-0.4458,0.0568
2.0,4.2,3.7,3.8,1.8,10.2,8.3,31.2,5.0,-0.1936,0.1533,-0.0345,-0.6671,-0.588,0.1521,-0.2306,0.2368
2.0,3.6,3.1,4.4,4.9,18.9,12.5,20.4,40.0,-0.6663,0.0448,-0.4476,0.1538,0.4574,0.0075,-0.3104,0.0788
2.0,1.3,3.7,4.9,2.7,13.4,5.3,39.7,28.7,-0.5381,-0.0428,-0.4202,-0.2102,0.4252,0.2585,-0.4517,0.1581
2.0,4.9,2.2,1.1,4.0,10.0,11.2,7.5,40.7,-0.503,0.0536,-0.1361,-0.0877,0.0209,0.799,-0.1788,-0.1054
2.0,2.0,4.6,4.8,4.7,10.6,7.3,15.1,26.1,-0.2392,0.1554,-0.0815,0.2334,-0.5633,0.1777,-0.0868,-0.6985
2.0,4.0,3.0,1.9,2.6,11.6,10.5,17.6,11.0,0.0252,0.3045,-0.0475,-0.5433,-0.6631,0.0341,-0.3929,-0.0035
2.0,1.6,3.4,3.9,2.2,17.4,10.5,23.5,34.8,-0.5839,-0.1459,-0.3914,-0.1989,0.3681,0.3689,-0.3944,0.0567
2.0,2.4,4.9,2.5,4.9,18.0,19.5,21.0,37.5,-0.8956,-0.1139,-0.0206,0.2203,0.0477,-0.1226,-0.077,0.3067
2.0,1.8,1.6,3.7,3.1,5.0,10.7,4.1,26.2,-0.312,0.2541,-0.4662,-0.1261,-0.4724,-0.1343,0.488,-0.3444
2.0,1.9,3.7,2.9,4.3,11.4,9.5,8.4,42.2,-0.5976,-0.1184,-0.081,-0.1138,-0.1534,0.7134,-0.1035,-0.1709
2.0,1.3,1.7,1.6,2.7,10.8,4.5,5.4,25.1,-0.3224,0.473,-0.4201,-0.1908,-0.4668,-0.2144,0.131,-0.4147
2.0,3.9,1.3,2.0,1.3,3.1,17.0,37.7,19.7,-0.2348,0.0784,-0.2794,-0.1827,0.264,0.3682,-0.7109,-0.3185
2.0,4.5,2.6,1.1,4.8,20.3,19.3,17.6,41.1,-0.7884,0.5764,0.0776,0.143,-0.017,-0.0623,0.0324,0.0646
2.0,4.0,3.5,3.9,1.3,14.1,15.7,26.7,33.8,-0.577,-0.4042,-0.2743,0.1328,0.273,-0.058,-0.4177,0.377
2.0,1.1,4.7,1.1,1.5,14.8,4.3,14.4,30.6,0.046,-0.2442,-0.1784,-0.1107,-0.4214,0.5908,-0.5798,-0.0884
2.0,2.3,2.4,1.2,1.9,21.0,9.0,16.2,37.8,-0.8116,0.3895,-0.2461,0.1648,0.2803,0.0366,-0.0437,0.0757
2.0,1.2,3.0,1.5,1.6,17.4,19.4,8.5,18.4,-0.3273,0.1216,0.1242,0.0037,-0.2041,0.2674,-0.3566,-0.7765
2.0,2.2,2.8,3.7,4.0,15.7,4.8,33.4,38.5,-0.5939,0.051,-0.479,0.0999,0.4884,0.0845,-0.3823,0.0385
2.0,2.3,3.3,4.2,3.8,18.1,15.9,12.6,18.1,-0.4309,0.2657,0.1533,0.1612,-0.299,0.1581,-0.4303,-0.6136
2.0,1.4,4.2,4.9,2.2,5.2,17.3,18.9,28.4,-0.5214,0.1403,-0.0395,-0.1808,-0.0092,0.3324,-0.3004,-0.6811
2.0,4.1,4.7,3.1,3.3,17.6,5.3,30.1,27.8,-0.8722,0.0541,-0.3082,0.0215,0.3027,0.135,-0.0984,0.1135
2.0,3.9,2.9,4.6,2.1,16.0,17.9,10.4,33.2,-0.6457,0.3884,0.1207,0.0815,-0.1349,0.0311,-0.3367,-0.5189
2.0,3.0,4.5,2.3,4.9,20.4,5.5,33.3,21.9,-0.8773,0.2595,-0.2476,0.0514,0.2314,0.18,-0.044,0.0371
2.0,1.9,2.2,2.2,1.8,17.8,5.2,7.7,13.8,-0.4512,0.429,-0.2896,-0.1249,-0.4045,-0.1697,-0.191,-0.524
2.0,1.1,4.9,1.2,3.2,10.8,10.7,14.3,12.0,-0.0599,0.6459,0.0316,-0.4295,-0.5519,-0.0904,-0.2606,-0.0563
2.0,1.5,4.2,4.4,1.5,20.8,20.0,31.9,15.9,-0.9123,-0.2208,-0.0167,0.0613,0.0191,-0.0395,-0.0816,0.2968
2.0,5.0,2.0,3.8,2.3,7.1,14.0,26.8,10.4,0.0564,-0.0885,-0.1483,-0.2596,-0.6834,0.5234,-0.0308,-0.3685
2.0,4.9,1.6,4.3,2.7,21.4,20.4,42.8,22.6,-0.9532,0.2874,-0.0004,0.0195,0.0017,-0.0146,0.0145,0.0517
2.0,1.7,2.0,2.4,1.5,19.7,6.5,12.9,32.6,-0.4159,-0.3835,-0.0284,-0.1582,-0.0888,0.4196,-0.5372,0.3783
2.0,5.0,1.7,3.1,1.1,14.0,20.8,35.3,6.3,-0.2572,-0.1359,-0.4063,0.0483,0.4076,0.0809,-0.728,0.0807
2.0,3.7,3.5,4.3,2.5,12.5,16.6,25.1,8.0,-0.3105,-0.1695,-0.2225,-0.2184,-0.2533,0.663,-0.0004,-0.4983
2.0,4.9,1.7,3.5,1.9,20.5,12.5,4.1,34.2,-0.891,0.4018,-0.0068,0.0464,-0.0095,0.043,-0.0761,-0.1765
2.0,1.1,4.7,2.3,5.0,15.4,18.7,7.8,24.4,-0.4401,0.0034,-0.0306,0.2067,-0.1762,0.1644,0.0969,-0.8241
2.0,1.2,4.8,1.9,1.3,8.3,14.7,41.7,35.1,-0.4319,-0.2877,-0.1961,0.1918,0.2152,-0.1315,-0.5277,0.5444
2.0,4.3,1.1,3.9,4.1,5.1,4.0,4.8,21.3,-0.5643,0.3874,-0.2936,-0.349,-0.3,-0.3579,0.2257,-0.2244
2.0,3.4,3.2,1.5,4.0,16.5,6.3,4.8,36.4,-0.5882,0.4747,-0.0695,0.3068,-0.1234,0.2819,-0.1884,-0.4375
2.0,4.5,4.6,4.0,2.2,5.8,21.1,10.3,14.2,-0.2537,-0.1113,-0.0496,-0.0085,-0.046,0.1076,0.3977,-0.8583
2.0,2.9,1.2,4.9,2.1,9.0,14.6,13.8,23.4,-0.5189,0.127,-0.045,0.1927,-0.2364,0.1133,-0.1232,-0.7642
2.0,1.6,1.7,1.0,4.3,2.7,4.5,12.6,23.0,0.0108,0.6046,-0.0634,-0.3738,-0.5883,-0.0991,-0.3332,-0.1147
2.0,2.9,4.0,2.3,1.4,19.9,7.1,29.5,41.8,-0.9139,0.1689,-0.1166,0.2457,0.136,-0.1286,-0.0305,0.1278
2.0,1.5,2.9,1.3,4.6,10.3,20.3,29.1,43.5,-0.8679,0.1671,0.0748,0.345,0.024,-0.1523,-0.0225,0.2175
2.0,2.6,3.9,3.1,1.5,4.6,21.0,40.9,25.8,-0.1176,-0.2386,-0.069,0.042,0.0733,-0.0239,-0.8683,0.3815
2.0,3.2,1.4,2.9,1.6,12.9,10.6,16.9,35.1,-0.3257,-0.2255,-0.0162,-0.3096,-0.098,0.6047,-0.5929,0.0034
2.0,4.6,3.1,3.0,1.1,3.3,6.4,39.8,17.6,-0.3003,0.0165,-0.0993,-0.3893,0.0968,0.499,-0.6878,-0.0687
2.0,4.9,3.8,2.4,3.5,2.9,5.2,28.0,30.9,-0.4246,-0.089,-0.4457,-0.1044,0.0992,0.6453,-0.1873,-0.3579
2.0,1.9,2.1,3.4,3.7,14.6,13.8,15.6,20.2,-0.0355,0.1103,-0.0484,0.0928,-0.6616,0.2808,-0.2561,-0.6123
2.0,4.9,3.5,3.8,3.9,13.7,17.5,7.7,27.2,-0.7826,0.26,0.0155,0.1353,-0.0587,0.0845,-0.155,-0.511
2.0,1.3,1.4,3.6,2.7,17.2,4.4,32.3,24.0,-0.6674,-0.2105,-0.2281,-0.2715,0.1845,0.4782,-0.3035,0.1345
2.0,4.7,3.8,1.5,2.4,13.5,21.4,39.0,25.7,-0.939,0.0294,0.0127,0.0678,0.003,-0.0365,0.0048,0.3149
2.0,3.7,1.7,3.2,1.9,3.8,4.1,35.9,7.7,0.0992,0.1824,-0.1318,-0.4408,-0.8103,0.2321,-0.1078,3.2341e-06
2.0,4.1,5.0,4.5,1.7,2.1,10.1,21.6,23.7,-0.3313,0.0737,0.1667,-0.0109,-0.3265,0.2623,-0.3403,-0.7457
2.0,1.4,2.6,3.5,2.8,11.9,6.6,22.5,22.0,-0.0758,-0.17,0.0208,-0.1524,-0.5118,0.562,-0.4587,-0.3708
2.0,1.2,1.5,2.8,3.7,14.2,13.5,38.2,33.1,-0.4854,0.0212,-0.4851,0.0404,0.5003,0.1155,-0.4939,0.0762
2.0,4.0,2.3,1.6,4.4,17.7,20.1,24.6,11.4,-0.4147,0.0903,-0.5197,0.1402,0.2799,0.4697,-0.261,-0.3398
2.0,4.8,2.0,1.4,1.1,17.1,19.8,17.6,24.3,-0.8963,-0.017,-0.0743,0.1882,0.0945,-0.1137,-0.0445,0.3351
2.0,4.5,1.0,3.9,2.5,13.2,10.2,39.7,29.4,-0.7435,-0.088,-0.3838,0.0417,0.3911,0.0133,-0.2363,0.2682
2.0,2.6,4.5,2.9,2.1,5.1,6.8,27.9,25.5,-0.2967,-0.1657,-0.1394,-0.3057,-0.0353,0.6522,-0.4973,-0.2913
2.0,1.8,2.6,1.7,1.9,3.9,7.7,6.0,10.8,-0.3469,0.5427,-0.1003,-0.4383,-0.1647,-0.4717,0.1157,-0.3389
2.0,4.6,4.3,1.2,1.1,11.6,20.0,7.4,14.8,-0.5263,0.1931,0.0738,0.0471,-0.085,0.1202,-0.2726,-0.755
2.0,3.2,4.9,4.4,4.3,20.6,12.9,4.8,24.8,-0.8858,0.349,-0.0094,0.0737,-0.0151,0.0659,-0.0959,-0.2618
2.0,1.0,1.2,4.5,2.0,5.3,4.6,19.3,28.1,-0.2585,0.1149,0.0932,0.1287,-0.4199,0.2063,-0.3755,-0.7238
2.0,1.4,2.5,1.2,4.1,4.3,18.8,11.6,41.5,-0.4713,0.3256,-0.2669,0.1361,0.3002,0.3788,-0.3648,-0.4442
2.0,4.1,1.0,1.9,4.2,17.1,9.0,31.7,7.3,-0.8127,0.2097,-0.2277,-0.4198,-0.0344,0.1117,0.0052,0.2142
2.0,4.6,2.6,1.6,3.5,13.1,13.1,6.3,39.1,-0.5327,0.4783,0.1149,0.2519,-0.1442,0.2216,-0.3419,-0.4617
2.0,2.3,4.7,1.3,2.4,19.8,6.9,31.9,41.8,-0.8356,0.3052,-0.0162,0.3624,0.0884,-0.1815,-0.028,0.151
2.0,3.7,4.7,1.4,4.0,20.7,19.4,36.3,32.8,-0.8382,0.5322,0.0255,0.0452,-0.0058,-0.0161,0.0276,0.0465
2.0,3.0,3.4,4.7,1.9,7.6,8.4,24.3,8.4,0.0679,0.3231,-0.1451,-0.1517,-0.8223,-0.0318,-0.0208,-0.3897
2.0,4.4,2.9,2.0,2.2,10.2,20.0,19.2,23.8,-0.0942,0.0716,-0.2169,0.0126,0.2061,0.1551,-0.8222,-0.4201
2.0,4.8,3.5,1.6,1.6,3.6,9.3,31.9,43.6,-0.3981,0.0169,-0.4623,0.3058,0.4897,0.0653,-0.5239,0.0079
2.0,4.2,3.7,3.0,4.7,7.3,2.3,29.6,29.4,-0.6106,-0.0603,-0.3897,-0.091,0.1068,0.6074,-0.1355,-0.2315
2.0,4.4,4.4,3.3,2.1,15.6,10.6,36.2,7.0,-0.7536,-0.091,-0.2441,-0.1507,0.1002,0.5464,-0.1379,-0.0172
2.0,3.0,1.2,3.3,2.1,16.0,3.3,41.4,7.0,-0.7969,-0.1056,-0.0732,-0.2174,0.0482,0.4744,-0.1577,0.1895
2.0,1.9,2.4,2.1,4.8,16.6,2.7,39.1,4.3,-0.6709,0.0802,0.0083,-0.5504,-0.1604,0.2663,-0.1853,0.3177
2.0,4.6,3.8,1.9,4.3,21.7,3.9,15.2,18.0,-0.8646,0.4651,-0.1232,0.0203,-0.0452,0.0792,0.0294,0.0418
2.0,1.9,4.5,4.1,5.0,9.5,14.0,17.4,25.1,-0.2931,-0.1377,0.0072,-0.1765,-0.3757,0.6178,-0.1199,-0.5568
2.0,2.1,3.0,1.2,1.2,8.5,21.4,7.8,33.1,-0.3921,0.157,-0.0644,-0.0048,0.0502,0.1464,-0.3337,-0.8182
2.0,1.1,4.5,2.9,3.3,21.2,7.1,29.4,23.7,-0.817,-0.0479,-0.334,-0.0577,0.3023,0.2723,-0.1519,0.1031
2.0,2.5,3.4,2.6,2.0,10.6,15.4,14.9,37.3,-0.4422,0.0401,-0.2145,-0.2759,0.1621,0.5568,-0.4649,-0.3354
2.0,3.0,2.7,1.6,2.7,7.4,19.9,36.3,32.0,-0.4482,-0.3646,-0.1534,0.2442,0.1864,-0.1257,-0.533,0.4751
2.0,4.9,3.7,5.0,1.0,8.7,13.5,10.9,15.7,-0.6686,-0.0112,-0.075,0.1259,-0.1104,0.0936,0.0442,-0.709
2.0,4.8,4.0,1.9,4.4,9.0,6.8,24.3,23.2,-0.2884,-0.0441,-0.6552,-0.246,-0.247,0.5763,0.088,-0.0954
2.0,1.1,3.9,2.5,3.6,21.8,3.6,23.3,40.3,-0.7017,0.1147,-0.4161,0.2305,0.4287,0.0234,-0.245,0.0555
2.0,1.5,3.5,3.1,4.0,4.8,17.7,41.8,28.3,-0.1516,-0.0028,-0.338,0.0634,0.3527,0.0024,-0.8314,0.1495
2.0,2.7,2.4,1.1,3.5,4.5,11.1,20.5,22.6,0.0261,0.2947,-0.5742,-0.5478,-0.3299,0.3812,0.1059,0.0575
2.0,3.2,2.7,2.5,3.1,8.5,13.9,33.7,34.9,-0.4133,-0.0977,-0.462,0.1675,0.4761,0.028,-0.5629,0.1371
2.0,2.3,4.2,3.1,2.6,10.7,6.6,41.1,27.0,-0.5042,0.012,-0.4464,-0.144,0.4591,0.218,-0.4693,0.1875
2.0,1.7,1.4,3.4,3.8,10.4,6.0,35.9,4.5,-0.4236,0.13,0.3099,-0.5019,-0.4419,0.1471,-0.4476,0.1762
2.0,3.9,2.9,4.6,2.9,3.3,12.2,36.3,43.2,-0.4775,-0.0392,-0.4525,0.2094,0.4694,-0.0846,-0.5044,0.1603
2.0,4.2,3.8,1.4,3.9,21.1,12.5,39.3,31.6,-0.8079,0.5679,0.0246,0.1024,0.0018,-0.0559,0.0225,0.0434
2.0,4.1,2.1,1.4,1.5,12.2,15.6,28.6,38.6,-0.7296,-0.1263,-0.222,0.3752,0.2599,-0.1705,-0.2262,0.3138
2.0,2.3,4.2,1.3,2.4,10.9,4.6,42.4,19.5,-0.6002,0.0867,-0.3192,-0.1876,0.3365,0.5051,-0.3212,0.089
2.0,1.1,1.5,4.8,5.0,16.5,14.7,39.6,31.4,-0.5042,0.0158,-0.483,-0.0342,0.4905,0.1173,-0.4854,0.0799
2.0,3.8,4.4,4.5,3.2,5.8,5.1,6.5,21.2,-0.3814,0.2804,-0.4471,-0.1859,-0.4635,-0.206,0.3872,-0.3573
2.0,2.4,2.4,3.8,4.2,14.7,12.5,22.3,34.9,-0.6346,0.0485,-0.3581,-0.1649,0.3086,0.4527,-0.3095,-0.1794
2.0,3.3,3.4,4.1,3.4,5.1,4.4,18.5,11.6,-0.3363,0.5762,-0.0072,-0.3021,-0.4348,-0.4002,-0.1394,-0.2968
2.0,2.3,4.0,2.8,3.2,12.1,12.8,29.0,18.0,-0.4077,-0.0821,-0.3172,-0.2085,0.1215,0.6237,-0.3353,-0.3886
2.0,2.4,2.3,4.2,1.0,6.1,16.2,14.2,16.9,-0.388,0.0024,-0.0281,0.1369,-0.2135,0.0918,0.0466,-0.8749
2.0,1.9,3.6,2.3,4.5,14.4,3.4,14.7,5.9,-0.4671,0.4657,0.1627,-0.2527,-0.2865,-0.3614,-0.3071,-0.4024
2.0,4.7,2.5,4.6,4.5,17.0,5.9,10.3,13.2,-0.5963,0.4824,-0.2014,-0.1224,-0.3296,-0.2107,-0.1754,-0.4052
2.0,3.1,4.8,4.3,4.5,9.8,21.8,9.5,29.3,-0.7578,0.1818,-0.0135,-0.0037,0.0086,0.0492,-0.1433,-0.6018
2.0,2.8,3.8,2.5,2.9,6.0,13.7,16.6,20.4,0.166,0.0156,-0.1244,-0.1674,-0.5853,0.4641,0.073,-0.5899
2.0,4.4,2.7,4.1,1.3,8.4,11.7,6.9,5.6,-0.5917,0.4255,-0.1693,-0.3881,-0.1926,-0.4163,0.1947,-0.1896
2.0,4.5,4.2,4.9,4.7,9.5,19.1,17.1,25.0,-0.5742,0.2183,-0.1023,-0.14,0.0715,0.2996,-0.324,-0.6168
2.0,2.9,3.6,2.5,1.2,20.2,17.6,42.9,33.1,-0.9517,0.254,0.0034,0.0475,0.002,-0.0333,0.0326,0.1329
2.0,2.3,4.9,4.6,3.2,20.9,11.7,20.7,7.0,-0.7471,-0.2132,-0.3369,-0.1145,-0.2362,0.3996,-0.0026,0.1576
2.0,4.3,4.9,3.0,4.0,10.9,20.6,19.4,41.1,-0.8555,-0.2001,-0.0338,0.2091,0.0557,-0.1204,-0.1249,0.3506
2.0,4.3,3.7,2.4,1.9,13.7,4.0,22.5,20.8,-0.486,-0.4056,-0.206,-0.1815,-0.0902,0.5355,-0.3833,0.2554
2.0,4.2,1.7,2.6,4.8,11.9,6.2,21.0,19.1,-0.2073,-0.0687,-0.3003,-0.602,-0.5278,0.2975,-0.2038,0.275
2.0,1.5,1.8,1.7,2.7,18.5,7.5,10.8,18.7,-0.0456,0.3949,-0.2114,-0.1012,-0.6163,0.0004,-0.495,-0.3779
2.0,2.8,1.0,3.7,1.8,2.9,4.0,14.6,41.3,-0.3716,-0.222,-0.0316,-0.2174,-0.3281,0.7043,-0.2668,-0.2438
2.0,3.8,1.5,2.0,3.4,2.3,21.6,42.7,41.2,-0.822,-0.0302,-0.0386,0.2775,0.0737,-0.1985,-0.094,0.4108
2.0,2.0,3.2,4.3,3.0,8.6,11.8,6.8,41.8,-0.6624,0.19,-0.0176,0.3002,-0.2028,0.1793,-0.083,-0.5858
2.0,2.2,1.0,2.2,2.4,8.1,7.4,30.8,19.9,-0.2056,-0.2806,-0.2863,-0.2603,-0.279,0.7212,-0.2982,-0.1626
2.0,4.8,1.8,2.0,1.7,20.0,15.1,26.3,20.3,-0.9197,0.3238,-0.111,0.0946,0.1176,-0.0162,0.0083,0.0721
2.0,4.7,1.7,2.8,2.4,3.8,5.7,30.7,5.4,-0.266,0.3549,0.2871,-0.4717,-0.522,-0.0821,-0.4593,-0.0283
2.0,4.8,2.9,4.2,3.2,13.3,14.4,11.0,24.8,-0.6327,0.2882,0.0393,0.1809,-0.1638,0.1055,-0.2573,-0.6086
2.0,2.2,2.3,3.9,3.6,9.3,17.2,16.5,11.0,-0.1272,0.6754,-0.0053,-0.2787,-0.6074,-0.227,0.0812,-0.087
2.0,3.4,2.6,4.7,3.9,5.3,20.3,12.9,12.7,0.1256,0.4544,-0.0513,-0.0983,-0.5083,0.0312,0.6465,-0.2466
2.0,1.6,2.0,1.3,4.3,5.8,14.8,27.1,38.5,-0.3068,0.1174,-0.4815,0.2956,0.397,0.3221,-0.437,-0.3227
2.0,1.9,4.5,3.0,2.2,10.8,2.1,5.4,42.9,-0.5294,0.2369,-0.2301,0.318,-0.2955,0.2669,0.0281,-0.5839
2.0,4.5,4.7,2.3,4.1,6.6,3.3,20.0,32.1,-0.4129,-0.1155,-0.5176,-0.1276,-0.1255,0.6759,0.0062,-0.2124
2.0,2.5,4.0,4.1,1.1,18.5,12.9,29.8,35.7,-0.8807,-0.2058,-0.1609,0.1468,0.1621,-0.0915,-0.1132,0.2751
2.0,3.8,2.4,5.0,4.5,9.8,17.2,39.2,16.9,-0.5239,0.2604,-0.2826,-0.281,0.288,0.3705,-0.4678,-0.2128
2.0,4.5,3.1,2.2,3.5,8.3,5.3,9.6,14.4,-0.4233,0.5526,-0.1694,-0.3099,-0.3281,-0.372,-0.0731,-0.366
2.0,1.8,4.9,3.6,3.6,3.8,14.6,14.3,25.0,-0.1217,-0.0242,0.0583,0.0518,-0.4849,0.3117,0.0716,-0.7916
2.0,3.3,4.0,2.8,4.0,3.5,11.6,42.0,30.1,-0.3411,0.1854,-0.4432,-0.0542,0.4657,0.1507,-0.6294,0.0152
2.0,3.4,4.0,2.0,1.2,3.6,13.6,18.3,36.9,-0.2486,-0.0007,-0.2487,-0.1773,0.1315,0.5032,-0.4948,-0.5615
2.0,3.8,2.1,3.2,1.4,3.0,21.0,26.8,37.1,-0.0358,-0.0711,-0.2042,0.0326,0.1994,0.0689,-0.9218,-0.1835
2.0,3.8,3.5,4.2,3.6,13.9,20.2,11.4,40.9,-0.5752,0.3522,-0.2175,-0.1909,0.2272,0.3166,-0.4133,-0.3438
2.0,1.7,4.7,1.3,1.1,16.6,11.1,14.8,25.8,-0.1969,-0.2559,-0.0652,-0.2338,-0.0108,0.541,-0.7192,0.0382
2.0,4.5,4.7,1.8,2.6,16.4,18.6,5.4,26.8,-0.7426,0.4906,0.0213,0.0583,0.0003,0.0464,-0.2403,-0.3717
2.0,1.8,1.5,1.4,2.1,3.9,17.4,14.9,10.7,-0.0256,0.689,0.0192,-0.4495,-0.5366,-0.0884,-0.1136,-0.0475
2.0,4.9,4.0,3.3,2.8,16.4,11.2,40.4,37.7,-0.937,0.0945,-0.0526,0.1973,0.0667,-0.1453,-0.0159,0.1972
2.0,2.5,3.8,4.2,1.8,13.4,6.4,32.2,41.7,-0.5875,-0.0836,-0.4699,0.1097,0.4735,0.0265,-0.3997,0.1341
2.0,2.3,2.7,3.6,1.3,17.3,6.6,14.7,15.8,-0.196,0.2522,0.0079,0.113,-0.321,0.1505,-0.6605,-0.5505
2.0,1.1,3.0,3.6,3.0,9.5,2.6,35.5,14.2,-0.3005,-0.2579,-0.0019,-0.2243,-0.361,0.6978,-0.352,-0.1839
2.0,3.9,2.4,1.5,3.7,14.8,6.2,29.3,41.9,-0.5924,0.1312,-0.3184,0.4784,0.3942,-0.1407,-0.2971,0.1541
2.0,4.6,4.0,2.6,1.3,15.1,20.8,24.2,18.1,-0.6426,-0.4609,-0.0393,0.0824,0.0448,-0.0447,-0.3536,0.4651
2.0,4.5,2.2,4.6,1.3,11.2,21.8,6.9,22.1,-0.8108,0.0218,0.0005,0.0419,-0.0203,0.0252,-0.0126,-0.5785
2.0,2.1,3.3,1.5,3.0,15.2,2.3,30.2,15.0,-0.4349,-0.0171,-0.5119,-0.5362,-0.2842,0.2959,-0.044,0.2786
2.0,2.5,2.2,2.3,3.2,16.1,18.2,40.0,42.2,-0.9062,0.1137,-0.0082,0.259,0.0424,-0.1693,-0.021,0.2403
2.0,3.3,2.5,2.7,1.3,12.4,13.4,25.2,35.4,-0.4462,-0.2448,-0.443,-0.0277,0.426,0.1975,-0.5322,0.1569
2.0,3.7,1.7,4.7,2.6,16.7,5.9,14.0,40.1,-0.7185,-0.1845,-0.0662,-0.2719,0.0143,0.5209,-0.2445,0.1285
2.0,2.3,3.3,3.1,3.8,6.9,15.3,42.9,35.1,-0.4843,-0.1603,-0.3263,0.242,0.3431,-0.1852,-0.4748,0.4253
2.0,3.3,1.7,2.1,1.8,16.6,9.4,43.6,8.1,-0.8292,0.1182,-0.1799,-0.2027,0.2086,0.3631,-0.1103,0.1605
2.0,1.3,1.5,2.7,1.7,20.9,8.4,14.5,20.5,-0.3497,-0.4131,-0.0494,-0.1203,-0.1726,0.3806,-0.5809,0.3549
2.0,1.4,2.4,4.8,2.6,11.4,3.2,41.9,21.0,-0.5699,0.0038,-0.2262,-0.4099,0.2312,0.4429,-0.4131,0.1607
2.0,4.3,3.1,4.3,1.8,16.8,12.4,20.8,29.8,-0.7117,-0.2854,-0.2392,-0.1972,0.2269,0.2976,-0.281,0.2853
2.0,4.6,3.7,1.5,2.4,12.1,16.1,6.7,25.7,-0.605,0.3155,0.0098,0.1883,-0.0753,0.167,-0.269,-0.6198
2.0,5.0,4.5,4.9,1.5,9.1,10.8,14.0,38.0,-0.5556,0.2933,0.1495,0.1291,-0.2176,0.0845,-0.3643,-0.6068
2.0,3.8,4.0,4.3,4.3,6.1,8.6,28.1,30.0,-0.5954,0.0159,-0.2814,-0.2365,0.2086,0.5324,-0.3197,-0.2664
2.0,4.1,1.2,3.0,3.4,17.2,2.2,29.9,26.7,-0.8902,0.0444,-0.2563,-0.044,0.216,0.264,-0.0718,0.0921
2.0,4.3,2.8,2.5,1.4,5.1,2.9,15.6,43.8,-0.5721,-0.0319,-0.3465,-0.0844,0.0394,0.6477,-0.1122,-0.3003
2.0,3.6,4.7,2.0,2.6,4.8,20.0,31.3,6.0,-0.1693,0.9065,-0.2272,-0.1773,-0.0563,0.0164,0.2146,0.0255
2.0,1.1,4.5,1.6,4.3,13.9,13.4,16.0,25.1,-0.0503,-0.0312,-0.4923,-0.1646,-0.1971,0.6616,0.1034,-0.4681
2.0,3.9,1.6,2.0,3.5,10.2,20.6,27.1,11.6,0.1254,0.351,-0.6057,-0.232,-0.2236,0.3277,0.3688,-0.3266
2.0,2.5,3.3,4.9,1.2,12.9,9.2,31.9,5.2,-0.2806,-0.2641,0.058,-0.199,-0.4558,0.6401,-0.371,-0.1824
2.0,4.0,3.9,4.2,4.7,5.4,2.3,42.0,16.3,-0.7106,0.0105,-0.0359,-0.3645,0.0408,0.5232,-0.2691,0.0562
2.0,3.2,3.6,2.3,4.2,5.7,10.5,6.0,10.6,-0.5965,0.5581,-0.1043,-0.3318,-0.149,-0.3661,0.0197,-0.2259
2.0,4.2,3.6,2.9,2.0,9.2,6.4,38.6,37.9,-0.5995,-0.0888,-0.43,0.1649,0.4467,-0.0533,-0.3774,0.2536
2.0,2.8,3.6,1.5,2.3,21.6,18.2,42.2,18.5,-0.8563,0.4957,0.0179,0.0568,-0.0042,-0.0331,0.0357,0.0683
2.0,5.0,1.6,3.3,2.8,11.3,2.8,28.0,26.9,-0.6707,-0.2293,-0.249,-0.2234,0.1451,0.5198,-0.2677,0.1095
2.0,4.7,2.3,4.0,3.9,19.9,19.1,27.9,25.1,-0.9726,0.138,-0.0265,0.106,0.0324,-0.0634,0.0043,0.0985
2.0,4.7,3.3,1.2,1.8,8.9,4.8,28.9,6.6,-0.2305,0.1109,-0.0464,-0.7271,-0.3947,0.1811,-0.3872,0.2336
2.0,4.5,1.1,2.6,3.2,6.2,16.7,32.6,25.6,-0.4293,0.0062,-0.382,-0.1706,0.3149,0.4837,-0.48,-0.2512
2.0,2.6,3.0,2.1,3.3,3.1,6.1,15.3,29.7,0.1725,0.0657,-0.2266,-0.2898,-0.7341,0.4459,-0.1077,-0.2531
2.0,1.1,2.4,4.8,4.9,4.8,3.7,4.8,37.1,-0.4547,0.1603,-0.4798,0.0913,-0.4843,0.0836,0.4196,-0.3238
2.0,2.0,2.4,1.7,2.5,10.4,6.0,13.1,28.2,0.1406,0.1039,-0.1748,-0.0777,-0.7035,0.3501,-0.3705,-0.4018
2.0,2.3,3.5,2.8,1.1,16.2,15.1,32.8,16.1,-0.4927,-0.3584,-0.337,0.0962,0.3367,-0.0002,-0.4992,0.3507
2.0,3.2,1.3,3.5,2.3,5.6,4.4,6.5,29.2,-0.3972,0.1563,-0.4328,0.0309,-0.463,0.0026,0.2843,-0.5727
2.0,1.8,3.2,1.9,2.1,15.4,7.2,10.6,20.1,-0.1086,0.3249,-0.2893,0.0581,-0.5724,0.0677,-0.2716,-0.6133
2.0,1.7,2.2,5.0,1.4,10.1,8.6,25.1,30.9,-0.2586,-0.091,0.0905,-0.3561,-0.131,0.4993,-0.6935,-0.1674
2.0,3.2,1.3,4.6,3.9,5.7,20.8,35.5,39.8,-0.6111,-0.2648,-0.2602,0.2836,0.2716,-0.1881,-0.3765,0.3668
2.0,3.7,2.4,4.5,1.9,13.5,18.2,34.8,30.7,-0.7277,-0.3563,-0.1435,0.1587,0.1471,-0.1155,-0.2672,0.4227
2.0,2.2,2.7,4.2,4.1,3.5,3.0,41.0,40.3,-0.5079,0.2078,-0.4677,-0.0219,0.4863,0.1202,-0.4666,-0.02
2.0,1.8,4.0,3.0,3.9,13.9,20.7,10.6,14.8,-0.1373,-0.0427,-0.1386,-0.0202,-0.0943,0.2389,0.3829,-0.8497
2.0,4.8,2.2,2.6,2.7,8.5,4.9,25.4,35.0,-0.599,-0.0455,-0.4077,-0.1192,0.2896,0.5116,-0.2928,-0.1258
2.0,3.0,1.8,1.3,1.7,4.2,7.6,12.2,27.8,0.1794,0.2794,-0.2784,-0.0591,-0.6688,0.12,-0.1168,-0.5672
2.0,3.9,1.7,2.6,2.5,3.0,6.7,20.8,41.6,-0.5414,0.0824,-0.4153,0.0164,0.1827,0.5365,-0.1864,-0.3993
2.0,4.3,4.7,1.8,3.2,20.9,9.3,33.1,23.7,-0.8686,0.4457,-0.0759,0.1336,0.0942,-0.0577,0.0076,0.0502
2.0,1.3,4.8,4.8,4.6,3.1,19.7,24.0,33.7,-0.2052,0.2175,-0.2027,-0.0341,0.1972,0.1443,-0.7534,-0.4659
2.0,3.6,2.8,3.7,2.6,13.1,10.8,26.1,20.2,-0.4855,-0.2408,-0.1703,-0.3307,0.0859,0.5876,-0.4485,0.0238
2.0,2.7,2.6,1.3,3.5,13.8,2.7,4.9,10.1,-0.5472,0.5017,-0.1426,-0.3116,-0.192,-0.3357,-0.1256,-0.4014
2.0,3.2,3.7,2.5,2.2,8.4,15.9,29.1,19.9,-0.2047,0.0318,-0.321,-0.0987,0.2668,0.3435,-0.6649,-0.4437
2.0,1.1,3.5,4.3,1.6,7.4,13.1,34.6,34.5,-0.2438,-0.1303,-0.3975,-0.0501,0.3982,0.1265,-0.7503,0.1012
2.0,1.2,1.4,1.9,3.5,16.8,6.0,31.8,36.8,-0.5792,0.1162,-0.4789,0.1336,0.4547,0.2522,-0.3374,-0.0835
2.0,3.7,1.2,3.1,3.3,15.5,2.5,12.0,4.3,-0.5735,0.4624,0.094,-0.1712,-0.2126,-0.3231,-0.2846,-0.4268
2.0,1.9,4.5,3.4,1.9,8.5,19.0,33.5,34.5,-0.3694,-0.4463,-0.1346,0.1306,0.1411,-0.0732,-0.6261,0.4391
2.0,2.1,3.5,2.9,2.9,3.0,5.9,43.2,33.2,-0.4387,0.1757,-0.4585,-0.125,0.4755,0.188,-0.5191,0.0901
2.0,1.2,3.5,2.6,1.4,15.3,20.5,4.4,24.2,-0.6536,0.0043,-0.016,0.0642,-0.0256,0.0558,0.0051,-0.7462
2.0,4.7,1.6,3.6,1.4,14.8,8.6,13.5,18.5,-0.4045,0.3677,0.0088,0.1355,-0.2317,0.1109,-0.5088,-0.5877
2.0,3.6,2.6,3.0,3.7,19.4,9.8,21.0,20.3,-0.9181,0.0175,-0.1973,-0.028,0.1049,0.2822,-0.0308,0.1169
2.0,2.2,2.5,3.2,1.6,4.1,19.9,34.1,8.2,-0.3914,0.0745,-0.1766,-0.0388,0.0531,0.3167,-0.1973,-0.8026
2.0,2.1,1.0,3.4,2.8,11.8,16.2,15.7,22.6,-0.1333,0.0895,0.0304,0.1243,-0.5176,0.2728,-0.3349,-0.6991
2.0,2.8,1.0,3.6,2.8,21.5,14.7,7.5,34.7,-0.0698,0.0331,0.1132,-0.0138,-0.1291,0.1287,-0.8997,0.1635
2.0,4.1,4.7,2.1,2.2,20.9,7.4,26.6,9.6,-0.8984,0.3352,-0.1939,0.0506,-0.0092,0.1689,0.024,0.0346
2.0,4.1,2.0,4.3,4.9,16.6,18.9,9.0,32.5,-0.6891,0.4088,0.0789,0.1454,-0.1007,0.0522,-0.2853,-0.4771
2.0,2.6,3.2,1.4,4.9,11.2,12.5,21.8,20.1,-0.1558,0.3373,-0.6446,-0.4758,-0.2519,0.3232,0.1845,0.0574
2.0,4.8,4.0,1.4,1.2,9.3,5.4,39.0,30.0,-0.6649,-0.0947,-0.4088,0.0793,0.429,0.0964,-0.2959,0.2862
2.0,4.0,3.1,2.8,3.6,19.2,16.3,16.9,14.8,-0.842,-0.0375,-0.2445,-0.1129,0.2069,0.348,-0.1174,0.1477
2.0,2.0,2.0,4.2,3.4,8.8,4.3,39.5,15.0,-0.6029,-0.079,0.0234,-0.3859,-0.0375,0.5718,-0.3737,0.044
2.0,4.2,1.0,3.9,3.3,21.8,5.2,36.0,33.5,-0.9442,0.3025,-0.0432,0.0613,0.0469,-0.0372,0.0066,0.0377
2.0,4.8,2.7,3.3,1.3,4.8,21.3,33.7,36.7,-0.3183,-0.4643,-0.096,0.0938,0.1005,-0.0474,-0.6765,0.4167
2.0,2.7,3.4,3.6,2.4,15.0,3.7,20.4,33.4,-0.6218,-0.2813,-0.1738,-0.2604,0.0722,0.5465,-0.3161,0.132
2.0,4.1,3.9,3.0,4.9,16.3,3.3,4.0,29.4,-0.7185,0.2769,-0.3073,0.1946,-0.3105,0.1907,0.0467,-0.3657
2.0,1.4,3.7,1.3,1.5,15.7,11.1,4.3,19.3,-0.2708,0.216,-0.3841,0.1564,-0.4039,0.1468,0.1093,-0.7063
2.0,3.7,3.8,4.9,3.8,12.4,16.5,7.3,5.4,-0.7374,0.5297,-0.0793,-0.2283,-0.1318,-0.291,0.0416,-0.0904
2.0,1.9,3.6,1.1,1.4,11.1,16.7,19.4,43.0,-0.3867,-0.1878,-0.3119,0.3977,0.3777,-0.1138,-0.5607,0.2502
2.0,1.9,2.3,4.9,1.2,7.2,4.8,36.5,12.7,-0.3211,-0.0111,0.1563,-0.3872,-0.1651,0.483,-0.6688,-0.0551
2.0,1.4,2.3,1.3,4.6,12.8,11.9,17.5,24.3,-0.0969,0.2003,-0.6019,-0.4849,-0.3506,0.4372,0.1323,0.0715
2.0,4.2,4.3,4.9,4.1,9.4,17.2,25.0,17.2,-0.5012,0.1385,-0.1736,-0.1844,0.1099,0.4098,-0.3551,-0.5874
2.0,1.1,3.2,1.3,2.9,17.7,18.9,5.7,40.2,-0.4737,0.4542,0.2741,0.0171,-0.2115,0.2463,-0.4782,-0.3719
2.0,5.0,3.1,3.6,3.8,4.5,12.2,42.6,18.3,-0.5657,0.2718,-0.2413,-0.3258,0.2548,0.4133,-0.4177,-0.1436
2.0,4.1,2.9,2.9,2.5,8.5,6.5,39.4,24.6,-0.5498,-0.0167,-0.3811,-0.2399,0.3908,0.3582,-0.4343,0.1181
2.0,2.4,4.2,4.0,3.3,21.8,21.3,44.0,35.3,-0.9592,0.2514,0.0027,0.014,-0.0011,-0.0094,0.0236,0.0953
2.0,4.2,3.8,4.1,4.6,20.1,21.6,4.6,12.1,-0.8889,0.3612,0.0054,0.0212,-0.0007,0.0135,-0.0998,-0.251
2.0,3.2,2.6,1.1,4.4,7.6,10.4,7.0,23.1,-0.159,0.7266,-0.3396,-0.1416,-0.4646,-0.1652,0.0305,-0.2443
2.0,2.5,2.3,4.0,3.0,11.9,7.5,5.9,29.9,-0.5893,0.0915,-0.3062,0.1913,-0.3309,0.1648,0.1366,-0.5936
2.0,4.4,1.2,3.5,1.7,18.8,10.5,43.4,15.6,-0.938,0.1517,-0.1761,0.0182,0.1809,0.0001,-0.0091,0.1615
2.0,2.7,3.9,2.1,1.8,13.5,17.6,22.4,26.0,-0.1337,-0.2595,-0.3034,0.088,0.3011,0.059,-0.8325,0.0688
2.0,1.7,4.1,2.5,3.8,17.9,15.0,4.4,28.7,-0.7691,0.1888,-0.056,0.1939,-0.0671,0.1836,-0.0748,-0.5291
2.0,1.2,3.8,1.3,4.0,15.6,14.7,9.3,41.7,-0.6319,0.3399,-0.2207,0.0535,0.2668,0.4313,-0.2337,-0.3283
2.0,1.4,4.4,3.9,4.0,21.8,14.9,20.5,33.9,-0.8065,-0.1186,-0.2855,0.2144,0.2908,-0.114,-0.1784,0.2263
2.0,1.9,2.2,4.4,2.0,18.2,3.4,41.5,21.3,-0.8185,-0.0714,-0.2927,-0.116,0.297,0.1402,-0.1543,0.2909
2.0,3.0,3.6,1.5,2.8,4.0,16.1,31.7,39.3,-0.3952,-0.2049,-0.3159,0.3863,0.3688,-0.1186,-0.5593,0.261
2.0,2.5,2.6,3.0,3.5,5.7,19.7,27.0,29.2,-0.1433,0.0708,-0.2879,-0.0034,0.2689,0.1903,-0.7781,-0.3968
2.0,2.0,3.8,3.8,4.6,5.1,4.3,19.7,9.1,-0.4876,0.5105,0.1606,-0.2504,-0.3229,-0.3789,-0.2446,-0.3169
2.0,1.2,4.8,1.1,2.5,13.4,21.5,30.2,26.4,-0.2477,-0.484,-0.0453,0.0997,0.0661,-0.0298,-0.7332,0.3496
2.0,3.7,3.4,2.0,4.1,13.9,4.6,38.0,20.7,-0.7461,0.0634,-0.3359,-0.0554,0.247,0.4784,-0.1469,-0.0186
2.0,3.7,4.8,4.7,2.8,17.9,4.3,38.5,38.3,-0.8987,0.0087,-0.1733,0.2186,0.182,-0.165,-0.0756,0.2021
2.0,4.8,4.0,2.0,4.2,9.8,17.5,37.0,22.7,-0.2506,-0.1701,-0.3498,0.2056,0.3782,-0.0354,-0.7283,0.2096
2.0,3.8,2.5,2.5,4.1,9.8,18.1,39.6,41.1,-0.837,-0.0138,-0.0697,0.3294,0.107,-0.2185,-0.1043,0.3207
2.0,4.6,1.8,4.4,1.9,6.8,16.9,31.0,26.0,-0.2277,0.0219,-0.3105,-0.216,0.3001,0.3182,-0.7508,-0.1855
2.0,2.3,3.5,1.8,3.3,6.7,8.6,11.4,21.0,0.0137,0.5983,-0.2525,-0.2078,-0.6203,-0.1824,0.0169,-0.3269
2.0,1.1,1.6,3.4,4.8,4.2,16.4,35.1,10.0,-0.498,0.3704,-0.0746,-0.6481,-0.2826,0.1969,-0.0345,0.2404
2.0,2.2,5.0,2.9,1.4,19.4,12.9,7.1,24.9,-0.6752,0.4259,0.0033,0.0815,-0.0328,0.06,-0.307,-0.4967
2.0,2.5,3.0,2.8,2.7,6.5,5.7,36.9,32.1,-0.5159,0.0517,-0.4256,-0.1599,0.4304,0.3355,-0.464,-0.0149
2.0,3.1,1.0,2.9,2.6,14.2,11.3,41.6,33.9,-0.7258,-0.0253,-0.3565,0.1841,0.371,-0.1238,-0.2279,0.3098
2.0,2.8,1.3,3.4,3.3,15.4,8.0,11.7,7.8,-0.5586,0.4847,-0.0031,-0.2345,-0.2331,-0.3561,-0.2066,-0.4103
2.0,4.8,1.7,2.1,1.2,17.4,14.2,19.8,25.0,-0.9005,-0.0404,-0.221,-0.0106,0.2086,0.1391,-0.0674,0.2411
2.0,4.0,3.9,2.1,4.6,19.8,13.7,36.8,29.1,-0.9135,0.3179,-0.011,0.1788,0.0364,-0.1049,0.0135,0.1039
2.0,4.2,4.5,3.0,3.2,15.0,2.8,16.0,30.2,-0.492,-0.3568,-0.0977,-0.1879,-0.1297,0.5752,-0.3913,0.2531
2.0,2.3,4.1,1.5,1.2,5.5,19.4,32.5,23.8,0.0192,-0.1394,-0.1273,0.0692,0.13,0.0435,-0.9307,-0.2391
2.0,1.3,4.1,3.8,4.2,3.1,9.5,5.5,33.1,-0.3508,0.1073,-0.4226,0.1497,-0.4397,0.1296,0.4407,-0.5019
2.0,1.8,2.2,1.2,4.9,12.7,9.7,12.5,12.7,-0.2248,0.6273,0.0405,-0.3146,-0.4463,-0.2343,-0.3787,-0.2229
2.0,4.9,2.2,4.3,1.5,6.8,9.5,8.2,10.3,-0.3888,0.3301,-0.3591,-0.3134,-0.3865,-0.3434,0.373,-0.315
2.0,3.8,1.8,2.1,4.9,2.5,16.0,40.8,18.4,-0.414,0.0122,-0.3708,-0.0321,0.0268,0.6195,-0.0656,-0.5223
2.0,4.8,2.5,2.4,4.1,5.6,9.6,26.7,28.5,-0.432,-0.0866,-0.4598,-0.0964,0.0805,0.6478,-0.1598,-0.3467
2.0,1.6,3.3,2.6,1.5,14.5,5.0,32.1,7.7,-0.0809,-0.0736,-0.286,-0.5349,-0.6359,0.3574,-0.226,0.1362
2.0,3.8,3.1,3.8,2.7,12.4,20.7,11.7,31.0,-0.6122,0.315,-0.0444,-0.1162,0.0373,0.213,-0.344,-0.5786
2.0,3.7,3.8,1.2,5.0,2.6,15.8,40.0,5.3,-0.6435,0.5589,-0.2161,-0.4116,0.0006,0.1742,0.0067,0.1377
2.0,2.2,4.6,1.4,4.0,10.1,10.1,25.0,21.3,-0.0265,0.1639,-0.7274,-0.2791,-0.2268,0.4726,0.2003,-0.1829
2.0,4.8,1.8,2.1,3.8,11.9,19.3,21.4,7.9,-0.4477,0.4171,-0.2472,-0.6481,-0.197,0.208,0.0013,0.2105
2.0,1.2,4.0,4.8,3.0,5.9,16.6,21.7,27.8,-0.499,0.1358,-0.1152,-0.1983,0.0573,0.3892,-0.3426,-0.6302
2.0,1.5,4.1,3.7,4.5,15.4,18.0,7.0,19.9,-0.4327,-0.0774,-0.1632,0.1989,-0.2008,0.1647,0.3017,-0.7526
2.0,3.3,1.7,3.9,1.2,8.8,4.5,37.0,9.1,-0.3716,-0.1651,0.1332,-0.345,-0.1773,0.5557,-0.5871,0.01
2.0,4.4,4.3,4.3,2.4,12.1,2.5,32.4,28.9,-0.7106,-0.1701,-0.2956,-0.2277,0.2822,0.3636,-0.2778,0.1685
2.0,4.6,1.6,1.9,4.0,9.6,18.2,17.6,17.9,0.0664,0.0575,-0.4577,-0.399,-0.4866,0.5598,0.1272,-0.1768
2.0,2.3,1.1,3.4,4.1,6.5,18.1,39.0,21.8,-0.523,0.2118,-0.2768,-0.2522,0.2751,0.4235,-0.4563,-0.2538
2.0,1.7,3.7,4.4,1.7,17.0,10.0,9.3,13.3,-0.5511,0.1292,-0.2645,0.1591,-0.3241,0.1103,0.0343,-0.6747
2.0,4.7,1.7,3.8,4.8,9.4,6.1,32.2,26.5,-0.7032,-0.0407,-0.28,-0.1974,0.1884,0.532,-0.2195,-0.1019
2.0,4.2,1.8,2.5,2.1,4.1,14.0,13.3,31.0,-0.1598,0.0709,0.025,0.0993,-0.465,0.3233,-0.21,-0.7627
2.0,3.8,3.2,2.2,3.2,14.1,9.8,19.5,37.1,-0.6106,0.0913,-0.4528,0.0147,0.4267,0.329,-0.3241,-0.0735
2.0,4.7,4.8,1.7,2.2,21.0,14.0,16.5,36.6,-0.875,0.4395,-0.0312,0.1297,0.0507,-0.0775,0.0193,0.0686
2.0,1.8,2.1,3.2,4.7,13.9,2.8,11.9,42.8,-0.7032,0.0772,-0.2786,0.0949,-0.0182,0.5278,0.0384,-0.3464
2.0,2.4,3.6,2.9,1.5,19.3,14.1,21.3,9.3,-0.6821,-0.2551,-0.2458,-0.1972,0.1299,0.4973,-0.2503,0.143
2.0,2.0,2.9,4.3,2.2,4.2,16.2,29.4,37.8,-0.2493,-0.0284,-0.4191,-0.0339,0.4139,0.1674,-0.7324,-0.0849
2.0,3.7,2.0,1.7,2.9,14.5,12.2,17.8,12.4,-0.138,-0.0134,-0.2717,-0.616,-0.5153,0.2831,-0.3026,0.268
2.0,1.8,4.4,4.1,4.8,4.9,13.8,34.4,39.9,-0.4156,-0.0645,-0.4536,0.2097,0.4696,-0.0432,-0.5661,0.1167
2.0,3.5,2.5,3.7,5.0,2.7,15.7,17.2,28.1,-0.1729,-0.157,-0.1254,-0.2,-0.4281,0.657,0.0118,-0.5058
2.0,2.2,2.9,3.5,1.7,15.6,15.4,34.2,24.1,-0.5549,-0.3521,-0.3035,0.1242,0.3064,-0.0554,-0.4393,0.3925
2.0,4.0,1.9,3.3,4.2,17.1,10.8,36.3,13.6,-0.8547,0.0186,-0.2254,-0.0899,0.1413,0.4152,-0.0794,0.0375
2.0,1.7,2.4,2.9,1.6,12.6,8.3,15.7,22.8,-0.132,0.1244,-0.007,0.1116,-0.4312,0.2279,-0.4555,-0.7046
2.0,3.4,3.8,4.6,1.1,3.9,14.3,7.0,43.5,-0.7663,0.0699,-0.0544,0.1838,-0.0907,0.1441,-0.0091,-0.5779
2.0,3.6,4.7,2.8,4.2,13.2,9.6,27.6,29.6,-0.5644,0.0078,-0.4655,-0.0388,0.4318,0.3335,-0.3846,-0.0716
2.0,4.3,2.2,3.0,3.2,15.2,3.8,39.6,42.3,-0.7942,0.0441,-0.197,0.3498,0.2265,-0.2416,-0.1517,0.2526
2.0,3.5,1.7,4.9,4.4,11.7,21.1,43.5,25.1,-0.6264,-0.2996,-0.1451,0.1652,0.1495,-0.1462,-0.3421,0.538
2.0,4.4,2.2,4.3,3.4,5.1,2.4,24.1,30.4,-0.4541,-0.2452,-0.0879,-0.2884,-0.1452,0.6882,-0.3346,-0.1495
2.0,2.1,4.9,1.9,1.8,3.2,16.3,24.4,42.1,-0.264,-0.2295,-0.3623,0.2776,0.3829,-0.028,-0.6922,0.1268
2.0,1.5,4.6,1.8,4.2,19.0,11.3,33.9,39.6,-0.7964,0.037,-0.1106,0.4209,0.1698,-0.2232,-0.1345,0.2518
2.0,1.1,4.3,4.9,1.6,2.8,6.0,22.6,10.4,-0.0373,0.2706,-0.2467,0.0166,-0.6747,-0.0486,0.1685,-0.6031
2.0,4.2,3.7,3.0,2.9,2.8,18.7,11.6,41.8,-0.6452,0.2489,-0.1724,-0.1168,0.1599,0.3953,-0.2874,-0.4466
2.0,1.7,3.4,3.5,3.8,16.3,18.3,11.7,18.1,-0.4044,0.052,0.1256,0.1226,-0.3455,0.2316,-0.1297,-0.7717
2.0,4.5,4.9,2.9,2.8,16.2,15.2,28.1,4.4,-0.5826,0.3555,-0.375,-0.5425,-0.1652,0.1223,0.104,0.1781
2.0,4.2,4.9,1.4,4.0,12.5,21.8,30.9,32.6,-0.9518,0.0459,0.0191,0.0681,0.0012,-0.0294,0.0076,0.2681
2.0,3.0,3.4,1.7,4.1,4.5,18.4,37.3,30.4,-0.1772,-0.1334,-0.3153,0.2098,0.3531,-0.021,-0.7977,0.147
2.0,1.8,3.5,2.2,3.2,12.3,12.0,24.6,27.8,-0.3967,-0.0697,-0.4214,-0.1236,0.2638,0.5496,-0.3991,-0.3156
2.0,3.2,4.6,2.0,3.4,6.7,10.6,32.7,34.7,-0.3749,0.0052,-0.4812,0.1471,0.4879,0.1566,-0.5723,-0.0412
2.0,4.6,2.7,1.4,1.5,18.9,13.9,8.6,12.1,-0.0608,0.392,0.0781,0.0724,-0.2533,0.2505,-0.8103,-0.0848
2.0,1.4,3.3,2.5,1.5,21.9,10.5,31.2,9.5,-0.9087,0.0712,-0.2293,-0.0144,0.1727,0.2418,-0.0422,0.0909
2.0,1.0,1.3,2.6,4.6,7.5,6.1,15.9,16.2,-0.3324,0.5885,0.0264,-0.3152,-0.4072,-0.3714,-0.2096,-0.2984
2.0,3.4,3.0,3.5,3.0,19.4,17.1,9.0,31.5,-0.2247,0.3737,0.222,-0.0198,-0.2228,0.1289,-0.7615,-0.2789
2.0,3.2,3.5,1.1,2.2,19.2,9.9,38.9,16.4,-0.7962,0.3932,-0.2615,0.1571,0.3049,0.0437,-0.046,0.094
2.0,4.2,3.7,4.8,3.3,5.9,7.4,37.5,30.3,-0.4888,0.063,-0.4167,-0.2189,0.4217,0.3053,-0.5033,-0.0049
2.0,2.9,3.9,1.2,1.3,6.5,16.6,7.5,27.5,-0.1699,0.0448,-0.0422,0.1652,-0.1747,0.1665,-0.0247,-0.9326
2.0,2.4,2.5,3.2,1.5,9.0,19.4,39.3,19.8,-0.1035,-0.1612,-0.2122,0.047,0.2184,-0.0056,-0.8886,0.2443
2.0,2.1,1.1,2.9,2.4,2.9,5.9,8.3,16.2,-0.3648,0.4801,-0.2053,-0.3985,-0.2746,-0.4469,0.1952,-0.3422
2.0,3.8,4.5,2.8,4.8,19.2,13.9,26.9,26.5,-0.8916,0.065,-0.1741,0.2597,0.1895,-0.1388,-0.0689,0.1721
2.0,1.4,2.8,2.5,4.4,8.3,2.9,16.3,27.6,0.1163,0.1997,-0.1676,-0.3901,-0.8031,0.2293,-0.2087,-0.0905
2.0,3.3,2.8,2.2,3.7,18.4,8.0,22.6,17.3,-0.7805,-0.0345,-0.4305,-0.0466,-0.0828,0.4136,0.0158,0.0975
2.0,3.7,1.4,2.4,4.4,17.0,13.5,12.9,24.8,-0.2475,-0.2876,-0.032,-0.1314,-0.3205,0.5939,-0.5545,0.2085
2.0,2.3,4.3,3.8,2.0,16.8,7.5,41.8,12.9,-0.7112,-0.0203,-0.3107,-0.2554,0.3186,0.3083,-0.26,0.2387
2.0,4.6,3.3,2.4,3.2,19.6,18.1,25.4,29.7,-0.9516,0.244,0.0005,0.1112,0.0143,-0.0573,0.0172,0.0997
2.0,1.8,4.9,1.3,1.9,17.8,14.6,6.2,38.1,-0.3561,0.5183,0.107,0.123,-0.0673,0.1226,-0.6018,-0.4231
2.0,5.0,2.1,2.4,1.1,20.8,4.2,16.3,27.0,-0.9496,0.2685,-0.0481,0.009,0.0228,0.0641,0.0238,0.0932
2.0,4.0,4.7,4.7,4.0,11.8,19.7,11.0,11.5,-0.268,-0.1012,0.073,0.0479,-0.3351,0.2139,0.2758,-0.807
2.0,3.6,1.5,3.0,3.9,9.8,7.9,22.4,35.8,-0.6414,0.0159,-0.3729,-0.0842,0.2064,0.5413,-0.1992,-0.237
2.0,3.2,4.6,1.7,1.1,11.6,21.7,25.1,15.9,0.0227,-0.2412,-0.0504,0.04,0.0537,0.0091,-0.9476,-0.1204
2.0,4.0,4.0,1.3,3.0,15.8,20.0,25.6,6.5,0.1939,0.6251,-0.5671,-0.1135,-0.1414,0.1552,0.3073,-0.2156
2.0,4.9,3.8,4.6,3.8,2.1,3.1,16.8,32.6,-0.1313,-0.0563,0.0934,-0.0067,-0.6368,0.471,-0.3006,-0.4837
2.0,1.1,4.4,2.4,2.9,16.0,14.0,20.7,9.0,-0.1568,0.4187,-0.129,-0.6824,-0.4822,0.2005,-0.0306,0.1664
2.0,4.6,2.5,4.5,1.1,18.3,8.5,6.1,8.3,-0.8533,0.2447,-0.2048,0.0487,-0.2137,0.0365,-0.0416,-0.3373
2.0,2.5,2.2,4.9,4.6,16.7,15.0,19.3,31.0,-0.6582,-0.1047,-0.1552,-0.3252,0.1074,0.5558,-0.2991,-0.0434
2.0,3.8,1.8,4.3,1.7,14.4,16.7,12.7,37.2,-0.3797,0.2754,0.2726,-0.0483,-0.3075,0.2189,-0.5879,-0.4435
2.0,1.3,3.8,1.9,4.4,9.5,8.7,38.6,25.9,-0.5218,0.1012,-0.3842,-0.0572,0.3174,0.4902,-0.3437,-0.3049
2.0,1.1,3.1,2.2,4.5,7.6,20.0,8.0,7.0,-0.5855,0.7556,-0.0057,-0.1012,-0.1857,-0.1828,-0.0062,-0.0328
2.0,1.1,2.2,4.5,4.7,13.6,8.3,34.9,8.6,-0.4172,0.1447,0.0964,-0.6447,-0.4341,0.1673,-0.2591,0.2926
2.0,4.9,3.5,4.7,1.2,17.4,9.5,42.0,43.5,-0.9591,0.0573,-0.0463,0.1458,0.0522,-0.1189,-0.0112,0.1758
2.0,2.0,3.2,3.8,3.9,9.1,12.8,8.8,40.5,-0.3851,0.1216,0.2647,0.1553,-0.466,0.3385,-0.3694,-0.4914
2.0,1.1,3.9,2.4,3.7,5.7,10.5,7.5,5.3,-0.6597,0.4532,0.0248,-0.3176,-0.0739,-0.3926,-0.0238,-0.3069
2.0,1.1,2.3,4.4,3.4,12.4,4.8,22.7,18.4,0.043,0.0757,-0.0742,-0.0394,-0.777,0.2497,-0.2689,-0.4797
2.0,4.6,3.2,4.3,2.3,19.6,17.9,25.6,6.9,-0.8541,-0.0013,-0.3296,0.0226,0.3244,0.0968,-0.1286,0.1131
2.0,1.3,1.3,1.8,2.1,4.7,19.5,6.1,7.9,-0.4412,0.7503,-0.1221,-0.2558,-0.2151,-0.3042,0.0715,-0.0998
2.0,1.1,4.7,4.0,2.1,9.8,2.8,34.0,42.8,-0.5457,0.1017,-0.4709,-0.0135,0.4751,0.1983,-0.4338,-0.072
2.0,4.2,4.9,1.8,3.7,4.8,10.1,25.4,9.1,-0.3252,0.3579,0.008,-0.7034,-0.3723,0.1935,-0.2259,0.1869
2.0,3.5,4.9,2.4,3.8,21.3,18.6,33.4,13.1,-0.9326,0.3261,0.012,0.0779,0.002,-0.037,0.0193,0.0695
2.0,1.7,2.5,3.3,2.7,5.4,15.7,39.6,11.6,-0.6271,0.1709,-0.1188,-0.2695,0.1017,0.4872,-0.3224,-0.3524
2.0,2.9,2.7,2.2,1.3,20.4,9.5,11.4,5.7,-0.3558,-0.2493,-0.1174,-0.3634,-0.3136,0.1643,-0.4849,0.4937
2.0,4.9,4.2,1.1,4.3,18.6,4.2,15.5,35.5,-0.7152,0.4801,-0.2779,0.16,0.3334,0.1572,-0.0876,0.0123
2.0,4.2,4.3,3.6,1.0,10.0,7.7,37.0,6.1,-0.4773,-0.2031,-0.0168,-0.3146,-0.1174,0.6606,-0.403,-0.0644
2.0,4.8,2.9,4.0,1.4,18.6,18.2,20.7,15.3,-0.8596,-0.2075,-0.2087,0.0862,0.2084,-0.0335,-0.1326,0.2942
2.0,3.0,3.8,3.0,1.5,14.9,3.7,5.5,7.5,-0.6642,0.2986,-0.1841,-0.3172,-0.2032,-0.3368,0.0304,-0.4185
2.0,4.8,1.5,4.7,1.1,17.9,17.7,22.7,30.1,-0.864,-0.2334,-0.2092,0.0161,0.2067,0.0299,-0.1317,0.2842
2.0,1.3,2.8,1.8,2.0,21.7,14.2,29.1,19.2,-0.8784,0.0889,-0.2507,0.1902,0.2593,-0.0396,-0.0713,0.1606
2.0,4.3,4.5,1.2,1.8,12.5,3.4,39.1,5.2,-0.5913,0.1813,-0.2736,-0.5834,-0.1192,0.2387,-0.0783,0.3389
2.0,1.8,2.2,2.0,2.2,18.7,18.5,39.8,41.7,-0.9293,0.1685,0.0099,0.1964,0.019,-0.1257,0.009,0.2068
2.0,4.4,1.6,1.7,2.0,19.7,12.0,28.4,40.6,-0.8837,0.3726,-0.0245,0.2203,0.0579,-0.1104,0.0045,0.0831
2.0,1.2,4.5,1.3,3.6,8.8,3.6,43.1,30.0,-0.5525,0.2646,-0.393,-0.0317,0.4486,0.327,-0.3745,-0.0811
2.0,3.3,2.3,2.1,3.8,5.6,8.9,16.2,42.6,-0.527,0.1953,-0.3943,0.1538,0.1496,0.5111,-0.1261,-0.4406
2.0,2.5,1.5,2.0,3.4,18.2,18.1,8.3,34.4,-0.2252,0.3163,0.2655,0.0081,-0.2769,0.2833,-0.7245,-0.2628
2.0,1.4,1.6,4.5,2.4,14.5,12.4,43.3,23.7,-0.4833,-0.082,-0.4384,-0.0977,0.4423,0.1156,-0.4866,0.3134
2.0,3.2,3.8,2.0,2.1,20.3,8.3,39.0,19.0,-0.9038,0.3056,-0.1634,0.0998,0.1795,-0.026,-0.0015,0.1041
2.0,1.8,4.2,3.5,4.1,12.9,13.7,33.9,9.7,-0.167,0.2444,-0.5045,-0.454,-0.4181,0.3431,0.3619,-0.0147
2.0,2.6,4.8,2.1,2.0,12.5,15.9,32.7,9.2,-0.2224,-0.0031,-0.3999,-0.0261,0.0893,0.5165,-0.1909,-0.6716
2.0,2.4,4.6,2.2,1.5,13.8,21.5,40.0,30.7,-0.8455,-0.2139,-0.004,0.0433,0.0097,-0.0276,-0.1206,0.458
2.0,2.8,2.5,2.0,3.4,11.8,17.3,16.6,35.1,-0.4091,0.1119,-0.4043,-0.0497,0.376,0.3938,-0.5068,-0.29
2.0,5.0,2.3,4.8,3.4,4.2,5.5,31.3,37.0,-0.6091,0.1134,-0.3563,-0.1934,0.3389,0.3968,-0.364,-0.1936
2.0,2.5,1.7,4.9,2.5,12.6,19.3,22.1,24.9,-0.3614,0.1234,-0.1586,-0.3088,0.1319,0.4411,-0.5871,-0.4
2.0,1.8,2.7,2.7,4.7,11.4,7.7,24.7,10.6,-0.2496,0.2636,0.2184,-0.5835,-0.5168,0.0265,-0.4441,0.0744
2.0,1.2,1.4,1.5,4.1,21.2,18.4,28.0,32.6,-0.804,0.0728,-0.1645,0.3944,0.2108,-0.1855,-0.1222,0.2169
2.0,3.8,3.9,4.6,1.6,5.1,15.9,27.9,43.9,-0.362,-0.1559,-0.4441,0.1546,0.4462,-0.0066,-0.6228,0.1168
2.0,4.3,1.2,2.9,3.7,16.6,7.8,4.1,38.2,-0.807,0.3308,-0.0678,0.2165,-0.0772,0.2062,-0.0829,-0.3572
2.0,3.7,2.4,1.9,3.8,18.2,6.5,25.8,33.3,-0.7918,0.2111,-0.3578,0.1745,0.3615,0.0917,-0.1288,0.0613
2.0,2.8,1.8,2.4,1.2,8.2,16.4,34.4,8.6,-0.2971,-0.1181,-0.2491,-0.2189,-0.0634,0.671,-0.2264,-0.5096
2.0,3.7,3.0,4.4,1.3,3.3,18.8,9.1,28.3,-0.5595,-0.0877,-0.0326,0.0983,-0.0832,0.0638,0.1437,-0.7942
2.0,2.5,2.1,2.6,3.6,12.6,2.0,35.7,30.4,-0.6852,0.0541,-0.384,-0.1153,0.3643,0.3867,-0.2724,-0.0206
2.0,3.2,4.6,1.9,2.9,13.6,2.2,12.3,43.5,-0.6822,0.2175,-0.302,0.1085,0.1676,0.4984,-0.0916,-0.2916
2.0,1.5,4.9,3.2,4.4,21.7,17.0,18.1,28.1,-0.7641,-0.184,-0.2458,0.2294,0.2555,-0.1383,-0.2182,0.312
2.0,3.5,4.1,4.0,4.3,18.5,13.5,43.6,24.1,-0.9229,0.0618,-0.0925,0.1769,0.0991,-0.1542,-0.0257,0.2467
2.0,3.3,1.1,1.3,2.5,19.8,2.3,6.8,30.9,0.0183,0.3001,0.0304,0.0672,-0.2585,0.2533,-0.8445,0.0909
2.0,4.4,3.1,4.3,4.8,21.7,17.4,28.6,30.6,-0.9566,0.2721,-0.0038,0.0458,0.0075,-0.0245,0.0079,0.0354
2.0,3.0,4.8,4.4,2.0,21.9,16.4,30.7,31.9,-0.9767,0.1801,-0.0036,0.0369,0.0061,-0.0208,0.0089,0.0605
2.0,3.1,1.6,3.0,3.3,19.1,15.2,22.2,10.1,-0.6874,-0.1145,-0.4715,-0.2046,-0.2598,0.3728,0.0419,0.1485
2.0,3.5,1.9,3.6,2.3,6.1,17.2,26.7,15.0,-0.3123,-0.0792,-0.1205,-0.2387,-0.1198,0.5927,-0.2488,-0.6172
2.0,4.2,3.9,2.8,1.9,16.4,5.9,36.0,30.7,-0.8862,0.0143,-0.261,0.1258,0.2698,-0.038,-0.0836,0.2022
2.0,2.7,3.2,2.2,2.1,4.1,13.6,42.3,28.6,-0.2155,0.0343,-0.3974,0.0053,0.4168,0.067,-0.75,0.1948
2.0,4.0,1.5,3.5,4.8,12.2,13.9,42.9,39.3,-0.7207,-0.025,-0.2559,0.3248,0.2765,-0.2522,-0.2275,0.3256
2.0,3.0,3.2,5.0,2.7,9.0,20.8,34.6,15.4,-0.1154,0.2292,-0.1432,-0.0254,0.1449,0.0718,-0.877,-0.3119
2.0,1.4,1.5,2.1,2.6,7.2,8.8,35.5,30.1,-0.493,0.0022,-0.4008,-0.1558,0.3587,0.4664,-0.4411,-0.1377
2.0,2.1,2.8,1.7,3.0,7.8,5.2,23.2,26.0,-0.1006,-0.147,-0.5499,-0.3317,-0.3462,0.6369,-0.0412,-0.115
2.0,2.9,3.5,4.8,3.2,10.3,7.6,42.3,38.7,-0.6203,-0.0923,-0.3742,0.2152,0.3827,-0.179,-0.3478,0.3311
2.0,4.4,1.9,1.2,2.3,7.9,9.6,31.9,13.5,-0.1224,0.1011,-0.5654,-0.5748,-0.3651,0.3887,-0.0005,0.1592
2.0,1.1,3.6,3.1,1.8,2.1,13.8,7.4,25.6,-0.1281,0.0381,-0.2598,0.1147,-0.3026,0.0832,0.4886,-0.7453
2.0,1.7,4.8,2.3,1.5,17.1,15.7,8.4,12.5,-0.3959,0.1157,-0.0752,0.2071,-0.1905,0.1666,-0.1081,-0.83
2.0,2.9,3.8,1.3,2.2,12.2,13.5,6.4,35.0,-0.4563,0.3629,0.0397,0.2369,-0.1239,0.2217,-0.3838,-0.6162
2.0,2.5,4.7,2.0,2.6,11.6,18.1,29.7,18.7,-0.0537,-0.062,-0.2653,0.0744,0.2562,0.1207,-0.8577,-0.2814
2.0,1.7,3.3,4.5,2.7,15.3,21.6,20.9,7.0,-0.2594,-0.0259,-0.1253,0.0182,-0.0282,0.1727,0.1526,-0.9102
2.0,2.1,3.6,3.3,3.6,20.1,15.0,4.7,41.1,-0.8331,0.3894,0.0233,0.1283,-0.0181,0.0901,-0.1365,-0.3228
2.0,1.7,4.3,3.4,1.6,2.8,7.1,27.4,38.5,-0.4655,-0.0232,-0.3569,-0.2282,0.3007,0.4856,-0.4635,-0.2229
2.0,2.5,3.8,2.0,4.8,17.9,10.4,27.4,31.2,-0.6354,0.0751,-0.4616,0.2022,0.4648,0.1084,-0.3024,0.0468
2.0,1.8,1.4,4.9,1.8,5.1,14.7,10.9,11.8,-0.1857,0.4232,-0.3698,-0.1925,-0.45,-0.2614,0.486,-0.3082
2.0,3.2,3.8,4.1,3.1,18.3,13.0,28.7,40.6,-0.8807,-0.0625,-0.137,0.2858,0.1499,-0.1769,-0.0995,0.2142
2.0,1.5,3.0,4.3,4.2,13.3,9.1,39.9,36.5,-0.5146,-0.0146,-0.476,0.1029,0.4888,-0.019,-0.4683,0.1627
2.0,1.8,3.3,2.2,3.3,20.0,5.0,10.7,33.3,-0.3676,-0.2631,0.0079,-0.1728,-0.1685,0.5752,-0.5266,0.295
2.0,4.6,2.8,2.7,1.8,9.2,11.4,8.7,18.9,-0.384,0.1218,-0.3162,0.1508,-0.3841,0.1136,0.1377,-0.7257
2.0,1.6,4.0,2.9,3.4,20.2,9.3,10.1,42.3,-0.8134,0.1093,-0.1603,-0.1505,0.1539,0.4615,-0.1314,-0.065
2.0,3.4,3.0,3.6,4.9,4.2,2.9,9.1,40.1,-0.0499,0.0819,0.0188,0.1294,-0.7599,0.4085,-0.1905,-0.3843
2.0,4.1,2.3,3.2,4.9,5.0,3.3,7.3,41.6,-0.2309,0.2869,-0.1362,0.3471,-0.5703,0.2414,-0.0292,-0.56
2.0,2.5,1.3,2.7,3.0,18.2,5.8,4.7,41.5,-0.7215,0.3812,-0.0344,0.2503,-0.0947,0.2043,-0.1531,-0.4343
2.0,2.4,4.3,1.2,3.1,17.6,5.6,36.2,28.9,-0.7149,0.2253,-0.383,0.2312,0.4234,0.0584,-0.177,0.1037
2.0,1.2,3.6,3.4,2.8,5.4,6.3,33.4,11.2,0.0652,0.0831,-0.2152,-0.4343,-0.7635,0.3769,0.0143,-0.0836
2.0,4.6,1.9,1.2,4.8,9.8,6.0,10.6,29.7,0.1562,0.1842,-0.2134,-0.2626,-0.7189,0.3997,-0.3495,0.066
2.0,1.4,1.2,1.8,3.8,5.6,4.2,19.8,33.6,-0.2488,0.0326,-0.6704,-0.2129,-0.2469,0.5553,0.1651,-0.1768
2.0,3.7,3.2,1.6,3.4,14.7,9.6,26.8,25.0,-0.6584,0.0192,-0.4688,0.0546,0.3463,0.4039,-0.2151,-0.0272
2.0,1.6,4.8,4.9,4.8,12.5,20.9,35.3,41.3,-0.9684,-0.034,-0.0006,0.0998,0.0093,-0.0569,-0.0164,0.1863
2.0,2.7,4.0,3.4,4.9,14.6,3.2,31.3,14.2,-0.4125,-0.0415,-0.4191,-0.553,-0.4238,0.2946,0.0114,0.2568
2.0,4.6,3.2,3.1,1.4,4.5,7.0,21.5,21.3,-0.096,0.0405,0.0434,0.0333,-0.4361,0.2981,-0.4034,-0.73
2.0,2.2,4.9,2.4,2.9,17.2,11.3,18.5,9.5,-0.057,0.0953,-0.194,-0.6225,-0.6223,0.2413,-0.2387,0.1947
2.0,4.2,3.9,4.9,1.2,15.4,10.7,6.3,22.8,-0.8741,0.1328,-0.0467,0.0868,-0.0517,0.0796,-0.0548,-0.439
2.0,4.3,5.0,4.2,2.8,5.6,13.4,26.0,8.5,0.0374,0.3283,-0.2191,-0.5215,-0.6213,0.2769,0.2923,-0.0223
2.0,3.9,3.6,2.1,4.1,8.4,16.9,29.6,9.9,-0.3032,0.6456,-0.401,-0.4868,-0.139,0.1357,0.176,0.0958
2.0,3.5,2.4,1.8,3.3,4.1,2.5,29.4,36.5,-0.482,0.071,-0.5095,0.0903,0.2539,0.5156,-0.2192,-0.3225
2.0,3.0,1.2,3.0,3.3,20.6,18.5,32.7,22.5,-0.9414,0.154,-0.1189,0.1592,0.1273,-0.0896,-0.0139,0.1221
2.0,3.3,3.9,2.2,2.6,16.7,16.1,37.9,42.9,-0.9296,0.1833,0.0186,0.2145,0.0169,-0.1234,0.0053,0.1779
2.0,2.8,2.5,1.5,2.2,14.9,2.3,26.8,5.0,-0.39,-0.013,0.0241,-0.6797,-0.314,0.2011,-0.3879,0.2888
2.0,2.0,2.5,3.1,2.3,19.9,3.1,6.8,18.5,-0.6466,0.4118,-0.2283,0.0508,-0.2875,0.0125,-0.1992,-0.474
2.0,4.7,2.1,1.2,4.7,16.1,12.9,29.3,41.2,-0.7741,0.2559,-0.0034,0.4642,0.1126,-0.2201,-0.0694,0.2017
2.0,4.1,4.4,4.4,3.8,7.8,5.5,36.7,7.4,-0.2848,0.1442,-0.134,-0.6414,-0.5506,0.2218,-0.074,0.3049
2.0,4.6,2.5,1.1,3.4,3.3,17.1,15.6,27.8,0.1205,0.0677,-0.5418,-0.0255,-0.0725,0.5215,0.1071,-0.6147
2.0,4.7,3.2,2.8,2.4,18.9,13.9,43.8,11.8,-0.8939,0.2026,-0.2082,0.1353,0.2195,-0.1012,-0.0301,0.1709
2.0,2.3,2.4,2.7,1.8,10.6,21.3,19.8,12.1,-0.1354,0.0199,-0.1625,0.0041,0.0253,0.2128,-0.1428,-0.9318
2.0,2.0,3.8,2.6,3.5,18.2,11.4,5.7,28.2,-0.7111,0.2785,-0.0912,0.2237,-0.1287,0.1965,-0.1253,-0.5283
2.0,1.0,1.2,1.7,2.6,2.5,3.4,11.8,16.8,-0.2022,0.5552,-0.1018,-0.4002,-0.3507,-0.4364,-0.0505,-0.3978
2.0,1.2,2.6,2.0,2.7,20.6,16.8,43.0,34.4,-0.9223,0.1521,-0.0163,0.1795,0.0348,-0.1365,0.0105,0.247
2.0,2.7,3.3,3.0,3.7,7.1,20.9,6.6,8.9,-0.3502,0.8344,-0.0729,-0.0701,-0.1742,-0.1268,0.3198,0.103
2.0,2.2,3.1,4.0,4.9,8.7,20.2,5.5,9.9,-0.5486,0.7187,-0.1256,-0.146,-0.1382,-0.1624,0.2653,0.1392
2.0,3.8,3.7,1.8,1.2,9.4,18.7,42.7,5.5,-0.4592,0.2848,-0.208,-0.026,0.2038,0.3146,-0.4401,-0.5486
2.0,2.5,3.3,4.8,2.3,7.0,21.4,37.8,5.7,-0.6496,0.3535,-0.0618,-0.0386,0.0598,0.1242,-0.317,-0.5588
2.0,3.1,2.3,1.1,1.9,9.8,11.6,20.4,17.4,0.1266,-0.0633,-0.4944,-0.4063,-0.473,0.5489,-0.1345,-0.0957
2.0,3.8,4.4,4.1,2.5,4.7,12.7,27.4,9.6,0.0962,0.072,-0.2274,-0.3526,-0.6498,0.4449,0.2659,-0.3081
2.0,3.8,1.3,3.9,1.9,6.5,14.6,12.4,7.5,-0.4694,0.5753,-0.1171,-0.3253,-0.2797,-0.428,0.0848,-0.2324
2.0,1.3,3.9,3.5,4.7,14.4,3.8,21.1,38.7,-0.6765,0.0858,-0.3316,-0.0246,0.1658,0.5091,-0.1427,-0.3275
2.0,3.7,4.9,1.4,2.7,9.6,9.9,11.4,16.6,0.1296,0.5372,-0.2882,-0.1414,-0.6639,-0.0633,-0.0545,-0.3622
2.0,1.9,1.2,4.9,4.5,8.9,4.0,10.4,32.7,-0.4243,0.1931,-0.3462,0.2116,-0.4674,0.1144,0.1739,-0.5897
2.0,1.6,4.3,4.0,4.7,3.0,17.1,29.9,22.0,-0.4355,0.1258,-0.2072,-0.08,0.1197,0.3516,-0.3233,-0.6989
2.0,3.8,4.4,1.4,3.9,5.3,17.7,22.1,43.1,-0.6207,-0.0892,-0.1376,0.5002,0.2352,-0.2304,-0.2986,0.3339
2.0,1.4,4.5,3.9,2.9,17.0,18.8,5.5,20.0,-0.7223,-0.0247,-0.035,0.1043,-0.0469,0.0906,0.0429,-0.6665
2.0,1.1,1.3,2.0,4.9,6.3,11.4,6.3,26.9,-0.3658,0.6112,-0.3778,-0.1987,-0.4074,-0.2204,0.2356,-0.1852
2.0,2.2,2.5,4.5,1.0,19.8,3.7,24.6,13.5,-0.8086,-0.3466,-0.0782,-0.1016,0.022,0.2364,-0.1769,0.3194
2.0,2.1,2.0,2.3,1.3,14.5,11.9,22.8,12.7,-0.0586,-0.2766,-0.1436,-0.2279,-0.4074,0.6207,-0.4854,-0.2016
2.0,3.5,3.4,1.6,4.0,8.8,10.7,16.8,28.1,-0.2099,-0.1023,-0.5358,-0.1651,-0.1657,0.7149,-0.005,-0.274
2.0,3.8,3.7,1.0,2.2,5.7,5.1,22.2,27.3,-0.0662,-0.1393,-0.6358,-0.2573,-0.2326,0.6467,-0.0826,-0.0996
2.0,4.7,3.7,1.2,5.0,9.3,9.1,26.1,22.5,-0.2324,0.2968,-0.7742,-0.2321,-0.1799,0.3456,0.1883,-0.0565
2.0,2.5,1.7,2.2,3.8,21.8,13.9,7.2,17.6,-0.1195,0.4551,-0.0033,0.1018,-0.2282,0.141,-0.7682,-0.1619
2.0,4.5,2.7,2.5,3.8,2.1,3.3,13.0,29.9,0.075,0.4207,-0.2169,-0.1076,-0.7721,0.0142,-0.062,-0.3813
2.0,2.8,1.1,1.5,3.9,11.4,4.8,36.8,7.4,-0.4969,0.1307,-0.0544,-0.6613,-0.2383,0.2608,-0.2381,0.3248
2.0,3.2,1.1,2.3,1.5,16.5,17.2,24.8,23.8,-0.7078,-0.2278,-0.3709,-0.0025,0.3528,0.1648,-0.2747,0.2572
2.0,4.8,1.1,3.2,4.3,17.5,12.8,20.2,43.3,-0.6118,0.0853,-0.4227,0.2929,0.4501,-0.0698,-0.3411,0.1057
2.0,2.3,4.7,1.8,3.5,9.5,16.5,40.9,33.2,-0.5968,-0.2366,-0.1563,0.2942,0.1925,-0.1953,-0.3558,0.5063
2.0,1.4,4.9,2.0,1.8,8.5,5.7,25.0,27.1,-0.1814,-0.2715,-0.2398,-0.2538,-0.1073,0.6932,-0.4428,-0.2621
2.0,2.0,1.6,2.2,4.5,7.4,10.8,28.0,32.9,-0.4631,0.0236,-0.4888,0.0216,0.1801,0.5613,-0.1827,-0.39
2.0,2.7,2.3,2.9,4.1,17.5,17.8,17.3,23.1,-0.5363,-0.0761,-0.2578,-0.2921,0.2064,0.5663,-0.4073,-0.0676
2.0,4.8,4.0,1.7,4.8,15.9,5.0,7.4,9.0,-0.5714,0.619,-0.0786,-0.1662,-0.21,-0.2231,-0.2446,-0.312
2.0,1.3,5.0,4.4,2.6,6.5,4.9,22.3,19.2,-0.0865,0.0717,-0.0048,0.1013,-0.5986,0.2463,-0.2479,-0.6953
2.0,1.3,4.4,2.2,1.5,22.0,9.9,18.1,4.7,-0.7398,-0.0142,-0.3118,-0.4365,-0.1683,0.1229,-0.021,0.3011
2.0,1.7,3.9,2.0,1.4,2.1,17.7,14.4,38.2,-0.2912,0.0917,-0.2126,-0.0843,0.1384,0.3575,-0.4302,-0.7121
2.0,1.5,4.1,4.7,3.1,11.2,14.8,32.6,30.2,-0.2376,-0.0538,-0.4082,-0.0488,0.4072,0.1473,-0.7526,-0.0162
2.0,2.1,4.0,3.0,1.8,16.2,11.6,20.4,39.3,-0.5579,-0.0726,-0.4605,-0.0728,0.4453,0.2806,-0.4157,0.0222
2.0,3.5,4.0,4.0,2.3,4.7,14.5,19.8,28.8,-0.402,0.047,-0.0111,-0.2622,-0.0822,0.5007,-0.397,-0.5838
2.0,4.5,3.8,1.5,1.6,11.2,12.1,4.6,33.3,-0.7084,0.2831,-0.0584,0.2039,-0.0681,0.1979,-0.1532,-0.5468
2.0,4.1,3.8,3.7,1.4,14.4,4.1,11.7,34.2,-0.5075,0.3871,0.0253,0.1512,-0.166,0.1013,-0.4267,-0.5822
2.0,3.2,2.9,1.9,3.0,6.8,2.2,24.8,11.6,-0.0782,0.2741,0.0988,-0.6048,-0.5566,-0.0364,-0.4719,-0.0092
2.0,4.2,4.5,4.3,2.3,21.6,3.5,17.4,6.6,-0.9656,0.1655,-0.1144,-0.0564,-0.0746,0.0212,0.0189,0.0814
2.0,3.4,1.9,1.6,1.3,14.5,14.3,14.8,11.7,0.0906,-0.0085,-0.1629,-0.1318,-0.6298,0.4296,-0.5152,-0.2788
2.0,2.6,1.4,1.1,3.4,21.7,21.9,25.9,6.0,-0.442,0.4655,-0.624,0.1102,-0.0779,0.2985,0.08,-0.1355
2.0,4.7,4.0,3.4,3.8,20.4,13.6,30.5,13.0,-0.9286,0.2241,-0.1854,0.0581,0.1886,0.0382,-0.022,0.0602
2.0,2.8,2.5,1.8,4.0,3.1,3.4,33.1,13.9,-0.2348,0.2434,-0.093,-0.7261,-0.4258,0.211,-0.2414,0.2365
2.0,1.2,2.2,1.4,3.4,17.5,6.1,25.1,32.6,-0.5751,0.0623,-0.5259,0.1172,0.278,0.4743,-0.1756,-0.1659
2.0,1.9,1.4,3.8,3.4,6.7,2.2,16.4,39.7,-0.6171,-0.1268,-0.2944,-0.1046,-0.0751,0.6419,-0.0231,-0.2683
2.0,4.7,2.7,2.4,4.9,17.0,19.4,22.9,5.8,-0.6681,0.4552,-0.291,-0.4595,-0.0595,0.0966,0.0548,0.1396
2.0,4.2,3.7,4.5,3.2,17.1,15.5,34.9,33.9,-0.9424,-0.0498,-0.061,0.1709,0.0684,-0.1203,-0.0401,0.2188
2.0,1.4,4.1,3.7,2.5,15.2,12.7,41.8,17.5,-0.3503,0.0396,-0.4347,-0.1447,0.4431,0.1925,-0.6288,0.1401
2.0,3.9,1.9,3.2,4.6,16.2,12.0,36.1,22.5,-0.764,0.0675,-0.3764,-0.0764,0.3766,0.2555,-0.2074,0.0659
2.0,2.3,2.2,1.8,4.7,7.1,14.9,15.1,32.5,-0.2622,-0.0417,-0.4926,-0.0852,-0.1146,0.6827,0.064,-0.4224
2.0,2.3,1.4,1.0,4.4,6.6,8.4,22.8,22.0,-0.2562,0.3081,-0.5221,-0.6164,-0.2207,0.2828,0.0208,0.2138
2.0,1.6,3.6,4.3,1.7,2.0,14.8,7.3,14.6,-0.013,0.3248,-0.3222,-0.0565,-0.3473,-0.0835,0.7294,-0.3425
2.0,1.6,4.8,1.4,3.8,7.0,6.0,42.0,13.9,-0.1809,0.2921,-0.569,-0.4681,-0.3255,0.4034,0.1906,0.1082
2.0,4.9,3.8,1.9,1.5,16.6,4.6,9.6,18.0,-0.3637,0.5307,-0.1123,0.1057,-0.2713,0.0942,-0.528,-0.4328
2.0,3.6,4.0,1.7,3.9,8.8,20.2,34.0,14.0,-0.0334,0.0202,-0.2347,0.1007,0.1107,0.2403,-0.3917,-0.8223
2.0,1.2,1.2,2.3,1.9,8.0,12.7,36.7,17.0,-0.4022,-0.0654,-0.1468,-0.3194,0.0605,0.6353,-0.4884,-0.2236
2.0,3.3,4.8,1.1,4.9,21.1,9.3,33.9,19.4,-0.7335,0.5444,-0.2158,0.2005,0.2432,0.0724,-0.0383,0.0178
2.0,1.1,5.0,2.2,3.5,14.8,3.8,35.5,8.0,-0.4281,0.1255,-0.0117,-0.6866,-0.3301,0.2279,-0.2748,0.2895
2.0,4.7,3.4,3.5,2.9,19.8,4.3,42.3,43.7,-0.9417,0.2558,0.0051,0.1436,0.0096,-0.1013,0.0119,0.1043
2.0,4.1,3.5,4.8,1.3,20.2,14.9,6.4,33.2,-0.8704,0.3674,0.0017,0.0333,-0.0083,0.0214,-0.1224,-0.2922
2.0,2.2,1.1,3.6,2.6,2.2,12.6,26.9,37.0,-0.5335,0.0297,-0.3403,-0.1959,0.2619,0.5033,-0.3719,-0.2981
2.0,1.3,3.0,3.0,5.0,5.5,11.3,36.1,28.3,-0.5471,0.1167,-0.3375,-0.1303,0.2835,0.4649,-0.3594,-0.3446
2.0,3.4,1.2,1.1,2.4,6.6,4.0,6.1,7.2,-0.338,0.4429,0.0142,-0.4456,-0.0848,-0.4808,-0.0197,-0.497
2.0,3.2,1.3,2.3,4.6,4.9,7.2,16.9,29.2,0.0022,0.0161,-0.3597,-0.4723,-0.6323,0.4771,-0.0186,0.035
2.0,3.4,4.7,3.1,4.7,12.6,20.1,4.8,23.4,-0.7477,0.0244,-0.0186,0.0987,-0.0278,0.0892,-0.0038,-0.6425
2.0,4.6,4.9,3.7,4.4,21.2,7.0,4.9,22.0,-0.8198,0.4955,-0.0292,0.0676,-0.0373,0.0587,-0.1273,-0.2208
2.0,2.1,3.7,3.3,4.5,15.2,20.3,12.3,12.4,-0.0012,0.0376,-0.2169,-0.1049,-0.2347,0.3514,0.5132,-0.6772
2.0,5.0,4.3,2.4,3.2,6.2,16.7,29.2,6.2,-0.5082,0.6186,-0.2399,-0.4949,-0.0881,0.1309,0.0672,0.1255
2.0,5.0,2.0,4.6,3.9,2.4,4.4,27.6,12.5,-0.0641,0.4618,0.0557,-0.4054,-0.7223,-0.1591,-0.2207,-0.0843
2.0,1.4,4.4,3.5,1.1,18.4,15.7,35.8,24.7,-0.7769,-0.3323,-0.0975,0.1258,0.1013,-0.0891,-0.2154,0.4251
2.0,1.1,1.7,2.9,2.0,10.0,14.3,31.3,27.0,-0.3286,-0.0386,-0.3318,-0.2444,0.2942,0.4484,-0.6144,-0.2058
2.0,3.9,4.4,1.8,4.0,12.0,8.1,13.2,20.4,0.1592,0.2444,-0.1932,-0.2414,-0.7774,0.2095,-0.352,-0.1704
2.0,1.1,4.8,1.3,4.2,12.6,4.2,11.7,39.0,-0.3873,0.1345,-0.5591,0.0873,-0.089,0.6053,0.1546,-0.3109
2.0,3.4,3.9,2.9,2.1,3.9,19.0,36.9,24.4,-0.0391,-0.0101,-0.1817,0.0322,0.1886,0.0367,-0.9527,-0.0488
2.0,2.5,3.7,2.1,3.9,16.3,15.3,21.9,34.9,-0.4995,-0.115,-0.4284,0.2821,0.4497,-0.0441,-0.4651,0.1817
2.0,1.9,2.1,3.8,4.8,12.1,19.9,43.5,14.4,-0.513,0.4352,-0.2257,-0.192,0.2387,0.2675,-0.4702,-0.302
2.0,1.9,4.4,4.5,2.9,6.3,12.9,14.8,5.8,-0.6072,0.5961,0.0468,-0.2061,-0.2427,-0.3637,-0.0661,-0.175
2.0,2.0,2.2,3.7,4.4,15.6,20.2,41.0,37.0,-0.8999,-0.0883,-0.0437,0.1925,0.0563,-0.1432,-0.0687,0.3216
2.0,3.1,3.9,4.1,1.7,8.0,5.0,40.6,35.7,-0.5326,-0.1195,-0.4459,-0.0041,0.4531,0.0535,-0.4498,0.2847
2.0,3.8,2.3,2.8,1.2,4.3,10.2,15.8,11.9,0.0357,0.4393,-0.2926,-0.1737,-0.5797,-0.2066,0.2391,-0.4931
2.0,2.5,2.3,2.7,2.8,15.0,21.1,34.4,17.5,-0.3033,-0.3877,-0.1841,0.1535,0.1944,-0.0714,-0.6891,0.3904
2.0,2.4,3.6,4.7,1.8,12.6,20.2,6.7,22.6,-0.7464,-0.004,-0.0089,0.0616,-0.0294,0.041,0.0093,-0.6565
2.0,3.2,3.0,4.7,2.1,19.2,15.6,24.0,40.3,-0.885,-0.1169,-0.1746,0.2232,0.1786,-0.1426,-0.1046,0.2175
2.0,1.6,3.6,2.3,1.7,16.9,11.2,22.1,16.3,-0.2952,-0.3159,-0.1797,-0.2683,-0.0674,0.6582,-0.4959,-0.0663
2.0,2.6,4.2,4.4,4.8,11.2,5.4,14.3,29.8,-0.1784,0.1391,0.04,0.1918,-0.6006,0.2768,-0.3172,-0.5963
2.0,2.8,2.2,2.5,4.9,18.4,8.3,21.8,32.0,-0.7746,0.1062,-0.3614,-0.0102,0.2951,0.3691,-0.149,-0.0367
2.0,1.1,4.8,2.4,1.8,2.4,17.6,11.5,19.7,0.1882,0.124,-0.0107,-0.013,-0.3245,0.1699,0.4777,-0.7576
2.0,1.8,1.7,3.6,2.2,20.4,9.3,25.4,18.4,-0.8718,-0.1792,-0.1764,-0.1064,0.1212,0.2864,-0.1056,0.203
2.0,1.5,3.8,3.1,2.8,15.5,7.2,13.8,30.9,-0.1409,0.0645,0.1508,0.0441,-0.4486,0.3786,-0.609,-0.4651
2.0,4.3,4.5,2.2,1.9,14.0,5.2,36.8,43.1,-0.7787,0.0389,-0.2117,0.3776,0.2512,-0.2151,-0.1636,0.241
2.0,3.0,2.1,3.5,3.7,12.2,9.9,43.2,11.3,-0.7502,0.0732,-0.0801,-0.3421,0.0951,0.4822,-0.2204,0.0889
2.0,1.4,4.3,2.6,3.1,5.6,8.0,34.8,24.9,-0.4644,-0.0008,-0.3078,-0.2233,0.2241,0.5603,-0.4175,-0.2979
2.0,3.3,3.5,2.7,3.6,14.0,7.9,29.9,10.6,-0.4025,0.0508,-0.3795,-0.6343,-0.3658,0.2548,-0.0213,0.277
2.0,2.7,1.9,3.2,2.2,20.2,7.2,33.5,36.3,-0.9281,0.1088,-0.1671,0.1726,0.176,-0.0972,-0.0361,0.1351
2.0,3.1,4.9,1.3,1.7,14.7,3.7,38.4,30.2,-0.7743,0.1122,-0.3654,0.1458,0.3941,0.0546,-0.1481,0.2029
2.0,1.4,4.2,5.0,2.0,2.8,17.0,41.0,38.7,-0.5619,-0.3389,-0.1782,0.1754,0.1833,-0.1482,-0.4211,0.5071
2.0,3.5,3.9,4.9,2.1,10.2,4.9,21.3,18.7,-0.2056,0.1388,0.1407,0.0889,-0.3949,0.226,-0.5838,-0.5916
2.0,1.6,4.1,1.1,2.4,19.8,18.6,4.2,10.5,-0.3053,0.1641,-0.1645,0.3013,-0.1967,0.2883,0.0337,-0.7729
2.0,2.3,3.0,3.8,3.6,9.5,2.7,32.2,21.5,-0.516,-0.2369,-0.1187,-0.2899,-0.0592,0.6695,-0.3332,-0.0665
2.0,3.1,3.5,3.1,4.4,20.7,12.8,27.3,4.7,-0.8917,0.2324,-0.1784,-0.3028,-0.0308,0.0382,0.0246,0.1284
2.0,3.8,3.1,1.1,4.2,2.6,3.2,6.8,7.6,-0.3637,0.4737,0.0475,-0.4366,-0.0667,-0.4769,-0.0354,-0.4609
2.0,1.3,1.7,4.9,1.8,2.1,9.3,29.2,41.2,-0.5423,0.0857,-0.3682,-0.216,0.3501,0.3906,-0.4318,-0.2083
2.0,3.4,4.4,3.1,4.8,4.8,9.8,26.6,6.2,-0.3962,0.2852,0.3121,-0.5124,-0.4789,0.0481,-0.3979,0.0639
2.0,2.1,4.4,2.3,4.4,7.9,5.7,4.1,13.3,-0.6283,0.455,-0.1317,-0.3768,-0.1396,-0.3846,0.0821,-0.2474
2.0,4.0,1.9,4.7,4.0,5.6,16.1,38.5,29.1,-0.352,0.0813,-0.4432,-0.1112,0.4502,0.1872,-0.6385,0.0082
2.0,3.2,3.8,4.3,1.5,6.9,5.6,28.9,41.8,-0.5484,0.0255,-0.4236,-0.1575,0.4047,0.3517,-0.4257,-0.1142
2.0,2.6,5.0,4.0,2.0,11.1,20.8,20.7,21.1,-0.254,0.2451,-0.0579,-0.0089,0.0526,0.0585,-0.6549,-0.651
2.0,3.6,2.1,3.9,1.9,14.6,6.7,11.9,10.3,-0.4457,0.3945,-0.2963,-0.1312,-0.4631,-0.2168,-0.082,-0.5137
2.0,2.1,1.2,3.2,2.7,6.3,13.5,28.6,11.2,0.0563,0.2669,-0.1292,-0.5607,-0.7376,0.1747,-0.0521,0.0125
2.0,3.3,2.2,3.1,3.8,3.5,11.7,26.0,9.6,-0.2546,0.4122,0.2099,-0.5529,-0.5454,-0.019,-0.3253,0.0538
2.0,3.7,1.8,4.0,2.2,15.4,4.0,11.9,38.8,-0.2011,0.0776,0.2666,-0.0422,-0.3808,0.3541,-0.7297,-0.2104
2.0,3.1,3.0,4.9,2.4,7.5,11.3,31.4,31.0,-0.3988,-0.0073,-0.3642,-0.2672,0.3559,0.3805,-0.5883,-0.0829
2.0,2.7,3.0,3.3,1.7,11.7,18.4,43.1,17.2,-0.313,-0.2707,-0.2162,0.1094,0.2223,-0.0868,-0.6522,0.5176
2.0,4.8,4.3,2.0,2.2,8.5,9.9,12.0,12.3,-0.1074,0.5881,-0.282,-0.2279,-0.5506,-0.2589,0.0362,-0.3605
2.0,2.7,2.3,1.6,3.8,2.4,21.6,9.0,19.9,0.2718,0.535,-0.2069,-0.1686,-0.1902,0.2089,0.6021,-0.3222
2.0,1.0,2.1,1.4,1.5,10.3,8.4,36.4,10.7,0.06,0.0123,-0.4372,-0.452,-0.5433,0.5293,-0.0484,-0.0369
2.0,3.2,4.9,2.8,3.5,6.0,12.8,14.6,35.4,-0.5053,-0.0584,-0.1839,-0.2221,0.0312,0.6521,-0.2574,-0.388
2.0,2.4,1.0,3.1,3.2,6.5,20.9,42.2,25.7,-0.1747,0.0209,-0.3632,0.0196,0.3749,0.0331,-0.7983,0.1853
2.0,1.2,4.9,2.3,2.8,18.1,2.0,15.0,34.6,-0.4756,-0.328,-0.2045,-0.1752,-0.1474,0.6706,-0.2853,0.1266
2.0,2.9,3.7,4.0,3.5,14.6,8.2,31.4,7.3,-0.4225,0.0568,-0.1718,-0.6738,-0.4024,0.1991,-0.1102,0.328
2.0,1.9,1.9,4.2,1.5,9.9,15.4,12.8,5.6,-0.4666,0.6173,-0.097,-0.2879,-0.3039,-0.4108,0.0784,-0.1833
2.0,4.1,2.0,4.9,1.4,6.6,14.3,22.6,30.1,-0.324,0.1041,0.1265,-0.282,-0.1717,0.4285,-0.5971,-0.4549
2.0,4.5,4.5,1.6,2.8,11.8,12.2,38.7,32.0,-0.744,-0.0721,-0.1912,0.3466,0.2336,-0.2091,-0.1971,0.3655
2.0,3.2,3.3,3.4,4.5,14.1,11.1,14.2,35.5,-0.666,-0.0913,-0.1509,-0.2335,0.0436,0.6276,-0.2227,-0.0981
2.0,3.4,4.4,4.6,3.8,19.3,17.8,13.8,29.2,-0.5402,-0.119,-0.3231,-0.2898,0.3254,0.3628,-0.4527,0.1755
2.0,2.4,4.7,3.6,3.3,7.1,14.2,36.7,29.9,-0.2361,-0.0828,-0.403,0.0475,0.4118,0.0536,-0.7552,0.1131
2.0,1.6,4.7,2.2,3.9,10.2,11.8,28.2,42.3,-0.4249,0.0119,-0.4446,0.339,0.4786,-0.0024,-0.5103,0.0383
2.0,4.9,2.2,4.1,3.1,8.6,19.1,16.3,27.2,-0.5035,0.1285,0.0189,-0.2429,-0.0793,0.4541,-0.3692,-0.5555
2.0,3.6,4.3,2.3,3.1,19.9,14.8,21.0,19.5,-0.8917,0.1149,-0.2447,0.1557,0.2552,-0.0324,-0.0602,0.1507
2.0,2.9,4.6,2.2,1.2,10.0,2.4,14.3,16.6,-0.1054,0.2871,-0.2974,-0.0896,-0.5372,-0.0959,-0.2284,-0.6709
2.0,1.3,5.0,2.1,1.9,20.8,18.0,8.9,17.6,-0.331,0.3922,0.1601,0.0176,-0.156,0.1079,-0.6489,-0.4724
2.0,2.2,3.9,2.4,3.0,18.4,21.9,21.8,19.0,-0.5254,-0.4867,-0.0381,0.0788,0.0454,-0.0388,-0.4686,0.4691
2.0,1.3,4.0,4.9,2.3,3.9,11.1,22.3,24.4,-0.3444,0.0284,0.2004,-0.1395,-0.3379,0.3978,-0.4121,-0.6063
2.0,1.4,1.9,3.9,2.9,17.5,9.6,8.2,39.5,-0.609,0.3014,0.036,0.2613,-0.2157,0.1501,-0.2366,-0.5756
2.0,3.0,1.9,1.1,1.3,8.2,20.9,9.1,12.3,0.3602,0.3618,-0.1938,-0.1557,-0.2984,0.2898,0.4676,-0.5128
2.0,4.1,1.0,1.7,3.1,12.9,12.7,9.2,7.7,-0.463,0.5726,-0.0412,-0.2618,-0.2691,-0.3315,-0.248,-0.3712
2.0,3.2,1.7,3.9,4.2,11.3,19.9,43.0,39.3,-0.8673,-0.0603,-0.0754,0.2341,0.0876,-0.1915,-0.0873,0.3464
2.0,3.1,3.9,3.8,1.2,15.6,8.9,16.0,19.9,-0.1847,0.2283,0.1225,0.0493,-0.2272,0.1488,-0.7499,-0.4921
2.0,3.3,3.4,1.5,1.5,8.7,20.8,18.0,4.4,-0.2191,0.8987,-0.2396,-0.2108,-0.0388,0.0342,0.1512,0.0328
2.0,1.3,2.2,3.9,3.6,4.0,21.5,14.5,14.7,0.1534,0.35,-0.2115,-0.1325,-0.1905,0.164,0.7365,-0.3993
2.0,3.5,2.1,3.2,1.4,2.9,12.0,32.0,14.8,-0.2787,-0.0567,0.0129,-0.2737,-0.1673,0.5752,-0.4691,-0.5019
2.0,2.2,4.8,1.9,1.9,21.2,3.8,39.9,26.2,-0.9024,0.3275,-0.1471,0.0941,0.1626,-0.027,0.0066,0.1032
2.0,4.0,4.4,2.6,4.0,21.5,10.5,14.9,26.2,-0.9303,0.3145,-0.0811,0.0011,0.0831,0.0846,0.0138,0.067
2.0,1.9,2.3,1.3,2.9,16.0,2.3,14.6,26.9,-0.215,-0.2175,-0.4168,-0.3215,-0.4174,0.5399,-0.2783,0.2513
2.0,3.5,4.8,3.5,2.7,21.0,13.4,7.8,37.5,-0.079,0.0047,0.1359,-0.0545,-0.1303,0.136,-0.8892,0.218
2.0,1.5,1.5,4.4,3.5,2.0,21.5,31.9,16.4,-0.4903,0.1794,-0.1339,-0.0728,0.0818,0.258,-0.3228,-0.7137
2.0,4.7,2.0,2.1,1.1,6.6,6.4,41.3,16.8,-0.4198,-0.1208,-0.2134,-0.3486,0.2209,0.481,-0.5646,0.1738
2.0,2.4,2.6,1.3,3.3,6.7,20.5,30.9,16.2,0.3417,0.079,-0.3837,0.0904,-0.0125,0.268,0.0726,-0.7815
2.0,1.1,3.7,4.5,4.0,7.9,10.3,25.4,33.2,-0.5898,0.0255,-0.2575,-0.2322,0.1756,0.5296,-0.3028,-0.3438
2.0,4.6,2.6,1.8,4.3,15.4,11.1,4.9,36.7,-0.6934,0.4544,-0.0177,0.2467,-0.0523,0.2255,-0.1782,-0.3998
2.0,1.6,3.3,3.2,1.7,20.4,11.5,21.9,11.2,-0.6953,-0.3261,-0.1906,-0.1684,0.0283,0.4687,-0.2298,0.2132
2.0,2.6,3.6,4.4,2.8,5.9,21.9,41.2,7.9,-0.5084,0.5249,-0.047,-0.0293,0.0512,0.0564,-0.4837,-0.4565
2.0,2.4,2.7,2.7,1.0,20.4,16.2,32.8,26.2,-0.9715,0.0833,-0.0353,0.0964,0.0409,-0.0588,0.0033,0.151
2.0,3.3,4.0,3.3,3.3,17.8,2.5,21.6,36.8,-0.813,0.0652,-0.3354,-0.0557,0.3067,0.3042,-0.1492,0.0122
2.0,4.9,3.3,2.6,1.1,7.9,4.4,35.6,34.2,-0.5657,-0.2143,-0.4077,-0.0937,0.4035,0.2334,-0.4213,0.2287
2.0,2.9,1.7,3.9,1.7,14.7,17.6,19.0,9.0,-0.1243,-0.0741,0.0969,-0.0695,-0.5446,0.4771,-0.3808,-0.5215
2.0,1.9,3.4,2.1,2.3,2.0,19.8,32.4,31.3,-0.0353,-0.1456,-0.1982,0.0914,0.2059,0.0343,-0.9279,-0.0685
2.0,3.1,1.2,3.2,3.8,15.6,2.9,9.5,33.5,-0.3706,0.3655,-0.0602,0.2661,-0.3637,0.1988,-0.3716,-0.5749
2.0,4.3,1.0,2.2,1.9,16.4,4.2,24.9,5.4,-0.6734,-0.1002,-0.166,-0.544,-0.1503,0.1612,-0.1526,0.3577
2.0,1.4,2.0,2.7,4.2,20.7,13.1,32.3,39.6,-0.8238,0.0057,-0.1758,0.3609,0.2039,-0.1989,-0.1347,0.2123
2.0,4.2,1.7,4.2,2.1,2.6,16.9,12.7,33.8,-0.4905,0.0871,0.0767,0.1684,-0.2851,0.1512,-0.1283,-0.7667
2.0,2.8,4.8,1.6,2.5,15.9,3.4,40.2,35.2,-0.7366,0.1614,-0.3406,0.2622,0.3837,-0.1113,-0.1728,0.2137
2.0,2.2,3.1,1.4,1.6,11.1,8.7,39.1,25.9,-0.4783,-0.0578,-0.4515,-0.0264,0.4735,0.2214,-0.4863,0.1968
2.0,3.3,2.4,4.0,1.5,5.9,13.2,7.6,25.6,-0.4843,-0.0619,-0.192,0.1483,-0.2193,0.1227,0.2262,-0.7629
2.0,3.9,3.4,3.2,4.8,13.9,2.4,19.3,40.6,-0.6917,0.2121,-0.3285,0.0138,0.2593,0.4234,-0.1995,-0.2683
2.0,1.0,3.2,1.8,4.6,6.6,7.3,5.7,29.7,-0.2923,0.5735,-0.4373,-0.1061,-0.4684,-0.1264,0.2937,-0.2342
2.0,3.4,3.6,1.5,1.0,6.0,6.5,4.9,25.4,-0.2383,0.1557,-0.4109,0.0066,-0.4219,-0.0001,0.2814,-0.6967
2.0,4.2,1.2,2.8,4.6,9.8,13.4,15.5,21.9,0.1375,0.2494,-0.1583,-0.1894,-0.8255,0.14,-0.2533,-0.2736
2.0,4.7,2.0,4.5,2.1,11.4,9.8,36.4,29.0,-0.6199,-0.1973,-0.4114,-0.0457,0.4144,0.1091,-0.3736,0.2666
2.0,1.6,3.2,2.5,1.8,17.0,16.8,8.5,34.7,-0.4824,0.3542,0.1345,0.1048,-0.1669,0.1098,-0.4599,-0.5903
2.0,4.0,4.6,4.1,3.3,9.2,3.3,23.1,42.2,-0.6675,0.1868,-0.3401,-0.0439,0.2919,0.4005,-0.2576,-0.283
2.0,2.0,1.9,3.2,2.7,16.5,8.6,18.8,32.6,-0.5892,-0.2491,-0.1918,-0.2683,0.0743,0.5877,-0.3308,0.0746
2.0,3.2,1.9,3.9,3.5,16.3,3.9,13.8,37.5,-0.6874,-0.2244,-0.0926,-0.2196,-0.0246,0.5761,-0.2298,0.1171
2.0,2.4,4.7,4.4,3.2,4.7,21.9,36.4,36.7,-0.7659,-0.3603,-0.0151,0.0467,0.018,-0.0306,-0.2266,0.4581
2.0,1.4,2.8,2.6,1.5,5.3,20.3,6.4,34.8,-0.5345,0.0167,0.0016,0.1172,-0.0905,0.0809,-0.0037,-0.8224
2.0,4.7,1.6,2.9,3.3,15.8,15.8,26.0,7.9,-0.5623,0.0633,-0.4088,-0.5605,-0.279,0.1946,0.0376,0.2586
2.0,3.0,2.4,2.9,1.1,5.0,5.3,42.5,28.8,-0.3706,-0.0887,-0.3663,-0.2235,0.3744,0.2659,-0.6053,0.2844
2.0,2.6,4.8,1.4,1.0,13.1,7.5,19.8,41.7,-0.571,-0.0139,-0.4775,0.0557,0.4511,0.3094,-0.3543,-0.0005
2.0,4.3,4.7,2.9,2.8,16.6,17.6,15.2,14.8,-0.3827,0.0777,-0.2137,-0.324,0.2039,0.4937,-0.5913,-0.1891
2.0,3.2,3.0,3.4,4.5,7.2,5.4,16.8,29.0,0.0042,-0.1195,-0.1132,-0.1881,-0.6995,0.5579,-0.2341,-0.2495
2.0,3.5,2.4,3.1,2.8,3.9,3.5,26.7,28.3,-0.353,-0.2425,-0.1904,-0.2741,-0.1231,0.7153,-0.3391,-0.2236
2.0,3.5,2.7,4.8,2.1,7.8,15.8,29.1,18.8,-0.377,0.1254,-0.1504,-0.3154,0.1235,0.4531,-0.5705,-0.4015
2.0,1.8,1.5,4.6,3.6,16.6,10.5,19.3,36.2,-0.71,-0.1028,-0.189,-0.2628,0.1145,0.5457,-0.2281,-0.0662
2.0,3.3,1.1,4.5,4.6,7.1,16.4,30.1,8.9,-0.361,0.2704,0.1437,-0.6342,-0.4888,0.1199,-0.2414,0.2228
2.0,3.6,1.3,3.8,4.3,6.8,19.1,26.4,15.7,-0.1075,-0.0913,-0.3515,-0.2575,-0.3719,0.6074,0.2023,-0.4627
2.0,1.8,3.1,2.1,1.6,15.6,21.8,12.1,18.9,-0.3377,0.2241,-0.061,-0.0013,0.0524,0.0865,-0.5048,-0.7429
2.0,4.8,2.1,2.6,2.1,4.9,4.3,27.0,41.4,-0.5342,0.0942,-0.4486,-0.0001,0.373,0.4052,-0.3601,-0.2445
2.0,2.4,2.9,1.5,3.2,11.5,9.5,25.4,21.3,-0.1845,-0.0952,-0.6543,-0.2367,-0.207,0.6243,0.0183,-0.1513
2.0,2.9,2.0,1.4,2.4,4.1,4.7,23.7,40.7,-0.3836,0.1106,-0.5554,0.1934,0.2398,0.4926,-0.2067,-0.372
2.0,2.3,1.7,4.7,3.4,21.9,17.0,37.8,35.2,-0.9728,0.1633,-0.0166,0.0835,0.0211,-0.0587,0.0073,0.0873
2.0,2.4,3.9,2.7,1.4,5.2,13.9,42.6,19.0,-0.1405,0.1722,-0.3124,-0.1095,0.3227,0.1571,-0.8344,0.0223
2.0,2.6,1.7,1.1,2.1,7.7,18.3,34.8,39.4,-0.5565,-0.1703,-0.214,0.4291,0.2874,-0.1963,-0.3851,0.3748
2.0,4.6,4.1,2.3,4.0,7.6,7.5,32.8,32.3,-0.5143,0.0802,-0.4679,0.0151,0.4414,0.3316,-0.4166,-0.1407
2.0,2.5,1.8,4.9,1.8,2.6,15.3,11.0,11.9,-0.1167,0.4504,-0.3471,-0.1545,-0.43,-0.2226,0.566,-0.2706
2.0,4.8,2.7,5.0,3.3,10.9,2.1,9.0,27.1,-0.6421,0.154,-0.282,0.1803,-0.3317,0.1318,0.05,-0.5623
2.0,4.4,2.1,4.0,2.7,18.7,10.6,5.3,10.3,-0.8019,0.3403,-0.2579,-0.0474,-0.2718,-0.0643,-0.0331,-0.2969
2.0,3.4,2.0,3.8,3.2,16.6,12.6,13.6,5.0,-0.4551,0.5158,0.1342,-0.1779,-0.3345,-0.3083,-0.3757,-0.345
2.0,1.2,3.9,1.4,2.1,21.1,19.7,4.5,20.7,-0.667,0.4931,0.0274,0.0636,-0.0027,0.051,-0.3142,-0.4377
2.0,4.9,4.2,4.7,1.6,3.6,13.5,7.4,22.2,-0.3906,-0.1452,-0.1885,0.1198,-0.1991,0.1065,0.4112,-0.7412
2.0,1.4,4.0,3.1,3.0,2.7,10.3,10.4,28.1,-0.1122,0.1838,-0.3013,0.154,-0.4889,0.085,0.3064,-0.6991
2.0,2.0,3.9,2.6,4.6,2.7,10.5,11.7,38.2,-0.4163,-0.1159,-0.3073,-0.1055,-0.2003,0.7239,0.0549,-0.3473
2.0,4.8,3.8,3.4,1.1,2.8,13.3,14.2,6.5,-0.239,0.7209,-0.1574,-0.2463,-0.3727,-0.3313,0.2592,-0.1124
2.0,4.3,2.6,2.8,4.2,17.8,2.5,26.5,40.9,-0.7294,0.0916,-0.3373,0.3443,0.364,-0.1253,-0.2163,0.1359
2.0,4.1,2.9,1.9,3.8,3.3,10.2,34.0,26.9,-0.402,-0.0019,-0.4434,-0.0376,0.2234,0.5708,-0.2939,-0.404
2.0,1.9,2.9,1.3,4.6,9.8,14.9,13.1,9.1,-0.259,0.6538,0.1386,-0.3341,-0.4704,-0.1543,-0.3301,-0.1087
2.0,1.1,2.4,2.5,1.2,15.8,7.8,28.9,22.2,-0.3667,-0.3297,-0.1964,-0.2858,0.1124,0.5215,-0.5703,0.1051
2.0,3.5,2.7,2.0,4.1,18.4,19.5,23.3,15.0,-0.528,-0.1086,-0.434,0.251,0.4462,-0.0091,-0.4319,0.1762
2.0,1.9,4.4,3.0,3.7,10.8,4.5,37.9,27.2,-0.614,0.0645,-0.3532,-0.2201,0.3509,0.4238,-0.3608,-0.0494
2.0,4.4,1.1,3.6,3.2,15.1,18.8,5.0,6.0,-0.7464,0.4404,-0.1343,-0.2765,-0.1513,-0.2979,0.0267,-0.1918
2.0,3.3,1.6,4.9,3.9,11.1,6.1,30.2,14.1,-0.2493,-0.3184,-0.0918,-0.2173,-0.5024,0.648,-0.2926,-0.066
2.0,2.9,3.7,1.8,1.4,5.7,14.6,27.7,26.4,-0.0975,-0.0734,-0.328,-0.0437,0.2632,0.3021,-0.726,-0.4159
2.0,3.9,2.8,3.4,4.7,3.1,8.2,32.0,24.5,-0.4999,-0.1148,-0.3045,-0.1771,-0.0023,0.6706,-0.1515,-0.356
2.0,4.3,3.3,2.0,2.8,19.5,2.6,19.0,37.7,-0.856,0.2918,-0.2657,0.0937,0.274,0.1076,-0.0554,0.0577
2.0,3.3,1.4,2.8,4.2,19.1,9.6,33.3,38.1,-0.8621,0.1132,-0.174,0.3133,0.1978,-0.176,-0.0854,0.1656
2.0,5.0,4.6,4.3,3.2,10.5,11.1,24.9,15.5,-0.3653,-0.2031,-0.0078,-0.2955,-0.2095,0.6727,-0.4092,-0.243
2.0,1.2,2.0,3.8,2.0,6.7,8.9,30.9,6.0,-0.1945,0.4,0.1738,-0.5192,-0.6286,-0.0517,-0.2994,0.0594
2.0,4.7,3.7,1.9,2.7,22.0,12.9,21.7,5.7,-0.841,0.4997,-0.1645,-0.0243,-0.0639,0.0465,0.0237,0.0222
2.0,1.5,3.5,3.5,1.2,13.4,8.0,24.2,36.8,-0.4495,-0.2111,-0.275,-0.3116,0.2292,0.5055,-0.507,0.0117
2.0,3.5,2.9,2.6,1.2,21.9,10.7,22.3,10.7,-0.9402,0.3039,-0.0643,0.0151,0.0414,0.0706,0.0121,0.0465
2.0,4.7,2.7,1.1,4.3,12.4,21.1,32.8,7.1,-0.2511,0.8701,-0.3267,-0.2072,-0.025,0.0286,0.0862,0.0204
2.0,3.4,4.9,4.1,1.3,12.8,14.7,10.0,20.0,-0.6972,0.1439,-0.013,0.1037,-0.0643,0.0682,-0.1261,-0.672
2.0,2.8,2.8,1.8,4.6,20.3,7.7,29.9,22.8,-0.8426,0.2819,-0.2887,0.0985,0.2224,0.2335,-0.0432,0.0166
2.0,1.9,1.8,2.7,1.5,4.9,14.0,16.1,38.9,-0.377,-0.0974,-0.1419,-0.2709,-0.0463,0.6632,-0.3646,-0.4033
2.0,1.8,4.4,1.6,4.1,15.9,14.0,21.1,7.0,-0.5243,0.3288,-0.1289,-0.6556,-0.1825,0.2432,-0.1188,0.2305
2.0,3.9,1.2,3.2,1.8,17.1,15.1,36.3,8.4,-0.8344,-0.0356,-0.2284,-0.1648,0.2044,0.3758,-0.1357,0.1048
2.0,2.6,4.2,2.1,4.6,20.7,5.3,24.9,38.0,-0.8108,0.2029,-0.2242,0.3441,0.2604,-0.1473,-0.1071,0.1281
2.0,4.8,3.6,2.4,4.5,17.6,14.2,20.1,36.4,-0.7853,0.0533,-0.2664,0.3331,0.296,-0.167,-0.1631,0.2046
2.0,3.2,4.5,1.9,4.0,3.5,17.7,12.9,19.2,0.2479,0.4791,-0.3073,-0.2856,-0.2874,0.3035,0.5132,-0.2759
2.0,2.6,2.1,3.6,3.6,10.7,19.5,20.5,27.5,-0.3809,0.1397,-0.2423,-0.1777,0.1929,0.3996,-0.5105,-0.5203
2.0,1.2,4.2,2.0,2.9,19.7,21.0,14.6,23.6,-0.0424,0.0404,-0.1381,0.0392,0.1491,0.0372,-0.9413,-0.1514
2.0,1.2,2.0,5.0,1.5,7.1,16.5,35.4,20.5,-0.2332,0.1774,-0.2397,-0.2465,0.2387,0.3002,-0.761,-0.2358
2.0,2.9,2.8,4.0,2.6,13.7,13.6,27.1,5.9,-0.2878,0.1797,-0.0749,-0.6998,-0.5052,0.1768,-0.1343,0.2628
2.0,3.5,4.9,4.9,2.0,6.0,3.0,29.6,32.2,-0.4807,-0.162,-0.1279,-0.3916,0.0929,0.5602,-0.488,-0.0029
2.0,4.2,4.3,1.5,2.2,18.9,4.4,29.1,37.9,-0.8444,0.3512,-0.1478,0.2742,0.1851,-0.1119,-0.0305,0.096
2.0,1.1,1.2,3.1,5.0,10.5,13.2,12.8,38.4,-0.4855,-0.1792,-0.2454,-0.129,-0.2314,0.7236,0.0025,-0.2369
2.0,4.9,1.3,2.9,1.4,14.3,12.4,25.2,31.5,-0.74,-0.2205,-0.339,-0.0724,0.3207,0.2163,-0.2465,0.2473
2.0,4.5,3.0,3.7,3.3,13.9,16.5,15.9,38.8,-0.5579,0.1532,-0.3668,-0.1838,0.3639,0.3805,-0.4197,-0.1683
2.0,2.7,1.5,3.2,2.4,13.6,17.2,33.1,37.0,-0.6512,-0.2343,-0.3125,0.2588,0.3226,-0.142,-0.3351,0.3251
2.0,3.8,4.4,4.2,1.4,21.2,8.8,29.8,40.2,-0.9715,0.1609,-0.0514,0.0952,0.0551,-0.0573,0.0019,0.0713
2.0,4.9,4.8,2.4,4.5,15.0,4.6,41.1,42.2,-0.8206,0.1294,-0.0878,0.3742,0.1348,-0.2513,-0.0921,0.2507
2.0,1.1,1.7,3.8,2.7,13.1,20.6,21.8,38.1,-0.207,0.0017,-0.3848,-0.015,0.3755,0.1714,-0.7619,-0.174
2.0,4.2,1.8,3.4,2.8,14.3,14.6,39.4,20.6,-0.6725,-0.0928,-0.4174,0.0315,0.4272,0.0392,-0.3063,0.2705
2.0,3.2,1.0,4.9,3.1,12.5,9.8,32.5,14.8,-0.5514,-0.2541,-0.0085,-0.3254,-0.0805,0.5928,-0.3868,0.0759
2.0,3.2,3.9,3.3,1.6,12.9,12.8,18.4,28.5,-0.2258,-0.067,0.0391,-0.3249,-0.0891,0.511,-0.7141,-0.2038
2.0,2.5,4.3,1.8,2.1,2.3,10.1,5.1,37.9,-0.3013,0.1569,-0.2822,0.2732,-0.322,0.2504,0.1585,-0.7275
2.0,2.3,2.4,4.0,1.0,5.9,3.9,32.1,32.4,-0.3195,-0.174,-0.1485,-0.3727,0.1291,0.4901,-0.6602,0.03
2.0,2.8,1.4,4.0,3.6,20.4,16.3,15.3,38.7,-0.8436,0.0736,-0.2851,-0.1235,0.2858,0.2627,-0.1344,0.0607
2.0,4.1,4.4,2.5,1.9,16.8,7.8,25.1,20.2,-0.8477,-0.1298,-0.2607,-0.0694,0.2104,0.2809,-0.1219,0.204
2.0,2.8,4.7,4.7,3.7,12.1,14.5,28.0,19.8,-0.4513,0.1023,-0.2525,-0.2739,0.2181,0.4623,-0.4919,-0.3602
2.0,4.5,1.1,1.6,2.6,7.8,15.6,13.8,15.6,0.0877,0.5217,-0.1856,-0.2975,-0.6846,-0.115,-0.1437,-0.2865
2.0,3.0,3.7,4.5,2.7,8.5,5.9,28.8,20.5,-0.3593,-0.1877,0.0556,-0.3373,-0.1638,0.61,-0.5406,-0.1229
2.0,1.4,3.7,4.2,2.2,19.2,13.2,41.7,22.9,-0.8089,-0.1765,-0.1891,0.1592,0.1937,-0.1363,-0.1641,0.3951
2.0,2.6,1.3,1.8,2.7,10.1,18.3,31.5,34.4,-0.3979,-0.1606,-0.4315,0.2491,0.4469,-0.0021,-0.5663,0.1688
2.0,3.3,4.2,3.4,4.7,14.5,14.3,12.3,6.4,-0.5557,0.607,0.0729,-0.1736,-0.2962,-0.3159,-0.1962,-0.2337
2.0,4.2,1.7,4.9,2.5,16.1,2.4,24.2,16.0,-0.5907,-0.4286,-0.0619,-0.1716,-0.0979,0.4339,-0.3499,0.3096
2.0,1.4,2.0,2.8,2.1,11.3,19.6,31.8,14.6,-0.2809,0.1335,-0.248,-0.0963,0.1974,0.3194,-0.5707,-0.589
2.0,4.6,1.4,3.5,2.2,7.3,20.1,26.6,9.6,-0.1196,-0.0722,-0.3081,-0.1852,-0.2197,0.5539,0.1535,-0.6649
2.0,2.8,3.1,4.0,4.5,16.4,12.0,12.2,7.1,-0.6146,0.53,0.0145,-0.1907,-0.2361,-0.3371,-0.1738,-0.315
2.0,2.4,2.9,4.6,2.1,19.2,13.0,14.8,35.6,-0.5411,-0.3205,-0.0266,-0.3108,0.0076,0.4422,-0.4467,0.2876
2.0,1.9,1.3,2.5,1.6,20.5,7.0,38.7,32.6,-0.9227,0.1442,-0.1783,0.1293,0.1893,-0.0743,-0.0233,0.1656
2.0,4.2,3.3,1.8,2.4,10.7,5.2,24.4,39.0,-0.5709,0.087,-0.487,0.1121,0.4324,0.3181,-0.3256,-0.1001
2.0,2.5,2.0,3.0,4.3,5.2,16.7,16.3,27.1,-0.0736,-0.1208,-0.119,-0.193,-0.4733,0.6339,-0.0179,-0.5318
2.0,3.8,5.0,3.8,2.9,6.8,2.7,21.9,32.9,-0.4601,-0.2641,-0.1208,-0.28,-0.1056,0.6868,-0.3438,-0.0958
2.0,2.8,2.6,1.1,3.4,7.7,4.3,7.1,27.4,-0.1159,0.6302,-0.3711,-0.0932,-0.546,-0.1066,-0.058,-0.349
2.0,4.9,4.8,3.7,4.8,8.2,12.7,18.8,24.7,-0.4131,-0.1402,-0.12,-0.2465,-0.1466,0.6902,-0.2328,-0.4092
2.0,1.6,2.7,2.2,3.1,12.3,16.7,21.0,25.6,-0.2833,-0.0221,-0.3458,-0.1272,0.1798,0.523,-0.4165,-0.536
2.0,4.8,4.5,2.7,2.1,17.7,4.7,28.9,13.0,-0.914,0.0057,-0.2248,-0.0066,0.0595,0.2918,-0.0171,0.1225
2.0,4.9,2.4,2.3,2.1,5.2,10.4,17.6,23.5,0.0536,0.0256,-0.0745,-0.0348,-0.5843,0.3947,-0.2538,-0.6437
2.0,2.0,2.6,1.7,3.8,7.6,7.9,20.7,12.3,-0.1271,0.4002,0.1307,-0.5768,-0.5446,-0.0497,-0.4068,-0.0196
2.0,4.6,1.8,1.1,2.0,17.9,7.6,14.8,37.7,-0.7828,0.3772,-0.2891,0.113,0.3152,0.1632,-0.0563,0.0816
2.0,2.7,4.5,3.8,3.7,5.3,17.6,22.7,36.5,-0.2259,0.0983,-0.3604,-0.0162,0.3524,0.2004,-0.7339,-0.2915
2.0,3.6,3.9,3.0,3.0,2.2,18.2,42.5,20.3,-0.1476,0.3449,-0.2255,-0.0505,0.2378,0.1011,-0.8317,-0.1753
2.0,3.7,3.4,2.5,4.1,6.3,18.9,23.1,18.9,-0.0566,0.0036,-0.3301,0.0005,0.0079,0.3831,-0.03,-0.8467
2.0,2.2,1.7,4.1,3.8,17.3,14.4,35.4,22.1,-0.6542,-0.0465,-0.4124,-0.1495,0.4119,0.2694,-0.3341,0.1024
2.0,3.6,4.2,1.4,2.3,18.6,18.8,24.7,42.5,-0.901,0.3804,0.0532,0.1341,-0.0077,-0.0527,0.0301,0.0949
2.0,3.3,3.5,1.5,2.5,10.3,9.0,30.0,8.5,-0.3282,0.2171,-0.2232,-0.7322,-0.3059,0.2425,-0.1602,0.2658
2.0,3.3,3.9,1.6,2.9,18.2,3.3,25.9,26.7,-0.8542,0.1837,-0.3129,0.0819,0.2051,0.2726,-0.0371,0.0587
2.0,2.4,1.0,2.6,3.6,6.2,7.7,25.5,6.7,-0.2933,0.3738,0.3125,-0.4031,-0.4803,-0.1918,-0.4615,-0.1643
2.0,1.1,3.1,2.1,2.8,10.6,3.3,23.8,9.5,-0.1478,0.3735,0.1832,-0.5153,-0.5311,-0.1669,-0.448,-0.1439
2.0,3.4,3.1,1.5,1.8,14.2,4.2,25.9,38.2,-0.6889,0.0833,-0.4507,0.1675,0.4271,0.1918,-0.2303,0.0486
2.0,2.1,3.5,3.7,2.8,14.0,3.1,24.0,36.7,-0.6852,-0.049,-0.3296,-0.1848,0.2566,0.4864,-0.2522,-0.09
2.0,1.2,1.4,3.9,4.9,5.2,13.6,16.8,12.6,-0.5055,0.602,0.0473,-0.2485,-0.3128,-0.3872,-0.1109,-0.2288
2.0,1.9,2.3,3.4,1.5,9.9,11.8,29.7,27.5,-0.3045,-0.1188,-0.2731,-0.3053,0.244,0.4603,-0.6584,-0.0856
2.0,3.9,1.1,1.3,2.7,17.4,12.1,29.4,10.2,-0.7185,0.2805,-0.4951,-0.2974,-0.118,0.1302,0.085,0.1508
2.0,3.7,1.4,1.1,4.0,16.2,6.5,25.3,28.0,-0.6676,0.2587,-0.4969,0.1861,0.1614,0.401,-0.0354,-0.0718
2.0,4.4,3.2,3.0,2.7,14.3,19.5,36.8,29.4,-0.9137,-0.1356,-0.0252,0.1291,0.0356,-0.0847,-0.0644,0.3266
2.0,3.8,4.0,1.7,2.1,17.4,4.3,23.6,39.4,-0.7747,0.1901,-0.3564,0.2328,0.3749,0.024,-0.146,0.0914
2.0,1.9,4.4,1.9,3.8,9.5,11.3,39.3,37.1,-0.4625,-0.0393,-0.3921,0.3157,0.4408,-0.1299,-0.4914,0.2509
2.0,5.0,3.9,4.1,1.4,9.2,21.8,23.0,11.5,-0.3274,0.2399,-0.0398,-0.004,0.0324,0.0495,-0.5415,-0.724
2.0,1.2,1.7,4.0,4.7,15.1,21.1,25.1,24.4,-0.3276,0.1813,-0.2531,-0.1061,0.2198,0.2944,-0.582,-0.5353
2.0,4.1,4.5,3.9,3.9,9.2,19.6,24.3,4.8,-0.5501,0.7237,-0.1761,-0.3067,-0.0591,0.0315,0.1364,0.0996
2.0,2.3,2.1,2.3,1.2,8.4,19.6,37.7,29.3,-0.2781,-0.3638,-0.1782,0.1207,0.188,-0.0596,-0.7144,0.4207
2.0,3.2,4.4,4.3,2.6,9.7,8.6,21.6,37.6,-0.6175,-0.015,-0.2814,-0.2611,0.2284,0.5196,-0.3249,-0.177
2.0,1.1,2.7,1.8,4.4,20.5,8.9,6.3,39.7,-0.5718,0.4535,0.0545,0.2983,-0.1458,0.2369,-0.2587,-0.4656
2.0,4.6,1.7,4.7,5.0,2.2,3.9,7.1,38.2,-0.424,0.1984,-0.413,0.2082,-0.4638,0.151,0.3088,-0.4752
2.0,4.9,1.9,4.5,4.3,18.6,4.6,25.3,8.4,-0.8739,-0.0022,-0.237,-0.3185,-0.1417,0.0435,0.0191,0.216
2.0,3.5,1.8,3.0,4.7,9.8,9.4,4.1,24.4,-0.48,0.4016,-0.4405,-0.1878,-0.4437,-0.1917,0.2838,-0.2426
2.0,4.3,1.6,1.3,3.6,19.7,15.2,34.8,7.1,-0.7423,0.5358,-0.3197,-0.2004,-0.0499,0.0299,0.0617,0.0677
2.0,2.3,2.4,3.5,3.4,15.7,12.3,7.4,13.4,-0.4775,0.4388,-0.364,-0.233,-0.4185,-0.2799,0.1643,-0.3226
2.0,2.6,3.0,4.1,4.0,5.0,9.9,4.6,16.5,-0.5504,0.4733,-0.2349,-0.3646,-0.2421,-0.3747,0.2657,-0.1033
2.0,2.6,2.2,4.1,4.6,3.7,15.7,23.6,24.1,-0.3274,-0.1541,-0.1944,-0.2172,-0.2078,0.6606,-0.0606,-0.5338
2.0,4.9,3.9,3.9,4.5,10.1,2.4,29.0,13.2,-0.2242,-0.0502,-0.2252,-0.6211,-0.5685,0.2504,-0.1874,0.2743
2.0,3.3,2.3,4.8,2.5,4.1,3.2,11.6,27.4,-0.398,0.1114,-0.3041,0.1608,-0.4173,0.085,0.1601,-0.7046
2.0,4.9,4.1,4.9,3.6,6.4,7.0,26.6,40.2,-0.6128,0.1654,-0.3692,-0.1146,0.3476,0.3652,-0.3488,-0.2491
2.0,3.7,3.4,2.6,3.6,18.1,13.3,30.2,12.7,-0.7891,0.0332,-0.3462,-0.036,0.2266,0.4191,-0.1188,-0.0145
2.0,2.2,1.2,4.9,2.2,4.9,21.7,41.5,28.4,-0.2358,-0.2773,-0.1873,0.0774,0.1902,-0.0616,-0.7448,0.4589
2.0,1.8,2.3,3.0,4.1,9.7,12.1,29.1,21.5,-0.3488,-0.1767,-0.3511,-0.2072,-0.1205,0.709,-0.1079,-0.369
2.0,1.7,3.1,2.6,4.1,8.9,13.1,21.9,29.4,-0.3843,-0.0734,-0.3793,-0.1312,0.0684,0.6351,-0.1932,-0.4759
2.0,1.6,3.1,4.2,4.6,5.5,11.4,13.2,12.3,-0.5677,0.5973,-0.0586,-0.2665,-0.2434,-0.3865,0.0181,-0.1805
2.0,4.1,5.0,4.9,1.6,15.5,18.5,13.1,14.6,-0.6174,0.307,0.1622,-0.0119,-0.1741,0.0921,-0.3383,-0.5785
2.0,4.0,1.7,4.3,4.6,14.1,14.6,36.3,26.9,-0.6182,-0.027,-0.4639,-0.0196,0.4693,0.1285,-0.3684,0.1275
2.0,1.3,3.8,2.5,2.0,21.0,13.0,11.6,32.7,-0.3984,-0.2996,0.0218,-0.2536,-0.0375,0.4287,-0.5794,0.3409
2.0,3.4,1.2,2.8,3.6,5.1,12.5,9.5,25.2,-0.1474,0.4366,-0.4129,-0.0518,-0.5602,-0.119,0.2459,-0.4658
2.0,3.7,1.5,3.1,5.0,15.1,5.6,39.2,12.1,-0.5781,-0.0003,-0.5237,-0.2407,-0.3412,0.4059,0.15,0.1008
2.0,1.4,3.2,2.0,3.9,7.8,4.9,27.7,39.8,-0.476,0.1493,-0.469,0.1505,0.3252,0.4261,-0.2959,-0.3493
2.0,3.6,3.8,2.4,4.8,14.5,2.1,39.9,15.5,-0.6795,-0.0398,-0.4105,-0.0348,-0.0904,0.5825,0.0333,-0.0239
2.0,1.9,3.5,2.5,3.7,19.9,16.9,17.7,17.9,-0.5445,-0.0475,-0.3724,-0.1972,0.3364,0.465,-0.406,-0.0379
2.0,4.4,4.3,2.5,4.8,11.5,3.2,18.5,10.3,-0.1795,0.3353,0.2224,-0.4161,-0.5117,-0.1207,-0.5776,-0.11
2.0,4.0,1.2,4.4,3.4,4.5,5.4,5.1,4.6,-0.6951,0.2029,0.1087,-0.3776,0.0913,-0.4041,0.1289,-0.3617
2.0,3.7,2.6,2.1,2.2,3.5,16.4,15.0,14.0,0.2126,0.5919,-0.1162,-0.3012,-0.6095,0.0478,0.271,-0.1967
2.0,2.5,3.3,1.3,2.2,12.5,16.7,43.3,17.4,-0.2105,0.0586,-0.3799,0.1213,0.4231,-0.014,-0.7215,0.2629
2.0,1.8,4.2,3.6,3.3,8.1,3.2,20.9,4.8,-0.4931,0.4392,0.2277,-0.2324,-0.3104,-0.3724,-0.2931,-0.3637
2.0,4.0,4.0,2.6,1.7,9.9,17.3,8.8,10.9,-0.0217,0.1305,-0.241,0.1389,-0.3537,0.0914,0.4804,-0.7235
2.0,1.1,3.9,4.5,2.4,18.7,17.2,19.5,26.4,-0.2915,0.1156,-0.2187,-0.2719,0.2035,0.3818,-0.6726,-0.3417
2.0,4.4,2.1,4.6,4.0,15.7,5.8,26.9,33.5,-0.785,0.0066,-0.3501,-0.1191,0.3343,0.2946,-0.1965,0.0307
2.0,2.5,2.4,2.4,3.9,13.1,8.8,14.7,23.3,0.1233,0.1304,-0.1597,-0.1399,-0.7801,0.2894,-0.3486,-0.3004
2.0,2.9,1.8,1.1,4.0,20.6,11.7,17.4,40.0,-0.7066,0.3938,-0.1522,0.416,0.2433,-0.2026,-0.0972,0.1448
2.0,2.9,4.2,1.1,4.6,5.5,7.9,40.3,14.4,-0.3408,0.5094,-0.4884,-0.5104,-0.1239,0.2314,0.1069,0.1823
2.0,3.7,3.7,2.9,4.3,20.7,4.8,10.3,19.5,-0.7335,-0.2325,-0.1498,-0.0562,-0.1425,0.2405,-0.1684,0.4743
2.0,3.4,3.4,5.0,1.1,2.8,6.7,8.0,18.3,-0.2827,-0.0221,-0.35,-0.0066,-0.3629,-0.023,0.5084,-0.6319
2.0,3.3,3.1,1.8,1.4,4.6,21.6,31.2,39.2,-0.5014,-0.4801,-0.0596,0.137,0.0766,-0.0631,-0.4905,0.4674
2.0,2.1,1.8,4.5,4.0,21.9,15.5,13.2,30.5,-0.899,-0.1367,-0.0609,-0.1053,0.0507,0.2066,-0.082,0.2726
2.0,4.4,3.7,1.4,2.6,16.7,5.8,12.5,33.6,-0.7841,0.0038,-0.2408,-0.0712,0.1743,0.4525,-0.1,0.2407
2.0,4.1,4.9,1.2,3.1,9.1,14.9,28.6,16.2,0.102,0.0214,-0.6025,0.0733,0.0378,0.4714,-0.0342,-0.6078
2.0,4.8,1.3,1.4,1.0,7.6,15.3,4.8,4.9,-0.5129,0.5264,-0.145,-0.3903,-0.17,-0.4055,0.0631,-0.2888
2.0,3.5,3.5,1.1,1.5,8.2,16.0,18.2,26.2,-0.0926,-0.0502,-0.3334,-0.0108,0.2366,0.3738,-0.6193,-0.5297
2.0,3.6,3.6,3.4,2.5,12.9,5.1,21.8,30.0,-0.5367,-0.2962,-0.1632,-0.2825,0.0473,0.5812,-0.3888,0.1103
2.0,2.2,3.8,3.2,2.1,16.9,7.9,9.1,7.2,-0.552,0.4785,-0.1523,-0.2746,-0.2764,-0.3536,-0.0862,-0.3905
2.0,1.9,2.6,3.3,3.7,8.0,21.0,42.9,30.7,-0.5415,-0.3369,-0.1059,0.1465,0.1143,-0.1179,-0.4257,0.5762
2.0,1.5,3.5,4.7,2.6,11.1,13.3,23.7,43.7,-0.5121,0.1491,-0.4369,-0.0393,0.4277,0.2695,-0.4555,-0.2165
2.0,2.7,1.8,3.4,1.5,17.2,9.2,32.3,23.1,-0.8078,-0.1958,-0.285,-0.0811,0.2791,0.1766,-0.1829,0.2602
2.0,3.9,4.6,4.3,4.7,6.7,16.7,16.0,26.5,-0.5195,0.0006,-0.0354,-0.1992,-0.0947,0.5069,-0.1899,-0.6116
2.0,4.5,3.9,3.5,1.2,2.7,7.0,43.9,26.6,-0.2532,-0.0141,-0.3574,-0.2031,0.3633,0.2322,-0.7233,0.2109
2.0,4.6,1.2,5.0,1.7,20.6,12.5,12.9,44.0,-0.9029,0.0311,-0.1726,-0.1544,0.173,0.2455,-0.0785,0.1236
2.0,3.3,3.9,2.5,3.0,6.8,5.5,35.6,24.8,-0.542,-0.0377,-0.3202,-0.2359,0.2631,0.5512,-0.3891,-0.1017
2.0,3.4,2.6,2.1,1.3,4.3,12.7,13.2,29.4,-0.1196,0.0667,-0.0209,0.1127,-0.3816,0.2434,-0.1718,-0.8502
2.0,2.7,1.3,4.5,4.9,2.2,14.0,41.2,33.8,-0.4747,0.2207,-0.427,-0.1455,0.4386,0.2317,-0.5086,-0.0785
2.0,2.6,4.1,1.9,4.2,8.1,15.6,12.6,17.7,0.1902,0.5637,-0.1186,-0.3284,-0.6531,0.1459,0.2076,-0.1261
2.0,4.5,2.0,3.2,3.4,15.9,17.1,16.8,27.1,-0.5924,-0.1429,-0.2466,-0.3,0.222,0.4981,-0.3839,0.122
2.0,2.9,2.5,2.5,3.1,16.0,13.7,37.9,36.2,-0.8282,-0.0286,-0.1667,0.3041,0.1913,-0.2043,-0.1271,0.2958
2.0,4.3,4.4,3.4,2.7,4.4,10.1,15.3,20.4,-0.0163,0.1706,-0.1969,0.1197,-0.5721,0.1092,0.1518,-0.737
2.0,1.8,4.1,2.6,1.4,17.2,9.7,43.3,39.5,-0.8683,0.0072,-0.1196,0.2241,0.1324,-0.1853,-0.0655,0.3395
2.0,2.5,3.4,1.3,4.6,4.4,5.4,13.7,12.8,-0.2431,0.6,0.0584,-0.3639,-0.4083,-0.3097,-0.3159,-0.2756
2.0,1.8,2.3,1.9,2.0,19.4,16.2,15.3,32.7,-0.6387,-0.0963,-0.4194,-0.0463,0.4217,0.2369,-0.3334,0.1913
2.0,3.7,4.5,4.6,1.9,8.0,4.1,30.3,21.2,-0.29,-0.1824,0.0758,-0.3482,-0.1307,0.5335,-0.6631,-0.0376
2.0,2.1,4.7,3.2,3.0,2.6,12.2,15.3,16.0,0.0966,0.5927,-0.173,-0.154,-0.6123,-0.1429,0.3218,-0.2731
2.0,1.9,1.6,4.3,1.7,13.4,21.1,9.5,14.1,-0.5232,-0.0326,-0.008,0.1359,-0.1492,0.0796,0.0799,-0.8128
2.0,1.6,3.6,2.7,3.8,11.0,20.7,43.0,25.6,-0.3671,-0.3328,-0.1094,0.1243,0.1199,-0.0922,-0.6007,0.5659
2.0,3.3,2.4,1.9,1.2,19.2,19.1,16.0,23.2,-0.8644,-0.1101,-0.158,0.1649,0.1692,-0.0957,-0.1018,0.3412
2.0,3.5,3.8,1.3,1.8,13.1,10.4,21.0,33.3,-0.5571,-0.0665,-0.4816,0.0827,0.4622,0.2583,-0.3774,0.0867
2.0,2.6,5.0,4.7,3.8,17.6,12.4,35.4,14.6,-0.6332,0.0017,-0.3869,-0.2144,0.3857,0.335,-0.3557,0.0327
2.0,3.2,4.2,2.7,4.4,4.8,20.0,19.7,16.8,0.2284,0.1863,-0.2739,-0.0091,-0.102,0.1995,0.4587,-0.7429
2.0,3.9,3.5,2.0,3.3,2.5,5.4,12.5,14.0,-0.2935,0.6151,-0.0521,-0.3589,-0.347,-0.4063,-0.1076,-0.3182
2.0,2.9,3.9,4.3,4.4,21.3,14.1,27.8,28.3,-0.9615,0.1224,-0.08,0.1391,0.0851,-0.0845,-0.0097,0.0967
2.0,2.2,2.6,4.9,1.5,7.8,9.0,33.0,37.2,-0.4222,-0.092,-0.4267,-0.1841,0.4238,0.2743,-0.571,0.0584
2.0,4.2,1.2,1.7,1.8,6.6,15.2,40.8,21.0,-0.3772,0.0394,-0.398,-0.1749,0.4164,0.3435,-0.5997,0.0269
2.0,3.2,3.1,1.6,1.3,6.9,12.0,4.8,37.5,-0.5144,0.1338,-0.1621,0.2534,-0.1881,0.2387,-0.0073,-0.7254
2.0,1.8,1.2,1.8,1.7,14.2,9.1,22.5,18.3,-0.065,-0.3174,-0.2844,-0.2703,-0.4255,0.5904,-0.4376,-0.0379
2.0,3.0,1.9,1.1,2.2,2.2,14.2,36.2,42.4,-0.3695,0.0466,-0.383,0.4033,0.4733,-0.0543,-0.5397,0.1249
2.0,3.1,4.8,4.7,3.4,19.2,13.7,34.6,10.8,-0.7722,-0.0022,-0.378,-0.0882,0.3788,0.1963,-0.2136,0.1031
2.0,3.0,3.2,2.7,2.6,17.3,17.9,20.7,42.6,-0.8194,-0.1084,-0.1306,0.3428,0.1585,-0.1949,-0.1506,0.2824
2.0,4.9,4.8,4.2,3.4,10.5,6.4,4.2,43.4,-0.8038,0.1502,-0.0935,0.2711,-0.1029,0.2577,0.0243,-0.4086
2.0,2.4,1.2,2.9,1.2,18.2,11.2,29.6,40.7,-0.8298,-0.0703,-0.2987,0.2075,0.3031,-0.0822,-0.1506,0.2031
2.0,1.5,2.6,4.5,1.2,11.8,8.2,31.6,43.2,-0.5107,-0.0695,-0.4852,-0.0073,0.4835,0.1367,-0.4784,0.0612
2.0,1.8,3.3,3.6,2.7,3.1,9.0,22.9,18.1,0.1166,0.0373,-0.0838,-0.1113,-0.7171,0.3427,-0.0256,-0.5635
2.0,3.5,4.9,4.7,3.6,6.9,13.8,39.4,32.1,-0.4023,-0.2215,-0.36,0.1557,0.3683,-0.1022,-0.5838,0.3633
2.0,4.0,3.7,1.3,1.6,15.0,14.5,37.6,25.7,-0.8922,0.0515,-0.0628,0.2477,0.0965,-0.1506,-0.0342,0.2993
2.0,4.0,1.6,1.8,4.6,7.2,10.0,14.6,19.0,-0.0221,0.5337,-0.0165,-0.3889,-0.6292,-0.1329,-0.3499,-0.1279
2.0,1.1,1.4,3.7,2.6,20.9,18.8,36.1,31.9,-0.9052,-0.1172,-0.101,0.1825,0.1078,-0.1302,-0.0786,0.2709
2.0,2.9,3.8,4.7,2.9,5.9,3.7,4.2,33.1,-0.5107,0.049,-0.4074,0.1265,-0.4139,0.1168,0.3139,-0.5154
2.0,3.8,4.0,4.4,3.8,14.0,2.5,14.9,26.5,-0.1105,0.123,0.097,0.105,-0.4882,0.2882,-0.6655,-0.4094
2.0,2.9,3.7,2.7,2.4,17.9,16.6,32.9,18.0,-0.8109,-0.2036,-0.174,0.2326,0.1849,-0.1406,-0.1722,0.3387
2.0,4.6,2.0,4.6,4.6,20.6,4.7,37.9,23.1,-0.9533,0.2127,-0.1309,0.0089,0.1352,0.0305,-0.0051,0.063
2.0,3.6,2.6,2.8,2.7,3.7,20.1,31.3,35.7,-0.2366,-0.3419,-0.2481,0.178,0.2585,-0.0566,-0.7498,0.2758
2.0,3.8,2.7,2.8,2.8,21.1,12.6,37.2,36.3,-0.9338,0.3227,-0.0066,0.0945,0.0173,-0.0582,0.0148,0.0634
2.0,1.7,2.5,3.0,3.4,10.6,9.9,30.7,31.6,-0.5198,0.0105,-0.4083,-0.1493,0.358,0.4419,-0.4153,-0.183
2.0,2.3,1.5,3.9,1.8,21.6,13.0,29.7,5.6,-0.9383,0.0516,-0.1741,0.0067,-0.0043,0.2607,0.0057,0.0604
2.0,3.5,3.1,1.5,3.2,5.0,11.5,16.8,6.7,-0.249,0.5239,0.206,-0.434,-0.475,-0.1883,-0.3774,-0.1472
2.0,1.5,4.6,3.9,1.2,13.8,11.0,6.7,38.0,-0.7383,0.1324,-0.0587,0.15,-0.0829,0.1259,-0.0766,-0.614
2.0,5.0,4.8,3.5,5.0,6.4,18.7,21.3,37.8,-0.2462,-0.1611,-0.3703,0.1912,0.3841,-0.0255,-0.7356,0.1293
2.0,4.7,2.6,4.8,2.9,21.9,4.4,40.3,5.9,-0.956,0.2757,-0.0225,-0.0137,0.0248,0.0431,0.0081,0.0344
2.0,5.0,4.3,1.6,4.9,17.3,14.8,10.1,24.9,-0.405,-0.0949,0.0399,-0.2901,-0.022,0.5824,-0.5202,0.3134
2.0,2.6,3.4,4.7,2.8,8.9,10.8,8.0,8.9,-0.6018,0.4875,-0.1499,-0.35,-0.1959,-0.4013,0.144,-0.1735
2.0,4.2,4.3,2.5,5.0,6.8,15.7,39.6,25.0,-0.2585,0.1409,-0.4028,0.0203,0.4266,0.1475,-0.7207,-0.0921
2.0,1.8,4.5,1.4,1.3,9.6,18.4,28.5,38.0,-0.4584,-0.4626,-0.1175,0.2247,0.1454,-0.0945,-0.5267,0.4253
2.0,4.9,2.4,3.0,3.3,11.1,13.0,21.0,41.5,-0.5223,0.1577,-0.4575,0.0452,0.4515,0.263,-0.4258,-0.1543
2.0,1.4,4.3,1.4,3.3,8.6,4.0,13.5,17.8,-0.0655,0.579,-0.0891,-0.3657,-0.5406,-0.2584,-0.2736,-0.2765
2.0,4.3,1.8,4.1,3.1,18.7,6.7,26.6,37.5,-0.8671,0.0541,-0.3093,0.1339,0.3119,-0.0171,-0.1099,0.1125
2.0,2.9,2.6,1.9,3.1,6.5,6.6,6.0,10.7,-0.4921,0.4898,-0.084,-0.3992,-0.148,-0.4375,0.0177,-0.3654
2.0,2.2,3.6,2.0,3.7,10.0,5.1,39.7,26.6,-0.6055,0.1249,-0.3753,-0.138,0.383,0.4169,-0.347,-0.0715
2.0,4.7,4.0,1.8,3.8,6.0,16.5,23.2,10.9,-0.2363,0.6784,-0.3692,-0.5048,-0.1417,0.1623,0.1528,0.0958
2.0,3.6,4.8,4.2,3.5,11.5,11.6,15.3,12.8,-0.0237,0.3813,-0.2657,-0.0055,-0.7085,-0.066,0.1167,-0.4965
2.0,3.3,2.2,2.4,2.2,6.6,16.6,9.0,12.6,-0.082,0.6568,-0.2889,-0.1821,-0.4459,-0.2382,0.3589,-0.2229
2.0,4.7,4.9,1.2,2.7,17.6,16.2,25.4,15.5,-0.8367,0.1081,-0.1044,0.3606,0.1593,-0.1824,-0.0732,0.2467
2.0,1.6,1.9,4.3,1.7,13.1,12.6,9.7,5.9,-0.5963,0.4756,-0.1009,-0.3356,-0.1986,-0.4227,0.0659,-0.26
2.0,4.9,3.5,3.5,1.9,2.7,17.3,43.9,40.6,-0.6927,-0.239,-0.1402,0.2197,0.1503,-0.1857,-0.2691,0.4994
2.0,1.9,3.8,1.4,3.6,18.1,19.1,9.4,40.8,-0.396,0.4249,-0.3472,-0.024,0.4172,0.1991,-0.5357,-0.1314
2.0,3.0,2.4,1.7,3.2,7.4,9.3,43.3,15.4,-0.6213,0.1054,-0.1939,-0.2418,0.1951,0.5957,-0.2986,-0.0767
2.0,4.5,3.4,2.6,2.0,4.1,15.6,5.0,22.5,-0.1262,0.0372,-0.2872,0.1009,-0.2967,0.0922,0.5824,-0.6669
2.0,4.9,3.0,1.9,1.0,15.5,7.8,23.3,39.0,-0.8408,0.0227,-0.3303,0.1198,0.3289,0.0611,-0.1191,0.1771
2.0,1.4,4.9,1.8,2.3,14.0,21.9,13.2,39.1,-0.0361,-0.0957,-0.0934,0.0594,0.1074,-0.0058,-0.9566,0.0839
2.0,3.8,3.7,2.7,4.2,16.7,2.2,33.4,15.4,-0.7566,-0.0366,-0.4343,-0.0543,-0.1295,0.4474,0.0412,0.0587
2.0,3.3,2.0,1.4,3.2,21.2,18.2,27.2,26.2,-0.8531,0.4817,0.0079,0.1416,0.0211,-0.0679,0.0196,0.0574
2.0,4.1,4.3,3.2,4.8,21.6,14.2,27.3,32.6,-0.9352,0.3279,-0.0043,0.0805,0.0133,-0.0415,0.0095,0.0407
2.0,1.7,4.0,1.8,2.6,3.5,13.1,39.0,4.7,-0.58,0.4188,-0.1171,-0.58,-0.1442,0.2457,-0.0658,0.21
2.0,1.0,4.1,1.8,3.1,16.2,15.9,18.1,38.5,-0.3185,0.0342,-0.4532,0.1421,0.4707,0.1565,-0.6277,-0.1023
2.0,3.1,1.7,3.4,3.6,15.8,7.4,34.4,29.5,-0.7398,0.0049,-0.4057,-0.0534,0.4058,0.2069,-0.2397,0.1038
2.0,2.7,1.1,4.0,3.1,8.2,16.9,8.9,15.5,-0.2547,0.4755,-0.3853,-0.2099,-0.4511,-0.2663,0.3893,-0.2827
2.0,2.0,3.4,4.4,3.8,19.1,12.6,32.9,14.2,-0.7472,-0.0575,-0.2737,-0.2346,0.2502,0.4233,-0.2297,0.0308
2.0,4.2,3.7,4.5,4.7,16.6,21.2,29.2,32.9,-0.9581,-0.1053,-0.0053,0.0765,0.0112,-0.0425,-0.0316,0.229
2.0,2.3,3.9,1.0,2.7,17.9,6.3,41.7,8.1,-0.6117,0.4163,-0.4792,-0.3531,-0.0809,0.1624,0.1083,0.203
2.0,5.0,2.0,1.6,3.7,3.0,11.9,25.3,11.0,-0.2132,0.3639,0.0465,-0.6949,-0.4527,0.1314,-0.293,0.1403
2.0,2.6,2.8,2.9,4.7,7.3,3.6,8.4,40.1,-0.0952,0.2142,-0.03,0.2405,-0.689,0.3284,-0.1687,-0.4924
2.0,4.2,2.8,3.0,3.4,14.5,4.8,7.1,8.8,-0.6896,0.4223,-0.1111,-0.256,-0.1738,-0.3075,-0.0808,-0.3648
2.0,1.7,3.8,1.1,2.4,18.2,14.8,22.9,34.5,-0.7283,-0.0719,-0.1807,0.4151,0.2416,-0.1938,-0.209,0.312
2.0,3.3,3.2,1.5,4.7,15.8,9.5,9.9,13.9,-0.2482,0.6606,-0.0862,-0.2114,-0.4434,-0.2108,-0.3631,-0.2593
2.0,1.3,1.4,3.0,3.3,16.6,2.6,43.4,19.4,-0.7332,0.0487,-0.224,-0.314,0.2389,0.3966,-0.2316,0.1832
2.0,1.3,2.7,3.1,4.2,16.8,2.1,31.9,43.6,-0.5018,0.1367,-0.4707,0.2021,0.4921,0.0913,-0.4473,-0.0544
2.0,2.2,1.2,4.5,4.8,21.4,18.1,9.5,10.8,-0.5556,0.4835,-0.2461,0.0469,-0.3806,-0.0399,-0.2075,-0.42
2.0,1.4,3.5,2.8,4.6,2.1,9.3,13.9,11.0,-0.517,0.5928,0.047,-0.2757,-0.2594,-0.3872,-0.1154,-0.2605
2.0,4.4,2.6,1.7,1.9,7.8,3.3,41.3,6.9,-0.2205,0.1629,-0.2562,-0.6387,-0.4447,0.3123,-0.1103,0.3554
2.0,1.2,3.3,1.7,4.5,5.1,19.6,33.0,20.9,0.0331,0.0006,-0.3117,0.0985,0.0859,0.3015,-0.2266,-0.8451
2.0,3.3,3.8,4.8,2.0,4.3,20.8,22.3,19.1,-0.4569,0.1917,-0.0534,-0.0163,0.0332,0.0921,-0.3382,-0.7862
2.0,1.8,3.8,3.5,4.7,19.9,15.1,25.0,36.0,-0.7368,-0.1513,-0.2799,0.3133,0.292,-0.1679,-0.2441,0.2534
2.0,2.2,1.2,4.3,2.5,12.5,12.2,13.5,32.4,-0.3564,0.224,0.1296,0.1657,-0.3373,0.1731,-0.4553,-0.6438
2.0,1.3,2.9,1.1,3.8,19.7,3.7,5.2,27.7,-0.4027,0.5847,-0.3781,0.1106,-0.4314,0.0928,-0.0855,-0.359
2.0,2.2,4.8,2.9,1.1,11.1,8.5,22.7,24.3,-0.1258,-0.1273,0.0513,-0.248,-0.1584,0.4787,-0.7423,-0.2899
2.0,2.0,3.5,2.0,1.4,20.3,12.7,29.2,34.6,-0.9379,0.1086,-0.0865,0.1984,0.1016,-0.1068,-0.0157,0.1645
2.0,1.6,2.2,2.6,3.3,3.3,5.3,33.5,25.4,-0.4457,-0.1509,-0.289,-0.2222,0.0268,0.6936,-0.2654,-0.2823
2.0,3.0,4.3,2.1,4.0,6.5,4.1,43.4,27.3,-0.594,0.2591,-0.363,-0.1876,0.399,0.3399,-0.3562,-0.0112
2.0,1.3,1.9,4.1,3.5,3.3,12.8,21.5,38.7,-0.6313,0.0426,-0.2818,-0.14,0.1573,0.5236,-0.214,-0.3815
2.0,1.6,2.7,4.4,2.4,9.3,10.5,6.7,9.7,-0.5708,0.4528,-0.1644,-0.3863,-0.194,-0.4215,0.2033,-0.1771
2.0,2.3,1.7,4.7,2.9,12.8,13.3,7.1,36.3,-0.736,0.1409,-0.0858,0.2195,-0.1415,0.1648,-0.0428,-0.5729
2.0,1.2,1.7,3.2,2.4,12.8,17.0,9.4,33.3,-0.5225,0.1599,0.0147,0.2139,-0.2274,0.1518,-0.1686,-0.7367
2.0,4.4,3.7,4.1,4.5,20.1,14.5,18.9,25.5,-0.9336,0.0915,-0.2093,-0.0074,0.2105,0.0918,-0.04,0.1068
2.0,2.7,3.2,3.7,3.5,17.3,15.1,6.0,19.7,-0.74,0.1566,-0.1123,0.2019,-0.1398,0.1754,-0.0452,-0.5596
2.0,2.3,1.1,4.4,2.2,6.7,5.9,34.1,35.4,-0.5425,-0.0038,-0.3839,-0.2518,0.3793,0.3742,-0.4474,-0.0091
2.0,2.3,1.5,2.1,2.9,18.2,8.2,32.7,36.2,-0.7592,0.0765,-0.3611,0.2579,0.3813,-0.0602,-0.1898,0.1543
2.0,5.0,4.5,4.8,4.2,14.0,3.1,12.0,25.1,-0.5163,0.3309,-0.1179,0.2323,-0.3289,0.1373,-0.2479,-0.598
2.0,3.3,4.1,1.5,3.5,21.7,19.5,16.3,30.2,-0.8629,0.4839,0.0213,0.0607,-0.0037,-0.0287,0.0292,0.0595
2.0,1.1,3.7,2.6,3.1,4.8,10.1,16.4,7.9,-0.4193,0.5934,0.135,-0.305,-0.3564,-0.3603,-0.1973,-0.2435
2.0,4.1,1.3,5.0,3.9,6.5,10.8,18.8,39.7,-0.7495,0.0189,-0.2127,-0.1363,0.0975,0.5128,-0.1307,-0.2718
2.0,4.8,3.6,4.1,3.2,20.8,20.8,26.9,16.5,-0.9731,0.2013,0.0024,0.0264,0.0008,-0.012,0.0113,0.0627
2.0,2.5,3.1,3.5,1.7,11.8,15.8,14.1,5.2,-0.3309,0.6923,-0.0095,-0.2551,-0.4418,-0.3433,-0.0248,-0.1469
2.0,2.8,4.9,4.3,2.7,19.9,19.9,32.2,32.9,-0.9827,0.0266,0.0005,0.0458,0.0036,-0.0249,0.0009,0.1508
2.0,2.9,3.9,1.8,1.1,8.0,8.4,40.6,29.6,-0.4119,-0.1689,-0.4093,0.0217,0.4265,0.082,-0.5636,0.3363
2.0,2.4,3.3,3.9,2.1,14.2,18.5,32.3,17.2,-0.1473,-0.2189,-0.2913,0.0451,0.2919,0.0319,-0.8439,0.1438
2.0,1.8,2.1,4.6,1.2,10.4,9.9,43.6,8.7,-0.5305,0.1199,-0.0825,-0.4758,0.0868,0.4979,-0.4413,0.1007
2.0,1.8,3.6,4.6,3.3,10.3,3.1,12.0,27.2,-0.3954,0.1866,-0.2903,0.1877,-0.4602,0.0943,0.0674,-0.6749
2.0,3.6,3.9,4.0,1.7,16.1,10.6,43.4,6.2,-0.7816,0.0884,-0.2015,-0.3092,0.2121,0.3713,-0.1878,0.1337
2.0,1.4,4.0,3.9,3.8,8.0,19.3,4.1,28.9,-0.5962,-0.158,-0.0805,0.1322,-0.0851,0.126,0.2349,-0.7128
2.0,2.0,4.3,4.3,4.2,7.6,20.6,39.8,10.3,-0.5786,0.3999,-0.0782,-0.0417,0.0815,0.1253,-0.3995,-0.5475
2.0,4.9,3.6,4.2,3.5,14.8,18.5,20.8,20.1,-0.2234,-0.018,-0.3746,-0.1005,0.3686,0.2167,-0.7608,-0.0903
2.0,3.3,3.6,3.5,4.4,18.8,5.3,10.2,32.8,-0.1213,0.1542,0.2184,0.0351,-0.3255,0.2859,-0.8153,-0.1371
2.0,1.9,1.2,4.5,2.6,18.7,9.2,4.8,14.3,-0.7121,0.2051,-0.3523,-0.1139,-0.3616,-0.1272,0.0901,-0.3899
2.0,2.5,2.6,2.0,1.8,3.7,7.5,16.3,5.8,-0.3207,0.5258,0.1487,-0.3877,-0.3052,-0.4243,-0.2096,-0.3544
2.0,2.9,1.0,1.8,2.4,2.7,20.1,16.4,39.4,-0.3606,0.0968,-0.382,0.0109,0.261,0.4576,-0.4017,-0.5067
2.0,1.7,4.5,4.6,1.3,2.5,18.4,12.0,43.8,-0.6127,0.0689,0.0957,-0.298,-0.1239,0.481,-0.3084,-0.3921
2.0,1.5,2.3,4.2,4.5,21.8,16.2,21.3,33.3,-0.8036,-0.0409,-0.3643,0.0978,0.365,0.0149,-0.1802,0.1469
2.0,1.2,3.2,3.3,1.4,10.1,12.1,4.4,33.1,-0.5778,-0.0421,-0.1779,0.1693,-0.1867,0.1592,0.1598,-0.7156
2.0,4.2,3.9,3.6,2.2,13.6,18.4,9.8,32.7,-0.6538,0.3476,0.1355,0.0617,-0.1458,0.0603,-0.3157,-0.5451
2.0,4.2,2.6,4.8,3.7,6.3,3.9,40.4,14.8,-0.6461,-0.0326,0.0064,-0.4082,-0.0043,0.5314,-0.341,0.0811
2.0,1.1,2.8,3.6,4.5,9.4,15.1,41.4,8.0,-0.3196,0.3742,-0.3739,-0.5032,-0.3683,0.2315,0.3243,0.1826
2.0,4.7,2.5,2.8,4.8,4.6,13.1,9.7,11.7,-0.5591,0.6151,-0.0772,-0.2801,-0.2076,-0.3606,-0.0259,-0.215
2.0,1.4,1.8,2.6,2.8,19.8,7.3,21.7,22.5,-0.6882,-0.2903,-0.2686,-0.1402,0.009,0.5098,-0.1901,0.1826
2.0,4.1,3.7,1.8,1.4,18.3,8.2,39.4,38.3,-0.9127,0.2961,-0.0427,0.1859,0.066,-0.1185,0.0134,0.1288
2.0,1.4,1.0,2.5,2.4,6.7,21.5,39.1,37.9,-0.5418,-0.2984,-0.2079,0.2527,0.2274,-0.1664,-0.4361,0.4667
2.0,3.1,4.2,4.0,4.5,11.7,21.7,19.6,6.0,-0.1558,0.8504,-0.1245,-0.1,-0.0665,-0.0024,0.4336,0.0567
2.0,2.2,3.1,2.0,2.3,7.3,15.1,21.1,29.6,-0.2341,-0.0383,-0.3541,-0.1182,0.2092,0.4934,-0.4869,-0.515
2.0,2.7,2.2,2.2,2.4,4.4,10.1,16.7,20.4,0.2252,0.3135,-0.2055,-0.2037,-0.7466,0.0758,-0.0083,-0.4374
2.0,1.3,3.0,3.8,2.8,20.2,9.3,23.0,4.1,-0.4125,-0.0592,0.1799,-0.5852,-0.3699,0.1572,-0.4445,0.2649
2.0,2.3,2.2,2.9,3.6,21.7,13.8,5.4,39.8,-0.6994,0.5586,0.0476,0.1042,-0.0372,0.052,-0.2548,-0.3218
2.0,3.7,1.6,3.4,1.8,20.7,5.4,20.4,14.1,-0.9686,0.0798,-0.1008,0.0055,0.0016,0.1384,0.0079,0.1182
2.0,3.5,4.4,2.8,3.3,15.0,2.3,23.5,32.8,-0.7661,-0.0436,-0.3412,-0.0871,0.2373,0.4417,-0.1588,0.01
2.0,2.8,4.1,1.6,3.7,3.9,12.6,5.1,19.6,-0.1918,0.7219,-0.3311,-0.189,-0.3637,-0.2072,0.3064,-0.1425
2.0,3.9,2.8,1.6,1.4,14.4,6.6,26.4,14.2,-0.5935,-0.2854,-0.4262,-0.1353,-0.0684,0.5279,-0.1682,0.1955
2.0,1.0,3.1,1.1,4.7,5.7,19.0,23.7,22.2,0.4018,0.4317,-0.5295,-0.0228,-0.1073,0.2214,0.3199,-0.4292
2.0,4.5,1.3,3.1,4.3,15.8,14.1,26.9,30.8,-0.7394,0.0327,-0.4225,0.0215,0.4094,0.197,-0.2291,0.0588
2.0,2.9,4.8,3.9,3.3,8.1,20.5,8.8,33.4,-0.7046,0.165,0.1077,-0.0878,-0.1215,0.196,-0.1843,-0.5993
2.0,2.9,2.1,4.4,3.1,8.2,20.7,12.3,11.8,0.1229,0.2367,-0.073,0.0097,-0.4968,0.0706,0.6155,-0.5141
2.0,4.7,1.8,2.7,2.5,15.6,21.2,21.3,13.8,-0.2195,-0.1952,-0.3697,0.0739,0.3671,0.0747,-0.7602,0.1054
2.0,2.4,4.4,2.3,4.7,21.4,18.2,43.9,27.8,-0.9229,0.3477,0.0147,0.064,-0.0039,-0.0413,0.0346,0.1043
2.0,2.6,1.3,3.3,3.1,12.5,19.4,35.1,33.7,-0.5703,-0.2779,-0.3041,0.2413,0.3149,-0.1393,-0.4175,0.3695
2.0,2.0,2.1,4.2,3.4,14.2,2.1,27.8,8.1,-0.1871,0.1705,0.2142,-0.5216,-0.5614,-0.0188,-0.5322,0.0828
2.0,2.7,2.3,3.0,3.9,14.9,14.3,7.3,27.5,-0.6007,0.2019,-0.1487,0.2579,-0.2218,0.21,-0.0646,-0.6352
2.0,3.3,4.1,1.1,2.8,9.6,10.6,32.9,26.7,-0.373,-0.0107,-0.5074,0.1628,0.4576,0.3156,-0.4827,-0.1327
2.0,4.0,4.2,3.3,3.5,10.1,2.7,12.6,32.6,-0.1171,0.1552,0.0393,0.1551,-0.564,0.3238,-0.4807,-0.5139
2.0,4.4,3.5,3.5,1.6,15.2,4.8,4.8,8.8,-0.7505,0.2475,-0.2607,-0.2202,-0.2669,-0.2282,0.0425,-0.3603
2.0,4.0,4.9,4.0,1.4,11.5,20.9,20.9,15.1,-0.2566,0.2578,-0.0537,-0.0101,0.0493,0.0544,-0.6647,-0.6354
2.0,1.1,1.0,3.1,4.6,7.1,6.9,30.6,7.3,-0.3392,0.2836,0.3515,-0.4332,-0.5028,-0.0574,-0.4787,-0.0318
2.0,4.8,1.8,1.8,4.8,17.7,4.2,41.6,17.8,-0.8497,0.3243,-0.2113,0.0376,0.1835,0.2875,-0.0218,0.0257
2.0,1.8,4.3,1.3,4.3,3.4,20.2,25.7,43.3,-0.8914,0.1408,0.0735,0.2914,0.0133,-0.1277,-0.012,0.2271
2.0,3.5,2.5,4.4,1.3,9.8,10.8,40.9,6.8,-0.6056,0.0191,-0.0181,-0.4361,0.022,0.5315,-0.3844,0.0297
2.0,1.3,2.6,3.0,1.9,4.9,13.5,17.3,6.2,-0.3733,0.6364,0.1226,-0.3101,-0.407,-0.3425,-0.1511,-0.1776
2.0,4.6,2.8,4.7,2.2,17.3,3.4,40.3,9.9,-0.9198,0.0035,-0.1361,-0.1594,0.1418,0.2217,-0.0599,0.1741
2.0,4.0,3.4,3.5,2.4,14.2,16.7,40.8,24.0,-0.8217,-0.2029,-0.1073,0.1709,0.1148,-0.1374,-0.1513,0.42
2.0,1.1,3.3,1.2,1.8,11.6,13.8,42.7,33.0,-0.4306,-0.1309,-0.2994,0.2688,0.3428,-0.167,-0.4947,0.4761
2.0,3.6,2.9,3.0,4.9,21.1,17.1,8.1,39.6,-0.6832,-0.1179,0.0051,-0.2761,0.0161,0.375,-0.2592,0.4263
2.0,4.7,2.0,2.9,4.7,6.6,18.3,19.8,21.6,-0.15,-0.1018,-0.3452,-0.1972,-0.2294,0.6467,0.0732,-0.5567
2.0,2.2,1.7,3.1,4.1,2.6,10.7,12.2,24.2,-0.1174,0.562,-0.3115,-0.1472,-0.5769,-0.2283,0.206,-0.3393
2.0,2.0,1.6,4.3,3.2,3.9,4.5,9.0,36.3,-0.4146,0.1629,-0.2942,0.2481,-0.4325,0.1521,0.1479,-0.6426
2.0,1.1,3.2,1.1,4.3,16.0,14.5,10.2,32.0,-0.2873,-0.0679,-0.2145,-0.1245,-0.1018,0.8162,-0.206,-0.3263
2.0,2.2,1.8,3.4,1.1,14.9,17.5,17.2,23.6,-0.2132,0.1015,0.121,-0.2204,-0.1679,0.3696,-0.7102,-0.4419
2.0,4.8,4.8,4.8,2.4,18.5,12.9,16.7,21.9,-0.7428,-0.3273,-0.0714,-0.1791,0.0616,0.2645,-0.2496,0.3792
2.0,4.0,2.4,2.1,2.3,21.9,19.7,15.0,35.0,-0.9033,0.4055,-0.0002,0.0627,0.0094,-0.036,0.0217,0.0581
2.0,4.0,2.9,1.2,2.2,3.7,12.0,6.1,19.9,-0.0246,0.6137,-0.3903,-0.1543,-0.4526,-0.1726,0.3166,-0.322
2.0,1.1,4.3,4.5,1.0,16.7,20.2,37.8,43.8,-0.9159,-0.1752,-0.0177,0.0901,0.0225,-0.0639,-0.0716,0.3149
2.0,2.6,2.3,4.2,1.2,6.9,2.9,11.9,17.3,-0.3523,0.1119,-0.3496,0.01,-0.4245,-0.0412,0.1979,-0.7159
2.0,3.3,2.8,3.8,3.5,4.2,3.3,32.5,21.8,-0.4605,-0.202,-0.0785,-0.299,-0.1101,0.6877,-0.3577,-0.1606
2.0,3.9,3.6,2.4,2.9,7.9,4.3,27.9,21.9,-0.2764,-0.29,-0.3419,-0.2493,-0.2295,0.7208,-0.2446,-0.116
2.0,4.9,1.5,3.0,5.0,13.7,12.7,11.9,34.9,-0.4568,-0.2328,0.0448,-0.2141,-0.1991,0.6673,-0.4069,0.1038
2.0,2.3,2.8,4.4,4.8,20.8,10.7,32.7,36.0,-0.9111,0.0328,-0.1479,0.2407,0.1577,-0.1539,-0.0646,0.1555
2.0,4.6,1.2,3.2,3.2,11.2,2.9,32.7,36.7,-0.6489,0.064,-0.4541,-0.011,0.449,0.2307,-0.3218,0.0009
2.0,1.2,3.0,2.6,2.9,17.5,4.5,11.1,10.9,-0.4492,0.4976,-0.0883,-0.2884,-0.3201,-0.3723,-0.1716,-0.4266
2.0,1.2,4.4,4.6,2.0,4.4,3.8,23.7,16.8,-0.1547,0.0955,-0.0087,0.1341,-0.5355,0.2012,-0.247,-0.7407
2.0,3.4,4.5,3.8,1.7,18.6,6.0,13.6,4.3,-0.2213,0.4257,0.085,-0.1983,-0.4005,-0.2077,-0.6267,-0.3175
2.0,2.8,2.5,4.6,4.5,13.9,12.0,41.6,33.7,-0.634,-0.0999,-0.3826,0.2026,0.3925,-0.1518,-0.3405,0.3083
2.0,4.1,3.3,4.9,4.1,10.8,11.1,17.1,25.2,-0.2341,0.0224,0.2399,-0.0154,-0.4584,0.385,-0.5549,-0.4519
2.0,4.6,4.5,1.5,1.0,19.9,6.3,12.5,28.1,-0.929,0.248,-0.0644,0.0102,0.0438,0.1075,0.0462,0.198
2.0,3.8,4.1,4.1,3.8,14.2,12.2,41.9,43.8,-0.883,0.038,-0.0636,0.283,0.0832,-0.2192,-0.0671,0.2596
2.0,2.9,4.2,3.5,2.4,18.9,18.4,19.3,37.4,-0.863,-0.208,-0.0973,0.201,0.1061,-0.1303,-0.1259,0.3162
2.0,3.8,3.8,4.7,1.3,21.6,14.0,38.5,16.4,-0.9753,0.1874,-0.0169,0.0358,0.0184,-0.0261,0.0102,0.0659
2.0,4.3,4.2,3.7,4.0,9.8,5.2,15.4,4.7,-0.5826,0.4577,0.1361,-0.1985,-0.2302,-0.3707,-0.2287,-0.3822
2.0,3.4,3.1,3.5,2.5,11.4,14.7,41.6,31.7,-0.6868,-0.2258,-0.2192,0.2101,0.2283,-0.1721,-0.2819,0.4598
2.0,1.3,3.9,4.9,1.6,14.2,20.7,24.1,8.1,-0.4773,0.168,-0.0824,-0.0294,0.0462,0.1483,-0.2929,-0.7819
2.0,2.4,1.7,1.2,3.3,14.9,9.0,16.5,41.3,-0.5029,0.2923,-0.4165,0.2319,0.3759,0.3711,-0.2851,-0.2448
2.0,4.9,2.0,3.0,1.9,16.6,11.6,11.5,41.7,-0.6175,-0.043,-0.0753,-0.3411,0.0618,0.5678,-0.3498,0.1289
2.0,4.8,2.6,4.2,2.4,16.9,3.5,12.6,33.0,-0.1141,0.1585,0.1974,-0.0017,-0.2812,0.2201,-0.8554,-0.1751
2.0,1.8,1.2,4.6,2.9,9.3,7.7,19.5,17.8,-0.0774,0.22,-0.1936,0.0807,-0.6761,0.0545,-0.0806,-0.6494
2.0,2.5,3.7,2.6,3.3,4.1,21.3,36.6,38.0,-0.8077,-0.275,-0.026,0.1407,0.042,-0.0853,-0.1736,0.4373
2.0,4.4,3.4,3.6,1.1,19.5,9.0,42.6,25.9,-0.9673,0.1705,-0.051,0.065,0.054,-0.0523,0.0153,0.1286
2.0,2.1,4.1,2.2,4.9,9.1,15.4,8.3,9.6,-0.5619,0.7063,-0.0773,-0.2039,-0.2052,-0.2741,-0.0233,-0.1217
2.0,1.1,2.9,1.2,2.3,4.3,21.5,23.2,31.6,0.0614,-0.1652,-0.1414,0.1078,0.1372,0.0691,-0.8512,-0.4059
2.0,3.2,1.9,1.2,1.6,17.0,12.6,29.5,11.5,-0.6716,0.0164,-0.5501,0.0209,0.0379,0.4747,-0.0143,0.0286
2.0,1.6,2.8,1.6,1.8,17.6,4.3,42.6,30.6,-0.7623,0.1178,-0.361,0.1086,0.3888,-0.0256,-0.1471,0.2776
2.0,1.4,2.7,4.3,3.4,7.1,14.2,40.8,7.6,-0.664,-0.1153,-0.0395,-0.1939,-0.1129,0.6115,-0.109,-0.2846
2.0,3.8,4.4,2.0,1.4,8.2,15.3,12.2,30.8,-0.3284,0.1482,0.139,-0.0421,-0.2209,0.3009,-0.4518,-0.7028
2.0,1.2,3.4,4.3,3.6,20.0,2.8,33.8,7.1,-0.5904,-0.0556,-0.2031,-0.5808,-0.2994,0.1576,-0.0901,0.3611
2.0,2.6,4.7,1.1,1.3,19.2,5.7,21.5,9.9,-0.7771,0.1188,-0.4835,-0.1655,-0.1281,0.2105,0.0606,0.1958
2.0,2.9,1.4,1.5,1.4,11.2,21.2,14.1,9.0,0.2709,0.3658,-0.407,-0.294,-0.3009,0.3563,0.3979,-0.3594
2.0,2.6,1.1,4.7,1.1,4.5,19.3,19.8,40.5,-0.4682,0.1264,-0.1198,-0.2963,0.0772,0.4687,-0.4512,-0.4673
2.0,2.2,2.6,1.7,1.6,15.4,19.2,17.6,16.6,-0.1619,0.0206,-0.3008,-0.0675,0.2486,0.3286,-0.683,-0.4662
2.0,2.0,3.6,4.4,4.5,15.1,5.3,20.4,11.1,-0.2238,0.4583,0.142,-0.3236,-0.5537,-0.2637,-0.4248,-0.2161
2.0,1.1,1.1,1.3,5.0,13.6,9.2,43.1,33.2,-0.5188,0.3237,-0.4048,0.1031,0.4716,0.2342,-0.3863,-0.1052
2.0,3.3,4.8,1.6,2.1,18.2,3.2,36.0,35.8,-0.8458,0.2573,-0.2191,0.2541,0.2523,-0.1023,-0.0563,0.1368
2.0,4.6,2.6,4.2,3.1,11.4,11.6,13.3,37.9,-0.4797,-0.0967,0.129,-0.2961,-0.2165,0.6179,-0.4368,-0.1103
2.0,3.4,3.3,4.6,4.7,9.0,18.0,17.1,16.0,-0.0542,-0.0717,-0.0445,-0.1306,-0.5347,0.4624,0.2343,-0.6262
2.0,4.2,2.7,2.6,1.0,2.3,13.1,41.6,39.9,-0.3707,-0.206,-0.36,0.1432,0.3746,-0.0736,-0.6093,0.3702
2.0,1.7,1.5,3.4,4.2,3.1,5.4,29.6,30.4,-0.5446,-0.1103,-0.3214,-0.171,0.0441,0.6476,-0.1658,-0.3132
2.0,2.8,4.0,3.5,4.7,9.9,19.6,4.2,28.0,-0.7099,-0.0617,-0.0523,0.1347,-0.056,0.1299,0.0914,-0.6588
2.0,3.6,4.2,3.0,2.9,12.8,2.8,11.0,17.1,-0.3666,0.4408,-0.3076,-0.1431,-0.4809,-0.2089,-0.125,-0.5078
2.0,2.1,1.4,4.5,1.8,7.4,14.6,32.8,19.4,-0.3707,0.045,-0.099,-0.3946,0.0814,0.5151,-0.6039,-0.2153
2.0,3.5,1.4,4.3,3.1,13.6,17.7,16.5,22.2,-0.2427,0.0701,0.247,-0.0746,-0.3724,0.3553,-0.6321,-0.4329
2.0,1.8,2.7,4.4,2.3,12.4,19.9,35.1,21.2,-0.1006,-0.1962,-0.2156,0.0456,0.2184,0.0012,-0.8954,0.1761
2.0,4.7,4.2,2.5,3.9,6.3,8.4,25.7,10.8,-0.2281,0.2918,0.039,-0.6935,-0.4921,0.1371,-0.2782,0.1785
2.0,3.1,3.0,4.4,3.4,7.3,7.7,25.0,4.1,-0.4206,0.4024,0.3404,-0.2458,-0.4543,-0.2292,-0.4253,-0.1965
2.0,1.7,2.6,4.7,2.4,14.7,15.4,32.1,5.1,-0.2206,0.1722,-0.3236,-0.5764,-0.5481,0.2868,0.2166,0.1589
2.0,1.5,2.8,3.9,2.7,17.5,14.6,21.4,35.9,-0.4872,-0.0467,-0.4352,-0.1586,0.4169,0.3374,-0.4881,-0.0562
2.0,1.8,2.8,1.0,1.2,3.0,15.6,17.7,22.8,0.3848,0.0365,-0.3743,-0.1566,-0.146,0.4383,0.096,-0.6693
2.0,3.5,4.1,1.6,4.9,7.7,11.5,40.4,8.5,-0.5965,0.455,-0.245,-0.5252,-0.0676,0.2103,0.0031,0.2108
2.0,4.2,2.7,1.2,3.8,11.4,17.8,18.1,16.1,0.0818,0.224,-0.6928,-0.1878,-0.188,0.4658,0.24,-0.2991
2.0,2.2,1.4,2.9,2.7,7.1,10.0,29.3,28.8,-0.4729,-0.1198,-0.2945,-0.2632,0.1688,0.6081,-0.3973,-0.1947
2.0,4.6,4.7,3.7,4.3,15.8,11.8,41.9,20.5,-0.7488,-0.031,-0.3468,0.1769,0.3585,-0.1253,-0.2131,0.2901
2.0,2.9,3.9,1.2,4.5,13.2,3.3,21.7,42.9,-0.3905,0.2976,-0.415,0.3622,0.415,0.2857,-0.361,-0.2386
2.0,4.9,4.3,1.9,1.3,16.9,8.3,36.9,32.3,-0.9305,0.1987,-0.0983,0.1742,0.1151,-0.1,0.0005,0.1532
2.0,4.6,4.3,3.0,3.9,12.4,5.7,13.1,17.8,-0.1484,0.4575,-0.2467,-0.0897,-0.6448,-0.1124,-0.2433,-0.4473
2.0,1.2,2.8,2.5,2.3,16.5,5.1,30.5,9.3,-0.1867,0.0021,-0.2158,-0.6676,-0.5301,0.2376,-0.2399,0.2497
2.0,4.7,2.8,4.4,2.8,3.8,9.9,16.7,9.2,-0.4205,0.6218,-0.0535,-0.2868,-0.3569,-0.4135,0.0113,-0.2154
2.0,3.5,4.6,1.7,4.3,13.4,8.0,33.7,25.1,-0.5924,0.0846,-0.467,0.0588,0.3902,0.4003,-0.2847,-0.1155
2.0,3.5,4.6,4.6,3.9,9.0,4.5,17.9,33.7,-0.4837,-0.2567,-0.0254,-0.2642,-0.1928,0.68,-0.3202,-0.0984
2.0,1.3,3.8,2.8,4.4,13.0,6.7,10.8,19.0,-0.3593,0.5872,-0.2544,-0.2491,-0.4389,-0.3289,0.0549,-0.2977
2.0,1.3,4.9,4.6,2.7,2.5,18.2,39.3,33.9,-0.3221,-0.3573,-0.1785,0.1269,0.1842,-0.0911,-0.6696,0.4581
2.0,3.4,2.9,2.8,3.8,20.0,21.5,26.1,33.2,-0.9708,0.1809,0.0094,0.0564,0.0005,-0.0244,0.0169,0.1081
2.0,5.0,1.5,4.3,3.1,3.1,20.7,39.1,44.0,-0.8285,-0.1083,-0.1092,0.2984,0.1276,-0.2142,-0.1431,0.3146
2.0,2.5,3.8,4.0,4.7,12.3,11.2,6.0,4.7,-0.8011,0.3367,-0.0099,-0.2755,-0.0386,-0.3134,0.0005,-0.2581
2.0,3.1,4.4,2.1,3.9,13.5,2.3,40.1,6.0,-0.6424,0.1277,-0.0869,-0.5715,-0.1493,0.2576,-0.1418,0.3465
2.0,2.2,3.9,1.4,2.8,8.5,15.0,23.1,27.7,-0.1418,-0.0543,-0.4362,0.0617,0.2861,0.3973,-0.5165,-0.5083
2.0,4.0,1.0,3.6,3.3,8.9,3.5,24.9,21.1,-0.1278,-0.2949,-0.1104,-0.2237,-0.511,0.6138,-0.412,-0.1018
2.0,2.2,2.8,1.4,2.0,3.0,13.0,37.7,34.9,-0.2789,-0.012,-0.432,0.1396,0.4669,0.0944,-0.6852,0.0563
2.0,3.1,3.4,1.5,1.5,14.6,8.1,18.2,38.7,-0.6576,0.0105,-0.4373,0.0044,0.4036,0.3496,-0.2708,0.0452
2.0,1.5,1.3,1.6,3.0,19.9,19.9,10.6,13.6,0.0527,0.0763,-0.0666,0.0134,-0.6315,0.4854,-0.3977,-0.3808
2.0,1.2,3.2,3.9,2.2,7.3,14.2,11.0,26.9,-0.4154,0.0197,-0.0866,0.1945,-0.2461,0.1276,0.0757,-0.8312
2.0,1.4,4.5,3.6,4.4,16.1,6.5,27.0,43.7,-0.4947,0.1628,-0.4659,0.1368,0.4748,0.1704,-0.4535,-0.1401
2.0,4.9,2.6,4.2,1.4,2.4,12.0,41.3,43.3,-0.505,-0.1633,-0.3856,0.2035,0.3967,-0.1448,-0.4767,0.328
2.0,4.1,2.7,3.0,2.2,11.1,20.2,31.8,28.3,-0.5138,-0.4618,-0.1231,0.1518,0.1301,-0.0851,-0.4811,0.4589
2.0,2.6,3.4,3.7,1.3,13.0,12.2,11.7,8.1,-0.1982,0.3537,-0.3986,-0.0719,-0.5488,-0.1527,0.2641,-0.5134
2.0,2.4,3.8,2.9,4.8,20.6,5.8,11.6,17.2,-0.0073,0.0636,-0.0735,-0.1495,-0.525,0.1543,-0.7725,0.0875
2.0,4.6,1.2,2.5,4.8,19.4,10.5,22.7,38.1,-0.8267,0.2118,-0.2553,0.2843,0.2802,-0.1134,-0.1013,0.1097
2.0,3.0,4.7,1.6,2.0,5.6,6.7,5.0,39.9,-0.3806,0.2448,-0.2724,0.3141,-0.3078,0.2948,0.0474,-0.6555
2.0,1.8,1.3,4.4,2.0,15.8,3.2,30.3,24.3,-0.5864,-0.3155,-0.1386,-0.3096,0.1091,0.4529,-0.3968,0.2336
2.0,3.5,1.9,4.5,1.5,14.7,9.9,35.1,26.4,-0.7245,-0.2507,-0.33,-0.0467,0.3308,0.0998,-0.2701,0.3134
2.0,2.3,1.9,2.9,2.3,2.2,21.5,21.2,12.4,0.2683,0.2867,-0.2729,-0.0738,-0.1283,0.1802,0.5541,-0.6197
2.0,1.4,3.1,1.6,4.3,11.0,20.7,6.6,10.8,-0.2747,0.891,-0.0816,-0.0789,-0.2193,-0.1184,0.2096,0.0303
2.0,4.9,4.4,2.6,2.1,19.1,14.3,11.6,28.0,-0.6588,-0.2674,-0.0558,-0.1782,0.0606,0.2623,-0.3053,0.5069
2.0,4.3,3.3,3.2,3.3,5.1,21.6,16.7,25.0,-0.3824,0.1557,-0.0658,0.0062,0.0375,0.1048,-0.341,-0.827
2.0,3.6,2.1,3.1,1.3,2.1,4.7,18.3,37.9,-0.1739,-0.1013,0.0759,-0.1623,-0.3972,0.5693,-0.4678,-0.4556
2.0,3.7,4.6,2.1,1.8,20.5,13.7,30.0,19.9,-0.9359,0.2908,-0.0379,0.1199,0.0498,-0.0635,0.0145,0.0845
2.0,1.2,2.6,2.0,2.6,15.3,21.5,37.2,26.6,-0.5395,-0.4205,-0.068,0.1364,0.0832,-0.0797,-0.4493,0.5207
2.0,2.3,1.0,2.7,2.9,4.2,2.2,42.9,36.4,-0.5231,0.2127,-0.4566,-0.1001,0.4782,0.1858,-0.429,0.0666
2.0,4.4,4.9,4.9,4.7,18.9,8.8,18.0,5.5,-0.62,-0.2067,-0.0033,-0.4875,-0.2036,0.1525,-0.2745,0.4106
2.0,2.2,2.0,3.2,4.5,7.8,8.5,26.2,22.7,-0.1523,-0.1717,-0.4031,-0.3319,-0.463,0.6429,0.0271,-0.1719
2.0,1.7,4.8,1.5,3.8,15.1,5.6,34.2,35.9,-0.5212,0.1235,-0.467,0.2625,0.4959,0.1139,-0.3914,-0.0034
2.0,2.3,1.1,1.5,1.9,3.5,20.0,39.0,33.2,-0.2094,-0.1252,-0.3376,0.1622,0.3695,-0.017,-0.7678,0.2297
2.0,1.2,2.7,3.4,5.0,18.3,4.1,22.1,20.2,-0.1748,-0.1826,-0.3134,-0.4637,-0.6028,0.4084,-0.2015,0.1739
2.0,1.6,3.4,3.3,4.9,21.0,7.0,14.9,17.0,-0.1228,-0.1975,-0.1484,-0.2747,-0.5629,0.302,-0.5666,0.247
2.0,1.9,4.0,3.4,2.4,2.1,4.3,32.4,23.8,-0.3794,-0.1215,-0.0529,-0.3382,-0.0628,0.6425,-0.4936,-0.2271
2.0,2.3,4.8,2.7,4.4,20.3,7.2,16.6,26.9,-0.8535,-0.0608,-0.2121,-0.0849,0.1259,0.3899,-0.0848,0.1521
2.0,3.3,1.4,2.8,1.1,20.8,19.3,24.2,26.7,-0.9707,0.1549,-0.039,0.0815,0.0428,-0.0454,0.0091,0.105
2.0,4.8,1.6,3.3,1.0,2.0,8.1,17.4,8.2,-0.1902,0.5735,-0.1649,-0.341,-0.4241,-0.4185,0.157,-0.3219
2.0,2.9,1.3,3.9,4.7,19.1,18.7,7.0,24.8,-0.8035,0.3261,-0.0312,0.1523,-0.0616,0.1222,-0.1431,-0.4205
2.0,4.3,3.7,4.2,4.9,5.1,19.9,7.8,30.4,-0.7018,0.0363,0.003,0.1505,-0.0865,0.0899,-0.0119,-0.6775
2.0,4.3,4.6,3.5,3.3,2.5,19.0,25.4,43.3,-0.7042,-0.2522,-0.1582,0.3485,0.1832,-0.1925,-0.2745,0.3399
2.0,1.1,1.6,4.8,1.6,11.7,13.2,31.6,32.9,-0.3492,-0.0995,-0.3661,-0.2533,0.3594,0.3413,-0.6406,0.01
2.0,2.1,2.2,4.0,3.2,10.9,12.4,35.8,41.6,-0.5316,-0.0751,-0.4347,0.2364,0.451,-0.1032,-0.4498,0.1938
2.0,4.6,2.0,4.6,4.7,17.9,20.5,6.7,15.3,-0.8454,0.2689,-0.009,0.1138,-0.033,0.0866,-0.1166,-0.4125
2.0,1.9,4.6,3.6,4.1,11.1,11.2,36.7,31.2,-0.3942,0.0002,-0.4752,0.0066,0.4846,0.1283,-0.5929,0.0394
2.0,2.0,3.4,1.3,4.3,12.2,15.0,8.0,24.7,0.068,0.3637,-0.2981,0.1788,-0.557,0.1811,0.1805,-0.5917
2.0,1.8,1.2,4.1,3.1,15.2,10.5,17.5,41.3,-0.7444,0.0639,-0.2536,-0.1351,0.172,0.4861,-0.1704,-0.2289
2.0,2.5,3.5,2.9,4.0,7.2,10.0,26.4,38.2,-0.5005,0.1254,-0.4379,0.0105,0.3852,0.3711,-0.4039,-0.2852
2.0,2.0,1.9,4.5,4.1,5.4,18.4,32.3,5.8,-0.6418,0.3378,0.0163,-0.5735,-0.2202,0.1888,-0.0653,0.2105
2.0,1.1,1.7,1.9,3.9,17.8,16.6,4.9,14.1,-0.4689,0.5993,-0.3123,-0.2644,-0.3325,-0.28,0.1537,-0.181
2.0,1.6,2.8,2.3,2.7,21.3,9.2,30.5,43.6,-0.8886,0.1445,-0.0491,0.3283,0.0894,-0.1728,-0.0466,0.1595
2.0,4.3,3.8,1.4,3.2,11.1,16.5,19.9,29.7,-0.2464,-0.0599,-0.4285,0.1654,0.4451,0.1372,-0.6959,-0.0339
2.0,2.1,3.1,4.5,1.3,7.9,20.4,9.7,20.1,-0.5496,-0.0649,0.0214,0.0716,-0.0903,0.041,0.1008,-0.8133
2.0,1.6,1.3,4.1,1.0,12.2,10.2,23.8,30.9,-0.1809,-0.1351,0.0777,-0.3081,-0.1313,0.4633,-0.7597,-0.1529
2.0,3.4,1.7,2.6,4.9,4.4,12.2,10.3,10.0,-0.5887,0.5379,-0.009,-0.2982,-0.1576,-0.3887,-0.0738,-0.2996
2.0,3.4,1.7,1.9,1.7,17.5,14.6,29.4,31.6,-0.889,0.04,-0.1987,0.2316,0.2129,-0.1045,-0.0684,0.2061
2.0,2.7,3.6,2.6,3.6,17.8,15.3,15.3,14.6,-0.2854,-0.2391,-0.0945,-0.2268,-0.2777,0.7262,-0.3883,-0.1255
2.0,1.9,2.2,4.7,1.3,22.0,12.1,32.1,31.1,-0.9775,0.0559,-0.0807,0.0633,0.0818,-0.0373,-0.0054,0.1106
2.0,4.0,4.2,3.4,3.1,7.3,7.9,24.5,12.1,0.0823,0.2765,-0.0965,-0.4948,-0.7812,0.0992,-0.1567,-0.0512
2.0,2.6,4.6,2.2,3.2,10.5,20.5,40.2,32.3,-0.8001,-0.2357,-0.0193,0.1172,0.034,-0.0779,-0.1621,0.4912
2.0,3.0,3.2,4.7,2.6,16.5,6.1,27.6,23.4,-0.7333,-0.2607,-0.194,-0.2391,0.1656,0.3867,-0.252,0.2181
2.0,2.6,2.0,2.9,2.0,19.0,13.2,18.7,41.5,-0.7082,0.0105,-0.434,0.1239,0.4385,0.0599,-0.264,0.1117
2.0,3.9,1.9,3.5,1.9,11.3,18.4,18.0,10.7,-0.1352,-0.0634,0.041,-0.0955,-0.4872,0.486,-0.1655,-0.6664
2.0,4.3,1.3,2.9,1.5,9.6,10.7,26.0,15.6,-0.1408,-0.2488,-0.0038,-0.2258,-0.3,0.595,-0.6064,-0.2002
2.0,4.8,2.0,4.4,2.1,14.3,20.9,25.8,41.0,-0.8532,-0.2545,-0.0811,0.1978,0.0879,-0.1248,-0.1397,0.3213
2.0,4.9,4.0,4.7,2.6,12.8,12.7,34.2,11.8,-0.5936,-0.035,-0.2605,-0.3361,0.2455,0.4905,-0.3883,-0.0385
2.0,3.2,1.6,3.5,2.2,10.3,15.2,37.3,12.4,-0.5475,0.0298,-0.1697,-0.367,0.154,0.5506,-0.426,-0.1208
2.0,4.2,4.2,3.3,1.3,4.3,19.2,18.9,43.8,-0.1706,0.0983,-0.3167,0.0027,0.3179,0.1481,-0.8,-0.2511
2.0,2.2,4.9,3.4,1.8,8.1,18.2,26.2,15.0,-0.2746,0.1505,-0.1476,-0.044,0.1033,0.2005,-0.502,-0.7496
2.0,4.8,4.0,1.0,3.0,4.0,2.3,38.5,38.7,-0.4344,0.2529,-0.4292,0.2771,0.4822,0.2302,-0.4089,-0.1374
2.0,2.5,3.1,4.8,4.7,13.9,3.8,21.6,10.1,-0.2747,0.4455,0.1966,-0.2922,-0.5038,-0.2711,-0.4588,-0.2318
2.0,1.9,2.4,2.2,1.5,12.6,12.7,36.3,21.9,-0.3757,-0.1421,-0.4177,-0.1159,0.4185,0.2618,-0.6091,0.1441
2.0,3.0,2.5,3.2,1.5,15.3,3.2,7.5,22.0,-0.6644,0.2451,-0.2357,0.1017,-0.2744,0.073,-0.1034,-0.5787
2.0,1.4,3.2,4.6,4.4,8.3,4.9,6.0,9.1,-0.7395,0.2689,0.0031,-0.3709,-0.0124,-0.3937,0.098,-0.2756
2.0,2.5,4.3,1.3,1.1,6.5,2.3,26.9,6.9,-0.0055,0.3135,0.0787,-0.5982,-0.5281,-0.1483,-0.4507,-0.1569
2.0,3.9,5.0,3.4,4.3,6.3,10.8,7.0,22.6,-0.1936,0.3373,-0.4551,-0.0175,-0.4909,-0.0497,0.4736,-0.4045
2.0,3.5,4.9,2.4,1.2,17.7,12.6,39.5,25.7,-0.9531,0.069,-0.0433,0.1253,0.0528,-0.0867,0.0006,0.2234
2.0,4.1,1.1,4.5,3.5,12.0,2.1,7.0,23.9,-0.5937,0.218,-0.4139,-0.008,-0.4369,-0.0349,0.1392,-0.4597
2.0,1.3,2.7,1.2,1.5,17.5,6.6,15.1,24.3,-0.1118,-0.3225,-0.2165,-0.1604,-0.3215,0.5723,-0.5827,0.1142
2.0,1.4,3.2,4.6,2.4,14.8,17.1,20.0,37.7,-0.3779,0.1076,-0.3426,-0.2079,0.327,0.3584,-0.5914,-0.2867
2.0,4.1,2.3,4.6,2.1,9.5,8.5,34.0,32.5,-0.5156,-0.1343,-0.4307,-0.1577,0.4296,0.2493,-0.4781,0.1371
2.0,3.4,3.1,1.9,2.1,2.5,11.0,6.7,34.3,-0.205,0.1647,-0.3053,0.2214,-0.397,0.1852,0.2109,-0.7369
2.0,1.2,3.7,4.4,1.4,17.8,10.0,12.4,23.0,-0.56,0.2621,0.0027,0.1364,-0.1396,0.0806,-0.3036,-0.686
2.0,1.5,1.6,1.8,1.1,9.0,14.1,17.8,40.3,-0.3739,-0.0749,-0.3882,-0.1535,0.2459,0.5666,-0.4354,-0.3032
2.0,4.8,2.3,4.0,2.6,5.0,6.2,14.4,7.3,-0.5618,0.4862,0.008,-0.3132,-0.1971,-0.4381,-0.0482,-0.3353
2.0,2.0,4.0,4.1,4.3,17.5,18.9,24.6,9.0,-0.3169,-0.0339,-0.3305,-0.0501,-0.0755,0.4865,0.1084,-0.6999
2.0,1.1,3.1,3.3,1.9,12.7,17.9,41.8,17.0,-0.1014,0.0425,-0.2922,-0.0116,0.2997,0.048,-0.8797,0.1264
2.0,1.8,1.3,3.7,1.9,17.4,5.7,35.4,10.1,-0.673,-0.2605,-0.0946,-0.255,0.0129,0.5273,-0.2773,0.1899
2.0,4.6,2.4,2.1,2.4,10.9,6.7,6.6,11.0,-0.5454,0.4454,-0.2155,-0.3216,-0.2698,-0.3555,0.0009,-0.388
2.0,3.4,1.3,3.3,3.5,2.4,21.8,4.1,43.7,-0.8169,0.2746,0.0029,0.1875,-0.029,0.154,-0.1002,-0.418
2.0,3.9,1.7,2.8,1.7,9.2,10.9,11.4,16.4,-0.2238,0.2448,-0.3583,0.0329,-0.5246,-0.0203,0.1006,-0.682
2.0,2.6,1.7,4.2,1.5,10.1,10.9,38.9,5.3,-0.5569,-0.1641,0.1028,-0.2949,-0.1933,0.6243,-0.3416,-0.0675
2.0,1.2,4.1,3.5,3.1,16.2,6.1,12.1,36.4,-0.2066,0.0643,0.2186,0.0504,-0.4694,0.3983,-0.5704,-0.4153
2.0,4.4,1.5,4.1,2.4,20.7,19.4,35.7,16.3,-0.9699,0.1924,-0.0266,0.0712,0.0303,-0.048,0.0095,0.0768
2.0,3.9,3.9,2.4,2.3,10.9,16.3,41.1,15.7,-0.2181,-0.0345,-0.385,0.0496,0.4036,0.0405,-0.7614,0.1855
2.0,3.8,4.3,2.3,2.6,3.4,6.3,31.0,36.9,-0.4618,0.0479,-0.4634,-0.0119,0.4086,0.3831,-0.4451,-0.2141
2.0,1.2,4.0,4.0,1.7,12.2,19.2,35.4,41.3,-0.7834,-0.322,-0.073,0.171,0.0812,-0.1176,-0.2088,0.4094
2.0,4.8,4.6,1.3,2.8,4.2,13.0,20.4,24.5,0.0847,-0.0328,-0.5227,-0.0737,-0.0397,0.5626,-0.0168,-0.6139
2.0,1.5,4.9,3.8,4.2,19.9,12.0,14.5,31.2,-0.4958,-0.1703,0.0238,-0.3552,-0.0632,0.5886,-0.4657,0.068
2.0,2.3,2.1,2.7,3.3,17.7,8.9,39.2,31.1,-0.7638,0.0235,-0.3636,0.174,0.3818,-0.0772,-0.196,0.2281
2.0,2.5,4.0,3.1,3.6,12.3,14.8,20.6,15.9,-0.1211,-0.1427,-0.2612,-0.2403,-0.3337,0.671,0.0064,-0.5055
2.0,3.6,4.0,3.8,2.2,18.0,4.2,12.3,39.4,-0.532,-0.3151,0.0362,-0.2324,-0.0846,0.469,-0.4354,0.3302
2.0,1.9,4.4,4.7,1.2,17.9,19.0,13.6,14.3,-0.5397,0.2743,0.1515,-0.104,-0.1653,0.1797,-0.3955,-0.6077
2.0,1.2,2.1,2.9,1.4,19.0,11.1,10.5,9.3,-0.3048,0.4031,-0.3223,-0.1071,-0.5287,-0.1764,-0.0935,-0.5431
2.0,3.2,1.5,5.0,3.5,12.3,9.4,22.7,34.6,-0.6918,-0.0918,-0.2125,-0.2828,0.1529,0.5304,-0.2594,-0.0682
2.0,2.5,4.3,4.4,1.9,16.0,13.5,33.6,38.6,-0.8047,-0.2383,-0.1769,0.226,0.183,-0.1571,-0.1866,0.3303
2.0,4.8,2.5,4.9,4.4,2.6,3.0,25.2,42.8,-0.6964,0.2143,-0.2789,-0.0223,0.2165,0.4073,-0.2102,-0.3545
2.0,1.4,3.1,2.6,3.3,3.1,8.7,18.6,6.9,-0.4178,0.5224,0.2077,-0.3142,-0.3591,-0.3567,-0.2636,-0.2821
2.0,4.5,4.8,4.8,4.9,10.4,16.2,32.1,5.5,-0.6718,0.4307,-0.1502,-0.5095,-0.1263,0.1181,0.0611,0.1885
2.0,2.4,3.6,2.7,3.2,16.8,12.3,23.7,27.5,-0.5806,-0.104,-0.4464,-0.0871,0.4143,0.3323,-0.3823,0.0416
2.0,2.8,2.1,4.9,3.2,20.7,2.5,40.6,21.9,-0.9492,0.1241,-0.1694,-0.0196,0.1734,0.0443,-0.0173,0.123
2.0,3.9,4.6,3.8,3.0,7.6,7.6,41.9,10.0,-0.6756,0.0388,-0.0202,-0.3666,0.0208,0.5529,-0.2994,-0.0007
2.0,4.4,3.0,3.0,3.1,18.1,9.2,32.9,17.0,-0.9012,0.085,-0.2488,-0.03,0.239,0.1939,-0.0639,0.1027
2.0,2.8,4.4,4.4,4.5,8.8,19.5,37.2,18.2,-0.1606,0.2615,-0.1984,-0.0335,0.2036,0.104,-0.8318,-0.3159
2.0,2.6,2.3,1.3,4.8,17.0,19.1,38.3,28.8,-0.8254,0.0356,-0.041,0.3537,0.1039,-0.2057,-0.0854,0.3312
2.0,3.9,4.3,2.7,2.8,8.7,10.3,25.3,36.5,-0.4541,0.0079,-0.4763,-0.0194,0.4448,0.3153,-0.4888,-0.1317
2.0,4.2,3.5,1.5,1.2,20.4,3.2,32.7,13.8,-0.874,0.4402,-0.1149,0.0564,0.0601,0.1068,0.019,0.041
2.0,3.7,3.7,3.8,1.8,11.1,2.5,41.2,40.3,-0.6745,-0.0587,-0.3977,0.1694,0.4096,-0.1096,-0.2972,0.2761
2.0,4.8,3.6,3.2,3.5,10.7,13.5,31.6,38.3,-0.6123,-0.1728,-0.3417,0.3205,0.3595,-0.1565,-0.3664,0.2718
2.0,4.5,4.0,3.3,1.3,21.1,11.6,41.5,13.5,-0.9496,0.2812,-0.0391,0.0543,0.0428,-0.039,0.0151,0.068
2.0,3.7,3.1,2.2,3.9,20.6,20.4,43.0,26.1,-0.9096,0.3927,0.012,0.0397,-0.004,-0.0235,0.035,0.086
2.0,1.2,1.9,2.3,2.5,10.9,14.9,10.9,18.3,0.0411,0.4383,-0.3293,-0.0605,-0.5937,-0.0963,0.2784,-0.4925
2.0,2.5,4.8,4.3,2.4,8.2,17.5,4.8,6.1,-0.5493,0.6927,-0.148,-0.1975,-0.1575,-0.2111,0.2614,0.1088
2.0,2.0,4.3,3.7,1.3,16.4,19.3,21.7,13.8,-0.0962,0.0978,-0.1768,-0.0436,0.1681,0.1248,-0.8514,-0.3931
2.0,1.7,4.6,4.7,2.7,4.9,16.8,36.1,43.2,-0.7495,-0.2342,-0.1602,0.2931,0.174,-0.2058,-0.2367,0.3542
2.0,3.3,4.4,3.1,4.1,14.7,16.0,39.8,23.3,-0.6401,-0.2422,-0.2306,0.2489,0.246,-0.1789,-0.3344,0.4403
2.0,1.4,3.4,1.0,4.8,13.8,4.1,9.9,40.6,-0.3635,0.2796,-0.5102,0.219,-0.0648,0.5561,0.1506,-0.3586
2.0,1.1,4.7,1.2,1.7,10.5,18.6,15.4,38.2,-0.0719,-0.0062,-0.2514,0.113,0.276,0.0976,-0.8623,-0.2535
2.0,4.9,4.7,2.2,1.5,20.6,3.7,28.5,39.7,-0.9072,0.3632,-0.0819,0.1289,0.0944,-0.0547,0.0035,0.052
2.0,4.8,2.7,4.1,3.9,6.8,15.1,12.8,6.9,-0.6217,0.5836,0.0133,-0.2171,-0.2169,-0.3581,-0.0677,-0.2016
2.0,4.7,4.4,1.2,3.5,11.8,12.4,30.8,17.5,-0.3205,0.0111,-0.6239,0.1121,0.1755,0.5584,-0.1488,-0.3298
2.0,1.5,2.8,1.1,3.2,19.5,21.9,7.7,21.4,-0.4542,0.4714,-0.0816,-0.0226,0.1178,0.1444,-0.5263,-0.4799
2.0,4.5,3.1,4.3,4.2,6.8,21.7,21.6,15.2,-0.3821,0.074,-0.0813,0.0097,0.0203,0.1314,-0.166,-0.8824
2.0,3.0,2.9,1.6,4.7,14.9,9.2,26.0,19.0,-0.4145,0.1456,-0.6897,-0.3384,-0.2379,0.3501,0.1371,0.0704
2.0,3.9,1.9,1.9,1.3,3.7,19.9,8.0,38.0,-0.4834,0.1037,0.0861,0.0974,-0.2021,0.2127,-0.1576,-0.7845
2.0,2.9,4.7,4.2,4.3,9.3,5.4,23.5,31.5,-0.6242,-0.1157,-0.238,-0.2266,0.0743,0.6192,-0.2182,-0.2033
2.0,4.2,1.9,2.1,4.9,13.9,11.5,4.9,7.6,-0.7146,0.4803,-0.0997,-0.2612,-0.119,-0.2783,-0.0714,-0.2834
2.0,1.8,1.9,4.2,4.7,6.3,20.6,13.4,37.8,-0.6957,0.1139,-0.103,-0.1894,0.0557,0.4611,-0.2068,-0.4263
2.0,3.2,1.4,3.7,2.1,4.1,20.5,28.7,4.4,-0.5187,0.5498,-0.113,-0.5506,-0.1901,0.1458,0.0725,0.1748
2.0,2.9,2.2,3.2,1.6,16.9,20.1,4.6,21.4,-0.8364,0.1979,-0.0066,0.0678,-0.0174,0.0571,-0.108,-0.4854
2.0,4.1,3.7,4.5,4.2,16.4,13.1,22.5,12.0,-0.5397,-0.3171,-0.2059,-0.2041,-0.1988,0.6563,-0.1827,0.0153
2.0,4.6,1.1,1.2,3.9,3.8,3.6,30.5,30.4,-0.2459,0.1487,-0.7663,-0.0283,-0.0948,0.4934,0.1085,-0.2256
2.0,5.0,1.4,1.1,3.5,3.4,6.3,39.3,27.6,-0.4289,0.0527,-0.5159,0.0841,0.2234,0.5901,-0.1813,-0.3007
2.0,3.6,4.1,3.7,4.3,14.2,16.9,17.4,25.3,-0.4681,0.119,-0.225,-0.2745,0.1944,0.4858,-0.477,-0.3499
2.0,4.1,1.9,4.5,1.4,14.6,11.6,12.2,34.8,-0.564,0.376,0.087,0.1189,-0.1516,0.0623,-0.3952,-0.5707
2.0,2.2,3.0,4.7,4.6,14.1,14.8,14.0,28.1,-0.4012,0.1598,0.2209,0.1312,-0.3958,0.2277,-0.3921,-0.6089
2.0,3.7,4.4,1.0,3.5,4.2,21.7,18.4,4.8,-0.3294,0.9285,-0.1135,-0.0769,-0.0002,0.006,0.0266,0.0097
2.0,1.6,1.4,1.3,1.3,9.4,9.4,19.0,43.9,-0.4373,0.1072,-0.5086,0.1673,0.3352,0.4451,-0.2991,-0.3075
2.0,4.4,2.2,1.6,1.2,5.8,16.3,35.4,22.4,-0.1408,-0.1245,-0.3544,-0.0014,0.3455,0.1964,-0.8098,-0.091
2.0,1.9,2.2,2.8,4.7,10.8,13.8,8.2,7.7,-0.6843,0.4869,-0.0278,-0.2821,-0.1123,-0.3518,-0.0411,-0.2692
2.0,4.9,2.0,3.8,2.3,11.7,19.9,16.9,4.6,-0.238,0.5345,0.0795,-0.5375,-0.5602,0.0571,-0.0241,0.1288
2.0,4.9,1.9,2.8,4.8,18.2,13.4,23.5,17.5,-0.8763,0.0663,-0.2791,0.0089,0.0708,0.3632,-0.0159,0.0404
2.0,3.6,3.1,2.9,2.8,16.1,7.6,19.8,28.0,-0.7127,-0.2274,-0.2394,-0.1873,0.1478,0.4725,-0.2367,0.1812
2.0,4.3,1.5,3.2,1.1,6.4,6.3,19.6,32.4,-0.1547,0.0507,0.145,-0.0632,-0.3385,0.3528,-0.6529,-0.5192
2.0,1.6,4.6,4.5,3.7,3.7,4.1,40.7,6.0,-0.3345,0.245,0.0846,-0.5893,-0.5443,0.1667,-0.1959,0.3052
2.0,2.6,1.7,3.0,4.9,15.3,18.8,21.2,24.4,-0.5113,-0.007,-0.3228,-0.1971,0.2126,0.5618,-0.3522,-0.3025
2.0,2.3,1.8,3.2,3.2,3.1,18.2,36.4,33.8,-0.2466,-0.042,-0.4173,0.055,0.4277,0.0714,-0.7416,0.061
2.0,1.2,4.1,3.7,2.0,16.5,13.0,8.0,42.2,-0.5822,0.327,0.1087,0.2113,-0.1827,0.1109,-0.3243,-0.5737
2.0,1.4,4.6,3.8,4.8,12.3,19.7,15.6,17.8,-0.2568,-0.0506,-0.161,-0.003,-0.0606,0.259,0.2286,-0.873
2.0,1.9,1.8,1.4,2.8,4.4,17.5,5.6,26.3,0.0805,0.3831,-0.367,0.0811,-0.4429,0.0557,0.4492,-0.5407
2.0,4.8,4.1,1.5,2.1,4.5,21.7,14.8,32.6,-0.1966,0.1899,-0.059,0.0299,0.0612,0.0671,-0.6639,-0.6753
2.0,2.1,2.2,3.5,2.4,9.0,7.8,38.5,20.9,-0.5059,0.0029,-0.2302,-0.3838,0.2331,0.4931,-0.4835,0.0397
2.0,4.7,3.6,1.7,4.7,3.1,12.6,24.7,6.8,-0.4097,0.3082,0.1331,-0.6524,-0.3723,0.1828,-0.2942,0.1622
2.0,2.5,4.3,4.5,4.1,7.4,3.4,31.5,26.9,-0.6291,-0.0909,-0.1858,-0.3026,0.1109,0.5851,-0.2974,-0.13
2.0,2.1,1.7,4.9,4.0,7.0,13.4,37.5,41.0,-0.4726,0.0131,-0.4809,0.1237,0.4938,-0.0124,-0.5122,0.1018
2.0,1.8,2.1,3.9,1.3,3.4,16.2,7.5,32.3,-0.5059,-0.059,-0.1178,0.1516,-0.1591,0.1174,0.1685,-0.7935
2.0,3.3,4.6,2.7,1.1,8.8,2.1,18.5,34.0,-0.0473,-0.0705,0.0872,-0.0563,-0.3592,0.3969,-0.7545,-0.3292
2.0,3.8,3.7,1.5,2.0,19.1,6.4,10.0,21.4,-0.448,-0.2793,-0.09,-0.0634,-0.1234,0.3409,-0.4326,0.5831
2.0,2.8,1.5,4.6,3.4,9.1,9.0,39.2,30.7,-0.539,0.0525,-0.4367,-0.1883,0.4436,0.2586,-0.4482,0.0722
2.0,4.7,2.3,4.9,3.9,3.1,20.0,17.3,29.2,-0.5767,0.0956,-0.073,-0.1556,-0.0025,0.3755,-0.2117,-0.656
2.0,3.3,4.9,3.7,1.5,16.0,3.7,5.3,38.8,-0.823,0.236,-0.0877,0.1659,-0.0964,0.1555,-0.0813,-0.4327
2.0,3.3,1.1,1.4,3.4,5.3,16.4,20.4,6.2,-0.2404,0.3968,0.2337,-0.5507,-0.4898,-0.0399,-0.4188,-0.0171
2.0,2.3,1.0,2.5,2.3,8.8,5.5,38.8,20.5,-0.5432,-0.0781,-0.1853,-0.3478,0.1717,0.5563,-0.4291,0.0931
2.0,2.1,4.2,2.3,1.4,3.9,19.0,14.3,42.5,-0.3056,0.2186,-0.2546,-0.05,0.2493,0.2567,-0.6223,-0.5037
2.0,4.5,3.0,2.1,4.4,8.4,15.3,15.9,17.6,0.1526,0.2939,-0.2447,-0.4834,-0.6757,0.3349,0.0712,-0.0526
2.0,2.2,4.8,2.2,2.7,17.1,4.9,33.5,15.3,-0.6896,-0.1546,-0.3711,-0.0972,0.0526,0.5629,-0.1215,0.0643
2.0,1.4,4.7,4.0,3.9,3.8,8.0,24.3,7.3,-0.4056,0.4856,0.2848,-0.3102,-0.4756,-0.2373,-0.3332,-0.1491
2.0,4.0,4.0,1.7,3.9,4.7,17.2,28.4,6.1,-0.5919,0.607,-0.2178,-0.4415,-0.0295,0.1349,0.0128,0.1014
2.0,3.9,4.0,2.8,3.1,15.5,9.7,38.1,35.7,-0.8451,-0.006,-0.1808,0.2859,0.2016,-0.1935,-0.1133,0.2663
2.0,1.2,3.1,2.9,4.0,17.7,15.1,43.1,22.7,-0.4312,-0.0404,-0.4514,0.087,0.4674,-0.0241,-0.5357,0.2714
2.0,3.6,1.2,2.1,1.8,21.8,11.5,8.5,5.2,-0.8797,0.0622,-0.1141,-0.1631,-0.0534,0.0588,-0.001,0.3599
2.0,2.9,1.6,3.7,1.2,17.1,13.3,4.5,8.1,-0.6606,0.1904,-0.3882,-0.0842,-0.3981,-0.0968,0.1298,-0.4203
2.0,4.2,4.9,4.5,4.5,16.2,15.0,41.6,26.9,-0.9106,-0.06,-0.0726,0.1757,0.0796,-0.1454,-0.0571,0.3019
2.0,1.4,4.8,2.1,3.4,21.9,3.0,13.8,29.6,-0.879,-0.0286,-0.1875,-0.0138,0.0371,0.3415,-0.0277,0.2109
2.0,2.4,2.9,2.7,1.7,7.2,10.7,11.8,6.2,-0.458,0.5789,-0.0148,-0.3364,-0.2414,-0.4336,-0.0469,-0.2964
2.0,1.3,2.3,1.0,1.8,19.7,5.6,5.6,32.2,-0.3119,0.5311,-0.11,0.2406,-0.2614,0.243,-0.4649,-0.436
2.0,3.2,1.9,4.2,2.7,13.0,14.3,5.8,41.9,-0.7757,0.24,-0.0185,0.2303,-0.1001,0.1571,-0.1009,-0.4855
2.0,2.9,4.0,2.1,4.9,21.0,12.5,10.4,25.7,-0.768,-0.1237,-0.0723,-0.1341,0.0652,0.3501,-0.1559,0.4214
2.0,4.0,2.4,3.4,2.6,7.2,17.1,16.5,5.7,-0.3802,0.6331,0.186,-0.2961,-0.4689,-0.2412,-0.1905,-0.0893
2.0,4.8,3.5,2.0,1.3,15.6,4.5,28.3,4.3,-0.6993,-0.0165,-0.2441,-0.5369,-0.1316,0.1552,-0.0849,0.3214
2.0,2.5,4.1,4.3,1.9,17.7,15.6,30.2,19.9,-0.6642,-0.3635,-0.2565,0.1397,0.2567,-0.0761,-0.3313,0.3752
2.0,2.4,2.3,2.2,1.0,18.7,5.5,30.3,20.3,-0.9087,-0.0741,-0.2062,-0.0275,0.1751,0.1817,-0.0652,0.2122
2.0,4.2,4.8,3.9,3.4,13.9,4.3,31.9,29.2,-0.7425,-0.0462,-0.3724,-0.1274,0.3613,0.2946,-0.2401,0.0881
2.0,4.8,5.0,4.8,1.6,10.9,15.4,23.4,13.4,-0.3899,0.133,-0.0496,-0.3044,0.0124,0.4509,-0.5293,-0.4873
2.0,3.6,2.7,4.5,3.9,11.4,5.5,15.0,16.7,-0.2411,0.4487,-0.285,-0.1081,-0.6075,-0.2108,-0.0584,-0.4693
2.0,1.5,2.9,2.3,4.3,17.3,12.8,5.6,34.9,-0.6728,0.2447,-0.1043,0.2845,-0.1445,0.2555,-0.0639,-0.5449
2.0,4.4,4.7,1.4,4.7,2.6,14.0,13.1,17.2,-0.0024,0.6814,-0.0317,-0.4766,-0.5186,0.1408,-0.0297,0.0753
2.0,4.3,4.4,2.7,4.7,10.6,22.0,34.1,18.6,-0.121,-0.3382,-0.0613,0.0562,0.0677,-0.0159,-0.8706,0.2647
2.0,1.4,1.8,2.6,2.9,13.3,15.0,18.2,29.2,-0.3395,-0.1588,-0.1645,-0.2737,-0.0697,0.6958,-0.3808,-0.3276
2.0,1.7,1.7,4.8,1.5,19.7,7.6,43.7,28.6,-0.909,-0.0298,-0.167,0.0932,0.1686,-0.0864,-0.0522,0.2974
2.0,2.0,1.9,2.1,4.8,17.6,5.7,6.8,11.1,-0.6629,0.493,-0.1168,-0.2496,-0.1719,-0.2885,-0.1097,-0.3352
2.0,1.7,3.5,1.5,2.6,5.7,17.9,16.0,34.1,-0.1965,0.0695,-0.3046,0.0334,0.227,0.3364,-0.5233,-0.6376
2.0,4.2,1.8,3.1,3.8,4.9,5.1,42.6,27.0,-0.6066,0.1928,-0.3337,-0.2791,0.3512,0.3755,-0.3621,0.0171
2.0,4.5,4.8,2.7,4.4,17.4,12.5,20.5,30.5,-0.743,0.0206,-0.4075,0.1419,0.4178,0.0346,-0.2241,0.1451
2.0,4.2,1.2,2.3,1.4,8.3,17.6,32.7,28.1,-0.2926,-0.2513,-0.4021,0.0128,0.3959,0.1354,-0.688,0.1562
2.0,3.6,4.2,2.7,3.2,21.5,9.1,43.0,11.7,-0.9027,0.3703,-0.1271,0.0067,0.1384,0.0327,0.0061,0.0639
2.0,4.7,2.6,2.6,1.8,3.9,19.9,24.7,21.3,-0.1599,0.0782,-0.1648,-0.0155,0.0993,0.2014,-0.5099,-0.7853
2.0,2.9,4.7,1.8,4.2,7.9,7.8,13.9,27.6,0.1518,0.0409,-0.2575,-0.2908,-0.6949,0.53,-0.1049,-0.1734
2.0,4.4,2.8,4.8,3.4,20.4,4.2,39.3,37.4,-0.962,0.1813,-0.0449,0.1211,0.0509,-0.0923,0.0017,0.0901
2.0,3.8,2.7,3.9,3.0,20.8,8.8,37.9,30.1,-0.9569,0.2157,-0.0671,0.0981,0.0727,-0.069,0.0051,0.0823
2.0,3.4,2.4,1.7,1.3,19.5,3.1,25.8,27.3,-0.93,0.2468,-0.1562,0.0459,0.1212,0.118,0.0092,0.0945
2.0,3.7,1.9,1.9,1.9,15.8,14.2,16.2,11.8,-0.0971,-0.2285,-0.2606,-0.2746,-0.5111,0.5611,-0.4323,0.0743
2.0,2.5,1.3,3.1,1.2,4.7,17.1,14.2,9.6,0.0304,0.5721,-0.2358,-0.1765,-0.534,-0.2267,0.3675,-0.3165
2.0,2.4,1.6,2.0,2.9,17.4,10.7,22.2,40.1,-0.615,0.1086,-0.4639,0.212,0.4703,0.1088,-0.3191,0.0214
2.0,4.0,4.1,1.0,4.8,4.0,18.8,39.9,41.4,-0.8476,0.2362,0.0967,0.3083,0.0049,-0.1649,0.0114,0.272
2.0,1.7,3.0,1.9,4.9,17.0,10.5,5.1,24.6,-0.4039,0.4199,-0.4788,0.0263,-0.4924,0.0158,0.2174,-0.3619
2.0,1.2,3.2,2.3,3.9,7.8,17.5,27.0,13.4,0.0032,0.6149,-0.4593,-0.4021,-0.2228,0.1897,0.3754,-0.051
2.0,4.1,2.8,2.2,4.4,11.0,6.7,32.2,6.7,-0.5418,0.0826,0.0146,-0.6506,-0.2467,0.2387,-0.2516,0.2948
2.0,4.4,2.4,3.5,4.6,4.7,6.9,36.1,8.5,-0.4128,0.1983,0.0995,-0.6443,-0.4104,0.1944,-0.2715,0.2763
2.0,3.5,2.9,3.9,3.8,10.8,15.4,41.5,20.2,-0.3561,0.1053,-0.4458,-0.1186,0.4562,0.1754,-0.6222,0.0772
2.0,3.9,3.5,2.6,2.9,16.5,12.4,8.4,20.0,-0.5542,0.3835,-0.0494,0.2166,-0.1919,0.1691,-0.3098,-0.5694
2.0,2.1,1.3,1.7,2.8,21.7,9.4,29.8,19.1,-0.8862,0.3403,-0.1894,0.0706,0.1287,0.163,0.0014,0.043
2.0,1.1,2.3,1.2,3.5,16.5,16.1,41.7,9.8,-0.2682,0.5377,-0.5691,-0.3924,-0.168,0.2224,0.2299,0.0885
2.0,4.9,4.1,1.6,3.8,20.9,8.0,33.4,39.9,-0.8328,0.5254,0.0357,0.1283,0.0001,-0.0573,0.0159,0.0406
2.0,1.3,1.0,1.3,1.4,12.3,21.9,16.8,4.3,-0.399,0.6092,-0.1913,-0.5696,-0.1461,0.2011,-0.0082,0.1424
2.0,1.2,3.1,1.3,1.7,9.2,2.1,18.1,35.8,-0.242,-0.2367,-0.5089,-0.1993,-0.1691,0.7115,-0.1549,-0.092
2.0,4.7,1.5,2.5,4.7,19.6,15.3,35.9,6.7,-0.8442,0.3621,-0.2615,-0.251,-0.0746,0.0191,0.0577,0.0948
2.0,3.5,1.6,1.4,3.0,6.9,10.4,4.9,18.0,-0.3437,0.5843,-0.3238,-0.3028,-0.3594,-0.3206,0.0956,-0.3112
2.0,3.7,3.5,3.7,1.1,21.0,13.2,13.7,40.8,-0.9501,0.005,-0.1068,-0.0676,0.1078,0.1273,-0.0257,0.1911
2.0,3.4,2.4,3.1,2.9,6.3,7.7,35.1,12.7,-0.2123,-0.2329,-0.2099,-0.2433,-0.4252,0.7245,-0.1388,-0.225
2.0,3.2,3.9,4.8,1.3,6.8,4.7,28.6,6.9,0.0382,0.1291,-0.0893,-0.0262,-0.8035,0.18,-0.1915,-0.4891
2.0,2.1,2.5,4.5,4.1,21.1,3.7,37.2,43.8,-0.932,0.0741,-0.0377,0.2431,0.056,-0.1581,-0.0341,0.1605
2.0,1.2,1.4,2.7,2.6,18.4,3.7,32.4,21.2,-0.7057,-0.2171,-0.259,-0.1848,0.1445,0.5,-0.2269,0.1323
2.0,2.1,4.2,2.9,5.0,8.9,13.1,5.5,7.4,-0.7392,0.4873,-0.0643,-0.2796,-0.0861,-0.3032,0.0075,-0.1757
2.0,1.6,1.9,4.4,3.2,8.7,18.8,10.6,5.7,-0.6964,0.5777,-0.0089,-0.1933,-0.1565,-0.316,-0.0036,-0.1153
2.0,2.6,3.8,2.8,3.0,7.9,19.6,16.3,38.1,-0.2099,0.1742,-0.2901,-0.0152,0.2925,0.1892,-0.7522,-0.3598
2.0,4.0,1.3,5.0,1.2,14.9,9.0,17.0,30.2,-0.1664,0.2135,0.1796,-0.0092,-0.2315,0.1465,-0.805,-0.3885
2.0,3.9,3.7,5.0,2.9,11.7,19.8,35.3,6.7,-0.5778,0.3012,-0.1455,-0.1054,0.1319,0.2579,-0.3714,-0.5494
2.0,1.8,4.6,3.2,3.4,19.0,2.4,6.6,18.7,-0.6514,0.3653,-0.3301,-0.095,-0.3621,-0.123,-0.0281,-0.4128
2.0,2.9,3.0,1.6,4.2,14.7,16.1,40.9,26.6,-0.5869,-0.0719,-0.297,0.3421,0.3444,-0.2024,-0.3481,0.3794
2.0,1.2,1.3,4.1,2.4,5.3,19.4,32.1,7.9,-0.0204,0.0705,-0.3601,-0.313,-0.458,0.4615,0.4394,-0.3336
2.0,3.3,1.9,3.5,3.9,15.9,10.6,7.9,41.8,-0.2933,0.0739,0.3301,-0.0059,-0.4102,0.418,-0.6056,-0.1684
2.0,2.7,1.8,2.7,3.0,20.4,17.0,11.8,40.4,-0.788,0.1524,-0.3214,-0.1151,0.3387,0.271,-0.1718,0.0646
2.0,3.1,1.7,1.4,3.4,8.7,21.1,37.5,16.2,-0.1805,0.1038,-0.2976,0.0909,0.244,0.2917,-0.582,-0.5861
2.0,4.7,4.1,4.6,4.5,3.9,21.4,15.3,6.9,-0.4266,0.8253,-0.0912,-0.1255,-0.0463,-0.0031,0.2789,0.1333
2.0,3.3,4.7,4.9,3.7,21.6,18.9,23.0,8.7,-0.9715,0.0926,-0.0411,0.1133,0.0448,-0.0708,-0.0051,0.099
2.0,4.3,3.2,1.4,2.9,15.1,9.5,25.5,23.4,-0.7251,0.0538,-0.4394,0.0813,0.3226,0.3597,-0.1536,0.0377
2.0,1.8,1.6,2.1,3.2,17.5,6.6,17.3,20.7,-0.1338,-0.2566,-0.2999,-0.3413,-0.5312,0.4657,-0.3908,0.1833
2.0,4.9,3.2,3.7,4.8,12.7,10.1,9.7,39.8,-0.5389,-0.1498,0.1228,-0.2206,-0.2158,0.6443,-0.3479,0.0131
2.0,2.0,1.0,2.5,4.7,10.3,9.9,9.5,38.3,-0.0269,0.1294,0.0146,0.162,-0.6889,0.4185,-0.2925,-0.4345
2.0,2.2,2.7,1.9,4.4,7.8,3.2,35.0,7.8,-0.3717,0.1684,0.1418,-0.6449,-0.3939,0.1917,-0.3865,0.2197
2.0,1.9,1.3,3.1,2.7,18.3,8.6,13.1,23.0,-0.0909,0.1799,0.0149,0.0998,-0.4414,0.2415,-0.7057,-0.415
2.0,4.0,4.5,2.6,3.1,13.1,10.8,41.9,42.8,-0.8475,0.0669,-0.0752,0.3252,0.1086,-0.2353,-0.0793,0.2884
2.0,1.8,2.5,3.0,3.6,16.0,2.2,7.9,6.8,-0.6807,0.3539,-0.011,-0.2944,-0.0968,-0.3668,-0.056,-0.4168
2.0,2.0,1.5,3.3,1.5,21.9,14.5,17.2,43.2,-0.885,0.0806,-0.2637,0.1573,0.2701,-0.0527,-0.0845,0.1233
2.0,2.7,4.8,3.6,4.6,4.0,17.2,17.5,26.8,-0.4157,0.0138,-0.1816,-0.0841,0.0089,0.417,-0.111,-0.7661
2.0,3.2,1.4,1.9,4.1,7.6,3.6,9.0,7.6,-0.5083,0.4342,0.0449,-0.3592,-0.1086,-0.4383,-0.0876,-0.4543
2.0,2.8,3.0,1.8,1.3,13.2,13.8,11.0,23.6,-0.2792,0.2205,0.0615,0.1268,-0.2454,0.2162,-0.5042,-0.6926
2.0,3.2,4.9,4.4,4.2,19.1,21.7,41.1,16.6,-0.9688,0.0183,0.0006,0.0199,0.0012,-0.013,0.0013,0.2254
2.0,4.6,4.4,5.0,1.9,10.4,18.4,22.8,34.0,-0.0864,0.007,-0.2521,-0.0395,0.2489,0.1111,-0.8974,-0.1585
2.0,2.7,1.3,3.0,2.1,18.9,4.1,30.7,22.0,-0.9149,-0.0373,-0.2004,-0.0596,0.1725,0.2166,-0.0606,0.1653
2.0,2.6,1.0,1.1,2.5,13.4,12.0,30.1,5.5,-0.4644,0.1437,-0.1078,-0.7006,-0.2296,0.2445,-0.2291,0.2926
2.0,4.8,3.6,2.5,4.2,5.4,8.6,37.5,12.5,-0.2015,0.2271,-0.4739,-0.5509,-0.4209,0.3556,0.1954,0.1341
2.0,2.8,2.7,1.1,1.2,13.2,9.0,4.7,43.4,-0.5209,0.451,-0.0104,0.3035,-0.1079,0.2794,-0.2733,-0.508
2.0,1.5,2.7,1.3,3.1,4.5,9.0,21.0,20.1,0.0932,0.3127,-0.3209,-0.6461,-0.5209,0.2837,-0.0592,0.0711
2.0,2.9,4.0,4.0,4.7,17.1,7.2,11.6,29.9,-0.3252,0.3136,0.1354,0.1999,-0.3515,0.2011,-0.5364,-0.5159
2.0,4.8,4.2,3.5,4.5,17.9,10.4,27.1,15.6,-0.8778,0.0186,-0.2502,-0.0549,0.1633,0.3468,-0.0678,0.0466
2.0,2.1,1.7,3.9,3.6,8.0,21.9,42.1,22.0,-0.0747,-0.066,-0.1981,0.0481,0.2042,-0.0192,-0.9066,0.2379
2.0,4.7,4.1,4.6,1.2,4.2,16.2,41.3,12.0,-0.2057,0.3171,-0.2204,-0.1423,0.2242,0.1791,-0.7889,-0.2617
2.0,3.9,2.8,1.3,2.2,9.4,7.0,42.0,9.9,-0.2245,0.0073,-0.582,-0.2905,-0.3329,0.6055,0.125,0.0515
2.0,2.7,3.7,3.6,2.2,14.5,5.5,30.8,5.0,-0.3695,0.0121,0.0422,-0.6617,-0.416,0.1671,-0.3433,0.305
2.0,2.0,4.0,2.6,4.4,5.8,12.9,5.8,36.7,-0.4957,0.1139,-0.2112,0.3111,-0.2638,0.2719,0.1391,-0.6539
2.0,4.8,2.8,4.0,3.4,15.3,16.0,13.1,28.6,-0.2659,0.1483,0.2785,-0.1649,-0.3094,0.3518,-0.7085,-0.2425
2.0,2.2,2.9,4.4,2.6,16.6,21.4,12.8,25.9,-0.5527,0.3458,-0.0553,-0.0703,0.0506,0.1311,-0.407,-0.6071
2.0,1.2,1.8,1.5,3.7,20.3,10.2,15.5,20.5,-0.3803,-0.1795,-0.4741,-0.3248,-0.3523,0.4966,-0.1306,0.2719
2.0,3.9,2.6,2.6,4.5,17.3,12.0,10.8,41.2,-0.8039,0.2311,-0.1954,-0.0967,0.2097,0.4077,-0.1343,-0.1042
2.0,4.9,2.4,3.0,4.4,3.6,17.3,11.6,35.1,-0.3713,-0.0695,0.1069,-0.1441,-0.3432,0.63,-0.2652,-0.4673
2.0,4.7,4.2,2.7,1.7,13.2,4.3,39.5,12.9,-0.7637,-0.1124,-0.2287,-0.213,0.2208,0.3934,-0.2097,0.2207
2.0,3.7,4.5,2.8,1.4,6.3,2.2,15.5,43.3,-0.5736,-0.1625,-0.2519,-0.1641,-0.0345,0.6886,-0.1501,-0.1697
2.0,2.6,2.5,3.2,1.3,11.2,3.8,38.4,37.9,-0.6261,-0.1189,-0.4338,0.0242,0.4428,0.0588,-0.358,0.2572
2.0,1.6,4.1,3.5,2.0,5.5,17.2,11.9,22.0,-0.2571,-0.0277,0.0242,0.1165,-0.2559,0.1235,0.137,-0.8996
2.0,4.2,2.7,1.6,2.3,19.7,19.0,25.4,9.0,-0.8108,0.1811,-0.2452,0.3195,0.2754,-0.1139,-0.1022,0.1501
2.0,3.4,2.3,3.4,2.6,7.7,6.8,31.5,16.5,-0.3219,-0.2494,-0.0481,-0.2754,-0.2269,0.6936,-0.4208,-0.1788
2.0,4.4,4.3,4.3,3.9,9.0,21.4,4.5,4.8,-0.5875,0.7333,-0.0534,-0.0601,-0.0645,-0.0752,0.2425,0.1771
2.0,3.7,2.7,3.9,2.4,7.4,11.7,34.8,24.4,-0.3867,-0.0012,-0.344,-0.2807,0.3386,0.4014,-0.6008,-0.0643
2.0,2.7,3.5,3.3,1.8,13.4,18.7,5.5,11.5,-0.3623,-0.0871,-0.1628,0.1557,-0.182,0.1369,0.348,-0.7888
2.0,4.6,4.9,4.6,1.6,8.0,15.3,18.6,17.7,-0.4589,0.1262,0.1603,-0.0926,-0.2337,0.2676,-0.331,-0.7027
2.0,2.4,2.4,2.4,1.0,10.8,14.4,6.9,27.0,-0.5359,0.0646,-0.1099,0.158,-0.1516,0.1344,-0.0211,-0.7892
2.0,1.1,2.6,2.2,1.8,7.3,19.6,43.1,35.8,-0.5367,-0.2932,-0.1256,0.1781,0.1392,-0.1413,-0.4122,0.5923
2.0,3.9,2.7,3.6,4.9,2.1,8.6,26.7,37.9,-0.601,0.1366,-0.3548,-0.022,0.2386,0.4673,-0.2462,-0.385
2.0,3.1,2.0,3.2,3.9,11.0,15.9,37.5,29.9,-0.4356,-0.0788,-0.4644,0.0951,0.4776,0.0265,-0.5481,0.1846
2.0,2.3,3.8,2.1,4.7,14.1,20.9,8.3,37.9,-0.6517,0.4263,-0.0754,-0.1541,0.1068,0.2955,-0.3309,-0.3751
2.0,2.8,1.8,4.9,4.7,5.6,5.9,31.6,30.0,-0.6822,-0.0031,-0.221,-0.2603,0.1597,0.5312,-0.2553,-0.19
2.0,3.6,2.0,4.2,3.5,14.2,8.6,27.2,41.9,-0.5628,0.0714,-0.4851,0.1061,0.4882,0.1093,-0.41,-0.0165
2.0,4.0,3.2,1.2,3.2,18.3,6.5,17.2,31.0,-0.8015,0.3358,-0.2945,0.1189,0.2684,0.2367,-0.0453,0.0464
2.0,3.4,1.9,4.4,4.2,4.5,11.2,32.3,19.4,-0.5054,-0.1561,-0.0872,-0.2798,-0.1149,0.676,-0.2658,-0.283
2.0,1.1,1.4,4.2,1.1,16.8,17.6,11.3,22.5,-0.6076,0.1856,0.0134,0.1177,-0.1182,0.0663,-0.2079,-0.7158
2.0,1.2,3.3,1.0,3.9,13.7,16.0,19.6,11.1,-0.3188,0.5803,-0.3623,-0.5718,-0.1164,0.2232,0.0238,0.1624
2.0,3.3,4.3,1.6,3.9,3.5,3.8,18.2,43.7,-0.3721,0.2485,-0.4725,0.272,0.1215,0.4997,-0.0979,-0.4652
2.0,2.5,4.9,1.6,3.1,2.1,3.7,16.2,5.8,-0.3164,0.4727,0.2048,-0.3989,-0.2558,-0.4349,-0.2246,-0.4064
2.0,3.3,1.5,3.3,2.7,3.4,4.2,5.1,24.8,-0.3667,0.332,-0.4197,-0.2474,-0.4345,-0.2633,0.3595,-0.3537
2.0,4.9,2.7,5.0,4.0,19.6,15.5,12.1,18.2,-0.3169,-0.3301,0.0959,-0.1244,-0.1246,0.2537,-0.6673,0.4169
2.0,2.6,4.3,1.8,1.1,7.5,9.4,5.6,23.5,-0.2092,0.0855,-0.3323,0.104,-0.3485,0.0937,0.2952,-0.7757
2.0,3.2,2.0,3.8,2.3,6.6,12.5,31.8,6.6,-0.1394,0.3049,-0.035,-0.639,-0.6294,0.1475,-0.0913,0.1875
2.0,1.1,3.0,3.7,3.3,2.9,18.9,33.8,22.2,-0.3092,0.2497,-0.2012,-0.0821,0.1891,0.2191,-0.6307,-0.5463
2.0,1.6,2.1,3.6,3.4,10.2,7.2,37.7,12.0,-0.4066,-0.2526,-0.0954,-0.2158,-0.3043,0.7304,-0.2007,-0.1646
2.0,1.4,2.8,3.1,1.0,12.4,2.7,5.3,9.1,-0.4687,0.2409,-0.1818,-0.4227,-0.1988,-0.4407,0.2391,-0.4633
2.0,2.7,4.8,4.1,3.1,16.6,21.2,31.4,41.7,-0.9786,0.0138,0.0048,0.0685,0.0034,-0.0336,-0.0027,0.1616
2.0,3.8,4.0,4.8,3.4,14.5,16.8,12.2,17.1,-0.5813,0.2167,0.1119,0.1595,-0.2128,0.0962,-0.2626,-0.6656
2.0,2.5,4.0,1.4,1.9,8.6,12.4,6.2,14.3,-0.0372,0.632,-0.3804,-0.1686,-0.4418,-0.1918,0.3039,-0.3034
2.0,1.9,4.5,4.7,3.9,18.9,9.4,4.6,4.0,-0.8554,0.2792,-0.0399,-0.2394,-0.0517,-0.2584,-0.004,-0.2435
2.0,3.7,3.9,4.2,1.5,12.7,5.2,8.6,20.1,-0.6771,0.1204,-0.2157,0.1321,-0.2433,0.1059,-0.0104,-0.6219
2.0,4.3,4.8,2.1,5.0,21.2,20.6,22.2,30.4,-0.9011,0.4194,0.012,0.0304,-0.0023,-0.0105,0.02,0.0463
2.0,3.6,3.5,4.1,1.7,13.2,20.9,16.4,12.1,-0.502,0.229,-0.0657,-0.0432,0.0452,0.1376,-0.3527,-0.7291
2.0,2.1,3.4,3.0,4.0,16.9,16.1,16.1,25.5,-0.4655,-0.0275,-0.1384,-0.3216,0.0675,0.6184,-0.441,-0.2446
2.0,3.7,3.9,1.7,1.7,2.8,5.5,29.9,29.1,-0.243,-0.2072,-0.3694,-0.1972,0.0893,0.66,-0.4238,-0.2918
2.0,4.2,1.9,1.2,4.6,18.6,20.8,29.5,10.2,-0.4019,0.214,-0.5617,0.2634,0.2152,0.4399,-0.15,-0.2938
2.0,2.8,3.6,4.1,4.8,9.7,12.1,23.7,17.4,-0.0339,-0.1147,-0.2567,-0.3211,-0.6148,0.586,0.073,-0.2628
2.0,2.1,4.0,3.4,1.9,12.9,2.8,32.0,41.4,-0.5952,0.0206,-0.4791,0.0293,0.4783,0.1682,-0.3816,0.0194
2.0,1.6,3.7,1.1,1.2,16.4,7.1,38.2,35.6,-0.7428,0.0341,-0.3001,0.2962,0.3442,-0.127,-0.1793,0.2959
2.0,2.7,2.3,4.5,3.0,21.6,14.8,11.9,32.9,-0.9258,-0.0984,-0.0544,-0.0822,0.0498,0.1568,-0.0549,0.2579
2.0,3.3,1.7,4.3,1.4,2.4,10.1,14.9,19.3,-0.2389,0.0533,-0.2186,0.1338,-0.3792,0.0681,0.2113,-0.8201
2.0,2.5,3.5,4.2,1.9,5.4,6.8,21.5,27.7,-0.2052,0.0203,0.1939,-0.085,-0.3739,0.3784,-0.5754,-0.5348
2.0,2.8,1.2,2.5,4.1,16.6,16.8,35.8,33.6,-0.7392,-0.0458,-0.2965,0.318,0.3202,-0.1693,-0.2228,0.2601
2.0,3.1,4.2,2.8,3.6,4.5,2.9,39.4,21.5,-0.6126,-0.0051,-0.1787,-0.3037,0.1466,0.5923,-0.3347,-0.0651
2.0,4.8,1.8,1.1,4.0,10.8,12.0,9.7,29.3,0.0945,0.1786,-0.1025,0.0536,-0.626,0.5258,-0.4227,-0.2763
2.0,4.1,4.0,1.9,4.6,9.1,21.2,5.4,20.6,-0.3337,-0.054,-0.0486,0.1276,-0.0876,0.1083,0.2209,-0.8834
2.0,4.0,4.0,2.8,3.5,14.8,21.1,25.3,17.2,-0.2747,-0.4536,-0.1101,0.1169,0.1177,-0.0463,-0.7145,0.3646
2.0,4.9,4.3,2.8,2.6,17.0,13.0,18.1,9.7,-0.5555,-0.2989,-0.2743,-0.1727,-0.1611,0.6174,-0.2025,0.1572
2.0,1.1,2.3,2.0,3.4,14.0,6.1,6.1,35.6,-0.3638,0.308,-0.3588,0.2487,-0.4504,0.2024,0.1114,-0.563
2.0,4.0,2.9,4.2,2.3,5.9,4.5,23.2,14.1,0.0348,0.1785,-0.1454,-0.004,-0.7439,0.1205,-0.1612,-0.5808
2.0,3.9,2.4,1.0,2.0,9.0,2.1,10.5,24.9,-0.0103,0.4272,-0.2922,-0.1032,-0.6119,0.0066,-0.3935,-0.4251
2.0,2.6,3.7,4.5,3.4,17.6,4.5,40.7,23.9,-0.8008,2.9487e-05,-0.3539,-0.0801,0.3608,0.1232,-0.1745,0.2055
2.0,4.9,4.0,4.1,2.8,10.8,19.6,39.3,25.0,-0.6976,-0.3662,-0.0635,0.1141,0.0689,-0.0856,-0.2904,0.502
2.0,2.5,3.1,3.1,3.7,2.8,18.2,25.7,11.5,-0.0672,0.659,-0.356,-0.4192,-0.2326,0.1557,0.4002,0.0076
2.0,1.8,4.0,2.3,4.1,12.2,3.1,13.4,18.5,-0.2045,0.5688,-0.1085,-0.2872,-0.5257,-0.2943,-0.2397,-0.3338
2.0,3.3,2.9,2.9,1.5,20.8,15.0,9.0,14.1,-0.0522,0.0554,0.0997,-0.0206,-0.1264,0.1398,-0.9187,0.1273
2.0,3.7,2.0,1.2,2.4,5.6,13.0,8.0,32.9,-0.0491,0.2419,-0.1806,0.2362,-0.5031,0.3039,-0.0871,-0.696
2.0,3.3,1.9,4.3,2.3,7.3,21.1,34.6,13.0,-0.31,0.3143,-0.166,-0.0856,0.162,0.1754,-0.6629,-0.5057
2.0,2.5,4.0,1.2,4.0,14.9,12.2,29.1,14.6,-0.2303,0.3763,-0.7202,-0.3575,-0.1813,0.2731,0.1862,0.0208
2.0,3.3,2.4,2.7,3.2,2.3,21.6,19.9,27.6,-0.2141,0.1116,-0.1328,0.0121,0.0822,0.1629,-0.4666,-0.8098
2.0,3.6,4.5,3.6,3.2,14.6,17.2,42.0,9.8,-0.3148,0.2504,-0.3967,-0.1108,0.4108,0.1806,-0.6607,-0.0625
2.0,2.0,4.6,1.2,4.1,6.9,16.8,23.3,7.7,-0.4776,0.7011,-0.2803,-0.4085,-0.0164,0.1269,0.0284,0.0879
2.0,1.3,2.5,4.0,5.0,21.5,6.8,39.5,33.0,-0.8453,0.0298,-0.2722,0.2139,0.2837,-0.1408,-0.1261,0.1833
2.0,2.2,3.6,4.6,1.3,10.4,8.3,22.6,9.6,-0.1258,0.0959,-0.0143,0.1266,-0.5729,0.2065,-0.2586,-0.7114
2.0,5.0,3.3,3.1,4.1,2.5,4.2,6.2,9.4,-0.6324,0.3626,0.007,-0.4028,-0.0225,-0.433,0.0884,-0.3279
2.0,2.6,4.0,3.3,3.1,2.5,4.5,13.2,42.5,-0.6179,-0.0157,-0.3432,0.0255,-0.0548,0.5863,0.0604,-0.3664
2.0,1.3,2.8,3.7,2.2,9.8,21.8,23.5,41.2,-0.4711,-0.4806,-0.1189,0.157,0.1247,-0.0835,-0.52,0.4173
2.0,5.0,1.7,3.9,3.2,10.7,20.2,42.8,30.1,-0.8038,-0.2062,-0.0943,0.1728,0.101,-0.1462,-0.1632,0.4497
2.0,3.6,2.4,1.4,2.1,11.6,13.5,20.5,35.0,-0.454,-0.0283,-0.4987,0.0937,0.472,0.2802,-0.4664,-0.0232
2.0,3.2,3.6,4.9,1.6,7.6,9.2,22.7,36.3,-0.4147,-0.0841,-0.0415,-0.3958,-0.0058,0.5795,-0.5292,-0.1768
2.0,4.8,4.0,4.7,1.9,6.8,13.4,14.3,38.5,-0.4595,0.1614,0.2824,-0.0491,-0.3528,0.2917,-0.4392,-0.5109
2.0,3.5,3.2,3.5,4.6,8.0,6.9,6.4,28.6,-0.3787,0.2914,-0.4774,0.0282,-0.5062,-0.0004,0.3239,-0.4175
2.0,3.8,3.1,3.9,3.3,6.8,15.9,42.6,8.7,-0.7428,0.2687,-0.0974,-0.2814,0.1104,0.406,-0.2398,-0.2004
2.0,2.6,4.7,2.1,2.5,19.3,20.8,34.7,36.9,-0.96,0.2225,0.0139,0.0484,-0.002,-0.0209,0.0272,0.1282
2.0,3.2,1.5,4.1,1.1,2.1,21.2,19.3,6.5,0.1499,0.4238,-0.2122,-0.262,-0.3124,0.2033,0.6614,-0.2818
2.0,1.2,2.6,4.9,2.2,19.8,6.8,38.6,5.3,-0.7684,-0.198,-0.0423,-0.2065,-0.0415,0.5162,-0.1648,0.1155
2.0,2.5,3.9,4.0,4.8,12.7,5.1,18.8,34.7,-0.6788,-0.1008,-0.2483,-0.1527,0.0331,0.6145,-0.1244,-0.1947
2.0,4.1,4.2,3.5,2.0,10.5,4.2,41.4,42.1,-0.6763,-0.0507,-0.3468,0.2667,0.3645,-0.1903,-0.2881,0.2931
2.0,4.6,2.8,3.9,4.0,14.7,18.5,42.5,13.4,-0.4305,-0.0897,-0.4236,0.1173,0.4343,-0.0696,-0.5392,0.3162
2.0,4.5,2.5,3.6,2.4,18.5,14.9,25.1,6.2,-0.7748,-0.0959,-0.384,-0.067,-0.1396,0.4456,0.0274,0.0442
2.0,4.3,5.0,1.2,1.6,16.9,14.8,29.5,26.9,-0.9288,0.2311,0.0084,0.1778,0.0261,-0.0908,0.0243,0.1754
2.0,3.2,4.8,3.0,4.4,13.3,13.4,22.7,23.7,-0.4775,-0.0089,-0.3455,-0.1863,0.2404,0.5453,-0.3849,-0.3158
2.0,4.8,3.5,5.0,2.3,6.3,5.7,22.5,14.0,-0.144,0.1287,-0.0602,0.1496,-0.5906,0.175,-0.1979,-0.7104
2.0,3.4,1.1,2.8,2.5,19.0,5.3,32.1,23.2,-0.931,0.0982,-0.2011,-0.015,0.188,0.1566,-0.0321,0.1167
2.0,3.2,3.8,2.2,4.6,12.1,16.2,9.9,35.5,-0.4821,0.0446,0.0987,-0.2596,-0.1389,0.6467,-0.4109,-0.2452
2.0,2.9,3.0,2.4,1.6,7.7,16.5,11.2,15.8,0.0447,0.1189,-0.1539,0.12,-0.4175,0.1198,0.3023,-0.8075
2.0,1.4,2.9,3.2,2.9,2.1,22.0,34.9,20.8,-0.1504,0.2321,-0.0753,0.0025,0.0762,0.0514,-0.8096,-0.4869
2.0,1.3,4.3,2.0,2.0,7.7,7.7,22.1,20.1,0.2039,-0.0635,-0.2188,-0.2529,-0.6009,0.501,-0.163,-0.434
2.0,3.9,4.7,4.3,2.1,9.3,13.3,35.2,15.9,-0.3099,0.0936,-0.3211,-0.2482,0.3168,0.353,-0.6782,-0.1742
2.0,3.0,4.6,4.3,2.2,8.9,10.2,40.9,12.9,-0.5149,0.1724,-0.2079,-0.3982,0.2144,0.4681,-0.4725,-0.0587
2.0,3.5,3.0,1.3,2.9,12.1,14.6,13.6,43.8,-0.4294,0.34,-0.3817,0.1921,0.4662,0.2169,-0.4571,-0.1691
2.0,3.6,3.4,2.7,2.5,12.6,16.5,35.7,22.9,-0.4688,-0.3222,-0.3005,0.1921,0.3118,-0.0935,-0.5205,0.3919
2.0,1.6,2.3,2.7,2.1,17.6,8.0,33.5,30.3,-0.7118,-0.1157,-0.41,0.0093,0.4098,0.1346,-0.2709,0.1999
2.0,1.7,2.8,4.1,4.3,2.3,7.8,17.7,27.3,0.0537,0.087,-0.07,-0.0224,-0.7822,0.2907,-0.0513,-0.5182
2.0,2.3,2.9,4.6,2.9,21.9,14.1,22.2,37.9,-0.954,0.072,-0.1161,0.151,0.1198,-0.0913,-0.0245,0.1089
2.0,2.8,2.8,1.1,2.7,5.0,11.2,19.4,10.6,-0.0674,0.4588,0.0199,-0.641,-0.5114,0.0526,-0.3107,0.052
2.0,4.8,1.5,1.1,3.4,16.8,15.5,7.3,12.1,-0.2931,0.7164,-0.2101,-0.0887,-0.4097,-0.1045,-0.3058,-0.2575
2.0,3.9,3.1,2.3,1.4,16.4,5.1,27.5,24.1,-0.8781,-0.1119,-0.2383,-0.0434,0.1943,0.2305,-0.0943,0.2169
2.0,1.8,1.9,4.4,4.7,4.6,7.9,34.1,31.2,-0.6507,0.09,-0.2794,-0.2286,0.2454,0.4715,-0.3047,-0.2318
2.0,4.3,3.8,1.6,2.6,12.6,4.2,13.7,38.4,-0.6624,0.0167,-0.3463,-0.0557,0.1762,0.6034,-0.1503,-0.0535
2.0,3.1,4.1,4.1,4.5,14.7,4.5,39.1,38.8,-0.6509,-0.0191,-0.392,0.2566,0.4105,-0.1566,-0.321,0.2211
2.0,2.8,1.8,1.7,2.8,7.2,15.2,34.2,26.2,-0.3493,0.0132,-0.4435,-0.0336,0.3968,0.3894,-0.5525,-0.2234
2.0,3.5,4.0,3.3,3.6,6.2,9.9,6.1,20.6,-0.2605,0.4257,-0.4386,-0.1642,-0.4663,-0.1901,0.4233,-0.3014
2.0,1.5,4.3,1.1,4.1,11.1,21.5,26.2,8.9,-0.0054,0.9633,-0.1695,-0.0764,-0.0271,0.0071,0.1445,-0.0056
2.0,2.1,2.6,1.3,3.3,5.7,9.2,36.5,37.0,-0.4055,0.1502,-0.4591,0.2171,0.4937,0.1955,-0.4966,-0.1104
2.0,4.4,1.0,3.3,2.4,4.5,19.0,29.4,37.3,-0.3054,-0.026,-0.4514,-0.0087,0.4387,0.2067,-0.6634,-0.0971
2.0,2.2,4.5,2.4,3.9,6.8,18.9,9.3,39.0,-0.6508,0.2191,-0.0888,-0.1834,0.091,0.444,-0.2842,-0.4298
2.0,4.3,4.0,4.1,4.3,19.8,18.7,12.0,15.4,-0.6396,-0.1923,-0.1173,-0.321,0.1204,0.4052,-0.3455,0.3138
2.0,4.5,4.0,3.7,4.7,10.0,14.9,21.2,10.2,-0.2174,0.3782,-0.0647,-0.6664,-0.5215,0.175,-0.0287,0.2023
2.0,4.3,3.8,4.7,2.2,2.2,8.2,12.1,20.6,-0.2095,0.102,-0.3486,0.0789,-0.432,0.0184,0.4123,-0.6725
2.0,4.8,3.6,2.2,3.0,21.2,9.4,18.4,17.9,-0.9082,0.3811,-0.0797,0.0279,0.0512,0.0923,0.0175,0.0481
2.0,4.5,3.5,1.1,2.4,15.8,20.9,39.1,12.6,-0.8798,-0.0236,0.0201,0.1804,0.0228,-0.102,-0.0384,0.393
2.0,3.4,4.2,3.7,2.6,12.0,3.1,12.1,39.4,-0.2335,-0.1416,0.1941,-0.1082,-0.4106,0.5543,-0.5889,-0.1247
2.0,2.2,1.6,1.5,1.5,18.2,13.2,22.0,32.5,-0.786,-0.0218,-0.3763,0.1234,0.3667,0.1087,-0.1678,0.1862
2.0,2.0,1.3,1.9,4.9,7.4,18.6,38.8,31.7,-0.3394,0.1196,-0.4473,0.1105,0.476,0.1615,-0.6157,-0.086
2.0,2.5,2.5,4.1,3.4,14.9,13.6,29.6,40.1,-0.5672,-0.1151,-0.4367,0.2339,0.4445,-0.073,-0.4158,0.1718
2.0,2.7,1.2,1.6,3.4,12.5,2.1,18.5,37.2,-0.5564,0.0923,-0.5241,0.0841,0.1062,0.5619,-0.0561,-0.2379
2.0,4.6,3.2,4.2,4.4,2.0,6.2,36.4,38.1,-0.5362,0.2109,-0.422,-0.08,0.4327,0.2574,-0.4433,-0.1532
2.0,3.4,5.0,2.3,4.1,8.2,9.6,38.0,4.9,-0.6483,0.2378,-0.0315,-0.5823,-0.1629,0.2588,-0.1322,0.2556
2.0,5.0,1.1,2.8,4.6,6.4,17.4,38.0,12.7,-0.1913,0.1053,-0.5577,-0.3307,-0.3969,0.4844,0.3021,-0.1292
2.0,1.6,1.9,1.4,3.6,9.4,19.1,15.7,34.4,-0.3114,0.101,-0.3776,0.0595,0.274,0.437,-0.4226,-0.5313
2.0,3.4,1.8,3.1,1.3,11.9,6.0,36.1,40.2,-0.6655,-0.1173,-0.4178,0.1332,0.4271,-0.0222,-0.3187,0.2353
2.0,1.2,4.6,3.9,3.6,19.2,20.3,28.1,37.5,-0.8996,-0.2315,-0.0212,0.1254,0.0299,-0.0713,-0.0938,0.3005
2.0,5.0,3.7,3.5,2.0,8.1,15.1,37.5,6.2,-0.4923,-0.0948,-0.2342,-0.1502,-0.0617,0.6296,-0.0539,-0.492
2.0,2.6,3.0,2.7,2.4,3.0,3.3,7.5,37.0,-0.2719,0.2658,-0.3564,0.1961,-0.5015,0.1289,0.1417,-0.6267
2.0,1.4,4.7,4.9,2.3,3.0,18.5,5.2,14.2,0.0341,0.2825,-0.1963,-0.0016,-0.2022,-0.0105,0.8705,-0.2642
2.0,3.5,4.4,3.4,4.3,5.3,7.3,34.3,33.8,-0.5228,0.1379,-0.4221,-0.0912,0.416,0.3302,-0.4439,-0.1772
2.0,3.4,4.9,1.4,3.9,20.7,17.2,12.2,14.4,-0.7867,0.278,-0.312,0.0049,0.3584,0.1643,-0.1006,0.1313
2.0,2.8,2.7,3.2,2.5,8.7,7.4,31.4,23.9,-0.4693,-0.1464,-0.2182,-0.3273,0.1466,0.593,-0.4613,-0.077
2.0,1.6,1.5,4.0,2.1,19.3,14.2,36.7,41.5,-0.8716,-0.0769,-0.1508,0.2537,0.1616,-0.1843,-0.1076,0.2552
2.0,4.6,1.5,1.2,1.2,9.7,9.5,12.6,13.6,-0.0151,0.3911,-0.2752,-0.195,-0.6109,-0.0974,-0.3131,-0.491
2.0,3.7,3.6,4.6,3.5,2.1,7.8,7.3,18.1,-0.3932,0.4871,-0.3203,-0.3138,-0.3494,-0.3467,0.3631,-0.1642
2.0,4.3,2.9,4.0,3.5,7.6,21.7,5.4,6.1,-0.4852,0.7718,-0.0744,-0.0733,-0.1055,-0.1054,0.3082,0.1661
2.0,2.5,2.5,4.1,2.3,17.3,17.2,28.9,8.1,-0.6053,-0.0817,-0.2288,-0.2713,0.1213,0.5887,-0.286,-0.196
2.0,1.3,4.4,3.6,3.3,16.5,16.4,19.9,32.4,-0.3121,0.0953,-0.3541,-0.1471,0.3381,0.3223,-0.6472,-0.2998
2.0,3.3,3.5,3.1,3.7,2.2,14.4,8.0,15.2,-0.3277,0.7192,-0.2247,-0.2349,-0.3044,-0.2899,0.2863,-0.0625
2.0,2.8,1.6,1.5,3.4,4.5,6.4,25.4,18.4,-0.0458,0.205,-0.2595,-0.7118,-0.501,0.2412,-0.182,0.1674
2.0,4.3,1.7,4.3,2.2,3.9,21.6,6.6,37.9,-0.7815,0.0518,-0.0011,0.1173,-0.0575,0.0739,-0.025,-0.5963
2.0,4.3,1.5,3.5,4.5,10.6,12.0,13.1,40.0,-0.7559,0.0092,-0.2101,-0.0734,0.059,0.5547,-0.0771,-0.2187
2.0,4.5,4.1,1.4,2.5,10.4,6.5,41.0,11.5,-0.3866,-0.0441,-0.5777,-0.1326,-0.1767,0.6588,0.0631,-0.0529
2.0,2.5,2.3,4.1,4.0,9.0,7.0,12.4,32.1,-0.2753,0.1957,-0.0716,0.2604,-0.514,0.1979,-0.1694,-0.684
2.0,1.7,3.6,2.9,1.4,4.7,19.9,6.0,29.1,-0.4234,-0.09,-0.0398,0.0864,-0.0674,0.0665,0.2089,-0.8621
2.0,2.2,4.8,3.4,3.0,12.9,2.8,40.5,32.4,-0.6237,0.0369,-0.4541,-0.0637,0.4674,0.1496,-0.3499,0.1604
2.0,3.5,4.8,2.3,2.7,12.2,15.3,12.2,30.2,-0.3211,0.0926,0.1474,-0.2407,-0.189,0.5062,-0.5906,-0.3884
2.0,3.1,2.8,2.2,2.8,13.1,9.7,36.8,37.4,-0.6564,-0.0403,-0.357,0.3065,0.3884,-0.1499,-0.3019,0.2635
2.0,2.9,4.3,3.7,4.8,11.5,3.2,14.9,12.3,-0.4786,0.5355,0.0038,-0.2548,-0.32,-0.3774,-0.2026,-0.3572
2.0,4.7,1.2,3.1,3.6,19.1,18.3,40.3,39.1,-0.9451,0.2529,0.0005,0.1326,0.014,-0.0865,0.0154,0.1067
2.0,3.2,2.2,4.5,4.6,10.7,11.4,12.8,11.5,-0.572,0.5467,-0.09,-0.2687,-0.2618,-0.3888,-0.0248,-0.2611
2.0,3.0,2.5,4.6,1.2,11.5,20.7,19.5,19.5,-0.4045,0.2751,-0.0733,-0.077,0.0594,0.1458,-0.5054,-0.6766
2.0,3.7,1.9,3.8,3.0,8.1,18.4,20.7,28.5,-0.4134,0.0806,-0.19,-0.2634,0.1261,0.4958,-0.4729,-0.4663
2.0,3.4,4.9,3.5,3.2,15.1,19.1,5.3,11.9,-0.5897,-0.0573,-0.077,0.1531,-0.0915,0.1376,0.1318,-0.7478
2.0,1.8,4.3,1.5,4.4,7.4,18.9,40.7,18.2,-0.2359,0.1982,-0.2128,0.068,0.2126,0.2193,-0.6159,-0.5968
2.0,3.7,2.6,1.8,4.5,18.0,13.0,17.4,12.3,-0.6189,0.0745,-0.4311,-0.4737,-0.21,0.2116,0.0157,0.309
2.0,4.9,1.5,1.3,3.6,8.2,2.6,13.1,32.8,-0.1796,-0.0743,-0.4752,-0.301,-0.4126,0.6599,-0.0851,0.1019
2.0,4.1,3.0,4.6,1.8,18.7,9.7,11.3,17.5,-0.4207,0.4611,0.0452,0.1011,-0.1319,0.0609,-0.5584,-0.4918
2.0,4.0,2.2,4.6,2.5,6.3,16.9,6.7,20.7,-0.3655,-0.0871,-0.2509,0.1455,-0.2711,0.1225,0.4146,-0.7107
2.0,3.3,4.6,1.4,3.2,17.7,6.6,34.6,41.8,-0.816,0.2559,-0.0245,0.4028,0.1048,-0.2117,-0.0509,0.1894
2.0,2.5,1.3,3.3,4.0,8.7,9.4,4.9,38.2,-0.5226,0.1503,-0.3418,0.2636,-0.3605,0.2427,0.2112,-0.5268
2.0,1.3,2.4,3.9,1.7,4.1,17.3,19.2,30.0,-0.3944,0.0733,-0.0161,-0.2227,-0.0711,0.427,-0.3675,-0.675
2.0,1.2,2.0,1.0,4.8,5.9,21.7,21.4,15.2,0.0741,0.8962,-0.3237,-0.151,-0.0523,0.042,0.1977,-0.0306
2.0,3.4,4.2,3.8,1.4,4.3,20.1,37.3,35.1,-0.3343,-0.4288,-0.088,0.0817,0.0924,-0.0511,-0.6616,0.4717
2.0,1.9,1.4,2.8,1.0,2.7,21.9,20.4,30.8,-0.2111,0.122,-0.1083,-0.0207,0.0694,0.141,-0.513,-0.7925
2.0,2.5,3.1,1.2,4.4,10.9,21.6,12.9,23.8,-0.1706,0.0887,-0.1395,0.084,0.0885,0.1923,-0.3942,-0.8433
2.0,4.8,2.0,4.3,2.8,4.4,13.7,40.8,6.8,-0.6159,-0.1489,0.0213,-0.2382,-0.156,0.6342,-0.1808,-0.2399
2.0,3.0,3.1,3.4,3.1,6.1,17.9,40.1,30.1,-0.3062,-0.252,-0.2793,0.15,0.2904,-0.0974,-0.6756,0.4156
2.0,2.9,2.7,4.8,3.4,5.2,16.3,16.2,25.0,-0.3561,0.013,0.1784,0.0312,-0.4093,0.3009,-0.2063,-0.7261
2.0,3.6,4.7,4.2,4.1,13.1,2.9,19.4,17.4,0.0692,0.0944,-0.112,-0.1882,-0.782,0.1614,-0.4856,-0.2134
2.0,4.6,3.6,1.4,4.2,2.7,18.2,34.7,5.0,-0.6252,0.646,-0.2146,-0.3449,0.0073,0.108,0.0162,0.077
2.0,4.3,4.3,3.1,1.7,14.4,11.9,43.0,26.2,-0.8749,-0.0844,-0.1249,0.1642,0.1324,-0.1359,-0.0819,0.3645
2.0,2.2,3.7,4.5,1.3,16.6,12.0,29.1,30.7,-0.5936,-0.3491,-0.3487,-0.0112,0.3445,0.0809,-0.4014,0.3199
2.0,1.9,4.1,1.5,3.5,6.7,19.9,11.1,43.3,-0.3026,0.3537,-0.3361,0.0871,0.4124,0.1352,-0.6429,-0.1673
2.0,4.0,1.4,4.8,3.6,3.1,20.7,20.0,41.3,-0.518,0.2217,-0.3328,-0.1184,0.3164,0.341,-0.4432,-0.3532
2.0,2.4,2.5,4.3,4.0,9.4,10.9,19.0,12.8,-0.1843,0.5894,-0.0272,-0.2895,-0.6042,-0.3147,-0.1094,-0.2175
2.0,3.7,3.8,3.3,3.4,17.1,2.4,14.5,40.0,-0.8195,0.0807,-0.2361,-0.1055,0.1879,0.4351,-0.1198,-0.0549
2.0,3.1,2.0,1.9,1.4,19.7,12.4,36.1,40.9,-0.9201,0.2826,-0.0234,0.1904,0.0481,-0.1121,0.0094,0.1149
2.0,3.7,3.3,2.3,4.6,3.1,12.4,36.5,34.4,-0.389,0.1418,-0.4519,0.0682,0.4687,0.2155,-0.5646,-0.1445
2.0,4.0,3.5,2.1,3.9,16.1,3.2,6.2,10.6,-0.6453,0.5207,-0.134,-0.2027,-0.2006,-0.2438,-0.1635,-0.3497
2.0,1.2,2.4,4.6,3.8,8.9,21.9,4.1,7.8,-0.5657,0.7057,-0.0797,-0.0917,-0.0846,-0.0995,0.3041,0.2137
2.0,2.1,4.4,1.2,4.6,8.9,18.7,14.3,11.1,-0.2449,0.8353,-0.2962,-0.3242,-0.044,0.1188,0.1255,0.0674
2.0,4.6,1.4,4.8,1.7,17.5,11.7,40.1,34.0,-0.9523,0.0108,-0.105,0.1231,0.1086,-0.1019,-0.0244,0.1945
2.0,3.7,1.7,2.1,3.0,4.4,5.0,14.1,20.2,-0.0477,0.5396,-0.1873,-0.2967,-0.5944,-0.2671,-0.1304,-0.3649
2.0,1.7,2.0,2.2,3.3,16.6,14.8,14.3,11.1,-0.0807,0.5294,0.0114,-0.3773,-0.6267,-0.1752,-0.328,-0.1583
2.0,2.0,1.8,3.0,3.9,4.7,19.9,30.7,20.7,-0.3233,0.075,-0.2635,-0.0648,0.1324,0.3928,-0.3502,-0.7086
2.0,3.6,2.0,4.9,2.0,8.5,14.3,18.6,11.7,-0.1695,0.0998,-0.095,0.1707,-0.5491,0.1402,0.0151,-0.7662
2.0,3.3,3.9,4.9,3.6,16.8,8.8,12.9,21.0,-0.404,0.3337,0.0497,0.1953,-0.2815,0.1337,-0.4688,-0.5932
2.0,2.3,4.2,3.4,2.7,2.3,6.3,22.5,37.3,-0.5533,-0.0563,-0.3128,-0.1794,0.1361,0.6016,-0.2414,-0.3316
2.0,4.2,2.7,4.6,1.4,8.6,20.5,35.0,18.0,-0.0497,-0.1703,-0.1453,0.0259,0.1465,0.0088,-0.9453,0.108
2.0,1.8,3.4,2.5,4.0,12.0,17.8,22.8,35.8,-0.2438,-0.0677,-0.4289,0.1397,0.4316,0.1034,-0.7135,-0.0578
2.0,1.1,3.3,3.3,4.7,17.3,19.5,37.3,30.1,-0.6726,-0.3517,-0.1253,0.2208,0.1386,-0.1456,-0.3171,0.4444
2.0,1.8,3.6,3.1,1.9,5.4,6.5,43.1,10.9,-0.5352,0.1394,0.0312,-0.4424,-0.0174,0.5413,-0.437,0.0424
2.0,1.1,3.2,2.6,1.3,20.9,17.4,31.6,21.9,-0.8916,-0.1904,-0.0741,0.1509,0.0808,-0.0925,-0.0954,0.3082
2.0,3.2,2.7,4.1,1.1,13.9,14.8,11.7,12.2,-0.5865,0.1452,-0.0567,0.172,-0.178,0.1116,-0.1284,-0.7298
2.0,1.1,4.5,2.5,1.4,17.0,12.2,32.5,14.4,-0.3439,-0.1033,-0.3747,-0.2067,0.34,0.4188,-0.6096,-0.0795
2.0,3.1,3.3,4.5,1.1,4.6,16.1,33.3,33.3,-0.0983,-0.1057,-0.2778,-0.0396,0.2764,0.0991,-0.893,0.0111
2.0,4.8,2.3,2.7,4.0,18.8,10.9,9.4,6.4,-0.3919,0.5977,0.0636,-0.1083,-0.286,-0.1827,-0.4912,-0.3124
2.0,4.9,3.7,1.6,4.2,18.6,7.4,36.3,7.8,-0.7955,0.4444,-0.293,-0.2448,-0.043,0.0358,0.0609,0.1017
2.0,1.8,2.9,1.7,3.9,7.1,3.5,14.2,39.5,-0.3722,0.1329,-0.5928,0.0598,-0.1162,0.5646,0.1516,-0.3458
2.0,2.0,1.3,4.3,1.2,3.7,7.6,13.2,14.2,-0.1671,0.212,-0.374,-0.0695,-0.4837,-0.1369,0.37,-0.6194
2.0,1.5,2.1,1.1,2.0,12.2,4.6,10.1,9.1,-0.2134,0.4938,-0.021,-0.4088,-0.3153,-0.4122,-0.2389,-0.4578
2.0,2.1,4.4,4.8,1.0,16.8,8.6,35.9,19.8,-0.673,-0.3152,-0.2972,-0.0703,0.2971,0.1115,-0.3226,0.3694
2.0,3.3,4.6,3.3,2.7,9.5,19.2,42.0,5.4,-0.6873,0.3388,-0.1068,-0.0578,0.1107,0.2491,-0.2689,-0.4793
2.0,1.2,3.7,3.6,3.0,17.8,15.7,7.4,32.4,-0.7441,0.2081,-0.0019,0.1606,-0.0796,0.1071,-0.1364,-0.5774
2.0,2.3,3.9,1.9,2.7,2.6,18.7,36.7,41.8,-0.7767,-0.1723,-0.0619,0.3147,0.1065,-0.1852,-0.1814,0.404
2.0,1.1,4.1,1.7,4.8,12.9,9.8,21.8,40.9,-0.4314,0.2098,-0.4392,0.2182,0.3765,0.3599,-0.3652,-0.3339
2.0,1.0,2.4,3.2,1.0,8.6,19.2,31.2,19.7,-0.1071,0.1199,-0.1762,-0.0534,0.1666,0.14,-0.8401,-0.4155
2.0,1.3,2.4,3.4,1.5,21.2,20.7,32.1,7.5,-0.7162,-0.335,-0.1525,0.2053,0.1579,-0.1279,-0.2739,0.3816
2.0,1.2,3.9,3.1,1.7,4.3,13.7,18.6,27.6,-0.2353,-0.0248,0.0429,-0.1814,-0.2263,0.4663,-0.3276,-0.7221
2.0,2.0,4.0,4.4,3.1,17.3,21.1,22.1,39.0,-0.7924,-0.3612,-0.0462,0.1296,0.0522,-0.0791,-0.2033,0.3865
2.0,4.1,1.6,2.4,4.8,19.5,2.0,13.4,41.0,-0.7909,0.3287,-0.262,-0.0233,0.2886,0.2835,-0.1318,-0.0586
2.0,4.2,1.8,1.9,2.3,19.1,18.5,30.3,24.4,-0.9369,0.2478,-0.0286,0.1595,0.047,-0.0864,0.0139,0.1209
2.0,1.8,1.8,3.4,3.6,5.5,7.7,42.8,31.2,-0.5083,0.1931,-0.4221,-0.199,0.4362,0.2668,-0.4626,0.0207
2.0,2.3,1.8,4.2,3.5,10.9,19.5,38.0,40.1,-0.7695,-0.2059,-0.1552,0.2762,0.1685,-0.2022,-0.2119,0.3689
2.0,1.2,1.5,4.4,2.6,11.4,16.5,4.3,17.5,-0.2339,0.1988,-0.4369,-0.1043,-0.4428,-0.1131,0.6038,-0.3459
2.0,3.0,2.5,3.8,3.6,18.8,15.0,16.1,5.4,-0.2321,0.0691,0.1957,-0.5166,-0.4904,0.072,-0.5642,0.2059
2.0,3.5,2.4,4.9,1.5,21.3,3.1,22.9,19.9,-0.9849,0.0622,-0.0393,-0.0123,0.0262,0.0654,0.0021,0.0975
2.0,3.6,1.1,2.9,3.0,3.7,7.7,10.8,36.2,-0.1033,0.2054,-0.1087,0.2064,-0.626,0.2386,-0.1522,-0.6359
2.0,2.3,4.6,2.7,4.6,5.8,19.6,24.8,27.1,-0.1392,0.1098,-0.198,0.0304,0.1738,0.1632,-0.7053,-0.5949
2.0,4.4,4.4,3.8,1.9,12.3,4.1,43.1,13.1,-0.7088,-0.0572,-0.2279,-0.3158,0.2365,0.3694,-0.2644,0.2669
2.0,2.9,4.4,2.8,4.4,9.0,12.7,9.3,26.4,-0.2196,0.1626,-0.2427,0.2472,-0.4472,0.1795,0.1721,-0.7288
2.0,1.3,5.0,2.3,1.1,16.1,4.4,34.6,30.8,-0.6513,-0.2269,-0.3737,-0.067,0.3655,0.2118,-0.3332,0.2787
2.0,2.6,2.1,4.0,4.6,13.8,21.3,28.5,36.7,-0.7432,-0.3333,-0.1161,0.2383,0.1265,-0.1437,-0.2484,0.3807
2.0,2.2,3.9,3.0,3.9,3.6,18.4,18.6,40.0,-0.3096,0.1705,-0.3764,0.017,0.3765,0.2357,-0.6407,-0.3194
2.0,2.8,4.4,1.6,1.3,3.9,5.5,30.0,5.7,-0.1319,0.3814,0.1284,-0.6194,-0.53,-0.0346,-0.3826,-0.0092
2.0,2.8,1.5,2.1,1.4,13.4,2.1,14.1,16.4,-0.0737,0.2869,-0.2063,-0.1049,-0.5625,-0.0331,-0.4901,-0.5368
2.0,1.3,3.3,3.0,2.7,3.9,20.4,34.8,43.9,-0.9023,-0.0942,-0.0214,0.2321,0.0464,-0.1341,-0.0717,0.2754
2.0,3.8,1.5,1.0,1.9,11.6,3.9,6.1,7.7,-0.4323,0.4948,-0.1331,-0.3372,-0.2322,-0.3651,-0.1716,-0.4626
2.0,3.9,2.1,3.4,3.2,9.1,7.2,32.8,10.0,-0.142,0.0523,-0.243,-0.6179,-0.6178,0.2866,-0.0963,0.2148
2.0,4.3,2.4,4.9,1.1,11.5,2.0,19.2,19.1,-0.3348,0.2809,0.0647,0.1108,-0.233,0.1033,-0.5551,-0.639
2.0,2.9,3.0,4.1,4.8,12.4,21.5,32.9,34.6,-0.841,-0.2913,-0.0346,0.1333,0.0431,-0.0814,-0.1516,0.3746
2.0,3.5,4.4,2.3,2.2,9.6,9.5,8.1,42.0,-0.3254,0.279,0.1798,0.2238,-0.3344,0.2866,-0.4745,-0.5362
2.0,3.2,2.6,5.0,4.5,17.2,6.0,36.5,15.2,-0.8547,-0.0687,-0.1483,-0.2071,0.1295,0.3829,-0.1252,0.1122
2.0,2.4,4.1,1.1,1.9,16.9,11.5,40.4,23.9,-0.7699,0.0735,-0.2187,0.3161,0.2667,-0.189,-0.1253,0.3381
2.0,4.4,3.1,3.2,4.8,17.8,14.2,21.1,5.1,-0.7603,0.0475,-0.1004,-0.5173,-0.1016,0.1724,-0.0909,0.2869
2.0,3.6,3.9,3.6,2.6,14.9,4.8,17.4,29.8,-0.3525,-0.3476,0.0213,-0.236,-0.158,0.5349,-0.5751,0.1883
2.0,3.3,2.4,1.6,4.4,9.9,20.6,25.7,19.6,-0.0092,-0.0165,-0.356,0.1134,0.1548,0.328,-0.3848,-0.74
2.0,4.6,3.0,3.0,1.3,14.4,3.3,35.4,39.5,-0.8249,-0.0404,-0.3209,0.1631,0.3299,-0.0577,-0.1527,0.2089
2.0,3.1,2.8,1.1,1.6,5.9,2.1,37.0,14.2,0.0384,-0.0782,-0.452,-0.4288,-0.5171,0.5213,-0.2058,0.0648
2.0,1.2,5.0,1.3,4.5,3.2,2.7,28.5,29.5,-0.1561,0.2925,-0.773,-0.2232,-0.1923,0.3612,0.2192,-0.1195
2.0,3.4,4.2,4.8,3.4,15.5,6.3,10.1,38.5,-0.3368,0.2866,0.2429,0.1546,-0.3427,0.1751,-0.5845,-0.4508
2.0,3.0,2.4,3.6,1.1,19.3,6.0,43.6,27.2,-0.9517,0.0994,-0.1158,0.0705,0.1188,-0.0589,0.0009,0.2026
2.0,1.3,4.8,2.8,2.1,10.1,2.9,33.3,9.9,0.025,0.0964,-0.1763,-0.5172,-0.743,0.2495,-0.2457,0.0247
2.0,3.9,3.2,4.0,4.4,2.0,2.2,29.2,36.4,-0.6607,0.0925,-0.3204,-0.0973,0.2198,0.4875,-0.2232,-0.3129
2.0,3.7,1.2,4.8,3.4,14.7,14.5,26.5,16.8,-0.5751,-0.2941,-0.0815,-0.3001,-0.0312,0.5816,-0.352,0.0931
2.0,3.6,4.1,4.8,4.6,19.7,17.5,19.4,16.7,-0.7355,-0.1102,-0.3852,-0.0685,0.3831,0.1671,-0.2543,0.1695
2.0,3.1,3.9,2.5,3.8,19.4,15.5,10.2,31.9,-0.508,-0.1436,-0.0262,-0.347,0.0381,0.5042,-0.461,0.3123
2.0,4.3,3.4,2.5,4.4,20.6,20.0,14.4,23.1,-0.9439,0.1817,-0.0335,0.1384,0.0463,-0.0938,0.0115,0.1669
2.0,3.8,4.8,4.3,1.1,19.3,14.4,28.5,17.3,-0.9542,-0.0877,-0.0968,0.0939,0.0976,-0.0574,-0.0369,0.1968
2.0,1.4,2.2,1.0,3.6,20.2,4.9,8.1,18.3,-0.1504,0.6293,-0.1616,-0.125,-0.4574,-0.0753,-0.4966,-0.2441
2.0,1.9,3.1,1.0,1.0,19.3,8.3,26.7,29.4,-0.8705,0.174,-0.2589,0.1744,0.2636,0.0371,-0.0414,0.161
2.0,3.2,1.7,2.3,2.8,17.1,13.6,32.2,28.8,-0.7987,-0.0105,-0.3429,0.1933,0.3532,-0.0388,-0.1673,0.202
2.0,2.2,1.2,3.0,3.4,17.1,9.0,42.2,15.8,-0.7912,0.067,-0.2237,-0.2523,0.2378,0.3694,-0.1727,0.1533
2.0,3.0,4.8,4.7,5.0,6.9,3.4,32.7,14.3,-0.082,-0.0651,-0.2747,-0.4385,-0.7078,0.444,0.0209,0.0349
2.0,2.3,3.8,2.3,1.1,13.7,16.7,34.7,43.0,-0.861,-0.1603,-0.0643,0.2462,0.0868,-0.1475,-0.1151,0.3342
2.0,4.5,2.9,3.5,4.8,3.3,11.1,25.4,20.3,-0.0093,-0.0119,-0.3837,-0.4047,-0.5588,0.5377,0.1804,-0.1914
2.0,2.7,1.5,4.1,2.4,17.7,19.6,22.7,5.3,-0.2298,-0.0107,-0.4318,-0.4863,-0.5311,0.4101,0.1635,0.0577
2.0,4.8,2.4,1.4,2.8,18.7,21.7,18.0,20.1,-0.9354,0.2413,0.0222,0.1012,0.0017,-0.0517,0.039,0.189
2.0,3.8,2.7,1.5,1.2,13.5,12.8,36.0,33.3,-0.8318,-0.0712,-0.1806,0.2698,0.2066,-0.1499,-0.1242,0.3234
2.0,1.4,3.1,4.7,4.8,8.3,12.7,20.3,21.3,0.0037,-0.0307,-0.0226,-0.082,-0.7288,0.4138,0.0013,-0.5202
2.0,2.2,1.1,4.3,3.6,17.3,11.6,5.5,18.2,-0.6272,0.2245,-0.4162,-0.0731,-0.4272,-0.088,0.1569,-0.3943
2.0,4.3,4.5,3.9,1.7,19.9,20.4,38.0,14.8,-0.9798,0.1389,0.0018,0.0227,0.0006,-0.0126,0.0144,0.1135
2.0,1.5,2.8,2.5,4.3,9.4,2.0,25.3,39.9,-0.5495,0.1393,-0.437,0.0965,0.2192,0.4918,-0.1845,-0.379
2.0,3.2,3.6,3.4,3.4,19.0,16.2,10.1,26.8,-0.1768,0.2533,0.2424,-0.063,-0.2508,0.2043,-0.8087,-0.2177
2.0,1.3,4.5,1.9,2.0,9.1,7.4,23.3,22.4,0.0347,-0.2144,-0.2515,-0.2514,-0.3736,0.664,-0.2848,-0.3859
2.0,1.7,3.5,3.9,2.8,11.5,2.3,11.7,7.0,-0.6193,0.3817,0.0184,-0.3173,-0.1247,-0.4266,-0.0369,-0.4088
2.0,2.6,3.7,3.4,2.9,9.1,10.0,35.9,11.0,-0.4478,-0.1841,-0.157,-0.2271,-0.1823,0.726,-0.1809,-0.2764
2.0,1.7,2.8,4.1,3.7,6.6,9.4,13.3,26.3,-0.1871,0.185,-0.2462,0.1815,-0.556,0.0939,0.1417,-0.6986
2.0,1.3,3.0,4.0,2.9,15.1,2.0,25.7,37.8,-0.6814,0.0008,-0.3398,-0.1755,0.2807,0.4601,-0.2624,-0.1391
2.0,1.6,2.7,3.0,3.1,7.6,10.8,15.3,17.9,0.038,0.5004,-0.2268,-0.1753,-0.6834,-0.1613,0.1299,-0.3799
2.0,4.1,3.9,2.0,3.5,18.3,20.5,15.7,41.8,-0.9377,0.1771,0.026,0.1684,0.0067,-0.0924,0.0159,0.193
2.0,3.8,1.9,4.8,2.8,11.9,13.9,8.0,42.1,-0.6509,0.2943,0.1172,0.252,-0.2198,0.1109,-0.2423,-0.5255
2.0,2.3,2.7,4.9,3.6,18.3,14.8,41.5,17.0,-0.6657,-0.0796,-0.4204,0.0362,0.4262,-0.0027,-0.3117,0.2764
2.0,2.3,4.9,1.8,4.6,10.8,5.3,13.9,42.4,-0.5445,0.236,-0.3584,0.1935,0.1273,0.5132,-0.0866,-0.4281
2.0,3.6,2.7,1.0,4.3,21.6,15.9,33.2,15.1,-0.7047,0.6194,-0.1457,0.2142,0.1932,-0.0214,-0.0214,0.0292
2.0,3.3,2.0,3.3,1.1,16.8,12.2,36.5,29.7,-0.8967,-0.1195,-0.1801,0.1221,0.1846,-0.076,-0.0871,0.2785
2.0,1.9,3.6,2.8,3.3,15.3,6.1,6.4,25.7,-0.4781,0.2494,-0.4025,0.118,-0.4468,0.0852,0.114,-0.5525
2.0,3.6,3.3,3.9,1.9,10.6,18.8,12.6,43.8,-0.6474,0.2504,-0.1987,-0.2084,0.1962,0.4001,-0.3255,-0.3389
2.0,2.7,4.3,1.6,1.5,14.5,12.3,24.1,14.3,-0.3331,-0.2247,-0.4096,-0.169,0.1652,0.6305,-0.4081,-0.175
2.0,4.3,3.6,4.9,2.7,21.9,7.3,33.5,43.7,-0.9637,0.2431,0.002,0.0605,0.0039,-0.0314,0.0064,0.0372
2.0,4.0,4.5,1.9,4.4,19.6,16.7,29.7,19.9,-0.9229,0.2348,-0.016,0.213,0.0461,-0.1128,0.005,0.1373
2.0,2.3,4.2,4.4,3.3,6.6,19.7,28.3,16.1,-0.4068,0.2122,-0.116,-0.0342,0.085,0.1736,-0.4254,-0.7368
2.0,3.7,4.2,2.9,2.6,4.7,9.8,43.6,38.7,-0.509,-0.0714,-0.3794,0.2334,0.3982,-0.1746,-0.4369,0.3793
2.0,4.1,4.7,1.8,2.3,16.1,11.8,32.6,25.0,-0.8455,-0.0126,-0.214,0.2738,0.2361,-0.1335,-0.1104,0.2559
2.0,1.6,1.5,1.5,4.3,5.0,2.7,23.0,32.5,-0.2307,0.2085,-0.7522,-0.199,-0.2135,0.4198,0.208,-0.1413
2.0,4.9,4.3,1.2,4.0,2.6,10.5,17.1,35.7,-0.2,0.1017,-0.5712,0.1548,0.0773,0.5535,-0.0483,-0.5189
2.0,4.7,2.4,3.4,3.5,6.8,10.2,26.7,40.4,-0.5254,0.1461,-0.4445,0.0049,0.4207,0.3121,-0.417,-0.2136
2.0,3.9,2.7,1.1,2.3,11.9,19.6,41.8,10.7,-0.2455,0.2327,-0.3121,0.0839,0.3611,0.2191,-0.6849,-0.3158
2.0,3.7,2.2,2.7,2.4,20.7,3.2,12.4,27.1,-0.9429,0.0309,-0.0886,-0.0053,0.0089,0.1628,-0.0006,0.2364
2.0,3.4,1.3,4.1,1.8,21.1,12.9,17.8,20.4,-0.9749,0.0268,-0.056,-0.0226,0.0387,0.0955,-0.0041,0.1447
2.0,1.4,4.1,2.9,4.3,19.8,6.8,4.0,43.3,-0.8181,0.2756,-0.0284,0.2465,-0.0437,0.2298,-0.048,-0.3602
2.0,1.6,1.4,4.0,1.6,4.9,4.9,33.0,7.2,0.0992,0.1234,-0.1024,-0.2239,-0.8705,0.2344,-0.1266,-0.2479
2.0,2.7,3.5,4.2,1.5,6.8,11.0,33.2,31.9,-0.2796,-0.0957,-0.3782,-0.1846,0.3735,0.2769,-0.7107,0.0207
2.0,1.4,1.3,3.6,1.1,12.9,20.7,10.3,18.9,-0.5098,0.0322,0.0195,0.11,-0.1444,0.0776,-0.0379,-0.8304
2.0,2.6,2.9,2.7,3.3,5.5,16.5,37.4,14.9,-0.488,0.1275,-0.2341,-0.1362,0.1569,0.4701,-0.3426,-0.5393
2.0,2.9,3.0,1.8,2.9,15.2,7.3,23.6,13.5,-0.3519,-0.0817,-0.4726,-0.5543,-0.3656,0.3282,-0.0943,0.2708
2.0,3.8,2.4,3.6,5.0,16.2,9.2,31.7,32.6,-0.7004,0.0447,-0.4458,0.0768,0.4483,0.107,-0.2737,0.0662
2.0,2.7,4.2,4.6,1.1,20.0,14.7,26.0,18.8,-0.9105,-0.1854,-0.1577,0.0701,0.1565,-0.0296,-0.0844,0.2438
2.0,4.8,3.9,4.8,4.0,6.3,10.1,26.2,27.9,-0.559,-0.0309,-0.186,-0.3139,0.1116,0.5804,-0.3521,-0.2635
2.0,3.4,2.7,4.7,1.0,5.0,19.6,28.0,44.0,-0.2805,-0.3342,-0.3042,0.1467,0.3046,-0.0531,-0.7082,0.2521
2.0,2.6,3.5,1.9,1.8,4.5,17.0,4.3,27.9,-0.1984,-0.0185,-0.1783,0.1542,-0.1917,0.1447,0.3798,-0.8325
2.0,4.7,3.3,3.7,3.4,7.0,3.8,18.4,39.2,-0.6792,0.0116,-0.2914,-0.0963,0.1062,0.5665,-0.1338,-0.2876
2.0,4.0,3.5,3.3,3.2,11.6,12.2,4.5,36.5,-0.7773,0.1634,-0.0836,0.2213,-0.0991,0.2048,-0.0351,-0.5049
2.0,3.8,2.3,2.3,4.3,13.6,19.2,10.2,25.5,-0.3663,0.2138,0.226,0.0443,-0.3122,0.3141,-0.4868,-0.5627
2.1,2.0,4.7,2.7,2.2,7.5,6.1,34.3,19.8,-0.4401,-0.0433,-0.2325,-0.3214,0.1961,0.5706,-0.5149,-0.0757
2.1,2.1,1.4,2.6,2.4,10.6,21.9,35.6,15.4,-0.0264,-0.029,-0.1238,0.0441,0.1327,0.0112,-0.9668,0.0271
2.1,4.2,4.0,4.6,2.0,5.9,3.8,19.1,22.3,-0.2759,0.1671,0.0774,0.1368,-0.3669,0.1921,-0.4388,-0.705
2.1,2.3,2.7,4.4,3.0,6.0,21.5,35.1,14.3,-0.1589,0.3289,-0.045,-0.0052,0.0468,0.0263,-0.8356,-0.3807
2.1,2.5,3.0,1.1,4.1,16.4,8.7,18.6,5.5,-0.4847,0.136,-0.0972,-0.6498,-0.2105,0.2784,-0.244,0.3436
2.1,2.8,1.8,2.3,3.3,7.3,9.0,5.1,36.7,-0.4169,0.254,-0.2844,0.3137,-0.3548,0.272,0.0817,-0.6063
2.1,2.8,3.8,1.9,1.5,5.0,18.1,14.5,42.0,-0.2125,0.1254,-0.3618,0.0971,0.3959,0.135,-0.7503,-0.1706
2.1,3.8,4.3,1.8,4.1,3.7,6.0,41.3,35.5,-0.4138,0.271,-0.451,0.1452,0.5142,0.0077,-0.492,0.1063
2.1,3.4,3.2,1.7,4.1,13.8,7.1,4.5,41.6,-0.5707,0.4613,0.0502,0.3315,-0.0878,0.2797,-0.2133,-0.4547
2.1,1.1,2.6,2.9,2.9,12.9,2.7,35.3,29.8,-0.6122,0.0292,-0.403,-0.169,0.4083,0.3481,-0.3663,0.0274
2.1,5.0,4.9,3.6,4.8,8.0,16.7,30.2,6.5,-0.431,0.687,-0.2955,-0.4053,-0.1207,0.0666,0.2051,0.111
2.1,2.1,2.8,2.0,2.5,15.2,9.9,37.8,40.3,-0.7738,0.0711,-0.1438,0.3843,0.1927,-0.2592,-0.1398,0.3039
2.1,2.4,3.4,1.7,2.1,17.6,21.4,32.6,42.7,-0.8985,0.414,0.0251,0.0477,-0.0052,-0.0157,0.0307,0.0729
2.1,4.1,2.2,4.4,4.4,17.1,8.8,20.5,24.0,-0.8768,-0.1065,-0.1757,-0.1238,0.1239,0.3393,-0.0941,0.1541
2.1,3.1,2.6,3.3,3.5,4.6,4.2,22.2,20.9,0.0984,-0.0675,-0.1838,-0.2747,-0.7259,0.4749,-0.2052,-0.2568
2.1,2.8,4.0,3.2,3.4,16.1,2.7,6.2,19.0,-0.6134,0.3733,-0.3547,-0.0374,-0.3917,-0.0664,-0.034,-0.438
2.1,1.6,1.2,3.9,3.6,19.4,20.4,27.6,13.0,-0.4774,-0.1969,-0.4369,0.089,0.433,0.0449,-0.5075,0.1847
2.1,3.6,2.3,4.6,1.9,11.0,10.7,9.1,38.6,-0.6515,0.2901,0.0705,0.2122,-0.1845,0.1104,-0.2416,-0.5717
2.1,3.0,4.7,4.3,2.0,2.3,10.7,14.5,5.2,-0.5311,0.6403,-0.0048,-0.253,-0.2542,-0.3826,-0.013,-0.1652
2.1,4.3,2.9,4.2,5.0,15.8,18.5,37.9,22.7,-0.9274,-0.0557,-0.0372,0.152,0.0463,-0.1136,-0.0414,0.2914
2.1,3.7,4.8,2.4,1.9,5.5,7.4,15.4,25.0,-0.0273,0.0617,-0.0155,0.0855,-0.4769,0.3231,-0.353,-0.7204
2.1,2.1,1.3,4.9,2.9,3.5,13.5,22.1,9.9,-0.061,0.5711,-0.0423,-0.2869,-0.6978,-0.2349,0.0245,-0.1714
2.1,4.2,4.8,1.4,2.1,5.5,16.6,36.3,25.6,-0.1969,-0.2819,-0.182,0.1855,0.2181,-0.0639,-0.7867,0.3508
2.1,3.0,2.9,3.9,4.5,11.1,10.6,9.3,32.7,-0.5135,0.2475,-0.0083,0.2966,-0.2865,0.1983,-0.1931,-0.6465
2.1,2.7,4.6,3.4,4.0,11.2,8.9,5.3,42.2,-0.6054,0.3243,0.0689,0.3385,-0.1964,0.2161,-0.1896,-0.512
2.1,1.8,2.4,3.2,3.3,20.1,15.3,22.7,27.0,-0.8731,-0.0258,-0.2569,0.1746,0.2623,-0.0684,-0.1028,0.1943
2.1,4.3,4.6,3.2,1.1,12.8,12.9,39.5,10.2,-0.5308,-0.2201,-0.3643,0.1029,0.3742,-0.0479,-0.4466,0.4084
2.1,3.3,3.4,3.5,3.3,10.2,5.6,41.1,35.4,-0.6091,0.007,-0.4024,0.2082,0.4174,-0.1619,-0.332,0.3191
2.1,4.7,3.0,2.8,2.8,8.0,13.7,9.8,10.5,-0.2447,0.6571,-0.2663,-0.2337,-0.4442,-0.3019,0.1895,-0.221
2.1,2.0,1.8,4.8,1.4,6.8,5.5,14.8,14.1,-0.294,0.1311,-0.2793,0.1139,-0.4482,0.0367,0.1066,-0.7633
2.1,4.7,4.8,3.7,2.4,13.9,19.8,24.5,16.8,-0.4558,-0.4943,-0.0557,0.0763,0.0598,-0.0414,-0.5405,0.4661
2.1,2.3,3.4,1.7,4.1,2.6,21.6,6.6,11.8,-0.0531,0.8964,-0.0664,-0.0462,-0.0293,0.0154,0.4171,0.0196
2.1,3.6,4.0,1.9,3.9,14.1,8.5,10.0,36.4,-0.6862,0.0371,-0.2064,-0.1459,0.1629,0.6176,-0.1892,-0.0186
2.1,2.9,2.0,3.0,1.5,14.9,15.1,42.7,39.7,-0.9064,0.0797,-0.0502,0.1867,0.0587,-0.1657,-0.0118,0.3085
2.1,1.4,1.4,4.0,5.0,11.5,4.9,34.9,19.3,-0.642,-0.155,-0.1695,-0.2261,-0.0076,0.6479,-0.1969,-0.1134
2.1,3.6,3.8,2.7,4.2,18.5,17.3,41.3,23.7,-0.9384,0.2725,0.0082,0.0858,0.002,-0.0626,0.0379,0.1554
2.1,4.9,1.0,2.7,3.9,4.5,8.5,41.8,19.4,-0.6486,0.1853,-0.213,-0.3305,0.2378,0.4741,-0.313,0.0213
2.1,4.2,4.2,3.8,1.7,4.8,19.0,12.6,18.3,-0.4297,-0.0208,-0.0361,-0.0373,-0.0354,0.1636,0.0349,-0.8799
2.1,4.5,1.3,2.1,1.9,6.0,8.7,19.8,30.6,-0.2742,-0.2161,-0.2368,-0.2473,-0.0721,0.7144,-0.4375,-0.1962
2.1,4.4,4.1,2.0,2.1,15.9,3.2,13.9,22.1,-0.4779,-0.3512,-0.1512,-0.108,-0.1493,0.4177,-0.412,0.4682
2.1,3.3,3.9,2.0,3.2,9.3,9.2,17.1,28.0,-0.3664,-0.1784,-0.3405,-0.1873,0.012,0.7328,-0.2782,-0.2295
2.1,4.2,3.8,4.6,4.5,8.6,19.7,9.6,14.7,-0.329,-0.1153,0.0513,0.0176,-0.2309,0.1909,0.2811,-0.8286
2.1,4.3,1.6,3.3,2.5,14.7,9.3,37.7,29.7,-0.8459,0.0029,-0.2721,0.1702,0.2842,-0.1121,-0.1155,0.2572
2.1,4.4,2.2,3.0,1.8,12.4,3.1,8.7,18.8,-0.571,0.2994,-0.2886,0.0772,-0.3608,0.0385,-0.1178,-0.5857
2.1,3.4,4.4,3.9,4.6,15.5,17.1,25.2,9.6,-0.4925,0.0656,-0.2997,-0.0954,0.1482,0.4954,-0.2573,-0.5405
2.1,1.9,4.0,3.4,2.4,2.1,4.3,32.4,23.8,-0.4343,-0.0582,-0.1329,-0.3577,0.0792,0.6052,-0.5046,-0.1547
2.1,3.7,3.7,3.8,2.6,21.0,11.6,26.1,35.8,-0.9469,0.2983,-0.0127,0.0603,0.0175,-0.0336,0.0088,0.0392
2.1,4.2,2.9,1.4,3.1,12.6,11.2,17.5,24.5,-0.5431,-0.0663,-0.4472,-0.0496,0.2418,0.5986,-0.2511,-0.0437
2.1,4.1,1.5,4.0,3.6,4.4,18.2,42.2,39.6,-0.7665,-0.0702,-0.153,0.2897,0.1656,-0.2524,-0.1716,0.4068
2.1,4.0,3.7,3.6,1.1,7.6,12.7,35.7,6.4,-0.5283,0.0674,-0.1259,-0.3243,0.0849,0.5616,-0.4047,-0.3074
2.1,4.0,1.9,1.6,3.1,5.3,17.0,26.0,42.7,-0.4996,0.0032,-0.2765,0.5209,0.3734,-0.1773,-0.3999,0.2247
2.1,2.4,3.8,3.6,3.1,2.4,20.0,5.4,42.8,-0.556,0.3699,0.3415,0.0008,-0.3152,0.1538,-0.417,-0.2651
2.1,3.9,4.3,4.4,3.2,17.3,17.5,36.5,37.3,-0.9732,0.1157,0.0026,0.0914,0.0061,-0.0589,0.0107,0.1469
2.1,4.4,4.7,1.8,4.4,16.0,17.1,40.5,25.8,-0.9186,0.281,0.0268,0.126,-0.0022,-0.0822,0.0494,0.2042
2.1,4.1,4.0,4.0,4.1,21.8,7.4,33.2,21.3,-0.9123,0.401,0.0017,-0.005,-0.003,0.0034,0.005,0.0128
2.1,4.3,2.0,3.1,3.9,21.1,12.9,43.0,9.5,-0.8879,0.4436,-0.0553,-0.0035,0.0597,0.016,0.0154,0.0397
2.1,2.2,4.3,4.4,4.8,20.1,5.3,38.1,23.5,-0.9089,0.1328,-0.2408,0.0787,0.2493,-0.031,-0.0528,0.1276
2.1,2.9,4.1,2.1,4.5,20.1,5.1,11.7,15.2,-0.8386,0.0369,-0.286,-0.1455,-0.1518,0.167,0.0241,0.3314
2.1,2.0,3.4,1.6,2.8,13.1,3.7,19.2,17.0,-0.0028,-0.0369,-0.3014,-0.5544,-0.5781,0.2999,-0.3643,0.1661
2.1,2.5,2.8,4.9,2.3,5.4,8.7,25.5,37.4,-0.5574,0.0752,-0.3598,-0.2166,0.3373,0.416,-0.4117,-0.1998
2.1,4.5,2.6,4.6,1.3,21.6,17.0,8.1,5.4,-0.9568,0.0967,-0.0028,-0.0026,0.0001,0.0131,0.0053,0.2003
2.1,3.6,2.6,4.7,2.5,20.6,16.8,36.4,7.0,-0.9569,0.2152,-0.075,0.0878,0.0793,-0.0636,0.0022,0.0729
2.1,2.4,1.4,1.8,2.7,13.3,15.0,4.0,38.9,-0.6285,0.3728,-0.0267,0.2871,-0.0877,0.2555,-0.1841,-0.5175
2.1,4.9,3.6,4.9,2.5,13.8,15.5,9.0,6.0,-0.3274,0.3454,-0.4459,-0.0291,-0.5258,-0.1002,0.3592,-0.3714
2.1,2.0,4.5,3.9,1.9,21.4,2.6,29.1,28.5,-0.9646,0.2021,-0.0821,0.0139,0.0823,0.0273,0.005,0.0638
2.1,4.1,3.7,3.0,1.2,7.8,14.1,6.1,14.0,-0.3023,-0.0448,-0.2401,0.1343,-0.2542,0.1216,0.3828,-0.7715
2.1,4.2,1.2,3.6,3.5,5.1,20.7,27.2,12.5,-0.2229,-0.0063,-0.2655,-0.0436,-0.022,0.3977,-0.0051,-0.8288
2.1,2.3,4.6,2.7,4.9,22.0,2.2,24.3,10.7,-0.8917,0.4246,-0.0948,-0.0342,-0.0441,0.016,0.0155,0.0274
2.1,3.2,3.2,3.8,1.9,5.6,13.4,33.8,23.6,-0.2041,0.0272,-0.3451,-0.1483,0.3464,0.2381,-0.788,-0.0681
2.1,2.6,3.9,3.5,4.4,18.5,16.0,12.0,41.3,-0.5948,0.3368,-0.3635,-0.0658,0.3964,0.2452,-0.3687,-0.157
2.1,2.3,4.7,2.0,1.9,15.2,8.1,20.3,16.7,-0.3589,-0.3581,-0.2477,-0.2095,-0.0769,0.6554,-0.4189,0.0813
2.1,4.7,3.1,3.8,2.8,15.9,10.2,36.4,37.1,-0.9252,0.0642,-0.0798,0.2232,0.0943,-0.1624,-0.0351,0.2008
2.1,3.0,4.5,4.4,3.8,5.1,7.2,38.1,25.4,-0.4965,0.1717,-0.3712,-0.2645,0.3815,0.3453,-0.4889,-0.0431
2.1,3.3,2.9,3.2,3.6,4.7,5.9,39.3,4.9,-0.4772,0.2186,0.119,-0.5822,-0.3514,0.2619,-0.2607,0.3204
2.1,4.3,3.6,2.7,4.4,5.6,20.0,4.7,18.9,-0.0616,-0.0038,-0.1256,0.099,-0.1396,0.0875,0.6085,-0.7445
2.1,4.1,2.3,4.5,4.2,14.0,18.9,9.8,43.5,-0.8182,0.3579,-0.1274,-0.048,0.1563,0.2775,-0.1415,-0.2273
2.1,1.5,3.2,1.2,4.1,6.4,9.0,4.6,31.3,-0.1214,0.5168,-0.4566,0.1167,-0.4887,0.1035,0.2905,-0.3918
2.1,2.9,1.4,1.5,1.4,11.2,21.2,14.1,9.0,0.256,0.1216,-0.3316,0.0006,-0.0753,0.2825,0.2443,-0.7919
2.1,2.0,3.7,4.5,3.5,13.0,6.4,14.9,42.0,-0.7631,0.1979,-0.2148,-0.0075,0.1524,0.4145,-0.1349,-0.3312
2.1,4.7,2.2,1.3,2.7,20.4,8.5,23.0,33.4,-0.756,0.6258,-0.0338,0.1363,0.0628,-0.06,0.0103,0.03
2.1,4.1,3.3,2.0,2.6,21.2,17.8,27.3,22.9,-0.8458,0.5246,0.0064,0.0236,-0.0003,-0.0096,0.013,0.0226
2.1,2.7,3.7,4.8,2.8,17.1,14.8,28.6,10.6,-0.5903,-0.0555,-0.3759,-0.2344,0.3637,0.3813,-0.3943,0.0167
2.1,3.5,4.1,4.4,4.1,10.3,8.7,37.2,38.7,-0.6394,-0.0779,-0.3331,0.309,0.3532,-0.217,-0.3303,0.2939
2.1,4.1,3.9,1.9,2.7,10.2,19.9,13.8,22.0,-0.2457,0.2385,-0.0982,0.0136,0.0991,0.1112,-0.6567,-0.6357
2.1,3.2,2.5,1.5,4.7,11.7,6.8,36.8,37.5,-0.4981,0.1887,-0.3759,0.3935,0.47,-0.1084,-0.3888,0.1496
2.1,3.8,3.1,3.8,1.6,19.6,20.8,32.3,15.3,-0.9772,0.166,0.0018,0.0144,0.0001,-0.0068,0.0147,0.0963
2.1,3.5,3.5,2.0,2.9,4.4,19.6,39.8,9.4,-0.4256,0.2968,-0.1187,0.024,0.1223,0.1866,-0.4621,-0.6515
2.1,4.6,1.6,2.8,2.6,14.1,20.5,26.0,41.1,-0.94,0.052,-0.0001,0.2157,0.0288,-0.1113,-0.0182,0.2008
2.1,4.5,4.3,4.7,1.3,20.0,7.5,9.1,16.0,-0.1249,0.3514,0.0338,0.0265,-0.061,0.0357,-0.8551,-0.1811
2.1,1.7,3.8,4.7,3.0,2.2,10.5,24.5,10.8,0.1335,0.3109,-0.1016,-0.3089,-0.8127,0.1371,0.1802,-0.2206
2.1,4.6,4.9,3.8,1.5,4.2,21.5,13.6,4.2,0.0486,0.7479,-0.0199,-0.0117,-0.0136,0.0005,0.6463,-0.0512
2.1,4.6,3.2,4.2,3.9,19.1,16.9,18.5,22.4,-0.9463,0.0719,-0.1457,0.1239,0.1507,-0.0707,-0.0251,0.148
2.1,4.6,3.0,1.5,4.0,15.6,6.4,14.6,10.6,-0.4536,-0.0552,-0.1875,-0.5583,-0.2431,0.2481,-0.2797,0.4733
2.1,4.5,3.1,3.8,2.1,3.4,15.8,16.3,28.2,-0.4203,0.0684,0.0465,-0.1722,-0.154,0.4166,-0.3032,-0.698
2.1,1.7,2.1,4.6,3.4,13.8,20.9,35.6,42.1,-0.9655,0.0678,0.0038,0.1324,0.0094,-0.0796,-0.004,0.1589
2.1,1.7,2.1,1.1,4.7,8.4,15.8,27.3,7.6,-0.5145,0.4552,-0.2396,-0.597,-0.0918,0.2317,-0.0558,0.1959
2.1,3.7,1.0,3.9,1.8,8.8,9.8,30.6,36.2,-0.5304,-0.0771,-0.4674,-0.0711,0.4647,0.2127,-0.4571,0.0848
2.1,2.6,4.2,4.2,3.1,18.2,20.9,23.0,28.7,-0.9299,-0.1856,-0.0027,0.0288,0.005,-0.0155,-0.0625,0.2859
2.1,1.5,4.0,2.7,2.5,8.1,10.4,17.7,28.2,-0.2347,-0.1445,-0.08,-0.2527,-0.1775,0.6725,-0.3984,-0.4434
2.1,2.8,2.9,2.6,4.6,17.8,21.1,38.3,22.0,-0.9595,0.1052,0.0076,0.0494,0.0008,-0.0286,0.021,0.2302
2.1,1.6,3.8,1.7,1.7,10.4,20.3,4.7,7.8,0.1061,0.7658,-0.1017,-0.006,-0.1471,-0.027,0.5863,-0.1079
2.1,1.4,2.1,1.1,1.8,6.3,19.9,19.5,33.0,-0.0049,-0.1456,-0.2262,0.1574,0.2352,0.0905,-0.8626,-0.2647
2.1,1.5,3.3,1.3,3.0,2.4,8.5,14.6,35.0,-0.1813,0.0443,-0.6179,0.0101,-0.0406,0.6224,0.0717,-0.4165
2.1,2.4,1.1,4.1,3.8,8.8,5.1,19.2,36.2,-0.6898,-0.0386,-0.272,-0.1309,0.0873,0.5785,-0.1335,-0.245
2.1,3.1,2.5,3.1,3.2,5.9,8.9,33.2,33.3,-0.4757,0.0777,-0.4674,-0.0434,0.4757,0.2396,-0.5007,-0.0385
2.1,3.6,4.7,4.9,4.2,9.5,8.5,26.3,39.1,-0.5221,0.1452,-0.4622,0.0087,0.4653,0.2092,-0.4514,-0.1304
2.1,3.7,2.2,3.3,1.1,18.0,5.9,35.6,7.4,-0.9379,0.059,-0.1474,-0.0746,0.1447,0.1937,-0.0302,0.1468
2.1,4.7,1.2,4.6,2.0,17.9,15.1,4.9,33.9,-0.9002,0.32,-0.009,0.068,-0.0161,0.0586,-0.087,-0.2603
2.1,2.0,4.8,1.6,1.8,16.9,6.6,4.4,17.1,-0.5034,0.3862,-0.3585,0.1109,-0.3715,0.1038,-0.1167,-0.5332
2.1,3.1,4.3,1.7,1.4,16.1,3.2,12.0,24.6,-0.0667,-0.1774,-0.0314,-0.0323,-0.2595,0.3446,-0.831,0.23
2.1,2.2,4.8,2.4,1.6,5.4,7.8,20.0,29.3,-0.1677,-0.1672,-0.0795,-0.2568,-0.1412,0.6357,-0.5287,-0.392
2.1,2.8,4.8,1.9,1.6,3.6,7.4,21.0,15.1,0.3331,0.2068,-0.225,-0.288,-0.6949,0.2427,-0.0189,-0.3958
2.1,1.6,5.0,1.4,4.4,21.2,13.2,5.8,22.1,-0.5322,0.6866,0.0517,0.1223,-0.0153,0.1044,-0.3431,-0.2839
2.1,3.1,2.0,4.7,1.8,4.3,4.5,27.3,27.2,-0.3198,-0.0965,0.042,-0.3766,-0.0886,0.5537,-0.6287,-0.1511
2.1,2.0,1.4,1.9,1.6,4.5,15.0,32.9,20.5,-0.265,0.0037,-0.3054,-0.1861,0.2489,0.4713,-0.6236,-0.3374
2.1,2.2,2.6,4.1,2.8,11.1,8.0,42.3,19.5,-0.5138,0.1014,-0.3952,-0.2792,0.4007,0.2978,-0.4347,0.2046
2.1,3.9,3.8,1.2,3.1,2.0,18.1,31.1,44.0,-0.8263,0.3225,0.1236,0.3396,0.0019,-0.1526,0.006,0.1896
2.1,1.6,4.8,4.5,1.2,18.8,7.8,15.2,9.4,-0.1137,0.1665,0.0733,0.0942,-0.3166,0.1833,-0.7726,-0.422
2.1,3.0,3.5,2.6,2.9,17.2,8.2,14.0,11.9,-0.0583,-0.1671,-0.1863,-0.3094,-0.5782,0.3056,-0.5748,0.2163
2.1,1.4,1.1,2.0,1.2,5.1,9.5,33.4,23.0,-0.2824,-0.105,-0.2093,-0.2993,0.1636,0.5405,-0.6579,-0.1043
2.1,1.2,1.2,2.6,1.2,5.7,14.6,19.5,31.4,-0.2082,-0.0833,-0.0917,-0.2704,-0.0648,0.5762,-0.5404,-0.4755
2.1,4.1,4.3,3.7,4.7,17.5,9.1,16.2,34.9,-0.7865,0.1389,-0.3381,-0.0882,0.3435,0.2785,-0.1812,0.0092
2.1,1.2,4.4,3.3,2.7,21.4,14.4,16.4,15.6,-0.8614,-0.0953,-0.2225,-0.1022,0.2167,0.2176,-0.117,0.2146
2.1,4.4,3.3,1.2,2.4,10.8,17.2,5.5,6.6,-0.2797,0.8464,-0.2036,-0.1545,-0.2929,-0.1803,0.0741,-0.0822
2.1,1.8,4.7,2.5,3.1,9.2,10.3,24.9,40.6,-0.4259,0.0808,-0.4748,0.2275,0.4936,0.112,-0.5102,-0.0665
2.1,4.2,2.7,3.2,1.3,10.5,11.3,6.4,43.1,-0.7263,0.3045,0.0274,0.2469,-0.1213,0.1668,-0.155,-0.4909
2.1,4.1,3.6,1.5,3.4,3.8,13.7,40.7,42.9,-0.6986,0.1504,-0.0538,0.4542,0.1447,-0.3084,-0.1392,0.3586
2.1,2.4,1.0,2.8,1.9,11.6,20.2,12.9,12.2,-0.0302,0.0048,0.004,0.0063,-0.4762,0.3399,0.0217,-0.794
2.1,3.5,3.2,1.7,2.5,18.1,17.2,37.5,20.1,-0.92,0.3078,0.0145,0.1245,0.008,-0.0773,0.0403,0.1574
2.1,4.1,2.1,3.2,1.9,4.1,9.9,18.3,32.6,-0.2881,-0.0933,-0.0012,-0.2659,-0.1967,0.6376,-0.4704,-0.3953
2.1,3.3,4.6,2.9,4.7,8.2,20.7,36.8,11.2,-0.313,0.3186,-0.0584,0.0089,0.062,0.065,-0.6297,-0.6075
2.1,4.1,3.1,4.2,1.4,15.5,9.0,37.6,8.6,-0.81,-0.061,-0.2682,-0.1938,0.2741,0.2634,-0.1727,0.2167
2.1,2.7,2.7,1.0,2.6,8.1,3.2,16.4,10.7,-0.0052,0.3791,0.0322,-0.5306,-0.5195,-0.1455,-0.4964,-0.1634
2.1,1.7,3.0,4.4,4.1,17.6,22.0,20.0,13.0,-0.1712,0.2436,-0.0028,-0.0023,0.0009,0.0044,-0.7865,-0.5083
2.1,4.6,3.1,1.4,2.9,11.7,19.8,28.2,36.5,-0.9356,0.14,0.0431,0.164,0.0033,-0.0762,0.019,0.2367
2.1,1.4,4.6,1.2,4.1,11.0,16.9,34.0,30.0,-0.4193,-0.2964,-0.1723,0.3524,0.2434,-0.1558,-0.544,0.4199
2.1,2.0,1.4,2.6,3.3,5.1,19.9,34.4,36.8,-0.559,-0.2717,-0.2224,0.311,0.2505,-0.181,-0.4176,0.4158
2.1,2.4,3.0,3.9,2.0,2.7,20.5,15.0,34.8,-0.429,0.2766,-0.0774,-0.0279,0.0666,0.1177,-0.4709,-0.6918
2.1,3.4,1.9,1.8,3.8,9.5,19.2,6.8,41.1,-0.7285,0.2527,-0.1147,-0.1559,0.1789,0.5019,-0.1933,-0.14
2.1,2.2,1.3,3.9,3.4,17.8,8.0,41.5,35.7,-0.8601,0.0529,-0.1759,0.2399,0.1854,-0.208,-0.0819,0.2742
2.1,3.3,4.6,2.5,2.3,3.6,20.7,17.8,5.5,-0.1204,0.9339,-0.0923,-0.0672,-0.0315,0.0021,0.2918,0.0312
2.1,2.1,1.5,2.4,1.1,14.7,20.6,6.4,5.6,0.0805,0.3397,-0.2636,0.0713,-0.4081,0.0206,0.586,-0.5065
2.1,1.5,1.4,1.5,3.8,12.8,8.6,12.7,18.0,0.0003,0.5321,-0.1009,-0.3395,-0.6223,-0.137,-0.3652,-0.2025
2.1,2.1,1.0,1.2,4.2,18.7,9.3,7.2,10.3,-0.3942,0.7042,-0.1005,-0.1465,-0.276,-0.1768,-0.3541,-0.2728
2.1,4.6,4.0,3.7,3.8,5.1,20.3,8.0,40.8,-0.7305,0.4297,-0.0862,-0.1269,0.1062,0.2346,-0.2518,-0.3315
2.1,3.5,4.1,2.6,1.2,7.2,13.0,40.3,31.7,-0.541,-0.2904,-0.2067,0.1731,0.2187,-0.1301,-0.4223,0.5416
2.1,3.1,3.6,3.2,3.2,6.9,11.4,17.3,35.3,-0.562,0.0392,-0.3077,-0.1653,0.2092,0.5511,-0.3032,-0.3305
2.1,4.6,1.7,1.7,4.2,20.2,6.5,12.8,35.2,-0.8207,0.5009,-0.1494,0.0426,0.1815,0.0846,-0.0015,0.0464
2.1,3.0,4.0,3.1,4.8,6.2,20.7,29.5,14.4,-0.2188,0.1092,-0.0749,0.0254,0.0431,0.0944,-0.4182,-0.8513
2.1,2.4,2.2,3.4,3.9,20.2,2.5,16.3,43.4,-0.6238,0.0259,-0.3285,0.3786,0.3686,-0.1847,-0.3264,0.2
2.1,1.8,1.2,3.6,2.7,15.4,10.7,42.4,25.8,-0.6639,-0.0286,-0.406,0.0519,0.4122,-0.0317,-0.2748,0.3639
2.1,1.9,1.7,2.9,4.6,17.0,13.5,9.3,32.8,-0.3935,0.3544,0.1389,0.2299,-0.2949,0.2206,-0.4613,-0.5308
2.1,1.6,2.6,5.0,1.8,7.9,16.1,22.8,5.9,0.1077,0.2823,-0.1244,-0.3732,-0.7308,0.232,0.3316,-0.1662
2.1,2.1,4.3,1.8,3.7,14.5,5.2,21.2,20.8,-0.3301,-0.1452,-0.5924,-0.2819,-0.282,0.5823,-0.0194,0.0612
2.1,1.1,4.3,4.9,4.1,6.6,2.7,23.3,18.9,0.0515,0.0391,-0.0636,-0.0794,-0.8024,0.3177,-0.1847,-0.4355
2.1,1.2,1.3,3.8,2.0,10.9,5.2,23.9,15.0,-0.0139,-0.0402,0.0246,-0.0298,-0.597,0.3909,-0.4763,-0.4954
2.1,1.1,2.6,4.9,3.3,13.0,5.0,43.5,10.1,-0.7053,0.0864,-0.0118,-0.4301,0.0172,0.4507,-0.2535,0.1844
2.1,1.7,1.4,4.5,4.2,15.9,16.9,35.9,11.8,-0.709,0.0509,-0.1657,-0.288,0.14,0.516,-0.2538,-0.1418
2.1,4.1,3.3,4.0,4.9,12.9,9.7,37.7,8.3,-0.493,-0.0849,-0.4634,-0.1554,-0.3501,0.5656,0.1841,-0.0523
2.1,3.2,3.6,2.7,3.1,16.2,13.7,18.8,11.5,-0.4455,-0.2562,-0.3271,-0.2019,-0.1255,0.7115,-0.1974,-0.0572
2.1,2.8,1.5,1.6,4.6,6.9,21.9,4.3,21.2,0.0108,0.0726,-0.1441,0.1192,-0.1514,0.1144,0.5538,-0.7656
2.1,1.4,2.1,2.5,1.6,20.0,5.6,37.3,19.2,-0.9107,0.1146,-0.2215,0.003,0.2327,0.0631,-0.035,0.1915
2.1,3.5,1.1,4.7,3.9,13.1,20.9,30.0,19.7,-0.2384,-0.2433,-0.3346,0.0802,0.3357,0.0042,-0.7548,0.2167
2.1,2.4,1.5,1.0,4.2,10.7,16.0,28.9,15.4,-0.1778,0.5203,-0.6583,-0.3989,-0.1224,0.2151,0.1579,0.0623
2.1,3.4,4.8,2.0,1.7,8.4,10.5,5.5,6.7,-0.4554,0.6281,-0.2056,-0.3402,-0.2331,-0.3593,0.0939,-0.2051
2.1,2.7,3.3,4.3,4.1,21.3,3.4,21.2,40.8,-0.9517,0.2274,-0.0098,0.1394,0.0223,-0.0747,0.0009,0.0642
2.1,3.5,1.9,2.4,1.1,13.5,8.7,19.9,23.0,-0.355,-0.3887,-0.1057,-0.2261,0.0013,0.4684,-0.5968,0.2575
2.1,4.6,2.8,2.7,3.2,19.5,13.7,13.7,33.9,-0.9032,0.239,-0.2134,0.0455,0.2276,0.0386,-0.0231,0.12
2.1,2.8,1.9,2.2,4.5,15.5,13.1,24.7,26.2,-0.6383,0.046,-0.4501,0.0068,0.3755,0.3957,-0.2679,-0.0707
2.1,3.4,4.3,4.9,4.3,12.1,9.5,5.8,4.2,-0.8124,0.3288,-0.0207,-0.2651,-0.0488,-0.3041,-0.0013,-0.2527
2.1,1.7,2.7,2.2,4.2,15.9,9.5,39.6,13.4,-0.6928,0.0183,-0.2743,-0.0933,0.1369,0.6052,-0.1315,-0.1175
2.1,2.8,1.7,3.3,3.0,14.9,5.7,23.9,17.3,-0.5049,-0.3694,-0.2284,-0.1993,-0.1614,0.6058,-0.2868,0.1585
2.1,2.6,2.3,3.9,3.5,6.1,7.1,4.7,8.7,-0.6689,0.3483,-0.0348,-0.3998,-0.05,-0.4187,0.1089,-0.2785
2.1,2.5,3.8,3.8,1.3,10.1,3.6,21.4,6.3,-0.1002,0.4538,-0.0563,-0.3206,-0.626,-0.2775,-0.2905,-0.3374
2.1,2.6,1.7,4.5,4.7,18.2,19.8,6.1,9.1,-0.4986,0.09,-0.3436,0.2099,-0.3632,0.1858,0.2705,-0.5463
2.1,1.4,2.2,2.2,1.1,2.9,20.2,42.4,24.2,-0.0416,-0.0478,-0.1078,0.0468,0.1141,-0.032,-0.8855,0.4081
2.1,2.2,1.5,3.3,4.9,13.5,21.9,42.3,10.8,-0.2277,0.4727,-0.1469,-0.0376,0.1582,0.0822,-0.7444,-0.2713
2.1,2.0,3.7,4.0,3.1,5.9,21.2,12.1,24.0,-0.5431,0.0812,-0.0184,0.0059,0.0044,0.0389,-0.1197,-0.8205
2.1,2.9,5.0,3.9,3.0,20.9,21.8,34.7,33.4,-0.9551,0.2788,-0.0007,-0.0014,0.0002,0.0005,0.0148,0.0544
2.1,2.5,1.1,2.9,3.1,5.2,18.6,22.7,29.4,-0.3455,0.0477,-0.3339,-0.1403,0.2426,0.4616,-0.4936,-0.4641
2.1,3.0,2.4,4.3,4.2,20.8,7.0,43.5,9.1,-0.9358,0.3042,-0.0729,-0.054,0.0775,0.0692,0.0144,0.0777
2.1,4.4,1.8,1.3,3.5,5.1,18.0,7.2,31.6,-0.2468,0.1784,0.0328,0.2614,-0.3044,0.3431,-0.2084,-0.7532
2.1,2.2,3.8,3.1,3.1,9.1,18.6,17.7,14.0,-0.0864,-0.0038,-0.2198,-0.0177,-0.0372,0.2954,0.1244,-0.905
2.1,2.5,1.3,4.3,3.3,16.3,2.3,20.9,42.3,-0.6086,0.2297,-0.4021,0.0001,0.3981,0.2862,-0.3465,-0.2009
2.1,1.4,4.3,1.3,1.5,21.2,20.9,17.5,5.5,-0.8968,-0.032,0.0168,0.1162,0.0116,-0.0566,-0.0419,0.3226
2.1,1.9,3.3,4.2,4.4,10.4,21.3,14.8,28.0,-0.506,0.3197,-0.028,-0.005,0.0253,0.0462,-0.4262,-0.666
2.1,2.6,2.2,4.5,4.9,19.0,18.6,16.8,35.6,-0.6334,-0.0879,-0.4204,0.1675,0.4301,-0.0608,-0.3506,0.2094
2.1,2.7,3.5,2.8,3.4,18.4,13.9,9.6,22.0,-0.1778,0.3054,0.203,0.0195,-0.2403,0.2124,-0.7884,-0.2768
2.1,1.2,2.6,1.8,3.7,8.1,20.8,7.0,11.4,-0.0559,0.8604,0.0009,-0.1427,-0.2646,0.0401,0.3835,0.0283
2.1,2.1,1.1,2.4,4.1,3.7,9.7,18.9,16.6,-0.0364,0.5043,0.0405,-0.4765,-0.6333,-0.1265,-0.285,-0.0876
2.1,1.8,3.1,3.0,2.7,16.2,12.7,27.8,36.5,-0.656,-0.1661,-0.3442,0.2967,0.3591,-0.1351,-0.3231,0.263
2.1,2.4,4.9,4.2,1.5,20.0,18.9,28.9,37.1,-0.9844,0.0773,0.0016,0.0386,0.0023,-0.0199,0.0067,0.1201
2.1,4.1,3.9,1.5,5.0,19.8,21.7,41.6,15.1,-0.819,0.561,0.0061,0.0093,-0.0018,-0.0036,0.0404,0.0608
2.1,4.0,2.0,2.0,1.6,9.8,7.7,14.5,12.8,0.0215,0.3563,-0.2427,-0.1898,-0.667,-0.0747,-0.2977,-0.4762
2.1,1.4,4.8,2.0,4.7,17.0,4.0,25.5,25.9,-0.5891,-0.0061,-0.5215,0.0186,0.0971,0.5714,-0.0643,-0.1611
2.1,1.5,3.0,1.4,2.1,16.1,14.5,9.3,19.1,-0.1055,0.1475,0.0212,0.1635,-0.3712,0.358,-0.4463,-0.6739
2.1,4.2,1.4,3.8,2.3,16.7,21.2,8.9,18.0,-0.6595,0.4286,0.128,-0.0033,-0.1284,0.0687,-0.3338,-0.4702
2.1,1.4,4.2,5.0,2.0,2.8,17.0,41.0,38.7,-0.7499,-0.2438,-0.0982,0.1732,0.1029,-0.1548,-0.216,0.4924
2.1,4.7,4.4,3.9,3.1,14.0,9.8,39.6,19.5,-0.7484,-0.0618,-0.3584,0.1148,0.3683,-0.0691,-0.2169,0.3092
2.1,4.6,4.3,2.7,3.3,16.6,16.1,5.1,41.0,-0.7578,0.5258,0.0592,0.1107,-0.0193,0.0614,-0.195,-0.2917
2.1,4.3,2.9,2.2,3.3,20.0,14.3,41.4,28.5,-0.8743,0.4665,0.0069,0.0647,0.0026,-0.0463,0.0293,0.063
2.1,4.4,1.5,1.8,2.9,6.3,20.4,7.7,18.6,0.0602,0.1137,-0.1146,0.1372,-0.3405,0.1634,0.3739,-0.805
2.1,3.1,1.1,1.1,1.6,4.6,21.1,21.9,18.3,0.2962,-0.0682,-0.2861,0.0865,0.0531,0.23,-0.2176,-0.831
2.1,3.0,3.2,3.5,1.8,21.6,13.4,37.2,34.8,-0.9321,0.3486,-0.001,0.023,0.0033,-0.0146,0.0124,0.0371
2.1,2.1,2.5,3.2,2.7,5.2,16.0,25.9,23.2,-0.3146,0.0768,-0.2593,-0.1687,0.1846,0.4278,-0.5199,-0.5463
2.1,2.3,3.0,1.3,4.5,20.9,14.6,26.2,18.7,-0.7805,0.4716,-0.1629,0.2612,0.2095,-0.0773,-0.0305,0.069
2.1,2.7,1.6,4.6,3.8,16.8,12.8,19.5,25.8,-0.6727,-0.2515,-0.139,-0.279,0.0858,0.4968,-0.2954,0.173
2.1,3.0,4.6,4.1,4.2,21.6,11.2,10.8,26.0,-0.9546,0.2546,-0.0128,-0.0047,0.0121,0.0306,0.0163,0.0783
2.1,3.2,4.3,4.4,2.6,16.2,16.5,35.9,27.1,-0.9288,-0.1094,-0.0338,0.1146,0.0395,-0.0855,-0.0502,0.3014
2.1,4.5,1.8,5.0,3.1,6.9,11.7,38.5,30.6,-0.4656,-0.0777,-0.4632,0.0111,0.4705,0.0347,-0.5172,0.2442
2.1,4.4,1.4,1.9,4.3,14.2,2.6,26.9,36.8,-0.6083,0.2182,-0.4374,0.2656,0.4619,0.1022,-0.2905,0.0031
2.1,3.4,2.1,2.1,2.1,15.0,4.8,22.9,31.9,-0.7804,-0.0101,-0.3763,-0.0069,0.329,0.2996,-0.1655,0.1115
2.1,1.2,4.8,1.9,2.9,7.2,16.8,32.1,32.2,-0.2836,-0.3452,-0.2222,0.237,0.2517,-0.0882,-0.6999,0.3339
2.1,1.0,1.4,2.9,3.3,2.3,13.1,32.1,29.8,-0.4611,0.0769,-0.3683,-0.1584,0.3255,0.4484,-0.4652,-0.2924
2.1,4.5,4.9,2.6,3.7,16.7,15.8,22.3,37.2,-0.9341,0.1033,-0.0091,0.2298,0.0396,-0.1267,-0.0133,0.1895
2.1,1.5,4.3,4.8,2.1,16.3,12.3,16.4,13.3,-0.3201,0.1725,0.1683,0.1031,-0.341,0.192,-0.4775,-0.6569
2.1,2.1,1.5,4.7,3.0,12.5,4.2,11.7,22.9,-0.4474,0.2175,-0.2525,0.1855,-0.4107,0.1017,-0.0552,-0.681
2.1,2.6,1.8,2.8,4.5,22.0,18.5,34.9,6.8,-0.8815,0.448,-0.0698,0.0262,0.0731,0.0206,0.0048,0.0208
2.1,4.9,1.8,2.6,3.7,8.2,13.0,23.3,15.9,-0.0365,-0.0719,-0.4405,-0.4221,-0.5254,0.5653,0.0093,-0.0827
2.1,3.0,2.0,3.5,1.8,4.0,4.0,30.3,35.3,-0.5147,-0.0134,-0.3847,-0.2196,0.3643,0.4242,-0.4562,-0.0806
2.1,2.9,2.4,1.4,1.5,3.4,16.5,18.3,8.4,0.0255,0.6632,-0.2235,-0.5661,-0.3376,0.2154,0.0988,0.0659
2.1,3.1,4.6,2.9,2.4,15.0,18.0,42.4,7.5,-0.1497,0.0355,-0.3226,0.0895,0.3369,-0.0503,-0.7857,0.3028
2.1,1.4,4.2,4.5,2.3,13.7,17.2,5.8,11.6,-0.2369,-0.0849,-0.2032,0.129,-0.2191,0.1103,0.5353,-0.7183
2.1,3.5,1.0,4.1,3.1,5.5,17.0,43.3,31.8,-0.4786,-0.1159,-0.3636,0.1638,0.3686,-0.1486,-0.4541,0.468
2.1,4.4,3.8,2.7,2.5,3.6,12.7,27.4,26.8,-0.274,0.0319,-0.3426,-0.1318,0.2824,0.4106,-0.604,-0.4036
2.1,3.7,4.1,2.5,4.6,13.5,10.7,16.8,6.2,-0.2562,0.3086,0.2626,-0.4802,-0.5098,0.02,-0.5147,0.0498
2.1,3.1,2.4,1.3,1.1,16.8,7.9,5.1,41.6,-0.512,0.6178,0.0782,0.1956,-0.0675,0.1739,-0.3737,-0.3543
2.1,1.5,3.1,3.0,2.6,5.6,9.2,36.2,13.7,-0.512,-0.0124,-0.0845,-0.3146,0.0141,0.6368,-0.384,-0.2528
2.1,4.3,2.2,3.2,3.4,4.1,21.4,12.9,18.7,-0.2154,-0.0234,-0.0794,0.0196,-0.0182,0.1141,0.1425,-0.9463
2.1,1.8,1.2,4.1,3.1,15.2,10.5,17.5,41.3,-0.707,0.1933,-0.2967,-0.0706,0.256,0.4092,-0.2266,-0.2725
2.1,3.5,4.6,3.7,4.8,10.5,6.9,40.7,6.0,-0.5671,0.2553,-0.2085,-0.5664,-0.2601,0.2115,0.0469,0.3424
2.1,2.1,1.4,3.1,3.7,13.7,6.3,6.9,19.2,-0.488,0.415,-0.3825,-0.1988,-0.4273,-0.2341,0.1046,-0.3865
2.1,1.7,1.1,4.5,3.1,11.7,12.1,13.1,10.0,-0.4746,0.5465,-0.1321,-0.2959,-0.3267,-0.4134,0.0113,-0.2946
2.1,4.1,3.9,3.0,4.9,16.3,3.3,4.0,29.4,-0.7607,0.3158,-0.2028,0.2306,-0.2067,0.2263,-0.0214,-0.3565
2.1,3.2,1.0,3.1,2.6,2.2,12.1,16.5,25.6,0.0476,0.0523,-0.0563,0.0213,-0.6359,0.3217,-0.1689,-0.6644
2.1,1.6,2.2,2.9,3.3,18.6,11.0,24.2,21.4,-0.7414,-0.1318,-0.3227,-0.1366,0.2457,0.4266,-0.2062,0.0982
2.1,5.0,3.9,4.1,3.3,12.4,6.8,5.2,24.4,-0.7461,0.1344,-0.2268,0.1945,-0.2357,0.1838,0.0338,-0.4901
2.1,4.0,4.9,3.8,3.7,8.3,8.8,18.0,10.7,-0.0882,0.5645,-0.0093,-0.3348,-0.6603,-0.2272,-0.1786,-0.1738
2.1,3.2,3.5,1.5,3.3,14.1,15.8,32.3,28.9,-0.8068,-0.0685,-0.0831,0.3397,0.1347,-0.1939,-0.1316,0.364
2.1,1.9,2.5,3.2,4.5,8.8,9.9,28.8,34.1,-0.5326,0.1263,-0.4272,-0.035,0.3928,0.3687,-0.3988,-0.2379
2.1,4.8,2.0,3.3,4.3,14.4,7.5,20.3,30.3,-0.7903,0.0045,-0.3042,-0.1108,0.2399,0.4235,-0.154,0.0158
2.1,4.5,3.0,4.5,2.5,21.1,3.9,11.9,41.9,-0.9401,0.2358,-0.1371,0.054,0.1421,-0.0174,-0.0083,0.0701
2.1,2.5,2.4,4.2,4.9,7.9,4.8,6.4,14.3,-0.6729,0.4005,-0.1403,-0.3587,-0.1586,-0.3809,0.0972,-0.2355
2.1,4.4,3.7,4.7,2.3,8.2,18.3,34.8,41.3,-0.9108,-0.1088,-0.038,0.1969,0.0511,-0.134,-0.0696,0.2814
2.1,3.4,3.9,3.8,4.3,13.2,21.5,43.6,36.5,-0.9562,0.1816,0.0012,0.0116,-0.0003,-0.0087,0.0376,0.2071
2.1,1.3,4.5,4.4,2.8,21.6,14.7,18.7,4.9,-0.863,-0.0944,-0.2108,-0.0467,-0.0191,0.3924,-0.0255,0.0772
2.1,3.1,3.8,2.9,2.2,5.5,21.9,12.7,10.4,0.2073,0.1688,-0.0137,0.0005,-0.0084,0.0082,0.5827,-0.7551
2.1,1.2,4.3,3.9,3.9,9.6,3.7,9.5,32.7,-0.3828,0.2106,-0.2524,0.2705,-0.4584,0.1721,0.0704,-0.6466
2.1,4.6,4.2,2.8,1.9,11.4,2.2,5.5,18.3,-0.6331,0.2372,-0.3673,-0.0625,-0.3775,-0.0718,0.0413,-0.4996
2.1,2.0,1.9,2.3,1.5,9.8,3.8,27.3,21.7,-0.2533,-0.3194,-0.1378,-0.2591,-0.0909,0.6288,-0.574,-0.0211
2.1,4.8,2.6,1.1,3.4,10.8,20.2,34.6,7.7,0.2724,0.7029,-0.478,-0.0731,-0.1108,0.1147,0.2981,-0.1951
2.1,2.8,2.6,2.7,1.8,18.2,20.7,23.0,40.0,-0.9722,0.0947,0.0103,0.0863,0.0037,-0.0403,0.0093,0.1589
2.1,2.3,2.1,3.9,2.9,4.8,13.1,21.8,19.0,-0.1397,-0.1183,0.0294,-0.1614,-0.4483,0.5648,-0.2468,-0.5864
2.1,1.8,3.2,2.6,1.2,12.2,3.5,7.1,17.7,-0.3987,0.2,-0.3779,-0.0575,-0.42,-0.083,0.0744,-0.6773
2.1,3.5,1.7,1.6,3.2,12.0,2.4,13.0,16.5,0.0157,0.3582,-0.0808,-0.3414,-0.5917,-0.0721,-0.593,-0.1674
2.1,4.6,3.0,4.9,2.2,5.0,11.1,34.6,28.1,-0.3067,-0.0324,-0.4049,-0.168,0.4078,0.2383,-0.6884,0.0467
2.1,4.6,1.9,2.1,2.0,13.6,4.8,42.2,12.1,-0.8197,0.1298,-0.2346,-0.1914,0.2626,0.2795,-0.1046,0.2281
2.1,4.5,1.7,3.7,1.5,15.6,9.1,22.5,29.7,-0.8211,-0.2045,-0.2415,-0.1142,0.2265,0.2304,-0.1681,0.2616
2.1,3.2,1.4,2.4,3.4,12.7,5.8,26.3,33.2,-0.6548,0.0751,-0.4448,0.0121,0.391,0.3567,-0.2691,-0.0658
2.1,4.6,4.5,2.3,3.1,16.0,8.7,32.0,21.9,-0.8377,0.1028,-0.3213,0.1491,0.3368,0.0072,-0.1103,0.1624
2.1,2.6,2.9,1.8,2.8,7.4,9.4,9.4,22.3,0.0471,0.4247,-0.3512,-0.0088,-0.6286,-0.0047,0.0726,-0.5318
2.1,3.3,2.1,3.8,2.9,5.7,15.7,24.5,23.5,-0.3903,0.0419,-0.2033,-0.2654,0.1244,0.5224,-0.4743,-0.456
2.1,2.0,4.2,4.5,1.9,16.2,16.6,9.0,37.8,-0.57,0.3855,0.1568,0.0979,-0.1672,0.0398,-0.4064,-0.5321
2.1,4.8,4.5,4.5,3.2,3.9,5.7,9.9,5.9,-0.6795,0.4062,0.0001,-0.3301,-0.079,-0.4071,0.0201,-0.2983
2.1,4.7,5.0,3.7,1.5,7.5,5.0,35.4,42.3,-0.5724,-0.0567,-0.4227,0.2519,0.4432,-0.1117,-0.4031,0.2076
2.1,4.6,1.5,2.5,1.1,5.1,8.0,7.1,31.9,-0.4876,0.0841,-0.2566,0.1753,-0.2983,0.1511,0.089,-0.7297
2.1,2.9,1.1,1.6,1.8,10.0,20.3,18.7,41.0,-0.43,-0.1714,-0.3178,0.3781,0.3696,-0.1286,-0.524,0.2839
2.1,1.6,4.4,1.6,2.7,18.7,11.2,36.5,20.2,-0.7469,0.0521,-0.3092,0.2788,0.348,-0.1317,-0.1803,0.2744
2.1,3.5,3.6,1.8,3.7,5.5,20.6,19.9,39.2,-0.8561,-0.1395,0.0026,0.2135,0.0394,-0.1104,-0.102,0.3783
2.1,3.6,1.6,2.9,4.7,11.4,13.4,4.6,30.5,-0.5903,0.1633,-0.2774,0.2733,-0.2857,0.2646,0.1098,-0.5494
2.1,2.2,3.9,3.4,4.4,9.6,14.9,33.7,42.1,-0.7632,-0.0569,-0.1446,0.4072,0.1868,-0.2442,-0.1924,0.2859
2.1,4.3,3.8,1.4,3.2,11.1,16.5,19.9,29.7,-0.3275,-0.1995,-0.336,0.2993,0.3842,-0.0658,-0.6364,0.2616
2.1,3.5,3.6,3.0,3.8,6.8,3.8,34.7,6.4,-0.4035,0.1707,0.1187,-0.628,-0.3934,0.2149,-0.334,0.281
2.1,4.2,2.6,1.6,3.6,12.5,18.6,23.4,31.2,-0.7174,-0.2131,-0.1166,0.3457,0.1652,-0.1793,-0.2437,0.4073
2.1,3.0,3.0,4.8,2.2,8.9,5.1,9.5,22.9,-0.5384,0.0919,-0.2543,0.1685,-0.3159,0.1196,0.0707,-0.6951
2.1,4.8,3.6,2.5,2.8,16.4,18.1,27.0,25.0,-0.961,0.0516,-0.0046,0.1237,0.0198,-0.0678,-0.0002,0.2079
2.1,1.7,3.8,1.1,2.4,18.2,14.8,22.9,34.5,-0.854,0.1181,-0.0157,0.3519,0.0881,-0.184,-0.0462,0.2636
2.1,1.1,3.5,3.7,3.8,15.0,3.4,35.6,28.3,-0.6443,0.05,-0.3886,-0.1904,0.3946,0.3374,-0.3399,0.0112
2.1,2.3,2.2,2.2,4.6,5.4,18.4,5.1,12.7,-0.4204,0.7833,-0.1902,-0.1893,-0.2101,-0.2048,0.2082,0.0075
2.1,2.6,4.5,3.0,2.0,11.7,15.9,23.3,10.1,-0.2721,-0.0111,-0.2664,-0.1295,0.0595,0.494,-0.2605,-0.7087
2.1,3.9,1.4,1.5,3.0,3.8,19.4,5.2,11.3,-0.2444,0.8423,-0.207,-0.1724,-0.2616,-0.1963,0.197,-0.0512
2.1,1.4,4.7,1.1,4.2,6.1,16.7,27.2,13.6,0.1218,0.8352,-0.4227,-0.1806,-0.0678,0.0741,0.2209,-0.0529
2.1,4.7,4.0,4.8,2.3,4.6,2.7,10.4,6.9,-0.6199,0.3779,-0.0498,-0.3778,-0.1159,-0.443,0.0798,-0.3289
2.1,4.8,4.2,3.5,4.5,17.9,10.4,27.1,15.6,-0.9038,0.1283,-0.2407,-0.0181,0.2225,0.2072,-0.0551,0.0655
2.1,3.4,2.4,3.1,2.5,8.8,2.6,40.0,19.3,-0.6134,0.0087,-0.2516,-0.3528,0.2664,0.4296,-0.3553,0.2104
2.1,2.6,4.3,2.2,2.4,16.2,7.2,31.7,18.5,-0.7593,-0.0371,-0.368,-0.0531,0.3442,0.3038,-0.1975,0.1477
2.1,2.8,4.2,3.2,4.7,11.2,8.3,19.2,38.2,-0.6144,0.2101,-0.3565,0.0067,0.3071,0.4126,-0.2825,-0.3111
2.1,2.0,2.2,3.6,3.1,19.8,10.7,14.1,38.7,-0.7995,0.113,-0.3063,-0.1263,0.3077,0.3138,-0.171,0.0128
2.1,3.2,2.4,4.5,3.6,11.3,5.0,15.2,26.4,-0.1562,0.1116,0.1277,0.1098,-0.4915,0.3066,-0.5726,-0.5047
2.1,4.3,2.8,1.8,4.7,10.3,13.6,20.4,42.0,-0.4125,0.1754,-0.4021,0.3903,0.4893,-0.0049,-0.4782,0.0297
2.1,2.6,1.6,3.6,4.9,8.5,9.5,26.9,20.9,-0.3103,-0.2189,-0.3721,-0.2445,-0.3171,0.7049,-0.0227,-0.2086
2.1,3.9,3.8,3.2,3.5,11.2,21.6,42.7,17.1,-0.6436,-0.2812,-0.0077,0.0173,0.0088,-0.0141,-0.2873,0.6366
2.1,1.1,2.0,3.7,4.1,19.7,19.3,16.2,12.9,-0.4782,-0.0268,-0.0595,-0.2827,-0.064,0.6129,-0.3378,-0.3924
2.1,4.8,1.7,4.6,2.3,19.3,4.4,19.7,5.8,-0.9417,0.0595,-0.2036,-0.1314,-0.1278,0.0503,0.0265,0.1421
2.1,4.8,1.2,1.6,3.0,21.3,14.6,13.3,11.8,-0.7888,0.5996,-0.0625,0.0248,-0.0145,0.0522,0.0227,0.0278
2.1,3.6,2.9,1.2,1.5,7.9,7.3,40.1,37.2,-0.5712,0.0714,-0.3539,0.3253,0.4188,-0.1773,-0.3219,0.3355
2.1,2.4,1.6,1.7,2.4,8.3,14.4,21.8,38.9,-0.3969,0.0833,-0.4855,0.2,0.4702,0.238,-0.4932,-0.1543
2.1,3.8,2.9,1.2,5.0,21.9,13.9,18.2,18.1,-0.6779,0.7243,-0.0386,0.0393,0.0503,0.0138,0.0091,0.0108
2.1,4.8,2.0,2.3,3.3,21.4,17.3,6.4,23.0,-0.8928,0.2004,-0.0075,-0.0114,0.0104,0.0302,0.0462,0.3249
2.1,2.0,1.7,3.2,2.6,5.4,15.1,34.6,13.2,-0.513,0.0369,-0.1392,-0.2748,0.0577,0.59,-0.3568,-0.3826
2.1,2.4,1.0,2.1,1.4,4.9,21.1,17.3,14.1,0.1851,0.0531,-0.2546,-0.0508,-0.0728,0.2781,0.2043,-0.8654
2.1,3.8,2.3,1.4,3.1,21.4,9.9,14.9,13.5,-0.7623,0.6271,-0.09,0.0359,-0.017,0.0675,0.0218,0.0215
2.1,1.3,2.8,2.9,4.4,21.9,3.7,37.4,18.3,-0.9206,0.2953,-0.137,-0.0051,0.1463,0.0937,-0.0045,0.0595
2.1,2.7,2.7,3.1,4.4,19.7,3.7,28.7,9.2,-0.8744,0.1859,-0.3023,-0.2428,-0.1286,0.0511,0.0569,0.1349
2.1,1.2,4.6,1.1,4.3,10.4,14.3,22.4,43.2,-0.5291,0.0872,-0.1297,0.598,0.2964,-0.2434,-0.3139,0.2631
2.1,4.6,3.8,1.8,3.4,9.8,10.9,34.2,23.6,-0.4707,0.0308,-0.4813,0.0718,0.4991,0.2105,-0.4812,0.0289
2.1,3.4,1.6,2.0,4.4,4.0,16.7,4.3,20.7,-0.2184,0.6521,-0.3752,-0.1715,-0.3842,-0.1786,0.3841,-0.1445
2.1,2.3,2.1,1.1,2.4,18.8,17.9,24.9,28.5,-0.8906,0.315,0.0273,0.223,0.0253,-0.1125,0.0268,0.1631
2.1,4.9,4.9,4.2,4.5,15.4,4.0,6.0,9.7,-0.7837,0.3821,-0.1534,-0.2111,-0.174,-0.235,-0.0412,-0.2853
2.1,1.5,2.2,3.6,3.8,2.5,6.3,21.2,15.1,-0.0585,0.5378,0.0004,-0.384,-0.6748,-0.2068,-0.1562,-0.1646
2.1,4.0,2.6,3.8,4.2,2.8,13.5,19.3,41.1,-0.612,0.2574,-0.3213,0.0179,0.2843,0.3876,-0.2908,-0.3605
2.1,3.9,2.0,3.9,1.1,10.5,17.2,43.9,7.6,-0.2438,0.1261,-0.4113,-0.1211,0.4148,0.1321,-0.7036,0.1829
2.1,4.5,1.7,4.2,3.1,6.7,19.9,28.3,18.4,-0.2492,0.2106,-0.2177,-0.0901,0.2027,0.2224,-0.6963,-0.4937
2.1,3.0,1.3,2.2,2.3,14.5,10.5,37.2,33.9,-0.7669,0.0333,-0.2982,0.2651,0.3256,-0.1604,-0.1729,0.281
2.1,4.4,1.3,4.3,1.6,19.6,20.0,37.6,18.0,-0.9719,0.2,-0.003,0.0315,0.0051,-0.0225,0.0161,0.0872
2.1,5.0,1.6,3.5,1.8,5.7,15.4,36.7,21.3,-0.2391,-0.0301,-0.3761,-0.1417,0.3819,0.2159,-0.7546,0.0588
2.1,1.3,1.9,4.1,3.5,3.3,12.8,21.5,38.7,-0.6208,0.1366,-0.3203,-0.0889,0.2464,0.4514,-0.2747,-0.3681
2.1,2.7,2.6,2.0,1.1,2.3,18.6,33.5,21.6,-0.0477,0.0527,-0.1595,0.0215,0.1605,0.0869,-0.8993,-0.3347
2.1,4.3,4.6,2.0,2.6,12.8,14.0,13.2,9.2,0.2123,0.3388,-0.1802,-0.2665,-0.7847,0.2178,-0.0713,-0.2093
2.1,2.5,4.9,2.1,4.7,14.8,5.5,8.1,13.6,-0.4944,0.604,-0.1872,-0.2384,-0.3086,-0.2911,-0.1248,-0.3131
2.1,3.6,3.2,3.0,3.9,2.0,17.6,11.7,11.1,-0.2054,0.8202,0.0438,-0.2141,-0.433,-0.1268,0.147,0.0247
2.1,1.9,4.9,3.6,2.0,7.7,3.0,17.4,36.8,-0.4689,-0.2706,-0.1033,-0.2675,-0.1055,0.6868,-0.3378,-0.0795
2.1,4.1,1.6,1.7,3.9,11.2,10.3,6.1,32.0,-0.3933,0.3781,-0.2145,0.3287,-0.3235,0.2928,-0.1282,-0.5762
2.1,2.3,4.3,2.0,2.5,15.7,9.5,5.2,22.2,-0.5507,0.2854,-0.2036,0.2405,-0.2349,0.2233,-0.1319,-0.6195
2.1,2.5,1.0,4.1,2.4,9.8,15.9,43.8,4.9,-0.7618,0.2019,0.0083,-0.3832,0.0009,0.4149,-0.17,0.1461
2.1,4.1,5.0,1.0,4.7,9.1,2.1,9.7,19.4,-0.0877,0.6748,-0.1389,-0.2215,-0.4963,-0.1378,-0.3939,-0.1971
2.1,1.7,2.0,4.9,1.7,12.3,18.5,7.4,38.4,-0.7611,0.2181,0.041,0.138,-0.0871,0.0575,-0.1538,-0.5572
2.1,1.2,3.9,3.1,1.7,4.3,13.7,18.6,27.6,-0.2797,0.0081,-0.0561,-0.2257,-0.0697,0.4884,-0.4034,-0.6707
2.1,4.7,2.4,2.0,4.6,12.1,6.2,35.4,28.4,-0.6587,0.1952,-0.4318,0.0806,0.4565,0.2064,-0.2705,0.0177
2.1,4.5,3.9,3.0,1.0,5.9,11.3,16.0,42.2,-0.5615,0.0728,-0.2533,-0.2196,0.195,0.5457,-0.3487,-0.3012
2.1,4.8,1.5,1.4,4.5,3.9,14.3,31.5,38.9,-0.3632,0.1578,-0.4157,0.3868,0.4915,0.0687,-0.5075,-0.0291
2.1,4.5,4.2,2.5,4.4,19.4,9.3,24.1,32.1,-0.9014,0.3226,-0.0795,0.2003,0.1014,-0.1057,-0.0053,0.0808
2.1,2.2,4.7,4.6,2.3,17.9,13.0,41.5,30.1,-0.9381,0.0134,-0.042,0.1143,0.0454,-0.1024,-0.0123,0.2902
2.1,5.0,3.5,4.7,3.3,7.0,12.0,21.5,5.2,-0.3468,0.4904,0.2749,-0.3519,-0.5309,-0.1751,-0.3378,-0.0642
2.1,3.0,3.6,2.3,2.4,6.7,18.0,21.7,30.6,-0.0654,-0.0489,-0.2667,0.0605,0.2632,0.1141,-0.8718,-0.2373
2.1,2.9,1.3,2.1,1.5,11.4,5.2,26.5,36.6,-0.6219,-0.0419,-0.4665,0.0084,0.43,0.2974,-0.3257,0.0418
2.1,3.5,1.6,2.8,1.3,8.7,13.3,11.4,44.0,-0.6945,0.1826,-0.2354,-0.0354,0.1576,0.4904,-0.1727,-0.339
2.1,3.2,3.2,2.4,3.1,14.1,14.2,33.1,38.1,-0.848,-0.0079,-0.0888,0.3352,0.1266,-0.2047,-0.1,0.2856
2.1,2.9,3.8,4.8,2.7,21.3,4.1,4.2,17.2,-0.8211,0.4737,-0.0346,0.0331,-0.0404,0.0262,-0.1442,-0.249
2.1,1.5,4.6,3.7,1.5,15.3,17.8,16.1,16.7,-0.3624,0.2277,-0.0974,-0.1319,0.078,0.2353,-0.5288,-0.6589
2.1,4.9,2.8,3.0,1.7,14.8,4.5,25.2,28.7,-0.8627,-0.1048,-0.2603,-0.063,0.2397,0.2189,-0.1167,0.211
2.1,4.8,3.4,3.8,2.1,3.9,10.2,42.4,35.9,-0.5203,-0.1471,-0.3521,0.1903,0.361,-0.1614,-0.4337,0.4358
2.1,2.6,4.7,2.9,1.1,4.0,10.5,30.6,10.3,-0.2615,-0.0617,-0.1042,-0.2386,-0.117,0.6001,-0.356,-0.5863
2.1,1.7,4.1,3.1,1.9,12.1,3.5,30.3,42.2,-0.5268,0.084,-0.4807,0.1674,0.498,0.0803,-0.4349,0.0019
2.1,4.6,4.7,2.4,3.9,6.5,9.4,23.7,16.2,0.0153,0.0931,-0.4962,-0.4813,-0.4806,0.4901,0.1393,-0.0728
2.1,3.8,3.9,2.3,2.7,8.5,5.6,29.4,11.7,-0.0786,0.0133,-0.3946,-0.5788,-0.5518,0.3937,-0.091,0.1409
2.1,1.1,3.3,4.9,3.8,17.8,18.2,10.6,24.3,-0.6969,0.2135,0.1433,0.0863,-0.1787,0.0745,-0.2085,-0.5914
2.1,2.9,3.2,4.0,2.0,10.9,8.5,43.8,44.0,-0.7865,0.0332,-0.148,0.3135,0.1575,-0.2897,-0.1329,0.3523
2.1,1.8,1.1,1.0,3.8,20.5,9.9,18.2,18.7,-0.7283,0.4448,-0.4382,0.032,-0.0773,0.2164,0.0835,0.0481
2.1,3.2,3.1,2.2,3.5,8.4,11.9,14.6,28.4,-0.2687,-0.1635,-0.1993,-0.2157,-0.1653,0.7575,-0.2854,-0.3392
2.1,3.8,4.9,2.5,1.4,17.2,12.7,7.8,11.4,-0.612,0.4577,-0.0058,0.1445,-0.0772,0.1144,-0.3436,-0.4968
2.1,2.7,4.4,4.6,1.9,10.1,7.0,23.6,25.0,-0.2603,-0.1516,0.0717,-0.3405,-0.1287,0.5279,-0.6844,-0.1014
2.1,3.1,2.9,4.6,2.4,5.6,17.7,40.0,13.0,-0.2347,0.3985,-0.24,-0.1357,0.246,0.1651,-0.7458,-0.2219
2.1,2.3,4.4,2.4,2.6,2.4,18.9,25.8,20.5,-0.099,0.0606,-0.1329,0.0317,0.0897,0.136,-0.5547,-0.7862
2.1,2.4,3.1,2.5,4.1,6.8,19.5,34.8,14.2,-0.2958,0.1756,-0.1781,0.0237,0.1379,0.2251,-0.4857,-0.7206
2.1,1.3,3.8,2.5,2.0,21.0,13.0,11.6,32.7,-0.8437,-0.1019,-0.1558,-0.1389,0.1615,0.2591,-0.1226,0.3025
2.1,3.7,1.3,3.6,2.2,19.2,5.9,32.9,40.8,-0.9421,0.1786,-0.0446,0.1964,0.0601,-0.1244,-0.0087,0.1151
2.1,1.3,2.0,4.4,2.2,11.3,2.6,22.6,18.0,-0.1054,0.0077,0.1228,0.0113,-0.4884,0.3508,-0.5852,-0.5055
2.1,2.1,3.0,3.2,3.8,2.1,9.9,7.2,9.1,-0.6236,0.5104,-0.048,-0.3466,-0.1082,-0.3978,0.0427,-0.2296
2.1,4.9,2.2,1.6,3.6,19.4,19.7,8.0,34.2,-0.6506,0.1921,-0.3882,-0.0763,0.416,0.1291,-0.1846,0.3484
2.1,4.4,2.6,3.9,4.8,11.6,11.0,21.7,6.0,-0.3001,0.2214,0.3109,-0.4778,-0.506,0.0176,-0.5138,0.0681
2.1,1.5,1.4,1.1,2.6,16.5,12.3,22.7,16.3,-0.3232,-0.0255,-0.7065,-0.2852,-0.2139,0.4907,0.0271,0.0878
2.1,2.5,3.3,2.3,1.7,12.6,5.2,8.6,30.6,-0.4047,0.3089,-0.1196,0.2239,-0.2866,0.1924,-0.3188,-0.6679
2.1,1.0,1.6,4.1,3.4,17.4,13.4,40.4,12.8,-0.6909,0.1131,-0.2111,-0.3604,0.222,0.435,-0.2889,0.0503
2.1,3.7,2.2,4.7,3.0,17.4,18.1,5.2,38.8,-0.8553,0.3605,0.0209,0.0939,-0.0208,0.0512,-0.1306,-0.3229
2.1,1.4,5.0,4.8,3.0,6.8,17.9,16.1,22.3,-0.5418,0.0897,-0.0652,-0.0743,0.0105,0.2246,-0.1604,-0.7766
2.1,2.3,1.7,2.7,4.1,6.5,12.4,44.0,33.3,-0.4171,0.1354,-0.4702,0.1163,0.4882,-0.0741,-0.4889,0.2761
2.1,5.0,4.1,4.0,2.7,3.4,16.2,10.8,31.1,-0.5723,0.0998,0.1112,0.1273,-0.2196,0.1384,-0.1385,-0.7339
2.1,2.8,3.8,3.5,2.1,18.1,4.5,20.2,9.5,-0.645,-0.3296,-0.3115,-0.1971,-0.2629,0.3419,-0.1537,0.3256
2.1,3.9,2.7,3.1,3.5,19.0,16.5,42.4,29.6,-0.9341,0.3095,0.0021,0.0725,0.0039,-0.0585,0.0353,0.1231
2.1,4.2,4.0,1.6,3.8,18.7,5.9,15.8,43.0,-0.7528,0.2501,-0.0416,0.451,0.1382,-0.2553,-0.0933,0.229
2.1,3.3,4.3,1.3,3.3,19.3,7.4,21.9,42.2,-0.8075,0.436,0.0825,0.3178,0.0156,-0.1495,0.0051,0.1213
2.1,2.6,1.8,4.1,3.2,5.5,15.4,35.2,40.1,-0.5355,-0.1077,-0.3849,0.2817,0.4051,-0.1646,-0.4413,0.2705
2.1,2.4,3.3,4.0,3.6,18.4,9.8,37.2,13.1,-0.836,0.067,-0.2812,-0.1574,0.2909,0.2525,-0.1374,0.1251
2.1,1.6,1.7,2.8,1.9,11.6,3.6,17.0,5.4,-0.335,0.4653,0.1475,-0.3317,-0.3586,-0.3816,-0.3256,-0.3911
2.1,2.7,3.7,1.6,3.3,2.7,5.9,11.2,7.9,-0.3477,0.563,0.0584,-0.3801,-0.2468,-0.428,-0.1701,-0.3688
2.1,4.9,2.3,1.2,3.8,12.9,7.4,31.5,19.8,-0.6079,0.172,-0.5726,0.1271,0.0836,0.4795,0.0024,-0.0773
2.1,2.8,2.7,2.0,1.1,4.8,18.5,15.4,15.5,0.0946,0.0091,-0.1893,-0.0517,-0.0524,0.2744,0.1093,-0.9208
2.1,4.7,2.6,4.8,2.2,3.9,7.6,38.1,34.2,-0.4256,-0.0511,-0.4677,-0.0356,0.4755,0.0874,-0.5615,0.1869
2.1,3.8,4.7,4.8,4.6,18.4,14.2,28.5,16.7,-0.8725,-0.0508,-0.2557,0.1721,0.2601,-0.092,-0.1113,0.1938
2.1,4.3,2.2,4.9,4.6,4.4,9.3,14.4,19.9,-0.1314,0.4189,-0.34,-0.0283,-0.6334,-0.139,0.2119,-0.4627
2.1,4.0,3.9,4.8,3.6,13.0,17.1,39.9,34.4,-0.9263,-0.0476,-0.0303,0.1399,0.0369,-0.1157,-0.0367,0.3086
2.1,4.2,3.3,4.1,4.7,6.5,16.9,24.0,42.2,-0.5472,-0.0589,-0.3668,0.3815,0.3994,-0.1608,-0.4146,0.1924
2.1,2.7,3.5,4.6,5.0,9.2,12.1,32.0,11.3,-0.1957,-0.0717,-0.4229,-0.2982,-0.472,0.5722,0.2657,-0.2
2.1,3.4,3.1,2.2,4.0,8.1,10.2,30.8,32.8,-0.4533,0.0827,-0.4836,0.1132,0.4882,0.2161,-0.4864,-0.0805
2.1,4.5,4.2,3.4,3.6,10.7,20.5,19.5,36.5,-0.7258,-0.3736,-0.0409,0.1238,0.0516,-0.0725,-0.266,0.4572
2.1,1.4,1.9,2.1,1.2,21.6,11.8,19.6,36.7,-0.9173,0.2752,-0.1393,0.1274,0.1495,-0.0364,-0.0056,0.084
2.1,3.1,3.0,4.0,2.7,6.2,16.8,42.2,21.1,-0.1583,-0.0668,-0.3012,0.051,0.3059,-0.0359,-0.7907,0.3712
2.1,2.0,2.1,4.8,4.6,16.5,11.5,6.2,26.1,-0.731,0.1072,-0.2086,0.2216,-0.2236,0.2025,0.0542,-0.51
2.1,4.3,3.5,3.4,3.1,3.4,7.7,15.0,12.4,-0.2396,0.6432,-0.1201,-0.2999,-0.4645,-0.3692,0.0148,-0.2549
2.1,3.7,3.1,1.6,3.9,17.5,7.0,29.2,14.3,-0.7334,0.259,-0.5192,0.0026,-0.0987,0.3105,0.0815,0.0264
2.1,1.3,1.3,1.8,2.1,4.7,19.5,6.1,7.9,-0.3465,0.8241,-0.1325,-0.196,-0.245,-0.2423,0.1185,-0.0508
2.1,4.6,1.7,4.5,3.0,4.2,12.9,37.3,25.2,-0.389,0.1114,-0.3844,-0.2445,0.3913,0.316,-0.6022,-0.0278
2.1,3.4,3.3,4.9,3.5,8.9,10.3,40.1,38.6,-0.6868,-0.1005,-0.2781,0.2842,0.2892,-0.2423,-0.2751,0.3622
2.1,4.6,4.4,3.0,5.0,18.1,11.2,28.9,43.8,-0.9189,0.2435,0.0534,0.2478,0.0034,-0.1053,0.0013,0.1173
2.1,2.3,3.1,2.5,2.6,16.5,7.0,28.1,10.7,-0.5013,-0.1814,-0.5175,-0.2654,-0.2912,0.506,-0.0151,0.1358
2.1,1.1,1.7,1.4,5.0,21.3,13.2,35.1,13.0,-0.6245,0.3928,-0.577,-0.0505,-0.1525,0.2473,0.1237,-0.0049
2.1,3.5,2.2,4.0,3.2,7.5,16.4,27.1,25.6,-0.3203,0.0791,-0.3475,-0.1832,0.3274,0.358,-0.6413,-0.2741
2.1,3.1,3.8,4.4,1.4,13.0,21.9,30.1,28.3,-0.6466,-0.4645,-0.0018,0.0018,0.0016,-0.0008,-0.3513,0.4779
2.1,1.9,4.9,4.4,2.9,8.5,20.9,6.3,10.1,0.0953,0.2074,-0.0164,0.0191,-0.0696,0.0008,0.8562,-0.4374
2.1,3.9,2.4,3.4,3.6,6.3,9.7,17.7,8.0,-0.3534,0.5646,0.1484,-0.3019,-0.4259,-0.3306,-0.2919,-0.2466
2.1,3.0,1.9,1.4,3.1,11.4,16.0,38.7,16.6,-0.4467,0.2145,-0.4057,-0.0339,0.4465,0.3422,-0.4885,-0.1176
2.1,4.1,1.9,2.7,3.1,17.5,18.0,10.5,35.2,-0.6386,0.0167,-0.2412,-0.3133,0.2589,0.4467,-0.3264,0.1944
2.1,1.4,1.9,4.5,4.2,12.0,12.3,14.3,42.7,-0.7757,0.2047,-0.1873,0.0333,0.116,0.4034,-0.1046,-0.3528
2.1,1.2,1.5,2.3,2.0,4.9,3.2,21.7,24.2,0.1121,-0.1277,-0.1633,-0.2035,-0.5907,0.5151,-0.3568,-0.3834
2.1,3.9,1.8,4.3,5.0,19.2,9.9,36.0,43.4,-0.9487,0.2024,0.0243,0.1778,0.0029,-0.092,0.0045,0.1086
2.1,4.0,3.9,2.4,3.3,21.1,11.7,8.8,35.8,-0.9111,0.3608,-0.0517,-0.0201,0.0636,0.0671,0.0349,0.1113
2.1,3.5,3.5,1.1,1.7,5.2,17.3,14.4,34.7,-0.1527,0.1164,-0.2616,0.0763,0.2709,0.2293,-0.7203,-0.4746
2.1,2.7,4.8,2.1,4.2,7.1,6.9,19.7,30.3,-0.3748,-0.0566,-0.5166,-0.0491,0.0207,0.6604,-0.0592,-0.3648
2.1,3.1,2.0,2.4,4.2,10.6,5.7,4.2,37.8,-0.5343,0.2558,-0.2759,0.3285,-0.2948,0.3124,0.1031,-0.5127
2.1,3.3,3.7,3.7,1.0,18.4,8.7,6.8,30.0,-0.7767,0.4241,-0.0086,0.0658,-0.0294,0.0489,-0.2124,-0.3965
2.1,1.7,4.6,2.4,4.6,9.4,21.6,26.3,27.8,-0.2114,-0.4496,-0.0174,0.0212,0.0193,-0.006,-0.7776,0.341
2.1,1.2,4.0,1.7,4.9,9.5,10.8,16.6,35.3,-0.4176,0.1283,-0.4468,0.1385,0.1736,0.5403,-0.152,-0.4812
2.1,4.9,2.6,4.1,4.1,8.8,7.3,35.3,17.3,-0.6809,-0.0397,-0.1802,-0.3107,0.1566,0.5376,-0.2872,-0.0073
2.1,1.6,2.6,2.2,2.9,4.9,20.7,29.9,20.9,-0.0589,0.0641,-0.1223,0.0399,0.1152,0.0854,-0.8031,-0.5391
2.1,2.5,3.0,5.0,1.7,10.5,16.7,15.3,38.6,-0.5411,0.1323,-0.1138,-0.3359,0.0929,0.4953,-0.4201,-0.3427
2.1,3.0,2.9,4.0,4.4,14.0,7.1,15.6,40.4,-0.7424,0.2271,-0.2472,-0.0267,0.2067,0.4106,-0.1747,-0.2895
2.1,3.2,2.8,3.2,3.0,4.9,9.0,30.3,26.9,-0.4747,0.0061,-0.331,-0.2416,0.286,0.5083,-0.4638,-0.2003
2.1,3.7,2.0,1.7,2.1,21.1,2.8,23.0,13.4,-0.8274,0.5395,-0.095,0.0281,-0.0157,0.0642,0.0179,0.0226
2.1,4.9,2.7,1.3,4.1,3.6,13.3,31.1,20.6,0.0674,0.1745,-0.7219,-0.0654,-0.113,0.473,0.1818,-0.3864
2.1,2.2,1.8,2.7,2.5,17.5,7.6,43.4,24.5,-0.8165,0.133,-0.2996,0.1072,0.3071,-0.0899,-0.0765,0.3089
2.1,3.7,1.1,2.3,4.1,18.7,18.8,41.4,15.0,-0.8482,0.2647,-0.1935,0.2198,0.2152,-0.1616,-0.0363,0.1902
2.1,3.8,1.1,4.1,4.6,20.3,15.0,21.8,10.4,-0.9468,0.2016,-0.1419,0.0299,-0.0382,0.1639,0.0201,0.046
2.1,4.5,1.9,3.1,4.3,16.9,2.4,29.5,19.0,-0.9044,0.089,-0.2267,-0.0034,0.1067,0.3135,-0.0217,0.0659
2.1,1.3,4.2,3.4,2.1,17.0,18.6,19.1,10.1,-0.3285,0.1578,-0.1692,-0.0637,0.1199,0.2516,-0.4629,-0.7202
2.1,2.0,3.1,1.9,1.5,7.9,2.7,26.4,30.2,-0.4042,-0.2706,-0.3399,-0.2082,0.1309,0.6281,-0.4221,-0.0247
2.1,2.0,3.8,2.9,2.4,18.5,14.4,14.8,10.6,-0.2753,-0.2651,0.0127,-0.2258,-0.2364,0.6375,-0.5507,-0.0094
2.1,4.5,3.5,2.3,4.1,2.7,9.3,38.7,17.6,-0.5607,0.0622,-0.2486,-0.1629,0.1608,0.6045,-0.2758,-0.3287
2.1,1.6,2.1,1.7,4.4,3.7,2.9,10.4,5.0,-0.4125,0.4132,0.1762,-0.3917,-0.0537,-0.485,-0.0429,-0.4802
2.1,4.1,1.4,1.2,4.0,17.4,18.8,28.2,10.4,-0.4632,0.3345,-0.6699,0.1088,-0.0524,0.3916,0.0802,-0.1409
2.1,1.4,2.0,2.8,2.1,11.3,19.6,31.8,14.6,-0.1603,0.1564,-0.2265,-0.0299,0.2197,0.1715,-0.7856,-0.4271
2.1,2.3,4.6,1.3,3.6,8.4,4.7,19.4,41.0,-0.3752,0.2707,-0.4331,0.325,0.3219,0.404,-0.2842,-0.3635
2.1,2.9,4.1,1.2,2.2,17.5,13.4,6.4,13.1,-0.3091,0.4616,-0.0817,0.2903,-0.2327,0.2867,-0.426,-0.5123
2.1,3.0,4.7,3.1,4.1,3.9,12.7,30.0,39.0,-0.4162,-0.0436,-0.4379,0.2836,0.4673,-0.049,-0.549,0.1176
2.1,4.5,4.3,4.9,1.4,2.2,10.8,24.1,5.2,-0.0098,0.5773,-0.0266,-0.3021,-0.7092,-0.15,0.1407,-0.1153
2.1,3.0,3.9,4.7,1.4,7.0,15.1,7.2,23.5,-0.6279,-0.0734,-0.0668,0.1092,-0.0832,0.0917,0.1142,-0.7418
2.1,4.6,3.5,2.7,1.1,4.7,17.2,43.1,13.1,-0.0396,0.1477,-0.2168,-0.0035,0.2254,0.0302,-0.9203,0.1138
2.1,2.5,4.2,2.7,3.2,2.6,3.5,16.9,38.2,-0.5255,0.0144,-0.4376,0.0166,0.03,0.6058,-0.0183,-0.3882
2.1,2.0,3.7,4.0,1.4,6.5,9.9,10.1,19.8,-0.363,0.0109,-0.2007,0.1517,-0.2693,0.1083,0.1748,-0.826
2.1,3.1,2.8,3.1,4.5,21.9,9.0,29.3,36.1,-0.8943,0.4363,-0.0006,0.0252,0.0033,-0.0117,0.0072,0.0174
2.1,1.6,3.1,3.2,2.7,2.9,3.7,12.0,37.6,-0.2162,-0.2014,-0.0732,-0.1694,-0.4729,0.7186,-0.2111,-0.2536
2.1,3.8,1.1,2.6,2.0,13.2,8.3,14.9,37.4,-0.6603,-0.0789,-0.2616,-0.2099,0.1719,0.5737,-0.2616,0.0229
2.1,1.7,3.6,1.2,3.2,13.8,7.2,22.5,8.5,-0.2799,0.1789,-0.0873,-0.7259,-0.3515,0.226,-0.3211,0.2564
2.1,4.9,4.6,2.6,1.9,9.6,14.5,21.9,23.0,-0.1709,-0.0318,-0.3317,-0.1089,0.3128,0.2864,-0.7802,-0.2054
2.1,4.1,3.3,2.3,5.0,11.3,2.9,13.7,34.8,-0.6164,0.0088,-0.3996,0.0045,-0.0015,0.6393,0.0002,-0.192
2.1,4.2,4.7,3.9,2.0,16.1,19.9,42.5,13.6,-0.9447,0.0126,-0.001,0.0315,0.0032,-0.0252,0.0012,0.3113
2.1,1.5,4.9,4.7,2.3,15.1,4.7,41.3,5.5,-0.726,-0.0155,0.0318,-0.3662,-0.0216,0.4741,-0.2448,0.2061
2.1,4.1,2.9,2.2,2.7,18.0,5.5,42.2,6.1,-0.8869,0.2792,-0.1174,-0.007,0.1294,0.2962,0.0021,0.0582
2.1,4.2,3.9,3.1,3.7,4.2,12.1,6.6,15.5,-0.2821,0.6373,-0.3196,-0.2378,-0.3636,-0.2718,0.3532,-0.1315
2.1,3.0,3.5,2.0,3.0,15.1,2.9,23.9,34.9,-0.6938,0.1326,-0.438,0.1081,0.4103,0.2599,-0.2238,-0.0136
2.1,3.1,1.7,4.9,3.5,10.9,7.5,19.0,10.9,-0.1496,0.5025,-0.0719,-0.2574,-0.6387,-0.2864,-0.2387,-0.3082
2.1,3.1,3.6,3.0,2.4,10.8,15.5,4.9,21.4,-0.5779,-0.002,-0.1185,0.1782,-0.1338,0.1647,0.086,-0.7481
2.1,2.9,2.1,3.0,3.5,20.2,16.0,16.3,32.7,-0.907,0.1645,-0.2175,0.1282,0.229,-0.0419,-0.0415,0.1282
2.1,4.8,3.8,1.7,1.9,12.9,11.9,8.1,6.1,-0.4091,0.6605,-0.197,-0.2338,-0.3536,-0.2817,-0.1171,-0.279
2.1,1.8,3.0,4.9,3.5,18.0,7.3,17.9,6.3,-0.2191,0.3719,0.2075,-0.2964,-0.5088,-0.2063,-0.5685,-0.1944
2.1,3.6,3.7,1.6,3.3,11.3,14.6,44.0,7.6,-0.6859,0.3074,-0.1792,-0.0686,0.2229,0.4703,-0.1917,-0.2343
2.1,3.4,2.2,3.3,4.6,5.4,15.1,32.2,4.5,-0.6306,0.2176,0.0851,-0.5826,-0.2383,0.244,-0.1827,0.2249
2.1,1.2,4.1,1.4,1.6,21.5,5.6,8.4,43.8,-0.7834,0.4493,-0.1753,0.0049,0.2561,0.2412,-0.0781,-0.0285
2.1,3.8,4.3,4.4,4.2,17.4,10.0,7.9,35.6,-0.5579,0.4816,0.1388,0.1562,-0.157,0.0625,-0.4141,-0.4437
2.1,2.2,4.6,3.9,2.4,21.7,7.2,41.1,22.4,-0.9417,0.3102,-0.0272,0.0378,0.0291,-0.0305,0.0179,0.0661
2.1,3.5,3.6,4.3,2.7,3.4,16.7,33.5,30.3,-0.1498,-0.1556,-0.3041,0.0655,0.3105,0.007,-0.8449,0.1642
2.1,4.4,1.5,2.8,4.4,2.7,8.2,37.3,7.5,-0.4351,0.2451,0.0857,-0.6282,-0.3644,0.2412,-0.2604,0.2858
2.1,4.1,3.4,1.3,4.5,7.6,10.3,23.3,40.6,-0.3566,0.2089,-0.4,0.4183,0.4855,0.1019,-0.4764,-0.0782
2.1,3.6,2.2,3.7,4.4,11.5,13.0,16.5,30.8,-0.5957,-0.1189,-0.1627,-0.2687,0.0413,0.6476,-0.2832,-0.1294
2.1,2.4,4.3,4.7,2.6,9.9,21.3,18.4,39.3,-0.5557,-0.4724,-0.0272,0.0432,0.0288,-0.0251,-0.4401,0.4689
2.1,4.1,1.3,3.5,4.0,5.1,8.5,29.6,6.5,-0.3218,0.2558,0.2873,-0.5218,-0.5027,0.0473,-0.4507,0.1006
2.1,4.4,1.1,2.6,1.6,8.9,2.6,24.3,40.5,-0.5855,0.0859,-0.4595,0.0087,0.4135,0.3482,-0.3432,-0.1248
2.1,3.7,3.8,4.8,2.8,17.6,12.6,13.7,13.9,-0.1034,-0.0463,0.1946,-0.0762,-0.2661,0.2837,-0.8653,-0.0258
2.1,1.5,3.1,1.2,4.5,18.6,11.4,18.7,11.0,-0.5346,0.2554,-0.39,-0.571,-0.1216,0.2304,-0.0234,0.2952
2.1,4.4,2.7,2.9,2.4,18.7,20.5,20.1,23.4,-0.9733,0.126,0.0031,0.046,0.0031,-0.0236,0.0158,0.1516
2.1,2.1,4.3,5.0,1.2,9.2,20.1,14.7,14.9,-0.5794,0.1106,-0.0258,-0.0137,0.0089,0.0664,-0.1513,-0.7853
2.1,3.8,1.7,4.2,4.9,17.2,11.5,23.7,9.2,-0.6958,-0.045,-0.3174,-0.4777,-0.2486,0.1356,-0.0029,0.3014
2.1,1.4,1.4,3.2,2.6,20.3,7.6,40.1,21.8,-0.8981,0.1278,-0.245,0.0403,0.2539,-0.005,-0.045,0.1933
2.1,1.1,2.9,1.5,1.9,15.4,11.3,41.3,26.8,-0.5484,-0.0405,-0.3681,0.2087,0.4001,-0.1345,-0.3585,0.4412
2.1,2.2,4.1,4.5,3.3,8.7,5.7,31.0,14.1,-0.4018,-0.2128,0.0253,-0.2758,-0.2436,0.6794,-0.3878,-0.1764
2.1,4.6,3.6,3.0,1.7,21.7,3.0,18.5,17.4,-0.9024,0.4209,-0.0063,0.0022,0.0006,0.0083,0.0091,0.0213
2.1,4.5,3.8,1.4,3.4,16.9,3.7,40.0,31.3,-0.7854,0.4164,-0.1547,0.2811,0.2055,-0.1806,-0.029,0.1469
2.1,4.9,5.0,4.8,1.3,4.4,7.1,30.1,9.3,-0.2892,-0.0183,0.2065,-0.1775,-0.3571,0.4761,-0.5202,-0.452
2.1,1.9,3.1,3.7,1.5,9.9,19.9,4.9,34.6,-0.773,0.0806,-0.0041,0.0646,-0.0213,0.0483,-0.0578,-0.6161
2.1,1.7,1.7,1.2,2.1,7.0,7.9,23.8,11.4,0.0345,0.3038,-0.0982,-0.679,-0.5512,0.087,-0.3331,0.0561
2.1,3.1,1.7,3.4,1.1,8.0,6.4,34.4,9.6,-0.337,-0.1492,0.0789,-0.3405,-0.1402,0.5849,-0.6037,-0.0513
2.1,2.3,3.5,4.5,4.6,4.2,12.2,40.5,24.3,-0.4151,0.2833,-0.3705,-0.2179,0.3813,0.2729,-0.5646,-0.1074
2.1,5.0,4.1,3.3,2.2,10.1,3.2,18.5,34.5,-0.5597,-0.217,-0.1696,-0.2769,0.0522,0.6208,-0.3551,0.0577
2.1,4.0,2.2,3.5,4.6,12.3,20.4,21.7,38.7,-0.8428,-0.1631,-0.0742,0.2793,0.0972,-0.1633,-0.1346,0.3176
2.1,1.9,2.4,3.0,4.0,3.0,8.3,15.5,28.5,0.0924,-0.0094,-0.1387,-0.1866,-0.7258,0.5025,-0.0938,-0.3621
2.1,1.6,1.6,1.8,3.5,8.8,18.4,5.5,19.9,0.0326,0.4851,-0.3819,0.005,-0.4278,-0.0185,0.5218,-0.3837
2.1,3.6,3.0,1.1,3.8,2.9,18.0,24.0,36.4,-0.2824,-0.1719,-0.2773,0.4237,0.3701,-0.087,-0.6449,0.2055
2.1,4.1,3.7,1.6,3.6,6.7,16.8,18.1,43.6,-0.5261,0.0569,-0.2239,0.5253,0.3397,-0.2291,-0.3585,0.2656
2.1,2.5,3.0,4.6,3.1,2.2,6.6,42.7,4.7,-0.6649,0.0452,0.2056,-0.3576,-0.1885,0.4772,-0.3019,0.1302
2.1,3.7,2.9,1.6,4.3,3.8,2.7,31.9,18.4,-0.2515,0.2332,-0.5187,-0.6042,-0.3013,0.3178,0.0499,0.2054
2.1,4.7,4.2,1.5,4.4,14.7,9.1,6.4,17.3,-0.3505,0.6027,-0.3818,0.0287,-0.4719,0.0015,-0.0937,-0.3564
2.1,4.7,2.8,4.4,2.8,3.8,9.9,16.7,9.2,-0.3176,0.6478,-0.0801,-0.2801,-0.4408,-0.3851,0.0305,-0.2081
2.1,5.0,3.1,3.0,3.4,8.6,17.6,43.3,8.7,-0.5585,0.4964,-0.2108,-0.1994,0.2316,0.2654,-0.3991,-0.2402
2.1,3.8,3.2,1.3,4.5,2.0,14.1,36.6,34.7,-0.2981,0.0908,-0.39,0.3231,0.4826,-0.0058,-0.6232,0.0768
2.1,4.7,4.2,2.5,3.8,3.5,8.0,12.2,5.2,-0.5357,0.5265,0.0912,-0.2831,-0.2059,-0.3986,-0.1597,-0.3414
2.1,2.9,3.0,4.1,4.8,12.4,21.5,32.9,34.6,-0.9528,-0.092,-0.001,0.0412,0.0051,-0.0223,-0.0302,0.2603
2.1,4.1,2.1,1.7,2.3,11.0,16.3,10.1,21.1,-0.2558,0.184,0.0776,0.1263,-0.3246,0.3394,-0.4191,-0.6842
2.1,1.7,1.2,4.7,2.5,7.4,12.3,14.7,9.6,-0.3656,0.5874,-0.1619,-0.2904,-0.3975,-0.412,0.0948,-0.257
2.1,3.4,2.3,2.8,1.4,2.8,17.1,22.9,7.7,0.1795,0.4689,-0.3072,-0.4275,-0.3954,0.2813,0.4276,-0.1757
2.1,2.2,3.2,2.8,1.3,5.3,14.5,4.1,40.5,-0.6901,0.1095,-0.0813,0.2201,-0.0999,0.2031,-0.0193,-0.6296
2.1,1.4,2.8,1.5,1.6,5.5,13.3,37.7,34.1,-0.32,-0.1124,-0.3717,0.2051,0.4125,-0.0644,-0.6416,0.319
2.1,1.8,4.4,4.7,2.5,8.5,9.7,26.9,26.3,-0.4141,-0.0017,-0.2009,-0.3593,0.1712,0.5252,-0.5455,-0.2111
2.1,1.8,1.3,1.0,1.3,17.2,18.3,35.2,21.0,-0.832,0.0136,-0.0972,0.2892,0.1425,-0.1752,-0.0775,0.3684
2.1,1.2,5.0,2.7,2.2,12.9,9.1,33.3,40.0,-0.5769,-0.1121,-0.3639,0.3304,0.3932,-0.1547,-0.393,0.2578
2.1,2.1,2.5,4.9,4.8,8.0,21.9,42.6,26.3,-0.6705,-0.3228,-0.0121,0.0211,0.0128,-0.0177,-0.2923,0.5833
2.1,3.1,2.0,4.6,1.3,16.8,21.9,18.8,4.4,-0.2318,0.274,-0.0747,-0.0163,0.07,0.067,-0.7232,-0.5418
2.1,1.6,1.4,1.1,2.5,20.3,18.7,9.9,21.6,-0.7157,0.0625,-0.2736,-0.1354,0.3169,0.3493,-0.1761,0.3104
2.1,2.8,4.5,3.4,5.0,14.9,5.9,5.8,21.6,-0.5349,0.3293,-0.4537,-0.012,-0.471,-0.0294,0.1764,-0.3717
2.1,2.5,4.8,1.3,4.2,5.5,7.3,25.3,29.8,-0.1929,0.0694,-0.655,0.1471,0.0953,0.5388,-0.0595,-0.4345
2.1,1.6,1.6,2.2,3.1,19.5,15.9,39.7,43.4,-0.8922,0.2763,0.0373,0.249,0.0083,-0.1565,0.0081,0.1727
2.1,4.9,3.9,3.1,4.7,13.3,8.9,39.5,4.8,-0.7707,0.2656,-0.1666,-0.4509,-0.065,0.1643,0.0067,0.2575
2.1,2.7,1.0,3.8,3.5,3.1,16.7,28.8,41.4,-0.4476,0.1278,-0.4756,0.1212,0.4875,0.1335,-0.5148,-0.0858
2.1,2.2,2.4,3.3,4.5,6.3,8.9,40.3,6.8,-0.5165,0.2654,-0.0391,-0.6105,-0.2951,0.2549,-0.1023,0.3381
2.1,1.3,3.3,1.4,2.2,21.6,18.3,22.1,38.9,-0.8725,0.453,0.0417,0.0995,-0.0068,-0.0388,0.027,0.066
2.1,2.3,1.1,4.9,3.1,7.5,8.7,4.4,36.4,-0.6343,0.0387,-0.2732,0.2427,-0.2841,0.2269,0.1792,-0.5411
2.1,4.6,4.7,3.3,3.2,10.0,17.2,34.6,28.9,-0.7278,-0.3262,-0.0871,0.1846,0.1,-0.1233,-0.258,0.4651
2.1,3.6,2.0,3.2,4.9,19.9,11.6,7.0,9.3,-0.6141,0.6139,-0.0997,-0.0658,-0.1848,-0.1173,-0.2723,-0.3073
2.1,3.2,3.9,4.8,3.4,5.9,14.0,12.8,21.7,-0.3866,0.0454,0.0032,0.2074,-0.3198,0.1492,-0.0144,-0.819
2.1,4.1,3.2,1.8,3.4,16.2,7.8,28.3,10.0,-0.6907,0.2191,-0.5127,-0.3361,-0.1581,0.1612,0.0924,0.1707
2.1,4.1,4.1,2.7,2.2,17.9,8.8,12.7,15.0,-0.4928,-0.3642,-0.051,-0.0977,-0.1022,0.3604,-0.4479,0.4808
2.1,3.6,1.1,2.6,1.7,7.7,16.1,25.8,27.9,-0.2897,-0.1061,-0.3687,-0.1897,0.323,0.4191,-0.6476,-0.1371
2.1,1.0,4.1,3.4,2.5,14.0,2.2,37.2,35.5,-0.5889,0.0304,-0.473,0.0087,0.4886,0.0986,-0.3888,0.1331
2.1,3.7,3.9,2.6,4.3,4.9,11.3,43.3,6.4,-0.3513,0.4061,-0.3786,-0.4658,-0.3154,0.2858,0.2717,0.218
2.1,4.5,1.6,1.3,1.2,11.2,7.9,13.1,23.3,-0.015,0.1002,-0.0396,0.0054,-0.3849,0.3914,-0.777,-0.2554
2.1,1.7,3.9,4.5,2.9,3.8,20.6,21.4,37.4,-0.1448,-0.3434,-0.1239,0.0814,0.1274,-0.0278,-0.8448,0.2435
2.1,3.4,3.3,3.6,3.6,10.9,17.2,15.3,21.2,-0.449,0.0768,-0.0589,-0.2357,-0.0255,0.5019,-0.3634,-0.5777
2.1,2.6,3.6,3.2,4.0,12.0,9.0,39.8,16.4,-0.6566,0.1641,-0.266,-0.302,0.285,0.4334,-0.3168,-0.0044
2.1,4.2,4.9,2.0,3.6,20.8,5.5,33.0,30.8,-0.8433,0.517,-0.0182,0.0945,0.0336,-0.0503,0.0123,0.0318
2.1,4.5,1.9,2.6,1.3,16.7,10.2,17.7,27.0,-0.8625,-0.1545,-0.1734,-0.0844,0.1496,0.2228,-0.1125,0.309
2.1,3.3,1.1,4.1,2.5,9.7,9.1,19.2,18.0,-0.0819,0.0613,0.0491,0.0687,-0.5416,0.3058,-0.5097,-0.5669
2.1,1.4,4.2,4.9,2.2,5.2,17.3,18.9,28.4,-0.4768,0.221,-0.0991,-0.1314,0.0712,0.2556,-0.4017,-0.6745
2.1,4.9,4.6,2.4,3.1,14.2,11.3,22.4,22.9,-0.6587,-0.0774,-0.4362,-0.0154,0.4237,0.249,-0.3079,0.1379
2.1,2.2,4.6,1.5,1.1,21.6,8.6,21.4,15.8,-0.8469,0.5053,-0.0674,0.0433,0.0682,0.0367,0.0154,0.0342
2.1,3.4,2.2,3.9,1.6,6.6,14.6,27.0,9.3,-0.2526,-0.1352,-0.0257,-0.2316,-0.2981,0.6259,-0.2402,-0.5547
2.1,1.8,4.4,2.6,4.1,10.9,7.7,17.3,13.1,-0.0909,0.5199,0.058,-0.4375,-0.6241,-0.147,-0.3065,-0.1056
2.1,3.6,2.0,4.5,4.6,4.4,4.4,31.9,6.3,-0.3479,0.256,0.3306,-0.4527,-0.5132,0.032,-0.4676,0.0907
2.1,4.3,4.6,2.0,2.9,12.2,9.8,10.3,38.0,-0.6214,-0.0055,-0.1265,-0.245,0.1129,0.6445,-0.2908,0.0143
2.1,1.0,1.0,3.2,4.4,19.0,18.8,32.2,7.9,-0.5135,0.3159,-0.3805,-0.5716,-0.2392,0.1607,0.1306,0.2021
2.1,3.7,2.4,4.7,3.4,6.5,10.7,25.0,5.4,-0.33,0.3997,0.3122,-0.3907,-0.537,-0.1176,-0.4116,-0.0313
2.1,2.5,1.0,1.9,1.7,19.1,18.5,8.8,23.7,-0.1324,-0.0827,0.1083,-0.157,-0.1128,0.3112,-0.8253,0.3027
2.1,2.4,1.7,4.5,4.9,2.1,12.5,12.9,28.6,-0.1486,0.1879,-0.1918,0.2198,-0.5972,0.1316,0.1217,-0.6748
2.1,1.7,4.1,1.8,5.0,6.0,13.6,12.3,19.3,0.1009,0.6665,-0.0766,-0.3258,-0.6389,0.0478,0.0765,-0.0627
2.1,2.8,3.2,4.3,1.8,4.3,6.2,32.3,7.6,-0.1177,-0.1406,0.0392,-0.1166,-0.6152,0.5738,-0.2691,-0.3866
2.1,1.8,1.2,1.4,3.2,9.2,16.7,23.8,41.4,-0.3713,0.1112,-0.4138,0.4181,0.4817,0.041,-0.5018,-0.0096
2.1,4.5,4.9,4.0,1.7,9.0,6.8,39.8,30.6,-0.6351,-0.2002,-0.347,0.1138,0.3546,-0.0743,-0.3401,0.4065
2.1,3.9,2.2,2.1,1.6,9.6,19.9,11.0,24.8,-0.4547,0.2307,-0.0655,-0.0645,0.0425,0.2208,-0.4002,-0.714
2.1,3.9,3.1,3.8,3.9,11.7,18.8,30.4,29.6,-0.7003,-0.359,-0.1137,0.2035,0.1245,-0.1297,-0.2914,0.4383
2.1,1.7,3.0,5.0,2.5,7.6,11.9,20.2,42.0,-0.6421,0.204,-0.3226,-0.0979,0.2987,0.3745,-0.3092,-0.3111
2.1,2.5,4.7,4.6,3.4,17.1,12.3,11.3,22.2,-0.4916,0.3711,0.1085,0.1389,-0.1764,0.0852,-0.4547,-0.5743
2.1,4.5,1.9,3.0,2.4,5.9,7.4,29.0,33.6,-0.5154,-0.0063,-0.4319,-0.131,0.4008,0.3955,-0.4397,-0.0944
2.1,3.4,4.5,3.7,3.3,16.0,10.0,22.3,9.7,-0.4235,-0.29,-0.3818,-0.2542,-0.3624,0.5956,-0.0956,0.095
2.1,4.8,4.3,4.6,2.4,18.9,16.9,38.7,41.7,-0.9655,0.222,0.009,0.0694,-0.0009,-0.0428,0.0151,0.0823
2.1,3.6,2.0,2.2,1.8,2.1,18.0,17.8,26.6,-0.1395,0.0027,-0.2171,-0.076,0.0336,0.3829,-0.2732,-0.8316
2.1,1.9,4.2,2.9,1.5,12.0,4.9,5.5,29.4,-0.5798,0.1308,-0.2505,0.1722,-0.2684,0.1573,0.0139,-0.6715
2.1,3.9,3.4,4.4,1.9,15.1,14.0,41.4,16.0,-0.8452,-0.1249,-0.1511,0.1534,0.1551,-0.1381,-0.115,0.3953
2.1,3.2,3.5,2.7,2.3,6.2,19.0,15.2,27.6,-0.3237,0.1824,-0.1249,-0.0316,0.093,0.1924,-0.4787,-0.7471
2.1,4.8,1.1,1.5,3.7,11.0,15.3,30.5,6.1,-0.6189,0.2696,-0.2152,-0.5972,-0.0974,0.2218,-0.0681,0.2624
2.1,4.8,1.5,1.5,3.9,6.0,17.7,38.1,10.9,-0.1215,0.5491,-0.5867,-0.3714,-0.1937,0.243,0.2818,0.0085
2.1,4.5,1.8,2.2,1.2,4.3,21.6,25.8,42.4,-0.7681,-0.317,-0.0375,0.1852,0.0606,-0.0937,-0.2153,0.4154
2.1,2.0,1.9,1.3,4.2,5.0,20.6,23.2,6.4,-0.4526,0.8096,-0.2326,-0.2557,0.005,0.0567,0.0327,0.0386
2.1,3.9,3.9,2.3,4.8,6.3,5.4,40.7,30.8,-0.5169,0.2829,-0.4398,-0.025,0.4838,0.1826,-0.4243,-0.0027
2.1,4.7,4.1,5.0,4.6,6.9,18.9,24.2,29.2,-0.0763,-0.0062,-0.2457,0.0222,0.2465,0.0669,-0.9082,-0.1262
2.1,4.5,3.6,1.1,4.1,9.1,10.4,23.6,21.3,-0.1555,0.1396,-0.7824,-0.0385,-0.0837,0.507,0.1115,-0.2204
2.1,1.5,4.3,3.3,1.2,13.6,11.4,37.2,28.7,-0.5812,-0.3152,-0.2512,0.1374,0.2583,-0.093,-0.4012,0.4806
2.1,4.9,3.8,3.3,3.4,10.6,15.1,9.4,17.6,-0.4803,0.1067,-0.0821,0.2404,-0.245,0.1821,-0.0306,-0.767
2.1,2.1,2.7,2.7,4.0,2.1,17.8,26.3,40.4,-0.4551,-0.1403,-0.3578,0.3792,0.3951,-0.131,-0.5049,0.2152
2.1,2.7,2.0,3.9,2.8,14.7,17.3,32.3,22.4,-0.5531,-0.3073,-0.3212,0.1627,0.3269,-0.0862,-0.4388,0.3798
2.1,4.5,1.5,2.4,4.4,13.5,9.2,40.3,42.9,-0.7954,0.1501,-0.0587,0.3951,0.1156,-0.2702,-0.0917,0.2843
2.1,1.9,4.1,3.4,4.3,19.3,4.1,38.7,19.6,-0.8647,0.1354,-0.2782,-0.0851,0.2927,0.1748,-0.0937,0.1231
2.1,3.4,2.9,1.5,2.0,11.3,19.2,4.2,9.6,0.1411,0.4238,-0.2809,0.0669,-0.3121,0.0522,0.6271,-0.4477
2.1,4.1,2.0,2.6,2.3,15.2,9.6,38.9,35.3,-0.8807,0.103,-0.139,0.2496,0.1588,-0.1882,-0.0516,0.2459
2.1,4.3,2.7,4.4,1.1,11.7,10.4,22.6,13.3,-0.1426,-0.0732,0.1652,-0.2088,-0.2401,0.398,-0.794,-0.2011
2.1,3.3,3.2,4.7,1.3,20.7,5.5,7.5,31.4,-0.3362,0.5232,0.0265,0.0359,-0.0446,0.0209,-0.6438,-0.3521
2.1,1.6,3.7,4.3,4.2,14.0,15.2,36.3,25.7,-0.3667,-0.2107,-0.381,0.1366,0.3906,-0.0645,-0.6239,0.3022
2.1,4.8,1.3,2.2,2.5,6.7,19.7,27.5,14.4,-0.1545,-0.009,-0.3465,-0.0355,0.1309,0.4386,-0.3482,-0.706
2.1,2.9,5.0,1.9,3.8,16.8,7.5,4.5,9.3,-0.6294,0.5675,-0.2051,-0.2214,-0.2237,-0.2344,-0.0878,-0.271
2.1,1.8,2.1,4.5,2.7,3.9,13.1,11.5,42.8,-0.7823,0.0935,-0.1831,0.0083,0.0577,0.4558,-0.0518,-0.3451
2.1,1.4,2.0,4.7,4.8,20.0,17.9,39.5,23.3,-0.912,-0.0567,-0.0875,0.1771,0.0941,-0.1447,-0.0605,0.2766
2.1,2.7,1.4,2.5,2.2,6.6,11.9,9.3,9.1,-0.396,0.5793,-0.1087,-0.3643,-0.2645,-0.4336,0.0126,-0.3152
2.1,2.7,1.1,3.7,1.9,3.7,3.8,11.6,29.8,-0.3179,0.1579,-0.2169,0.1911,-0.4207,0.1244,-0.0172,-0.7677
2.1,2.1,3.3,1.2,3.2,5.2,19.8,39.1,39.7,-0.892,0.2221,0.0657,0.1921,-0.0077,-0.1116,0.0405,0.2821
2.1,2.8,4.8,3.9,1.0,7.5,4.5,12.2,31.3,-0.5196,0.1831,-0.068,0.1655,-0.1851,0.1166,-0.2042,-0.7537
2.1,3.8,4.9,1.3,2.1,13.6,16.4,13.3,10.3,-0.1248,-0.0586,-0.3522,-0.0852,0.0136,0.6358,-0.1415,-0.6263
2.1,2.7,3.3,4.8,3.6,10.4,10.2,5.3,11.6,-0.5731,0.4398,-0.2529,-0.3512,-0.2675,-0.3705,0.2295,-0.1549
2.1,2.0,4.9,2.0,3.7,14.9,19.4,43.5,43.0,-0.8763,0.439,0.045,0.0958,-0.0192,-0.0575,0.0445,0.1077
2.1,1.7,4.9,4.3,2.5,6.5,3.4,32.9,26.1,-0.5093,-0.0643,-0.2114,-0.3749,0.1971,0.5264,-0.474,0.0008
2.1,3.5,4.1,3.5,2.1,15.5,3.1,39.3,42.7,-0.8403,0.0496,-0.1269,0.3224,0.1515,-0.2434,-0.1031,0.2644
2.1,2.0,2.3,1.7,4.3,2.3,21.1,20.2,6.4,-0.44,0.8607,-0.1518,-0.1615,-0.0045,0.021,0.0464,0.0265
2.1,4.2,1.1,3.3,2.1,11.3,2.8,7.8,33.2,-0.6372,0.2721,-0.1498,0.2292,-0.235,0.1777,-0.1273,-0.5796
2.1,2.0,4.9,2.8,1.3,12.2,16.1,31.7,28.9,-0.4657,-0.4485,-0.1372,0.1413,0.1449,-0.0789,-0.5292,0.4685
2.1,4.3,3.3,1.4,1.6,21.6,3.4,24.2,42.4,-0.7434,0.6586,0.0186,0.0621,0.0011,-0.0256,0.009,0.0134
2.1,2.1,1.8,2.6,1.5,18.8,8.1,18.3,4.7,-0.5111,-0.1906,-0.1386,-0.56,-0.2632,0.1712,-0.2864,0.4027
2.1,2.3,3.1,2.5,1.6,8.2,17.0,17.8,30.6,-0.2088,0.1042,-0.2374,-0.11,0.2012,0.3073,-0.6688,-0.5295
2.1,2.9,2.8,1.2,2.1,16.5,8.4,11.2,27.3,-0.5266,-0.2253,-0.1749,-0.1317,0.034,0.5683,-0.3389,0.3941
2.1,4.1,4.4,3.3,4.9,19.4,20.6,23.3,5.4,-0.9579,0.0146,0.0036,0.0915,0.0083,-0.0443,-0.0109,0.2004
2.1,2.2,4.9,2.2,4.7,21.1,19.9,36.1,11.8,-0.9182,0.3644,0.0144,0.0396,-0.0032,-0.0166,0.0279,0.0795
2.1,2.4,2.5,2.2,2.9,18.9,11.5,26.2,22.6,-0.8589,0.103,-0.3127,0.1019,0.3125,0.0831,-0.0907,0.1321
2.1,1.2,1.4,3.0,2.3,2.6,20.5,22.6,4.9,-0.5173,0.6855,-0.1541,-0.4248,-0.0926,0.1049,0.0872,0.1102
2.1,3.1,1.4,2.3,2.2,12.7,2.1,28.2,43.1,-0.505,0.1207,-0.4461,0.3214,0.4854,0.0105,-0.4208,0.0359
2.1,1.4,3.7,4.0,1.6,14.8,10.1,20.1,14.3,-0.151,0.0025,0.177,-0.0759,-0.3685,0.3774,-0.6487,-0.474
2.1,2.9,3.3,1.3,1.9,19.6,20.5,14.5,26.4,-0.9117,0.3511,0.0191,0.0483,-0.0039,-0.024,0.0528,0.1511
2.1,2.7,4.4,2.8,1.7,17.2,3.4,32.4,28.0,-0.8893,0.005,-0.2703,0.0274,0.273,0.0819,-0.0815,0.1952
2.1,4.8,1.3,2.2,2.1,9.2,6.5,10.6,4.4,-0.5041,0.4675,0.037,-0.3088,-0.1958,-0.4032,-0.176,-0.4406
2.1,4.8,3.5,2.9,3.3,8.4,10.7,21.1,5.4,-0.2856,0.3469,0.2678,-0.5076,-0.5176,-0.0146,-0.4369,0.0245
2.1,1.7,1.1,2.5,3.0,2.9,21.7,11.9,14.8,0.2279,0.5428,-0.2199,-0.181,-0.1842,0.1668,0.6284,-0.2947
2.1,1.6,4.4,4.4,1.0,9.7,8.2,29.3,23.2,-0.2138,-0.0933,-0.1224,-0.3463,0.1077,0.4399,-0.7672,-0.0601
2.1,2.6,1.1,5.0,2.8,8.1,13.1,6.1,42.8,-0.5012,0.2342,0.1323,0.3245,-0.3405,0.1893,-0.2671,-0.5407
2.1,1.8,2.2,2.8,1.8,9.3,4.2,13.8,38.0,-0.4084,-0.2357,-0.1367,-0.2364,-0.162,0.7322,-0.3155,-0.128
2.1,2.7,3.8,3.1,4.3,2.3,17.6,14.1,13.3,-0.0495,0.7164,-0.1327,-0.4058,-0.3392,0.1682,0.3724,0.0552
2.1,2.4,4.4,1.3,1.4,20.4,13.8,16.5,43.9,-0.8401,0.445,0.0606,0.2305,0.0044,-0.1196,0.0193,0.1036
2.1,4.3,4.5,3.1,1.6,15.3,4.3,31.6,12.9,-0.8556,-0.1339,-0.2091,-0.1092,0.1658,0.3094,-0.1162,0.218
2.1,3.5,1.0,1.1,4.3,20.9,8.4,30.6,40.6,-0.7067,0.682,0.0763,0.1267,-0.0135,-0.0454,0.0184,0.0304
2.1,2.2,1.7,1.9,3.3,6.9,10.1,11.4,34.1,-0.1308,-0.16,-0.2224,-0.1869,-0.4152,0.7739,-0.1703,-0.2207
2.1,4.8,1.9,2.7,3.8,5.5,19.0,26.7,37.1,-0.4396,-0.2316,-0.3341,0.3264,0.36,-0.1235,-0.5338,0.2807
2.1,1.1,3.7,2.7,2.9,12.2,3.3,26.7,17.3,-0.0349,-0.2102,-0.3017,-0.3321,-0.5613,0.5984,-0.2311,-0.099
2.1,3.9,4.2,4.7,2.6,13.2,14.4,32.4,29.1,-0.733,-0.3068,-0.1894,0.1965,0.195,-0.139,-0.2594,0.3962
2.1,2.6,4.5,1.0,1.5,11.1,20.7,16.4,42.1,-0.9067,0.0629,0.0417,0.1284,0.0021,-0.0653,0.0035,0.3407
2.1,1.2,2.0,3.5,4.4,3.5,18.0,34.9,11.0,-0.0245,0.1835,-0.4775,-0.2021,-0.3096,0.3964,0.5026,-0.3854
2.1,4.7,4.2,2.0,4.1,5.6,13.2,42.7,39.1,-0.7288,0.059,-0.1103,0.3743,0.1542,-0.2941,-0.1456,0.4094
2.1,2.9,3.8,4.4,4.2,8.1,4.2,35.3,36.6,-0.5264,0.1346,-0.4768,0.005,0.4933,0.1321,-0.4536,-0.009
2.1,4.0,3.3,2.6,3.4,19.5,12.6,13.8,43.2,-0.8284,0.1361,-0.0796,0.3703,0.1287,-0.2315,-0.0875,0.2294
2.1,3.6,4.5,2.7,2.9,3.5,18.6,25.5,6.9,-0.0986,0.8649,-0.2578,-0.2132,-0.0897,0.0362,0.3211,0.0141
2.1,3.9,2.6,2.0,2.8,21.4,12.1,4.4,20.5,-0.5156,0.7463,0.0087,0.0339,-0.017,0.0241,-0.3226,-0.2117
2.1,3.4,2.4,3.1,2.9,6.3,7.7,35.1,12.7,-0.4427,-0.1842,-0.1022,-0.2537,-0.1404,0.7298,-0.3007,-0.1878
2.1,3.4,1.2,1.2,3.1,14.2,17.2,4.0,40.1,-0.564,0.5872,0.0861,0.228,-0.0034,0.2014,-0.302,-0.3695
2.1,1.9,2.8,1.5,3.0,2.8,3.7,17.1,24.3,0.186,0.2179,-0.274,-0.5099,-0.6761,0.2786,-0.1819,-0.0359
2.1,1.9,2.6,3.9,3.3,19.8,3.2,31.5,38.0,-0.8673,0.0401,-0.2064,0.2722,0.221,-0.1673,-0.1016,0.172
2.1,3.0,2.6,1.0,1.9,3.4,2.4,35.1,40.3,-0.4102,0.244,-0.4235,0.3083,0.4986,0.1768,-0.44,-0.0972
2.1,3.7,1.8,1.3,4.3,21.4,19.4,7.9,23.3,-0.7853,0.5892,-0.0452,-0.0054,0.0646,0.0418,0.0569,0.088
2.1,2.5,3.1,1.2,4.4,10.9,21.6,12.9,23.8,-0.1846,0.1984,-0.0577,0.0456,0.0709,0.0706,-0.6905,-0.6408
2.1,2.2,2.8,2.3,2.7,19.0,4.6,35.3,40.8,-0.8688,0.1868,-0.0641,0.3246,0.1058,-0.2031,-0.0462,0.188
2.1,3.8,2.0,1.7,2.4,6.4,20.8,23.9,29.8,-0.0749,-0.2908,-0.1683,0.1389,0.1843,-0.001,-0.89,0.0957
2.1,1.4,4.9,2.2,1.4,13.6,9.0,43.3,29.2,-0.6304,-0.1084,-0.2573,0.1889,0.2681,-0.164,-0.2583,0.5562
2.1,3.9,2.1,2.7,4.3,18.0,6.3,17.2,30.9,-0.8822,0.1431,-0.2396,-0.0257,0.2086,0.2865,-0.0556,0.0678
2.1,2.8,3.0,4.4,4.5,5.9,7.3,20.7,18.5,0.128,0.1682,-0.1236,-0.2007,-0.8542,0.2076,-0.0838,-0.321
2.1,4.1,2.0,4.9,1.4,6.6,14.3,22.6,30.1,-0.3162,0.0874,-0.0254,-0.3443,-0.0046,0.4756,-0.6318,-0.3676
2.1,1.6,4.8,1.4,3.8,7.0,6.0,42.0,13.9,-0.2619,0.0245,-0.5265,-0.1007,-0.176,0.7116,0.118,-0.228
2.1,1.2,2.9,2.4,2.6,5.5,18.4,6.8,7.4,-0.4178,0.827,-0.0857,-0.137,-0.2145,-0.1971,0.1492,0.0176
2.1,1.3,1.6,1.2,1.1,4.0,18.3,16.1,42.0,-0.2209,0.0555,-0.4092,0.1872,0.4118,0.2331,-0.6465,-0.28
2.1,1.1,2.9,1.7,2.0,17.0,20.0,13.9,40.7,-0.551,-0.2782,-0.1531,0.3066,0.1968,-0.1761,-0.4163,0.4616
2.1,4.9,2.9,3.0,3.9,18.4,6.5,18.0,27.9,-0.9307,0.1777,-0.1688,-0.0124,0.1528,0.1807,-0.0137,0.0935
2.1,3.8,3.1,3.2,2.1,6.4,19.0,25.7,26.4,-0.0365,-0.0197,-0.1867,0.021,0.1836,0.0764,-0.9221,-0.2344
2.1,1.7,3.9,2.4,1.3,20.1,4.7,20.8,29.4,-0.9425,0.0509,-0.1644,-0.0063,0.1407,0.1502,-0.0205,0.1554
2.1,1.5,4.7,2.5,4.3,10.3,12.1,12.6,5.3,-0.5348,0.5987,0.1237,-0.2054,-0.3022,-0.3106,-0.2187,-0.2392
2.1,5.0,3.7,1.3,3.6,8.5,21.9,32.1,16.7,-0.0674,-0.3213,-0.0299,0.0429,0.0401,-0.0043,-0.9099,0.1643
2.1,4.8,3.9,4.9,4.7,11.1,3.3,16.5,15.6,-0.1294,0.4349,-0.1747,-0.1279,-0.6828,-0.1595,-0.2831,-0.4026
2.1,2.4,3.3,3.6,4.4,17.4,5.5,16.8,32.4,-0.7795,-0.0592,-0.2347,-0.1642,0.1574,0.4938,-0.1568,0.0241
2.1,2.6,1.1,3.7,2.7,20.7,10.2,16.9,40.7,-0.8727,0.1417,-0.2555,0.1931,0.2671,-0.0855,-0.0859,0.1085
2.1,1.3,1.8,1.5,2.3,17.7,21.5,13.7,15.3,-0.1353,0.1499,-0.1401,0.0409,0.1408,0.1221,-0.7501,-0.5526
2.1,3.3,1.1,4.5,4.9,5.6,9.9,38.4,31.6,-0.5489,0.2035,-0.4204,-0.1588,0.433,0.2615,-0.4318,-0.0541
2.1,3.7,4.2,3.8,4.9,9.2,2.7,7.5,14.8,-0.6363,0.4432,-0.1808,-0.3181,-0.2223,-0.3574,0.0433,-0.2866
2.1,2.7,2.7,1.5,2.4,16.1,16.2,42.8,22.8,-0.8469,0.1439,-0.0502,0.2266,0.0723,-0.1902,0.0075,0.3894
2.1,1.4,2.9,4.0,3.5,20.6,13.6,22.1,42.8,-0.8277,-0.051,-0.1341,0.3659,0.1608,-0.2086,-0.1409,0.2244
2.1,3.7,1.7,3.0,1.4,7.2,12.7,28.8,25.4,-0.2783,-0.13,-0.302,-0.2619,0.2733,0.4322,-0.6828,-0.069
2.1,2.1,1.6,3.9,4.2,5.7,5.6,34.2,8.6,-0.3081,0.2314,0.1172,-0.6259,-0.5115,0.1443,-0.3002,0.2507
2.1,1.2,4.3,2.5,4.8,7.2,19.3,41.4,37.1,-0.916,0.0167,0.0072,0.1587,0.0144,-0.1102,-0.0175,0.3284
2.1,3.4,4.2,3.6,2.3,6.1,14.3,18.7,7.1,-0.0483,0.6184,0.0264,-0.4468,-0.6263,-0.0043,0.0795,0.0269
2.1,4.0,3.1,4.2,2.6,4.7,5.5,25.1,10.7,0.1215,0.2954,-0.1225,-0.2722,-0.8401,0.0439,-0.1052,-0.2722
2.1,1.8,4.7,4.7,4.3,3.1,13.1,20.3,13.2,0.08,0.4572,-0.0782,-0.3918,-0.7016,0.124,0.305,-0.0748
2.1,2.2,2.5,2.4,3.6,15.7,17.3,33.9,34.0,-0.8584,-0.0771,-0.0746,0.2848,0.1044,-0.1776,-0.1013,0.3233
2.1,4.7,3.2,2.6,2.7,10.5,18.9,31.9,36.4,-0.9005,-0.1222,-0.0204,0.1882,0.0426,-0.1094,-0.072,0.3264
2.1,3.1,2.3,2.8,4.9,13.8,5.7,12.1,21.9,-0.0734,0.4507,-0.23,-0.0473,-0.6838,-0.0221,-0.3086,-0.3983
2.1,1.2,4.2,2.1,2.9,18.8,21.0,39.3,27.8,-0.9476,0.0687,0.0059,0.0319,0.0003,-0.019,0.0171,0.2874
2.1,4.5,1.6,1.4,1.8,15.6,12.6,12.0,27.7,-0.5582,-0.1746,-0.1635,-0.1976,0.1264,0.4852,-0.3594,0.43
2.1,1.8,1.0,4.8,2.5,7.9,18.2,23.4,28.7,-0.4097,0.0787,-0.1728,-0.3256,0.1358,0.4938,-0.5299,-0.3645
2.1,4.6,4.6,1.8,4.6,4.0,3.2,32.5,41.6,-0.4038,0.2647,-0.4128,0.3105,0.4837,0.146,-0.466,-0.1229
2.1,2.4,2.5,3.0,4.7,20.0,14.8,14.1,29.0,-0.8654,0.0498,-0.2277,-0.1206,0.2324,0.2741,-0.0951,0.1622
2.1,2.2,1.3,1.1,4.6,10.4,7.1,8.7,20.1,-0.1886,0.7153,-0.2151,-0.2053,-0.4474,-0.208,-0.2226,-0.253
2.1,2.6,2.6,1.7,3.0,21.4,16.5,40.1,17.5,-0.8257,0.5459,0.0076,0.0687,0.0051,-0.0455,0.0259,0.0473
2.1,2.6,1.1,1.1,2.8,6.5,19.1,39.8,24.6,-0.1955,0.1334,-0.3727,0.133,0.4395,0.053,-0.7456,0.1067
2.1,4.0,3.0,2.1,1.4,10.2,21.3,38.2,43.3,-0.9459,0.2371,0.0214,0.068,-0.0043,-0.0338,0.0337,0.1599
2.1,2.4,1.0,4.8,3.0,14.4,10.4,30.3,11.7,-0.5353,-0.2974,-0.0362,-0.2705,-0.1371,0.6262,-0.3471,0.0678
2.1,2.8,2.7,2.0,4.0,19.2,2.5,35.2,24.6,-0.856,0.3273,-0.2439,0.0732,0.2641,0.1008,-0.0412,0.0682
2.1,4.7,1.7,2.8,2.4,3.8,5.7,30.7,5.4,-0.2453,0.336,0.2438,-0.5283,-0.529,-0.0021,-0.444,0.0588
2.1,2.7,2.1,1.2,3.9,11.0,10.2,14.5,32.2,-0.4149,0.0709,-0.5544,0.0856,0.0917,0.634,-0.0403,-0.2825
2.1,4.3,1.4,3.7,4.8,10.9,14.2,42.9,27.1,-0.5542,0.041,-0.4562,0.1037,0.4678,-0.0664,-0.3828,0.298
2.1,3.6,2.2,3.8,2.3,4.2,14.9,11.9,17.8,-0.093,0.103,-0.222,0.1409,-0.4308,0.0822,0.3375,-0.7706
2.1,2.2,2.8,1.8,3.7,5.2,12.3,31.5,19.2,-0.0795,-0.0124,-0.5875,-0.1092,-0.1066,0.6136,0.0788,-0.4705
2.1,1.0,3.0,1.7,3.2,7.2,18.4,9.2,43.2,-0.5845,0.4593,-0.2176,0.0432,0.3027,0.2957,-0.3304,-0.306
2.1,3.5,1.5,1.5,3.4,12.8,19.0,14.0,20.1,-0.3295,-0.0426,-0.32,-0.1421,0.1313,0.6603,-0.3659,-0.3905
2.1,2.5,1.5,2.1,1.1,5.9,10.9,23.4,9.1,0.2281,0.3132,-0.1746,-0.4367,-0.7375,0.0769,-0.1128,-0.2277
2.1,1.5,1.0,4.2,4.0,10.0,12.5,13.3,11.2,-0.5295,0.5599,-0.0664,-0.2884,-0.2665,-0.4091,-0.0301,-0.2719
2.1,2.9,3.3,1.8,3.1,10.0,12.8,19.4,41.6,-0.4036,0.1577,-0.4413,0.3053,0.4958,0.0946,-0.5006,-0.0575
2.1,4.4,4.1,4.7,4.9,7.0,5.2,7.6,41.6,-0.7116,-0.1277,-0.1222,-0.0175,-0.1344,0.6111,0.0136,-0.1658
2.1,3.4,1.1,2.8,4.0,8.2,19.9,42.7,14.0,-0.4557,0.4728,-0.27,-0.2029,0.2917,0.2761,-0.4909,-0.1787
2.1,2.2,3.4,3.6,1.7,3.3,11.0,8.8,33.9,-0.4884,0.0839,-0.0997,0.2192,-0.2196,0.1587,-0.0163,-0.7842
2.1,2.3,4.1,2.9,2.5,15.9,9.5,15.1,20.6,-0.1131,-0.1553,0.1095,-0.1289,-0.3063,0.4871,-0.7525,-0.1149
2.1,4.6,1.3,2.0,3.8,19.2,10.1,35.1,17.3,-0.8652,0.4247,-0.1527,0.0515,0.1626,0.095,-0.0016,0.0443
2.1,1.3,1.8,2.9,1.7,2.0,9.3,22.0,9.6,0.0247,0.5539,-0.0483,-0.3979,-0.6609,-0.2004,-0.0615,-0.2014
2.1,2.2,1.3,4.1,1.2,3.3,14.9,37.5,29.3,-0.2011,-0.088,-0.3527,-0.089,0.3572,0.1257,-0.7897,0.1949
2.1,3.9,2.5,2.1,2.6,8.6,20.9,41.3,15.4,-0.0897,-0.1239,-0.1197,0.08,0.1335,-0.0458,-0.8646,0.4017
2.1,2.4,2.0,2.7,3.9,5.4,18.6,15.4,6.2,-0.4047,0.5739,0.2414,-0.4088,-0.4622,0.0034,-0.2274,0.0404
2.1,3.2,1.2,2.2,3.6,3.7,6.6,36.2,26.6,-0.5792,0.0869,-0.3475,-0.1513,0.3057,0.5167,-0.3409,-0.1567
2.1,1.2,2.3,1.3,2.1,21.0,8.8,28.5,36.7,-0.835,0.345,-0.0841,0.3179,0.1375,-0.1548,-0.0255,0.1228
2.1,1.4,2.0,2.9,3.7,13.4,12.4,16.8,26.3,-0.2297,-0.2055,-0.0774,-0.2277,-0.3207,0.7185,-0.3548,-0.2899
2.1,1.7,3.4,3.7,2.0,11.8,20.9,9.8,35.8,-0.6166,0.3317,-0.038,-0.0339,0.0367,0.0901,-0.3376,-0.6105
2.1,1.6,1.9,4.3,4.8,21.4,5.7,36.1,33.5,-0.9452,0.1715,-0.0821,0.1628,0.0909,-0.113,-0.0123,0.1019
2.1,3.7,4.2,4.2,2.1,2.8,2.8,43.6,43.4,-0.5328,0.0655,-0.4088,0.2535,0.4214,-0.219,-0.3979,0.2907
2.1,4.7,3.7,2.3,2.5,19.5,3.5,16.5,17.3,-0.9292,0.2875,-0.124,0.0296,-0.0096,0.1293,0.0329,0.0951
2.1,2.7,1.1,2.4,1.7,16.7,20.5,31.7,22.6,-0.903,-0.1352,-0.0471,0.1533,0.0589,-0.0948,-0.073,0.3288
2.1,3.7,2.7,1.5,4.9,18.9,6.3,19.1,33.6,-0.7355,0.4026,-0.3015,0.2307,0.3534,0.0276,-0.11,0.0523
2.1,2.9,2.6,3.4,1.6,14.4,7.6,42.4,5.1,-0.7706,0.0634,-0.0784,-0.3458,0.0961,0.4227,-0.1817,0.2138
2.1,2.9,2.7,2.0,3.6,10.0,14.6,14.9,23.6,-0.1542,-0.1478,-0.2327,-0.2033,-0.2253,0.7414,-0.2182,-0.4377
2.1,2.3,3.1,2.0,1.6,15.2,9.7,15.1,4.3,-0.1649,0.4102,0.1728,-0.4204,-0.5168,-0.1518,-0.525,-0.1412
2.1,2.8,1.8,1.2,4.9,5.0,9.3,39.9,32.0,-0.4472,0.3303,-0.387,0.1627,0.4643,0.2667,-0.4284,-0.1712
2.1,4.2,3.4,1.9,1.8,17.1,4.7,33.6,25.0,-0.9029,0.249,-0.2034,0.0965,0.2184,0.0208,-0.0139,0.1243
2.1,2.2,4.5,3.2,2.4,4.0,21.1,29.4,40.1,-0.9235,-0.1583,-0.0011,0.0564,0.0081,-0.0289,-0.0614,0.301
2.1,1.2,3.2,2.6,4.6,14.6,17.1,18.7,32.7,-0.3351,0.1384,-0.3921,-0.0147,0.384,0.2934,-0.6046,-0.3094
2.1,4.3,1.4,1.6,2.4,8.3,17.0,28.4,13.8,-0.0806,-0.0774,-0.5846,-0.1271,-0.0708,0.6406,-0.0352,-0.4333
2.1,4.6,1.6,3.7,3.8,9.3,15.3,5.1,13.7,-0.4418,0.4666,-0.3731,-0.2746,-0.3849,-0.2883,0.3113,-0.1899
2.1,1.8,3.7,1.5,4.0,3.2,6.8,5.6,7.9,-0.4955,0.5209,-0.0356,-0.397,-0.0992,-0.4295,-0.0198,-0.354
2.1,2.5,4.4,1.2,3.7,8.0,5.7,8.0,26.5,0.0383,0.5836,-0.3592,-0.0025,-0.6128,0.0137,-0.0391,-0.376
2.1,1.2,1.6,3.5,1.5,4.5,9.0,42.4,31.5,-0.3659,-0.0415,-0.4329,-0.0483,0.4375,0.0625,-0.5759,0.3668
2.1,4.8,3.6,2.4,3.1,18.2,15.2,8.3,4.6,-0.3467,0.6648,-0.0377,-0.1301,-0.4028,-0.1827,-0.3793,-0.249
2.1,1.3,3.7,1.9,4.4,3.3,3.9,6.1,33.1,-0.2215,0.5426,-0.4464,0.0276,-0.5229,-0.0101,0.2641,-0.3251
2.1,4.1,4.4,3.6,4.7,2.1,15.6,30.2,30.8,-0.22,0.0717,-0.3868,0.0259,0.3903,0.1605,-0.7524,-0.1828
2.1,2.3,4.6,4.5,2.8,10.9,18.0,31.5,12.0,-0.2756,0.298,-0.1796,-0.0657,0.1774,0.1641,-0.6974,-0.486
2.1,4.3,4.0,4.5,4.4,2.1,18.8,26.3,20.4,-0.3858,0.2228,-0.1293,-0.0315,0.1006,0.1826,-0.4646,-0.7145
2.1,2.7,4.9,2.8,1.7,13.8,10.0,14.2,42.0,-0.6946,0.1549,-0.3136,-0.1126,0.3059,0.4231,-0.2519,-0.1722
2.1,4.7,3.7,2.5,1.3,15.4,13.5,14.7,27.1,-0.3933,-0.2704,-0.1399,-0.2772,0.1365,0.3944,-0.5934,0.3519
2.1,3.3,2.2,3.5,2.0,18.8,10.4,31.4,36.2,-0.9471,0.1136,-0.0926,0.1755,0.1026,-0.1124,-0.0161,0.1389
2.1,1.9,2.4,1.5,2.0,20.7,8.7,30.9,43.9,-0.8493,0.4254,0.0719,0.2439,0.0005,-0.1088,0.0137,0.0944
2.1,3.3,2.3,4.8,2.5,4.1,3.2,11.6,27.4,-0.4195,0.1239,-0.234,0.2042,-0.3829,0.1233,0.0594,-0.7345
2.1,4.7,1.3,3.7,3.3,3.0,7.3,22.9,35.4,-0.6055,0.0103,-0.3237,-0.1378,0.168,0.5652,-0.2261,-0.3161
2.1,2.8,3.2,4.8,1.4,13.9,8.4,12.0,29.6,-0.5811,0.3257,0.0353,0.1266,-0.1266,0.0689,-0.3455,-0.625
2.1,1.3,3.3,3.1,1.5,11.9,18.8,23.5,31.8,-0.0575,-0.2344,-0.1953,0.0626,0.195,0.0226,-0.9155,0.0358
2.1,2.8,2.5,4.4,4.8,7.8,3.9,13.9,7.3,-0.65,0.4343,0.0567,-0.2446,-0.1516,-0.3903,-0.1117,-0.3669
2.1,1.8,3.9,3.9,4.6,9.2,10.0,38.7,41.3,-0.6033,-0.0358,-0.3254,0.3542,0.3563,-0.2396,-0.3559,0.2825
2.1,4.1,1.3,2.4,1.8,8.4,18.3,22.4,36.1,-0.2806,-0.1366,-0.4397,0.099,0.4364,0.1168,-0.6877,0.0461
2.1,1.2,3.7,2.4,4.0,8.4,20.5,30.5,5.1,-0.4548,0.8585,-0.1219,-0.13,-0.0181,0.0029,0.0899,0.0432
2.1,5.0,4.3,2.7,2.9,7.3,3.3,32.3,38.6,-0.5255,0.1114,-0.4789,0.1478,0.5009,0.1179,-0.429,-0.0042
2.1,2.5,4.2,3.0,1.3,18.7,10.6,41.1,16.5,-0.9326,0.1081,-0.1057,0.1235,0.1122,-0.1016,-0.0005,0.2428
2.1,4.7,2.6,1.8,4.7,5.9,19.6,21.8,21.6,-0.0551,0.0112,-0.2985,0.0944,0.1488,0.3007,-0.4179,-0.7642
2.1,3.0,3.2,2.7,2.6,17.3,17.9,20.7,42.6,-0.9104,0.0676,-0.0116,0.2894,0.0512,-0.1541,-0.0385,0.203
2.1,4.4,1.2,1.9,4.3,3.4,3.8,13.5,5.7,-0.4003,0.4541,0.1684,-0.3533,-0.1905,-0.4478,-0.194,-0.4488
2.1,2.9,4.8,2.2,4.5,14.8,3.5,37.0,33.1,-0.6323,0.1522,-0.4262,0.2261,0.4706,-0.0362,-0.3011,0.1378
2.1,4.0,4.9,1.7,3.4,20.0,15.7,40.0,16.3,-0.8445,0.5145,0.0203,0.0741,-0.003,-0.0443,0.0339,0.0644
2.1,4.6,3.0,1.0,4.4,16.2,3.7,14.7,37.5,-0.5575,0.4888,-0.3236,0.2427,0.4313,0.1833,-0.2228,-0.0558
2.1,1.2,1.4,2.3,2.1,13.4,6.2,9.9,39.1,-0.3383,-0.1967,-0.064,-0.1793,-0.2874,0.7586,-0.3236,-0.1077
2.1,4.5,3.9,4.2,3.3,8.5,13.4,14.1,30.5,-0.4045,0.0614,0.2129,-0.2095,-0.2945,0.4916,-0.482,-0.4092
2.1,4.0,1.1,1.4,4.6,8.3,16.0,24.8,7.4,-0.4531,0.2517,-0.0654,-0.6934,-0.2465,0.2518,-0.2108,0.2587
2.1,3.9,4.1,4.2,1.4,9.3,16.6,11.7,20.4,-0.6191,0.1429,0.0589,0.0834,-0.1126,0.0583,-0.1707,-0.7309
2.1,2.0,2.8,1.3,3.0,3.4,6.4,28.7,14.5,-0.0634,0.3076,-0.3013,-0.7078,-0.4221,0.2693,-0.122,0.1817
2.1,2.7,2.4,3.3,3.5,6.1,20.7,29.6,11.7,-0.2657,0.0773,-0.1361,0.0229,0.0474,0.1887,-0.2492,-0.8822
2.1,4.9,3.9,1.4,2.9,7.3,15.0,25.0,7.7,-0.317,0.6264,-0.3937,-0.5261,-0.0959,0.1795,0.0727,0.1275
2.1,2.4,3.2,3.3,3.6,19.0,5.1,27.8,32.1,-0.8451,0.0792,-0.3306,0.1295,0.3371,0.0144,-0.1217,0.1177
2.1,2.9,4.4,4.7,4.2,15.4,21.0,10.4,4.1,0.018,0.6306,-0.0915,-0.0475,-0.0684,0.0132,0.7237,-0.07
2.1,2.2,3.2,3.4,3.4,14.5,8.0,5.2,22.4,-0.5383,0.1718,-0.3919,0.1301,-0.4118,0.111,0.1586,-0.5432
2.1,1.1,3.3,4.9,1.7,3.6,11.0,15.7,4.8,-0.5512,0.5986,0.0096,-0.2539,-0.2648,-0.4037,-0.0177,-0.1848
2.1,3.4,2.8,4.7,3.7,21.8,5.1,23.8,34.5,-0.9419,0.3225,-0.0101,0.0069,0.0091,-0.0022,0.005,0.0176
2.1,4.5,3.1,4.9,4.3,7.7,4.2,12.2,43.9,-0.7797,0.2059,-0.155,0.1296,0.048,0.393,-0.0444,-0.3775
2.1,3.0,2.6,3.7,1.9,8.0,7.4,9.5,19.3,-0.3408,0.1342,-0.3495,0.0944,-0.4297,0.0457,0.1788,-0.7129
2.1,3.4,2.9,2.0,2.8,15.7,21.9,21.6,35.6,-0.9641,0.0611,0.0075,0.0366,0.001,-0.0157,0.0103,0.227
2.1,2.3,1.3,3.8,3.3,12.0,18.1,21.3,29.1,-0.4221,0.0349,-0.3228,-0.2469,0.284,0.4665,-0.523,-0.2591
2.1,1.9,2.5,2.3,2.9,4.1,4.0,9.8,15.4,-0.3116,0.5618,-0.1659,-0.3657,-0.3316,-0.4226,0.0206,-0.3627
2.1,2.6,4.1,4.7,4.5,19.8,4.4,37.2,41.6,-0.9465,0.1363,-0.0067,0.1994,0.0252,-0.1313,-0.0099,0.1406
2.1,1.3,2.5,4.2,2.9,4.6,15.6,22.1,39.0,-0.4621,0.1517,-0.3927,-0.0892,0.3715,0.3364,-0.4898,-0.3106
2.1,3.8,3.1,1.5,4.5,21.1,6.7,14.8,10.9,-0.7908,0.5829,-0.1318,-0.0483,-0.0426,0.0145,0.0341,0.0405
2.1,2.7,4.9,3.6,2.4,12.9,13.3,11.3,19.3,-0.4724,0.1985,0.041,0.1702,-0.193,0.1273,-0.285,-0.7499
2.1,2.6,2.0,2.0,2.6,10.3,9.9,8.9,28.4,-0.1723,0.2543,-0.1629,0.23,-0.4729,0.2428,-0.2418,-0.6881
2.1,2.1,4.9,4.4,2.1,13.6,8.5,20.1,16.7,-0.1486,-0.0176,0.1989,-0.0959,-0.3558,0.3833,-0.7056,-0.3757
2.1,3.5,4.7,2.4,1.9,4.5,21.1,4.1,43.8,-0.7846,0.5143,0.0177,0.0357,0.0034,0.0242,-0.1714,-0.271
2.1,4.8,3.8,2.4,4.9,3.1,5.7,26.9,31.3,-0.4582,0.0458,-0.4894,0.046,0.1478,0.5706,-0.1393,-0.4089
2.1,2.5,1.8,4.8,2.3,10.0,11.1,37.5,10.3,-0.6034,0.0365,-0.042,-0.4359,0.0463,0.5295,-0.3861,0.0318
2.1,2.8,2.8,1.8,4.6,20.3,7.7,29.9,22.8,-0.8408,0.4138,-0.2057,0.121,0.2162,0.0725,-0.0229,0.0408
2.1,4.7,3.7,1.9,2.7,22.0,12.9,21.7,5.7,-0.7898,0.6067,-0.0125,0.0017,-0.0039,0.0087,0.0072,0.0099
2.1,2.4,3.3,5.0,4.9,20.6,11.3,14.2,16.3,-0.8715,-0.1909,-0.0636,-0.0565,-0.0095,0.2401,-0.0969,0.2998
2.1,1.2,1.5,2.3,1.1,5.6,8.6,35.7,21.0,-0.2868,-0.0308,-0.188,-0.3382,0.182,0.4871,-0.6954,-0.0204
2.1,1.5,3.8,3.9,3.3,11.2,21.6,38.5,43.9,-0.9337,0.3318,0.0045,0.0185,-0.001,-0.007,0.0092,0.0351
2.1,1.4,4.8,2.9,4.7,10.2,14.6,17.0,5.2,-0.4462,0.4426,0.3003,-0.4223,-0.4738,0.0257,-0.316,0.0329
2.1,4.9,5.0,1.6,4.8,5.8,15.0,9.8,36.1,-0.5995,0.2271,-0.2091,-0.0724,0.226,0.5168,-0.2784,-0.3591
2.1,3.0,3.3,4.9,1.9,6.6,19.3,13.2,27.7,-0.6279,0.1605,-0.0101,-0.0871,-0.0156,0.1845,-0.2047,-0.6989
2.1,3.0,3.4,2.4,2.9,10.8,6.3,20.2,38.0,-0.5785,0.1274,-0.4371,0.0295,0.3716,0.4068,-0.3105,-0.213
2.1,4.7,4.1,2.7,2.9,19.3,5.5,26.5,32.4,-0.9158,0.3064,-0.1235,0.1365,0.1357,-0.0538,-0.0044,0.0691
2.1,3.7,2.9,2.9,4.2,4.5,4.9,31.5,39.9,-0.4911,0.2261,-0.4437,0.1187,0.4643,0.2157,-0.445,-0.1607
2.1,2.2,1.2,1.0,1.3,15.4,19.6,11.9,4.6,-0.1436,0.4599,-0.1277,-0.6443,-0.3986,0.2666,-0.1798,0.2155
2.1,1.3,3.2,4.1,3.4,16.4,21.4,22.4,9.2,-0.3574,0.1678,-0.0398,0.0051,0.0233,0.0572,-0.3841,-0.8156
2.1,4.5,2.6,1.1,4.8,20.3,19.3,17.6,41.1,-0.7144,0.6844,0.0623,0.0771,-0.0143,-0.026,0.0247,0.0313
2.1,2.5,3.2,4.6,4.7,18.4,13.6,33.4,20.5,-0.775,-0.0716,-0.366,0.1267,0.3726,-0.0412,-0.209,0.2096
2.1,4.1,4.8,2.3,4.8,12.3,6.2,18.6,14.6,-0.1882,0.0561,-0.196,-0.6588,-0.4979,0.2482,-0.28,0.2936
2.1,3.9,2.2,2.0,3.3,5.3,8.6,43.9,43.6,-0.544,0.1675,-0.266,0.4087,0.3151,-0.3282,-0.2934,0.3633
2.1,1.4,1.2,3.4,3.3,8.7,14.8,16.6,32.3,-0.4185,-0.1578,-0.1015,-0.2647,-0.1367,0.7027,-0.2983,-0.3193
2.1,4.7,3.0,3.5,3.8,9.5,8.4,24.7,10.9,-0.0978,0.1101,-0.1535,-0.6444,-0.6324,0.2137,-0.2049,0.1923
2.1,2.5,2.1,2.2,2.7,14.7,19.9,7.9,19.1,-0.4979,0.2194,0.1416,0.0537,-0.1888,0.1845,-0.3374,-0.6951
2.1,3.0,1.4,4.3,3.8,18.7,10.7,37.8,13.7,-0.9102,0.1159,-0.2012,-0.1134,0.2089,0.1889,-0.0555,0.1214
2.1,3.6,3.3,4.8,1.1,3.0,19.0,32.4,37.7,-0.2538,-0.3968,-0.1535,0.0949,0.1566,-0.0524,-0.7427,0.3777
2.1,4.1,4.2,4.4,1.6,6.4,3.0,18.7,36.1,-0.2863,-0.1518,0.1447,-0.2617,-0.2734,0.5678,-0.5993,-0.164
2.1,3.1,4.2,2.3,3.7,6.2,6.5,35.3,5.2,-0.4811,0.2091,0.0874,-0.6278,-0.3158,0.2574,-0.2788,0.2682
2.1,4.3,1.7,4.3,2.2,3.9,21.6,6.6,37.9,-0.8128,0.1585,0.0768,0.0565,-0.0914,0.0544,-0.1039,-0.5224
2.1,2.5,3.1,3.3,1.6,12.9,6.8,14.6,35.7,-0.2468,-0.1761,0.1189,-0.2457,-0.2336,0.5567,-0.6642,-0.0558
2.1,3.0,4.5,2.9,4.2,7.3,17.3,31.9,4.2,-0.6966,0.5932,-0.1592,-0.3383,-0.0162,0.0853,0.0281,0.0778
2.1,1.1,3.7,1.2,1.5,11.5,8.2,30.2,38.6,-0.4534,-0.0253,-0.4447,0.3324,0.4862,0.0225,-0.4713,0.1027
2.1,4.7,3.7,1.8,3.4,14.9,4.5,27.7,42.1,-0.712,0.1243,-0.1443,0.5002,0.232,-0.2369,-0.1787,0.2272
2.1,4.0,1.9,4.2,4.6,11.7,20.5,17.1,43.9,-0.7016,0.0054,-0.2337,0.41,0.2721,-0.2328,-0.2475,0.2291
2.1,1.7,3.7,2.2,2.4,18.0,13.9,27.0,18.5,-0.5828,-0.1823,-0.4361,0.1343,0.4363,0.0613,-0.3917,0.218
2.1,4.1,3.3,2.4,1.9,16.4,9.0,6.1,22.4,-0.7172,0.4418,-0.0626,0.149,-0.0947,0.1299,-0.2255,-0.4256
2.1,1.7,4.7,2.4,4.9,4.5,8.9,34.8,8.3,-0.541,0.3289,-0.0665,-0.6368,-0.2159,0.2482,-0.1189,0.2432
2.1,4.6,4.0,1.1,3.1,17.8,3.7,7.2,14.6,-0.1111,0.6734,-0.0907,-0.0428,-0.3237,0.0073,-0.6161,-0.1342
2.1,3.0,2.5,3.2,1.5,15.3,3.2,7.5,22.0,-0.664,0.3063,-0.181,0.127,-0.2284,0.0968,-0.1777,-0.5627
2.1,4.3,4.8,3.6,4.9,17.1,5.8,10.7,15.5,-0.2132,0.4705,-0.1619,0.0328,-0.5124,0.009,-0.5135,-0.3953
2.1,2.1,1.7,4.9,4.0,7.0,13.4,37.5,41.0,-0.5468,-0.0469,-0.4054,0.2688,0.4242,-0.1718,-0.4274,0.2385
2.1,3.2,3.2,4.1,3.1,17.0,7.0,12.4,5.0,-0.4222,0.5104,0.0989,-0.168,-0.3301,-0.279,-0.4287,-0.3734
2.1,1.0,4.4,3.4,3.6,6.0,2.5,12.5,25.9,-0.1284,0.3961,-0.3413,-0.0066,-0.6414,-0.076,0.1099,-0.5207
2.1,3.1,4.4,1.1,2.4,18.5,2.0,5.2,15.8,-0.3834,0.7259,-0.1826,-0.012,-0.2426,-0.0222,-0.3892,-0.2655
2.1,5.0,4.4,3.7,3.7,6.3,15.8,12.9,14.1,0.1163,0.2131,-0.1143,0.0414,-0.5806,0.1307,0.4359,-0.602
2.1,4.2,3.8,4.2,3.4,12.4,16.4,41.4,5.8,-0.7452,0.3544,-0.1498,-0.2434,0.1673,0.3348,-0.229,-0.178
2.1,1.3,1.2,1.5,4.9,11.0,19.3,26.3,4.9,-0.6349,0.3727,-0.121,-0.5719,-0.1013,0.2249,-0.0775,0.1879
2.1,2.7,1.7,1.3,1.3,14.1,3.4,20.3,19.9,-0.4431,-0.3642,-0.3758,-0.1757,-0.1616,0.5059,-0.3231,0.3047
2.1,1.4,2.0,3.3,2.2,19.1,7.8,10.3,27.1,-0.276,0.3567,0.0813,0.1276,-0.2429,0.1536,-0.6554,-0.4852
2.1,4.4,1.0,4.7,3.3,10.6,7.4,12.2,9.6,-0.5665,0.4758,-0.1229,-0.2772,-0.2716,-0.383,-0.0583,-0.3631
2.1,3.7,1.1,3.8,4.0,9.3,12.7,35.3,6.5,-0.5168,0.1702,-0.0405,-0.6472,-0.3108,0.219,-0.1417,0.3294
2.1,4.4,2.6,1.5,3.4,6.2,22.0,10.8,19.2,-0.0796,0.0132,-0.0481,0.0365,0.001,0.0671,-0.0543,-0.9805
2.1,4.0,3.1,2.8,3.6,19.2,16.3,16.9,14.8,-0.8965,0.1304,-0.252,0.0107,0.2567,0.1188,-0.0552,0.1323
2.1,2.1,4.1,2.0,2.5,8.5,20.0,23.7,25.5,0.0137,-0.1418,-0.1101,0.0647,0.1149,0.0304,-0.9423,-0.2014
2.1,4.1,3.4,3.1,4.8,3.4,18.9,21.9,13.5,0.2155,0.5223,-0.3691,-0.1535,-0.1782,0.1612,0.5713,-0.33
2.1,2.3,2.3,1.7,3.3,7.9,18.3,35.5,33.1,-0.5201,-0.2519,-0.2012,0.33,0.2481,-0.1826,-0.4426,0.4514
2.1,4.1,4.0,4.2,1.1,7.9,17.6,11.9,8.5,-0.301,-0.061,-0.0114,0.1295,-0.2274,0.0988,0.2409,-0.8698
2.1,1.4,1.1,1.6,3.8,10.8,10.9,35.9,39.1,-0.4423,0.1738,-0.4272,0.321,0.5025,0.0003,-0.4685,0.0542
2.1,3.2,4.0,2.2,2.2,18.0,10.1,17.1,23.4,-0.8723,-0.0368,-0.2323,-0.0568,0.214,0.2469,-0.0869,0.225
2.1,3.3,4.1,1.1,2.5,14.0,12.8,21.7,18.6,-0.4415,-0.0326,-0.5145,0.1108,0.4264,0.4008,-0.3924,-0.0962
2.1,1.5,4.1,1.7,2.2,7.2,11.4,16.3,5.2,-0.258,0.5722,0.1885,-0.422,-0.4833,-0.1694,-0.3307,-0.1138
2.1,3.9,3.5,1.2,4.3,15.0,15.0,31.6,11.0,-0.2254,0.4572,-0.7422,-0.1574,-0.1582,0.2614,0.2052,-0.0768
2.1,2.7,4.6,2.4,4.4,21.1,8.1,27.1,6.7,-0.8726,0.4035,-0.2008,-0.1354,-0.0626,0.0108,0.0356,0.0533
2.1,1.5,4.4,1.1,2.7,16.3,20.7,43.6,34.8,-0.8781,0.3755,0.0252,0.0464,-0.0101,-0.0299,0.1016,0.2462
2.1,3.9,3.4,4.7,1.8,11.3,21.8,35.2,41.6,-0.976,0.0119,-0.0006,0.0124,0.0013,-0.0066,-0.0019,0.1835
2.1,4.3,2.9,1.9,3.3,12.4,11.1,18.2,19.6,-0.3712,-0.2356,-0.3906,-0.189,-0.1095,0.729,-0.235,-0.0376
2.1,3.2,1.2,2.6,4.8,2.7,12.1,25.9,30.7,-0.428,-0.0031,-0.4798,-0.014,0.0789,0.6034,-0.1024,-0.4387
2.1,2.2,4.8,4.5,3.6,20.4,20.5,43.7,40.4,-0.9544,0.2665,0.0043,0.0198,-0.0025,-0.0149,0.0277,0.1036
2.1,1.5,4.9,1.3,4.7,10.2,3.6,39.2,39.3,-0.4043,0.2843,-0.3833,0.3411,0.5056,-0.0266,-0.4679,0.0534
2.1,3.4,4.7,4.4,3.9,18.2,6.1,36.1,21.4,-0.8966,0.0822,-0.2718,0.0335,0.2795,0.0263,-0.0722,0.1486
2.1,2.7,2.6,2.2,4.6,3.9,14.7,25.5,34.6,-0.3654,0.112,-0.4498,0.1104,0.3961,0.3395,-0.4911,-0.3335
2.1,3.1,4.7,2.6,1.8,20.6,11.0,30.3,15.2,-0.9301,0.3175,-0.0741,0.0834,0.0812,-0.0346,0.0104,0.0629
2.1,2.7,1.4,3.0,3.7,19.1,2.4,10.9,7.0,-0.176,0.4078,0.1406,-0.1787,-0.3497,-0.126,-0.7285,-0.2089
2.1,2.1,1.3,4.1,1.5,7.3,17.1,18.2,19.2,-0.3216,0.0757,0.1533,-0.0604,-0.2967,0.2981,-0.3723,-0.7331
2.1,1.3,4.7,3.2,2.8,5.6,15.0,21.4,12.8,0.1601,0.1606,-0.3462,-0.251,-0.3154,0.4136,0.4542,-0.5175
2.1,1.9,4.3,2.3,3.3,21.1,9.5,9.1,8.5,-0.3303,-0.1951,-0.1261,-0.2781,-0.3107,0.1636,-0.4902,0.5303
2.1,3.4,1.3,3.2,2.7,9.9,18.2,26.5,32.6,-0.3487,-0.1785,-0.4449,0.0985,0.4436,0.0685,-0.6331,0.1317
2.1,1.5,1.7,1.7,3.8,2.8,12.4,28.1,43.2,-0.3699,0.2177,-0.4209,0.359,0.4722,0.1565,-0.4757,-0.1479
2.1,1.7,3.5,2.8,4.0,19.9,21.2,13.6,8.2,-0.2783,0.33,-0.084,-0.0016,0.0883,0.0775,-0.6852,-0.512
2.1,4.4,2.3,1.7,1.2,9.0,14.9,30.5,31.9,-0.535,-0.3157,-0.2997,0.2414,0.3175,-0.0855,-0.4468,0.377
2.1,3.3,2.6,4.0,1.2,19.3,13.5,34.7,14.2,-0.9679,0.0864,-0.091,0.0828,0.0945,-0.0548,-0.003,0.1417
2.1,3.7,3.1,2.6,2.5,15.6,5.5,12.3,21.9,-0.0325,0.0641,0.0425,0.0216,-0.3823,0.3296,-0.8308,-0.1462
2.1,3.1,1.9,2.6,5.0,10.0,6.0,34.1,43.7,-0.4619,0.1235,-0.3919,0.3937,0.4652,-0.1015,-0.4573,0.1171
2.1,1.3,3.3,2.4,2.0,19.2,2.1,20.4,38.4,-0.7634,0.0947,-0.3918,0.0279,0.3644,0.2727,-0.18,0.0065
2.1,4.4,3.4,1.3,3.2,13.7,20.5,24.2,43.2,-0.8334,0.5124,0.078,0.1203,-0.0148,-0.0384,0.0332,0.0693
2.1,1.6,4.6,1.0,1.2,8.5,12.7,42.4,10.4,-0.349,0.405,-0.2789,-0.0884,0.3478,0.3209,-0.5825,-0.203
2.1,4.4,4.9,1.7,4.7,19.5,18.0,40.1,6.6,-0.7772,0.2755,-0.1046,0.3609,0.161,-0.2391,-0.0719,0.2215
2.1,4.1,5.0,2.8,2.5,6.8,7.4,40.7,39.5,-0.6207,-0.0306,-0.3113,0.3232,0.3409,-0.2359,-0.3161,0.3587
2.1,2.3,2.4,3.2,1.3,6.3,7.7,36.7,19.2,-0.3278,-0.0189,-0.2155,-0.3661,0.2186,0.4564,-0.6635,0.0577
2.1,3.3,4.5,4.6,2.6,16.6,16.6,36.6,6.1,-0.406,0.1182,-0.4466,-0.0953,0.4561,0.1853,-0.5803,-0.0097
2.1,3.9,3.6,2.1,4.1,8.4,16.9,29.6,9.9,-0.0602,0.6571,-0.5103,-0.3543,-0.1756,0.1554,0.3154,-0.0314
2.1,1.5,2.5,3.9,3.7,11.3,13.1,23.4,32.7,-0.5235,0.0613,-0.3574,-0.1848,0.3091,0.4589,-0.4098,-0.2731
2.1,4.8,2.1,1.3,1.5,5.4,5.7,40.2,34.6,-0.5223,0.0777,-0.4552,0.1374,0.509,0.0196,-0.406,0.2385
2.1,4.0,2.1,2.3,2.5,15.9,19.3,11.6,6.3,0.0686,0.0854,-0.2319,-0.2726,-0.669,0.5356,0.0459,-0.2552
2.1,2.9,4.1,1.3,3.8,2.9,16.1,8.7,12.2,-0.1004,0.8858,-0.0286,-0.1745,-0.3911,-0.102,0.0335,-0.03
2.1,4.7,4.0,4.9,3.7,12.0,6.5,43.1,18.2,-0.6636,0.08,-0.4064,-0.1893,0.4108,0.2044,-0.2866,0.2228
2.1,3.2,3.8,3.5,4.8,9.7,7.6,9.7,23.7,-0.2594,0.354,-0.4094,0.0829,-0.562,0.0057,0.1852,-0.5224
2.1,1.2,3.3,3.7,3.9,18.7,6.2,6.1,30.0,-0.7361,0.2129,-0.1621,0.2335,-0.1932,0.204,-0.032,-0.4937
2.1,1.8,2.1,4.6,1.2,10.4,9.9,43.6,8.7,-0.4975,0.1759,-0.1981,-0.45,0.2,0.4564,-0.4443,0.1507
2.1,1.4,2.0,4.1,1.1,14.3,21.3,8.9,43.6,-0.638,0.3551,-0.1039,-0.1852,0.1079,0.2835,-0.3471,-0.4231
2.1,3.3,2.5,1.6,1.8,12.6,10.9,29.3,41.0,-0.6757,0.0123,-0.2474,0.4531,0.3107,-0.2017,-0.2489,0.2525
2.1,3.3,3.4,2.8,1.6,9.7,19.0,12.6,14.2,-0.3619,0.038,-0.0685,-0.069,-0.0241,0.2598,-0.1327,-0.8714
2.1,3.5,3.8,4.1,4.1,12.1,14.8,30.9,22.5,-0.3311,-0.0791,-0.4521,-0.003,0.4546,0.1321,-0.6576,0.0623
2.1,3.4,2.8,2.8,3.7,19.5,7.0,22.3,24.9,-0.927,0.2175,-0.1792,0.0206,0.1656,0.1358,-0.0129,0.0735
2.1,1.7,4.1,3.6,4.0,18.4,2.8,18.4,31.2,-0.7735,-0.1194,-0.2386,-0.1605,0.1367,0.4931,-0.1578,0.0628
2.1,1.2,2.3,3.4,3.9,14.2,21.3,36.8,8.6,-0.458,0.3186,-0.0881,-0.0097,0.0835,0.1272,-0.4661,-0.641
2.1,3.4,2.3,1.6,2.5,9.3,6.2,29.7,41.9,-0.4572,0.1415,-0.4159,0.3943,0.4857,-0.0051,-0.4368,0.0476
2.1,1.6,2.3,3.7,1.3,16.9,2.2,28.3,43.3,-0.6143,0.0003,-0.4599,0.1933,0.4693,-0.0025,-0.3605,0.0891
2.1,3.8,1.3,2.5,1.2,17.7,19.1,25.7,8.8,-0.8177,-0.0751,-0.3116,0.1751,0.314,-0.0369,-0.1564,0.2274
2.1,2.8,3.7,1.4,3.5,8.9,13.2,35.4,25.6,-0.301,0.0495,-0.4395,0.163,0.4844,0.132,-0.6453,-0.0121
2.1,3.1,4.1,2.4,2.2,11.3,21.7,14.6,26.4,-0.1387,0.2246,-0.0154,0.0037,0.0162,0.0116,-0.8213,-0.4885
2.1,2.2,5.0,2.7,4.1,19.9,14.6,42.9,11.7,-0.829,0.1353,-0.1887,0.2534,0.2052,-0.2122,-0.0754,0.28
2.1,1.3,3.9,4.8,2.9,19.0,20.5,7.5,28.3,-0.8138,0.2779,0.0736,-0.0284,-0.0739,0.0644,-0.165,-0.4573
2.1,4.0,1.5,2.5,2.5,18.2,2.2,41.6,11.4,-0.9099,0.2909,-0.1324,-0.0693,0.1518,0.1375,0.0069,0.125
2.1,3.0,1.7,4.6,2.9,5.0,13.9,26.6,40.3,-0.486,0.1365,-0.4564,-0.0189,0.4538,0.2363,-0.4869,-0.159
2.1,1.8,2.9,4.6,1.4,21.6,14.4,31.8,37.0,-0.9765,0.1617,-0.0133,0.0561,0.0161,-0.0361,0.0077,0.0729
2.1,3.0,3.7,4.7,1.8,8.2,21.2,21.8,7.7,-0.4166,0.093,-0.0291,0.0052,0.0083,0.0483,-0.1907,-0.874
2.1,3.3,3.5,2.1,2.9,14.5,7.0,43.5,15.8,-0.709,0.2368,-0.3553,-0.1735,0.3791,0.2273,-0.1723,0.222
2.1,1.6,1.4,1.4,3.8,14.1,18.4,42.3,17.2,-0.3915,0.3577,-0.3777,-0.0476,0.4407,0.2373,-0.5406,-0.0893
2.1,2.9,4.7,4.6,3.1,14.2,14.2,26.9,41.3,-0.7524,-0.1597,-0.2071,0.3539,0.2257,-0.2143,-0.2281,0.2786
2.1,4.8,3.9,2.0,2.5,8.0,20.5,6.2,22.1,-0.59,0.0681,0.0409,0.0317,-0.0624,0.0816,-0.0859,-0.7857
2.1,4.4,4.1,2.3,3.3,18.0,16.1,24.2,11.0,-0.7723,0.0537,-0.3506,0.2399,0.367,-0.047,-0.1775,0.1691
2.1,4.5,3.6,2.0,4.6,8.6,2.6,34.6,11.5,-0.5041,0.1764,-0.2798,-0.6406,-0.215,0.2418,-0.0747,0.3269
2.1,3.1,3.8,1.9,2.9,7.6,11.9,35.7,41.8,-0.6518,0.0058,-0.1913,0.4592,0.2652,-0.262,-0.2644,0.323
2.1,2.5,3.8,3.6,1.2,14.5,10.9,33.0,31.7,-0.7337,-0.2833,-0.2518,0.1508,0.2563,-0.088,-0.2574,0.3791
2.1,2.9,4.2,2.8,2.3,21.0,8.9,7.9,18.6,-0.8623,-0.0848,-0.0246,-0.0018,-0.007,0.0996,-0.07,0.4179
2.1,3.0,3.1,4.7,3.2,7.8,14.5,28.0,28.7,-0.3152,0.0542,-0.3915,-0.1575,0.3841,0.2918,-0.6669,-0.1656
2.1,1.6,2.3,1.6,4.4,10.2,21.4,30.5,11.1,0.4318,0.6058,-0.2717,-0.0257,-0.0866,0.0837,0.4253,-0.3609
2.1,1.7,3.2,2.3,4.1,5.2,15.1,39.0,13.0,-0.4193,0.0201,-0.3019,-0.0287,0.0443,0.5604,-0.0736,-0.6147
2.1,2.6,5.0,2.6,2.0,9.9,8.2,11.5,34.3,-0.1779,0.1462,0.1634,0.0999,-0.3543,0.3185,-0.6139,-0.5371
2.1,1.7,3.0,3.8,1.6,19.9,6.5,5.2,24.7,-0.796,0.365,-0.0565,0.0989,-0.0728,0.0836,-0.1722,-0.4116
2.1,1.3,3.7,2.3,4.6,18.5,19.8,28.5,9.0,-0.0436,0.0383,-0.3073,0.0919,0.0568,0.3122,-0.1395,-0.8367
2.1,3.6,1.3,3.5,4.3,8.4,14.7,10.6,7.8,-0.617,0.5406,-0.0165,-0.2618,-0.1779,-0.3698,-0.083,-0.2801
2.1,4.8,4.7,1.1,1.5,15.6,7.5,43.3,41.8,-0.796,0.5087,0.0633,0.2199,-0.0088,-0.1508,0.0492,0.1447
2.1,4.5,1.2,2.3,3.8,21.0,16.4,35.1,12.7,-0.8545,0.5003,-0.0666,0.0383,0.0749,0.0088,0.0084,0.0246
2.1,3.4,2.4,1.2,3.9,8.9,19.4,29.3,22.6,-0.0782,-0.1313,-0.3004,0.2304,0.3253,0.0883,-0.8176,-0.1402
2.1,3.7,5.0,1.9,4.3,18.6,8.6,28.1,42.0,-0.8755,0.333,0.0626,0.2791,0.0099,-0.1269,0.0049,0.1228
2.1,4.1,3.3,2.6,3.5,7.5,9.1,35.6,37.9,-0.5195,0.0063,-0.4167,0.2941,0.4569,-0.1169,-0.4363,0.2107
2.1,1.3,4.8,2.9,3.0,16.2,14.1,38.1,18.1,-0.3179,-0.1334,-0.395,0.1051,0.4111,-0.0209,-0.6627,0.2859
2.1,1.4,3.8,3.0,2.7,20.0,10.9,28.6,31.9,-0.884,-0.0194,-0.1941,0.2349,0.2055,-0.13,-0.089,0.2067
2.1,3.0,2.2,5.0,4.0,21.2,7.0,40.2,29.0,-0.9543,0.2712,-0.0255,0.0498,0.0277,-0.0406,0.0116,0.0561
2.1,3.2,4.7,4.1,4.3,12.1,3.8,34.8,7.2,-0.4911,0.0838,-0.135,-0.6445,-0.3444,0.2092,-0.1178,0.3609
2.1,2.6,1.1,3.1,3.0,8.5,7.9,39.8,8.0,-0.4489,-0.1981,-0.1052,-0.1743,-0.3026,0.7492,-0.1679,-0.0582
2.1,1.5,2.3,4.1,4.9,11.5,6.3,34.2,34.9,-0.5677,0.1612,-0.4391,-0.0632,0.4469,0.2536,-0.4101,-0.1121
2.1,4.2,3.2,3.1,4.5,9.7,13.9,32.2,17.2,-0.5323,0.06,-0.3294,-0.1609,0.2454,0.5288,-0.3483,-0.3203
2.1,2.4,3.6,4.9,5.0,15.8,13.8,31.9,34.1,-0.6852,-0.1904,-0.3023,0.284,0.3131,-0.1796,-0.3019,0.2935
2.1,3.1,4.7,3.6,2.3,3.6,10.8,16.1,20.1,-0.0975,0.0428,-0.0054,0.1191,-0.4607,0.2257,-0.0493,-0.8349
2.1,2.0,2.7,2.5,1.5,9.4,4.4,22.7,43.4,-0.5257,0.1789,-0.4462,0.1074,0.4028,0.3346,-0.3629,-0.2482
2.1,2.4,2.2,2.7,3.6,10.1,11.3,7.0,35.5,-0.4755,0.2501,-0.0979,0.3236,-0.2863,0.2512,-0.1133,-0.6552
2.1,4.1,3.7,3.9,2.6,15.5,21.5,21.9,31.4,-0.8735,-0.2762,-0.0036,0.0192,0.0049,-0.0103,-0.1205,0.3621
2.1,1.6,3.3,2.4,1.8,8.6,2.6,39.3,27.7,-0.5251,0.0073,-0.3911,-0.2226,0.409,0.3168,-0.4388,0.2235
2.1,4.4,4.1,4.7,4.2,6.8,7.2,35.6,14.2,-0.6579,-0.0359,-0.0679,-0.3391,0.035,0.5815,-0.2987,-0.0843
2.1,1.3,2.9,3.8,3.3,14.8,8.2,12.8,35.2,-0.3703,-0.1459,0.1286,-0.2256,-0.3081,0.6455,-0.4571,-0.1687
2.1,2.5,1.7,2.4,2.0,20.5,9.4,43.0,34.5,-0.9,0.3853,-0.0222,0.1018,0.0289,-0.0882,0.0358,0.1117
2.1,1.9,1.8,1.4,4.8,3.4,6.2,35.2,4.1,-0.3356,0.2594,0.2235,-0.5808,-0.4437,0.142,-0.4341,0.1408
2.1,4.6,3.7,4.7,3.8,17.1,15.9,18.8,14.0,-0.6907,-0.1301,-0.2912,-0.2509,0.2782,0.3939,-0.2954,0.1376
2.1,4.9,1.1,1.2,2.9,9.3,8.1,15.3,41.1,-0.4547,0.339,-0.3863,0.2561,0.3376,0.4084,-0.2825,-0.2993
2.1,4.0,2.2,2.0,4.2,8.0,2.7,23.9,17.5,-0.22,0.0476,-0.3155,-0.6802,-0.4346,0.2768,-0.1806,0.2774
2.1,2.1,2.2,3.1,2.5,12.5,2.1,32.7,20.7,-0.6088,-0.1982,-0.2035,-0.2883,0.1571,0.5332,-0.3538,0.1421
2.1,2.0,3.6,4.4,4.5,15.1,5.3,20.4,11.1,-0.1005,0.3407,0.1088,-0.4148,-0.6486,-0.1339,-0.4782,-0.0862
2.1,1.1,1.6,4.5,2.1,7.8,7.9,18.1,39.2,-0.6596,-0.053,-0.2053,-0.2318,0.0908,0.5793,-0.218,-0.246
2.1,3.2,1.9,3.9,3.8,5.2,16.5,19.8,23.2,-0.3439,-0.1011,-0.0843,-0.2393,-0.1695,0.6314,-0.2364,-0.5554
2.1,3.8,2.4,2.5,2.0,10.7,5.8,25.0,21.8,-0.4293,-0.3265,-0.2199,-0.2478,0.0257,0.6167,-0.4431,0.0896
2.1,1.4,2.2,3.0,1.2,10.4,3.6,27.2,26.2,-0.2738,-0.276,-0.0789,-0.3145,-0.003,0.5416,-0.6603,0.027
2.1,4.6,4.4,1.5,2.0,20.9,3.2,15.5,8.7,-0.798,0.5836,-0.0959,-0.0238,-0.0348,0.0162,0.0268,0.0336
2.1,1.5,4.9,3.4,2.1,4.9,3.2,25.9,24.8,-0.2169,-0.1933,0.02,-0.2652,-0.2379,0.6235,-0.5672,-0.254
2.1,2.5,3.6,4.1,2.1,21.4,19.3,4.2,24.2,-0.7947,0.5026,0.004,0.0097,-0.0022,0.0036,-0.1725,-0.2673
2.1,4.3,1.8,3.8,2.2,4.1,13.0,39.2,14.7,-0.4692,0.2094,-0.1896,-0.3862,0.1984,0.4618,-0.5203,-0.1265
2.1,2.9,3.4,1.3,2.1,2.5,6.8,41.7,31.4,-0.3641,0.2254,-0.4531,0.0054,0.5104,0.1333,-0.5456,0.1432
2.1,2.5,4.6,1.4,4.4,15.7,18.0,40.6,15.5,-0.2989,-0.147,-0.2325,0.2746,0.2884,-0.155,-0.635,0.4556
2.1,4.7,2.9,3.9,2.1,12.7,21.3,37.8,35.2,-0.9575,-0.0393,-0.0003,0.0319,0.0033,-0.0206,-0.0137,0.2686
2.1,4.2,5.0,1.8,4.4,8.4,10.3,35.6,12.0,-0.2279,0.4199,-0.6122,-0.4294,-0.2403,0.2783,0.2383,0.0535
2.1,1.4,3.7,4.2,2.2,19.2,13.2,41.7,22.9,-0.9076,-0.0349,-0.0851,0.1344,0.0885,-0.1224,-0.0431,0.3363
2.1,1.5,4.7,2.5,3.5,15.7,15.8,16.3,29.8,-0.3098,0.1256,-0.3523,-0.1049,0.3474,0.3257,-0.6446,-0.3019
2.1,2.8,3.6,3.2,1.8,7.1,11.2,24.2,20.5,-0.2577,-0.0634,-0.0756,-0.2989,-0.0433,0.5763,-0.5591,-0.4187
2.1,4.6,4.7,3.8,5.0,12.0,19.8,38.4,32.4,-0.9572,0.005,0.0027,0.0707,0.0053,-0.0458,-0.0042,0.2609
2.1,4.4,1.5,2.2,3.0,5.9,5.0,39.4,15.3,-0.5786,-0.0783,-0.1474,-0.2681,0.0848,0.662,-0.3225,-0.0086
2.1,3.4,4.6,1.8,4.5,18.4,20.0,41.7,19.6,-0.9104,0.361,0.0175,0.0431,-0.0061,-0.0251,0.0586,0.1557
2.1,1.7,4.4,3.6,3.0,16.2,3.3,14.9,40.3,-0.7669,0.1077,-0.2543,-0.065,0.1761,0.4713,-0.133,-0.2178
2.1,3.1,4.7,3.9,4.7,18.7,11.2,35.6,41.7,-0.9409,0.1653,0.0113,0.2132,0.0166,-0.1238,-0.0051,0.1388
2.1,4.3,1.3,3.4,1.7,4.6,19.5,20.5,39.1,-0.2561,0.1035,-0.3675,-0.0528,0.3538,0.2517,-0.7021,-0.2859
2.1,2.9,5.0,1.2,1.1,9.6,3.6,37.2,6.8,-0.1802,0.0944,-0.4011,-0.6109,-0.4117,0.3647,-0.1673,0.2812
2.1,5.0,1.1,4.4,4.0,11.6,14.7,13.1,33.2,-0.2861,-0.0387,0.2712,-0.1565,-0.3708,0.4844,-0.6307,-0.1508
2.1,2.0,3.5,1.7,2.3,6.3,5.3,24.9,21.8,-0.0006,-0.2023,-0.4357,-0.2962,-0.3622,0.6771,-0.1809,-0.2082
2.1,2.8,2.2,2.4,3.9,20.0,10.1,18.8,13.0,-0.8779,0.1711,-0.3296,-0.0247,-0.1139,0.2226,0.0538,0.0992
2.1,1.0,2.2,2.2,1.5,20.8,16.4,7.3,18.3,-0.4067,0.4773,0.0768,0.0944,-0.1093,0.0931,-0.5651,-0.4689
2.1,1.2,2.9,3.1,4.5,4.7,17.9,9.0,7.3,-0.6321,0.6923,-0.0217,-0.147,-0.1773,-0.2413,-0.0008,-0.0597
2.1,4.8,3.7,4.5,4.3,9.9,13.9,26.7,37.8,-0.4946,-0.1071,-0.4413,0.2406,0.4536,-0.0715,-0.4869,0.1654
2.1,4.2,3.9,1.8,3.9,11.4,9.4,37.3,16.9,-0.627,0.1186,-0.3702,-0.0611,0.3324,0.4922,-0.2644,-0.1204
2.1,3.4,4.4,4.6,3.8,19.3,17.8,13.8,29.2,-0.7994,-0.1813,-0.2462,0.1427,0.2516,-0.0966,-0.1856,0.3304
2.1,3.4,4.5,2.2,3.4,10.5,11.8,10.2,4.2,-0.5268,0.6118,0.0612,-0.2131,-0.2654,-0.3171,-0.2199,-0.2732
2.1,1.7,3.8,5.0,4.2,15.6,11.7,29.5,18.8,-0.5839,-0.0134,-0.2499,-0.3248,0.2221,0.5151,-0.3834,-0.1297
2.1,3.3,4.6,4.3,2.8,15.0,20.0,23.5,33.9,-0.8377,-0.3227,-0.021,0.0807,0.0261,-0.0481,-0.158,0.3792
2.1,2.5,3.7,5.0,1.1,21.3,3.5,6.2,16.3,-0.6963,0.5127,-0.0195,0.0331,-0.0347,0.0208,-0.2859,-0.3692
2.1,4.9,3.8,1.1,1.2,14.0,11.3,43.0,16.3,-0.8157,0.2424,-0.1624,0.2571,0.1997,-0.1919,-0.0125,0.3041
2.1,3.5,1.7,4.9,4.4,11.7,21.1,43.5,25.1,-0.8148,-0.18,-0.0384,0.096,0.0406,-0.0886,-0.1289,0.503
2.1,4.2,2.5,3.0,1.1,9.5,19.9,14.0,21.3,-0.4554,0.244,-0.0555,-0.0455,0.0386,0.1361,-0.4103,-0.7282
2.1,4.0,3.8,3.4,4.7,11.3,12.9,27.2,29.6,-0.4493,-0.0049,-0.4883,0.0378,0.486,0.1835,-0.5226,-0.0172
2.1,4.0,4.3,3.4,2.7,11.0,6.1,17.6,43.5,-0.6147,0.3008,-0.3264,0.0452,0.3192,0.3548,-0.2983,-0.3082
2.1,1.8,3.9,3.7,1.0,19.7,2.1,16.2,7.6,-0.4007,-0.4333,-0.1611,-0.1806,-0.2986,0.222,-0.4801,0.415
2.1,2.6,1.9,4.3,4.7,11.4,3.1,38.5,5.8,-0.5661,0.0801,0.066,-0.5792,-0.2878,0.2396,-0.2287,0.3631
2.1,3.2,4.1,3.6,1.5,21.0,21.8,12.8,26.9,-0.9717,0.1525,-4.2455e-05,0.0013,0.0001,-0.0007,0.0155,0.1279
2.1,1.3,2.7,2.9,2.6,5.3,9.9,40.9,42.6,-0.5573,0.0245,-0.3472,0.3322,0.3787,-0.2483,-0.3758,0.3138
2.1,3.3,3.0,3.1,2.5,18.1,20.1,27.9,35.9,-0.9761,0.1127,0.0073,0.0673,0.0027,-0.0326,0.0124,0.1427
2.1,1.5,4.5,4.5,4.7,21.0,20.7,42.2,24.4,-0.9708,0.1634,0.0015,0.0114,-0.0004,-0.0079,0.0215,0.1436
2.1,1.7,1.6,1.5,2.4,9.9,19.3,42.7,14.5,-0.2086,0.4355,-0.2984,-0.0582,0.3357,0.1419,-0.715,-0.0874
2.1,4.1,3.4,2.8,1.8,15.8,14.2,19.3,38.9,-0.7254,-0.1167,-0.3209,0.2715,0.3373,-0.1307,-0.2494,0.2727
2.1,3.7,2.5,3.6,3.5,18.5,19.0,34.8,33.3,-0.968,0.1832,0.0048,0.0785,0.0045,-0.0464,0.0174,0.1186
2.1,3.5,2.4,4.7,2.9,18.4,4.7,6.1,38.1,-0.7768,0.4193,0.0202,0.1468,-0.0606,0.0801,-0.1924,-0.3792
2.1,4.2,3.5,2.5,2.1,20.9,5.2,39.5,27.1,-0.8842,0.4529,-0.0277,0.0444,0.0329,-0.0296,0.0166,0.0389
2.1,2.6,3.4,3.3,2.3,18.0,19.2,30.5,30.0,-0.9665,-0.0207,-0.0031,0.0756,0.0106,-0.0433,-0.0107,0.2186
2.1,2.4,4.3,3.1,1.2,6.7,17.5,25.5,11.4,-0.2368,0.1053,-0.1521,-0.036,0.0888,0.2141,-0.4457,-0.8012
2.1,3.2,4.6,4.0,3.9,3.6,19.1,8.3,36.9,-0.689,0.2047,0.1725,-0.1739,-0.1763,0.3355,-0.2636,-0.4382
2.1,2.9,1.3,3.1,1.1,11.3,17.0,21.8,42.8,-0.4292,-0.0714,-0.4817,0.1524,0.4832,0.0668,-0.5425,0.0582
2.1,4.6,1.5,2.5,4.5,14.7,14.1,24.7,13.8,-0.5474,-0.0237,-0.5958,-0.2258,-0.2561,0.4467,0.0952,0.0568
2.1,3.3,3.0,1.7,2.6,16.1,21.1,14.2,10.7,-0.0924,0.1561,-0.1256,0.0459,0.1408,0.0729,-0.8668,-0.3651
2.1,3.5,3.8,2.4,1.7,12.8,20.1,23.8,27.3,-0.5205,-0.4886,-0.0466,0.0891,0.0548,-0.0447,-0.4753,0.4787
2.1,2.5,3.4,2.3,2.0,12.1,12.7,36.6,36.3,-0.7398,-0.1342,-0.1934,0.3042,0.2207,-0.2051,-0.2174,0.3927
2.1,2.6,2.4,2.6,2.6,2.7,15.0,6.1,4.6,-0.6387,0.5633,-0.0257,-0.2906,-0.1122,-0.3547,-0.0222,-0.2151
2.1,1.2,3.3,1.0,3.9,13.7,16.0,19.6,11.1,-0.2352,0.6764,-0.4532,-0.4585,-0.0707,0.1799,0.0932,0.1077
2.1,4.3,4.4,2.3,1.2,14.1,17.7,29.0,23.5,-0.8749,-0.2332,-0.0245,0.1081,0.0348,-0.0616,-0.1115,0.3709
2.1,3.3,3.4,2.5,4.7,15.6,7.7,42.3,21.9,-0.7011,0.2272,-0.4126,-0.029,0.4396,0.1071,-0.2152,0.1552
2.1,3.2,2.6,2.2,3.5,10.2,6.5,33.7,42.0,-0.5102,0.0917,-0.3777,0.4003,0.4466,-0.1353,-0.4129,0.1649
2.1,2.1,3.4,2.2,4.6,7.0,15.5,22.9,42.1,-0.4256,0.0577,-0.4005,0.4026,0.4658,-0.0597,-0.4953,0.0844
2.1,2.0,2.1,4.7,1.3,12.8,9.6,37.3,18.3,-0.469,-0.1979,-0.352,-0.2102,0.3553,0.2436,-0.5204,0.3214
2.1,3.6,3.8,1.2,4.4,12.4,2.5,40.8,43.6,-0.5854,0.2367,-0.0778,0.5262,0.2157,-0.3304,-0.1968,0.3307
2.1,3.9,1.8,2.3,4.2,5.5,19.1,35.5,23.1,-0.1926,0.1219,-0.3501,0.0321,0.3677,0.1627,-0.7802,-0.1762
2.1,4.7,4.8,1.9,1.8,19.6,20.7,43.2,42.6,-0.844,0.5268,0.0103,0.0171,-0.0037,-0.0077,0.0302,0.0496
2.1,3.5,5.0,3.0,2.4,7.6,8.8,9.6,22.5,-0.3031,0.1287,-0.2521,0.2031,-0.3591,0.1562,0.0767,-0.7865
2.1,2.1,1.4,3.8,3.9,18.7,7.0,5.1,23.2,-0.7652,0.2774,-0.2533,0.1431,-0.2643,0.1304,-0.0289,-0.3971
2.1,2.2,1.7,2.3,2.1,20.1,14.3,22.5,43.7,-0.8979,0.2025,0.0015,0.3051,0.0477,-0.1503,-0.0218,0.1448
2.1,4.0,4.9,4.5,2.2,8.8,8.5,35.1,23.5,-0.4109,-0.1198,-0.4164,-0.1655,0.4196,0.2402,-0.5825,0.173
2.1,2.8,1.3,4.5,1.0,20.1,7.6,31.4,33.7,-0.9745,0.0901,-0.0968,0.0545,0.0987,-0.026,-0.0031,0.1078
2.1,2.1,1.3,3.8,2.2,8.7,17.6,31.4,7.3,-0.2375,-0.1454,-0.2817,-0.2152,-0.3363,0.6607,0.111,-0.4497
2.1,4.7,2.9,4.4,1.0,10.3,21.5,32.1,35.5,-0.7517,-0.4029,-0.0109,0.0286,0.0123,-0.0177,-0.2454,0.4447
2.1,1.7,1.5,3.7,2.3,8.8,5.1,6.6,26.1,-0.4139,0.1406,-0.4074,0.0628,-0.4442,0.0306,0.2376,-0.6146
2.1,4.7,3.0,3.8,3.0,7.2,20.4,28.5,8.5,-0.3096,0.0837,-0.1226,0.0164,0.0419,0.178,-0.2327,-0.877
2.1,2.3,4.5,1.7,4.9,13.8,11.1,9.6,38.9,-0.6899,0.2637,-0.2165,0.0226,0.2209,0.4969,-0.158,-0.2688
2.1,1.6,4.8,4.7,2.2,2.8,15.5,34.9,19.2,-0.2118,0.3013,-0.209,-0.1076,0.2118,0.1662,-0.783,-0.3316
2.1,1.8,2.9,3.2,3.7,7.9,9.5,14.1,9.2,-0.4549,0.5967,0.038,-0.2848,-0.3173,-0.3888,-0.1451,-0.2761
2.1,2.5,4.5,3.9,2.0,5.7,4.8,27.8,23.8,-0.3131,-0.1417,-0.0067,-0.3519,-0.0738,0.5927,-0.6062,-0.1468
2.1,2.8,1.5,3.8,2.8,17.9,20.0,5.5,43.2,-0.432,0.1376,0.3462,-0.1728,-0.3233,0.359,-0.5373,-0.007
2.1,4.7,3.1,2.4,2.7,12.6,3.2,13.5,34.7,-0.5537,-0.1827,-0.1671,-0.2204,-0.0018,0.6685,-0.3178,0.121
2.1,2.8,4.5,3.9,1.2,15.0,2.9,13.8,30.4,-0.1988,0.2814,0.0862,0.0872,-0.2127,0.1332,-0.7446,-0.4804
2.1,4.6,4.0,2.0,1.6,8.1,15.6,28.0,4.4,-0.3391,0.6198,-0.3531,-0.5364,-0.1354,0.1614,0.1173,0.1251
2.1,2.8,1.6,1.8,4.2,13.1,3.1,12.3,42.0,-0.5787,0.3161,-0.297,0.2045,0.1709,0.4763,-0.1318,-0.3871
2.1,2.8,2.1,2.7,3.7,21.1,19.9,30.7,15.2,-0.9235,0.3606,0.0062,0.0517,0.0023,-0.0248,0.0167,0.0507
2.1,1.4,1.9,4.3,1.5,2.6,19.2,20.3,18.2,-0.411,0.0902,-0.0767,-0.104,0.0037,0.2599,-0.2461,-0.817
2.1,2.5,4.7,2.5,3.6,17.2,13.7,39.6,27.9,-0.9058,0.063,-0.048,0.2106,0.0674,-0.1577,-0.0226,0.296
2.1,2.4,4.7,1.5,4.5,7.9,15.7,16.1,10.2,-0.315,0.6768,-0.2504,-0.5271,-0.1371,0.2191,0.047,0.1434
2.1,1.9,4.3,2.0,1.9,2.4,15.1,33.7,35.2,-0.2611,-0.2501,-0.2955,0.2145,0.3226,-0.0677,-0.722,0.294
2.1,4.9,2.8,1.5,3.4,18.3,19.7,28.0,21.0,-0.8851,0.4382,0.0291,0.0735,-0.0047,-0.0301,0.0357,0.0805
2.1,3.6,4.3,1.2,2.0,8.1,17.4,7.3,5.1,-0.2387,0.8998,-0.0466,-0.1219,-0.295,-0.1371,-0.0135,-0.0391
2.1,1.9,1.4,2.4,3.8,12.2,4.4,7.1,13.8,-0.5437,0.4776,-0.166,-0.3334,-0.231,-0.3754,-0.0251,-0.372
2.1,3.6,1.6,3.1,1.3,17.2,8.7,29.2,22.6,-0.9269,-0.0333,-0.2023,-0.0025,0.1993,0.088,-0.0531,0.1981
2.1,2.7,2.4,2.0,4.7,10.9,16.5,37.8,36.7,-0.7187,-0.0408,-0.1459,0.401,0.2014,-0.2532,-0.2089,0.3684
2.1,3.9,2.9,4.6,2.1,16.0,17.9,10.4,33.2,-0.5099,0.412,0.2191,-0.0145,-0.2228,0.1045,-0.4823,-0.4627
2.1,4.1,1.5,1.7,4.1,7.4,10.0,31.3,19.7,-0.261,0.0265,-0.6914,-0.2025,-0.2098,0.5666,0.1139,-0.132
2.1,4.6,2.9,4.3,3.4,9.4,18.5,25.0,20.4,-0.1794,0.1399,-0.2644,-0.075,0.2546,0.2003,-0.7831,-0.3661
2.1,3.4,3.2,2.8,5.0,16.6,7.4,35.2,16.2,-0.8227,0.087,-0.2789,-0.0459,0.1925,0.4244,-0.0882,-0.0044
2.1,4.9,4.4,1.2,4.3,12.0,21.6,19.7,37.4,-0.9078,0.3618,0.0234,0.0411,-0.0044,-0.0158,0.0568,0.1533
2.1,4.3,3.2,1.7,2.9,5.0,6.6,39.9,19.4,-0.5522,0.1058,-0.294,-0.2244,0.312,0.5265,-0.3907,-0.0711
2.1,2.8,3.3,3.7,2.6,12.5,16.8,15.0,7.5,0.1636,0.3895,-0.1013,-0.2829,-0.7526,0.1442,0.2595,-0.2161
2.1,3.0,3.2,3.6,1.4,10.0,18.3,5.7,39.2,-0.8037,0.2076,0.0065,0.1061,-0.0318,0.0743,-0.1231,-0.521
2.1,3.7,1.2,1.5,4.7,3.7,19.3,5.9,6.1,-0.5592,0.7012,-0.0893,-0.2229,-0.1574,-0.2598,-0.0883,-0.1758
2.1,3.3,2.7,5.0,4.2,8.0,8.1,17.3,9.6,-0.4438,0.5831,0.0257,-0.2496,-0.3781,-0.3894,-0.1595,-0.2712
2.1,3.4,1.2,1.1,2.5,5.7,10.9,9.6,28.5,0.1835,0.3216,-0.258,0.0213,-0.6855,0.2571,-0.1908,-0.4575
2.1,4.3,3.4,1.9,1.9,7.9,10.4,36.2,23.2,-0.3985,-0.0846,-0.4515,-0.0155,0.4685,0.1909,-0.5784,0.1577
2.1,2.2,2.6,3.7,3.3,8.5,17.5,15.0,12.0,0.1898,0.3931,-0.0996,-0.2188,-0.6667,0.1471,0.4134,-0.3006
2.1,4.4,4.8,3.5,2.9,19.9,21.7,8.1,31.7,-0.2307,-0.2237,-0.0017,-0.0012,0.0014,0.0013,-0.7225,0.5164
2.1,3.7,1.5,3.1,5.0,15.1,5.6,39.2,12.1,-0.7827,-0.0156,-0.2692,-0.0308,-0.014,0.5448,-0.0109,0.0029
2.1,3.0,4.1,2.9,4.0,3.5,19.6,16.3,19.4,-0.062,0.0051,-0.146,0.0299,-0.0172,0.174,0.1193,-0.9543
2.1,4.1,2.6,3.6,2.9,13.3,19.6,25.4,9.8,-0.2408,0.1551,-0.2706,-0.0565,0.245,0.2481,-0.6768,-0.4807
2.1,4.6,4.2,1.5,4.4,2.0,7.5,37.0,34.8,-0.3966,0.2434,-0.424,0.1877,0.4915,0.1863,-0.5131,-0.1221
2.1,3.5,2.9,3.2,1.1,22.0,21.4,27.2,18.4,-0.9156,0.3914,0.0001,0.0008,-6.5518e-06,-0.0002,0.0067,0.0175
2.1,4.3,1.0,4.1,4.9,4.0,10.5,12.3,24.3,-0.1569,0.4557,-0.3706,-0.0312,-0.6077,-0.1343,0.1956,-0.4402
2.1,2.5,3.6,4.1,2.8,17.4,8.9,11.2,36.9,-0.4516,-0.2299,0.108,-0.2932,-0.1446,0.5359,-0.514,0.1926
2.1,1.5,2.5,4.3,1.7,20.1,7.3,36.1,27.3,-0.9374,0.0059,-0.1682,0.0849,0.1723,-0.055,-0.0378,0.2023
2.1,3.4,1.2,2.4,4.5,13.7,17.2,7.8,38.2,-0.2652,0.1932,0.3264,0.0189,-0.3577,0.4084,-0.6327,-0.2236
2.1,1.5,3.3,3.8,1.8,15.2,13.5,8.2,30.3,-0.6697,0.2307,-0.004,0.1449,-0.0936,0.0951,-0.1995,-0.6423
2.1,4.9,2.1,3.1,2.3,9.4,8.5,15.9,7.9,-0.2557,0.5434,-0.014,-0.3134,-0.4864,-0.3388,-0.2665,-0.3323
2.1,2.0,3.3,3.9,1.5,12.3,11.2,32.1,33.5,-0.5066,-0.2774,-0.3902,0.0879,0.3935,-0.0048,-0.4868,0.3177
2.1,1.3,3.1,3.5,2.7,20.6,13.5,22.6,40.6,-0.8618,-0.0336,-0.1485,0.3148,0.1669,-0.1828,-0.1105,0.2071
2.1,3.5,2.4,2.3,2.4,18.0,11.1,10.3,11.9,0.0023,0.1022,-0.0599,-0.0407,-0.4855,0.2681,-0.7962,-0.0121
2.1,1.9,2.9,1.2,1.6,18.6,6.8,24.0,35.4,-0.7921,0.2444,-0.2908,0.2837,0.3268,-0.0345,-0.0961,0.1266
2.1,3.2,1.1,3.0,2.8,18.9,16.3,27.6,22.8,-0.9219,0.1075,-0.2112,0.1214,0.2161,-0.027,-0.0394,0.1389
2.1,3.7,1.6,1.3,2.4,11.9,19.4,26.5,6.5,-0.2458,0.6729,-0.4919,-0.4175,-0.0844,0.1313,0.1375,0.0681
2.1,4.0,2.1,2.2,1.0,11.0,11.5,30.7,15.2,-0.4533,-0.2633,-0.3332,-0.2093,0.294,0.4274,-0.5115,0.1577
2.1,4.9,3.3,1.6,2.4,18.7,17.9,39.0,39.7,-0.8376,0.5307,0.0332,0.0645,-0.0098,-0.03,0.0314,0.0549
2.1,1.4,4.0,1.7,4.1,9.7,11.1,10.8,20.1,0.0951,0.6272,-0.2168,-0.1691,-0.6579,-0.0669,0.0756,-0.2591
2.1,2.3,1.6,2.5,3.4,9.1,6.1,18.1,19.0,0.1426,0.2349,-0.1566,-0.3843,-0.7776,0.0976,-0.3117,-0.1643
2.1,3.0,2.1,4.9,4.9,11.7,5.8,14.5,11.4,-0.5399,0.5306,-0.0478,-0.2417,-0.295,-0.3798,-0.133,-0.3343
2.1,3.4,3.0,1.6,4.5,5.2,3.2,36.2,36.3,-0.4756,0.2843,-0.4184,0.184,0.4673,0.2434,-0.4115,-0.1573
2.1,3.3,4.8,2.2,4.7,3.3,3.7,43.8,8.8,-0.317,0.3147,-0.2709,-0.5646,-0.3769,0.3428,0.0788,0.3343
2.1,1.3,3.5,3.0,4.3,6.5,21.7,15.4,10.3,0.1293,0.7732,-0.0389,-0.0178,-0.0228,0.0035,0.5901,-0.1104
2.1,4.0,2.7,1.0,4.8,6.1,18.8,4.4,23.8,0.0783,0.257,-0.2841,0.2124,-0.2968,0.2074,0.4457,-0.671
2.1,3.8,4.0,2.9,4.3,3.9,4.6,8.4,4.7,-0.6181,0.3749,0.0835,-0.3411,-0.0327,-0.4305,-0.0123,-0.4054
2.1,2.8,3.0,3.0,2.0,3.3,3.1,26.4,12.9,0.1821,0.1746,-0.1719,-0.274,-0.8012,0.1772,-0.1828,-0.3318
2.1,2.7,5.0,3.5,1.9,7.1,22.0,26.2,33.1,-0.2334,-0.4596,0.0065,-0.0114,-0.0084,0.0055,-0.7592,0.3658
2.1,3.1,1.0,3.1,1.4,7.2,3.5,12.1,13.6,-0.2295,0.3383,-0.3364,-0.2069,-0.4905,-0.2649,0.0908,-0.5919
2.1,3.4,2.8,4.4,2.2,10.5,3.6,7.8,9.4,-0.5903,0.3395,-0.2081,-0.3489,-0.251,-0.3918,0.1073,-0.3726
2.1,3.8,4.0,2.7,2.3,11.3,8.0,22.2,18.2,-0.2807,-0.3021,-0.1363,-0.2578,-0.1476,0.6752,-0.4982,-0.0547
2.1,4.2,2.3,1.3,2.7,13.3,20.0,16.9,9.5,0.1181,0.0713,-0.4779,0.0975,0.002,0.411,0.013,-0.7222
2.1,3.3,3.8,4.3,2.2,14.5,2.2,10.2,17.9,-0.5708,0.3023,-0.2429,0.1154,-0.3347,0.0603,-0.1628,-0.6004
2.1,1.3,2.7,2.1,2.8,20.3,12.5,38.9,10.1,-0.8043,0.2079,-0.2864,-0.0879,0.3119,0.2952,-0.1285,0.0573
2.1,1.1,4.0,5.0,1.2,12.8,11.1,38.8,27.0,-0.4765,-0.3188,-0.2762,0.0706,0.2791,-0.0519,-0.5063,0.4891
2.1,1.8,3.3,3.9,2.1,20.2,17.8,41.3,31.8,-0.9646,0.1629,-0.0011,0.0486,0.004,-0.0397,0.0255,0.1735
2.1,1.4,2.9,1.3,1.6,9.5,5.4,27.3,12.9,0.1285,0.0602,-0.3611,-0.5685,-0.5912,0.3261,-0.2352,0.0291
2.1,4.9,2.2,3.8,3.3,12.9,10.7,14.3,36.8,-0.7189,0.0056,-0.1926,-0.2446,0.1494,0.5406,-0.2311,-0.0571
2.1,3.3,3.4,4.1,3.4,5.1,4.4,18.5,11.6,-0.2359,0.5793,-0.0279,-0.3088,-0.5236,-0.3572,-0.1569,-0.2798
2.1,3.4,2.7,1.5,3.3,5.1,21.5,18.0,4.9,-0.3313,0.923,-0.1137,-0.0921,-0.0078,0.0051,0.0577,0.0192
2.1,3.6,1.2,1.3,2.6,19.3,20.5,36.6,4.8,-0.5311,0.3856,-0.5109,0.1859,-0.0019,0.425,0.0427,-0.1909
2.1,3.3,2.6,4.3,3.5,13.1,15.0,20.7,33.4,-0.4977,0.0228,-0.4343,-0.1474,0.4226,0.3306,-0.4807,-0.087
2.1,1.5,4.5,1.8,3.6,14.0,8.1,40.0,31.8,-0.5215,0.0625,-0.4201,0.2533,0.4689,-0.1141,-0.407,0.265
2.1,3.2,3.6,2.2,1.7,11.7,7.9,20.7,43.7,-0.4757,0.1767,-0.461,0.2232,0.4851,0.1612,-0.4398,-0.1024
2.1,1.3,1.5,4.3,4.1,15.0,10.1,14.6,38.0,-0.745,-0.0352,-0.1853,-0.1439,0.0524,0.5629,-0.1167,-0.2035
2.1,3.0,1.4,4.4,4.4,11.0,14.9,34.7,11.2,-0.5909,-0.1667,-0.1695,-0.1919,-0.117,0.6809,-0.12,-0.2155
2.1,4.6,1.7,1.0,4.0,13.3,9.1,15.3,12.4,-0.3567,0.0623,-0.2581,-0.6107,-0.264,0.2931,-0.2497,0.4396
2.1,2.5,3.7,4.5,4.3,20.3,5.2,28.1,24.6,-0.9451,0.1264,-0.1824,-0.0048,0.1814,0.0924,-0.0266,0.0782
2.1,3.0,3.8,2.8,1.2,11.7,20.7,9.5,37.2,-0.5729,0.3865,-0.0383,-0.0315,0.0414,0.0831,-0.402,-0.5823
2.1,3.3,1.5,3.1,2.5,20.9,12.1,27.3,10.6,-0.9353,0.3135,-0.0749,0.0141,0.0543,0.0854,0.0095,0.0397
2.1,4.1,2.8,2.7,2.1,9.9,2.8,39.0,32.2,-0.6606,0.0043,-0.4361,0.0375,0.4553,0.0466,-0.2995,0.25
2.1,4.0,2.6,1.6,2.6,3.0,2.5,9.6,29.4,0.0065,0.4706,-0.3377,-0.0339,-0.6559,-0.0002,-0.0393,-0.471
2.1,1.0,3.1,4.6,4.2,20.4,20.1,6.6,41.0,-0.768,0.3993,0.1987,0.0924,-0.1855,0.0127,-0.2187,-0.3194
2.1,2.8,4.2,5.0,1.8,7.0,15.7,7.0,17.3,-0.4635,-0.1357,-0.1177,0.1247,-0.1342,0.1058,0.2976,-0.7823
2.1,4.0,4.4,3.3,1.4,16.6,8.0,4.7,39.0,-0.8528,0.3448,-0.0175,0.1178,-0.0246,0.11,-0.1168,-0.3304
2.1,3.8,3.7,4.0,3.4,18.6,8.2,12.2,15.3,-0.4211,-0.3837,-0.0245,-0.0847,-0.1748,0.3423,-0.5174,0.447
2.1,4.2,1.2,2.0,4.7,11.9,7.7,14.4,40.7,-0.606,0.3211,-0.3081,0.1425,0.2494,0.4374,-0.2009,-0.3307
2.1,2.8,1.3,2.7,3.0,6.1,20.9,40.2,18.3,-0.0737,0.2082,-0.238,0.0024,0.2524,0.05,-0.8961,0.0075
2.1,1.7,3.1,2.5,1.2,9.9,13.6,37.7,38.5,-0.6466,-0.226,-0.2213,0.2589,0.2408,-0.1831,-0.3203,0.4544
2.1,4.9,3.7,2.9,3.1,4.7,22.0,13.7,38.9,-0.0617,-0.1161,-0.0113,0.0014,0.0103,0.0033,-0.9283,0.1987
2.1,4.7,3.4,3.3,4.8,11.1,4.0,38.1,37.1,-0.6044,0.0648,-0.407,0.2754,0.4392,-0.1477,-0.3462,0.2074
2.1,4.5,1.2,2.9,4.4,11.0,15.4,6.4,37.5,-0.6354,0.3469,-0.0113,0.2883,-0.1342,0.2171,-0.1892,-0.5322
2.1,3.9,3.5,2.5,4.3,3.3,20.0,18.9,26.8,-0.1884,0.1414,-0.1435,0.03,0.1178,0.1521,-0.6049,-0.7075
2.1,4.8,3.4,3.3,2.4,21.7,2.3,30.0,12.8,-0.8992,0.4299,-0.0029,-0.0001,0.0008,0.0039,0.0062,0.014
2.1,2.1,4.9,4.1,2.0,11.4,21.1,38.3,5.2,-0.3384,0.4982,-0.0284,-0.0092,0.0308,0.0244,-0.6543,-0.4336
2.1,4.4,2.4,2.6,1.0,19.8,16.5,6.4,11.8,-0.6711,0.6067,0.018,0.0452,-0.0216,0.0256,-0.2746,-0.3015
2.1,2.0,3.1,4.6,3.8,3.6,17.7,31.5,21.4,-0.3426,0.2817,-0.2118,-0.1136,0.2048,0.2369,-0.6225,-0.4953
2.1,2.0,1.8,2.6,3.8,9.5,4.3,26.9,34.3,-0.5866,0.0761,-0.4304,-0.0092,0.3012,0.4801,-0.2628,-0.2526
2.1,4.9,3.2,4.3,1.3,7.9,15.7,23.2,40.1,-0.278,-0.0905,-0.4359,0.0021,0.4323,0.1347,-0.7062,0.0069
2.1,2.6,2.3,1.1,3.8,21.8,3.0,40.7,39.7,-0.6811,0.7166,0.0495,0.0822,-0.0142,-0.0413,0.0201,0.0262
2.1,4.4,1.5,4.1,1.1,12.4,11.7,13.6,14.7,-0.5188,0.2836,-0.0055,0.1496,-0.1978,0.1033,-0.3379,-0.6748
2.1,1.5,1.8,2.0,4.1,2.3,5.9,33.5,5.2,-0.3377,0.2791,0.2777,-0.5327,-0.4755,0.0781,-0.4489,0.0818
2.1,3.0,3.9,3.4,4.9,14.6,2.5,17.3,41.9,-0.6463,0.3101,-0.2946,0.0569,0.2775,0.3754,-0.2516,-0.323
2.1,4.9,2.3,2.8,4.1,12.9,17.7,43.6,19.0,-0.6826,-0.0899,-0.2187,0.2516,0.2313,-0.2216,-0.2292,0.4908
2.1,2.9,4.9,3.8,4.3,19.4,16.8,32.2,9.6,-0.8626,-0.0626,-0.1552,0.261,0.1682,-0.1689,-0.111,0.2489
2.1,3.3,4.3,2.4,1.0,11.4,2.3,24.5,17.7,-0.1851,-0.3926,-0.0798,-0.1776,-0.1941,0.4908,-0.6797,0.128
2.1,1.3,4.1,2.5,4.7,21.5,10.8,30.2,36.0,-0.9211,0.2398,-0.0124,0.2225,0.0423,-0.1192,-0.004,0.1121
2.1,1.1,1.2,2.0,2.2,5.7,3.5,18.7,19.9,0.2004,0.2765,-0.2001,-0.3335,-0.7422,0.0237,-0.2349,-0.3376
2.1,2.4,3.3,3.9,2.1,14.2,18.5,32.3,17.2,-0.3509,-0.4139,-0.1696,0.1202,0.1745,-0.0692,-0.6448,0.4343
2.1,2.3,2.9,1.2,2.8,11.1,14.7,11.1,40.8,-0.4732,0.3641,-0.3225,0.1355,0.3996,0.33,-0.3972,-0.2826
2.1,1.9,1.2,4.9,4.5,8.9,4.0,10.4,32.7,-0.4329,0.2004,-0.2455,0.279,-0.4324,0.1625,0.0556,-0.6391
2.1,3.7,4.9,2.3,4.9,20.9,14.8,25.3,14.3,-0.8795,0.4333,-0.0437,0.1265,0.0594,-0.063,0.0078,0.0437
2.1,5.0,1.4,1.1,3.8,7.7,14.4,22.0,43.6,-0.3368,0.2232,-0.3225,0.5178,0.4748,-0.0214,-0.4689,0.041
2.1,4.6,1.6,1.1,1.3,17.6,7.0,43.4,41.1,-0.7713,0.5731,0.0307,0.1859,0.0045,-0.1423,0.0415,0.1029
2.1,1.7,2.8,2.4,4.3,14.3,18.9,37.2,34.1,-0.8667,-0.0974,-0.0329,0.2339,0.0612,-0.1521,-0.0893,0.3657
2.1,2.1,3.4,1.0,1.5,10.4,2.6,5.7,8.7,-0.2734,0.4473,-0.142,-0.4177,-0.2187,-0.436,-0.0829,-0.5286
2.1,3.2,1.2,2.7,4.1,10.0,15.1,15.1,38.1,-0.6532,0.1571,-0.3158,-0.0191,0.219,0.4982,-0.199,-0.3177
2.1,5.0,2.1,2.6,3.4,7.4,17.2,6.8,43.5,-0.7934,0.294,-0.0967,0.029,0.1136,0.4065,-0.0994,-0.2624
2.1,2.8,1.7,3.8,2.2,8.2,10.3,36.3,18.2,-0.4671,0.0119,-0.2406,-0.3826,0.2444,0.4806,-0.5234,0.0382
2.1,4.8,2.1,1.1,2.8,15.4,21.0,8.5,10.7,-0.4723,0.4028,-0.1153,-0.0267,0.1645,0.2994,-0.4677,-0.485
2.1,2.3,3.6,1.5,1.8,20.6,11.1,15.4,42.9,-0.8249,0.3594,-0.0277,0.3291,0.0911,-0.1888,-0.0234,0.1384
2.1,4.4,3.5,3.5,1.6,15.2,4.8,4.8,8.8,-0.7588,0.2742,-0.2797,-0.1568,-0.2866,-0.165,0.01,-0.3639
2.1,2.3,4.7,3.8,3.5,8.8,16.7,29.4,37.0,-0.6132,-0.3368,-0.1962,0.2853,0.2121,-0.1699,-0.3755,0.3948
2.1,1.4,2.8,3.8,5.0,11.9,15.6,19.5,27.9,-0.5285,0.0087,-0.2238,-0.2023,0.09,0.5747,-0.268,-0.4538
2.1,4.4,2.7,4.1,1.3,8.4,11.7,6.9,5.6,-0.5302,0.4563,-0.2296,-0.3703,-0.2561,-0.3997,0.2311,-0.1895
2.1,4.9,3.1,1.4,1.4,9.1,5.0,43.0,36.6,-0.6972,0.1302,-0.2988,0.2896,0.3389,-0.2131,-0.1709,0.3494
2.1,4.8,3.6,2.0,3.9,5.8,11.9,7.3,31.8,-0.3448,0.2132,-0.1418,0.3219,-0.3314,0.2813,-0.0362,-0.7149
2.1,4.8,4.4,4.2,2.0,21.7,17.7,30.9,15.7,-0.9299,0.3591,-0.0005,0.0001,0.0002,7.9086e-06,0.0053,0.0151
2.1,3.4,4.5,1.1,4.4,9.3,18.6,21.2,26.4,-0.0753,-0.1877,-0.2181,0.2327,0.2713,0.0132,-0.8669,0.012
2.1,2.7,2.7,4.1,2.2,14.9,16.2,21.1,34.8,-0.4258,-0.2243,-0.44,0.0573,0.438,0.0629,-0.564,0.1926
2.1,3.6,2.6,2.8,1.9,15.4,9.2,27.4,6.6,-0.4832,-0.1157,-0.4903,-0.4326,-0.3652,0.3491,0.0029,0.2314
2.1,2.8,3.1,3.6,1.3,17.9,21.3,23.0,31.3,-0.9267,-0.1936,-0.0028,0.0256,0.0048,-0.0136,-0.0659,0.2917
2.1,1.6,4.6,4.3,2.8,12.5,13.5,17.1,39.9,-0.6036,0.1789,-0.3281,-0.1478,0.314,0.3901,-0.3569,-0.2893
2.1,2.7,1.9,3.3,1.2,11.2,6.8,14.2,39.9,-0.4356,-0.1777,-0.0091,-0.3032,-0.1184,0.6574,-0.4544,-0.066
2.1,4.0,4.2,4.3,4.4,10.5,17.8,19.3,17.3,-0.4631,0.1684,-0.1641,-0.1112,0.1067,0.3317,-0.3646,-0.6693
2.1,2.6,4.5,1.8,3.0,10.5,8.9,9.2,37.6,-0.3998,-0.1804,-0.0315,-0.1847,-0.1326,0.7709,-0.3521,-0.0496
2.1,4.6,4.8,1.6,4.7,14.3,18.9,14.2,30.7,-0.5215,-0.2608,-0.1368,0.2653,0.1791,-0.1658,-0.4281,0.541
2.1,2.3,1.8,3.4,4.4,18.3,14.9,37.7,20.0,-0.7584,0.0269,-0.3874,0.1062,0.4017,-0.0194,-0.2065,0.2079
2.1,4.6,3.6,2.4,4.2,20.4,21.9,32.1,37.3,-0.8785,0.4704,0.0016,0.0039,-0.0003,-0.001,0.015,0.029
2.1,4.4,3.8,5.0,2.3,11.8,12.3,26.3,21.1,-0.3932,-0.1399,-0.3085,-0.3104,0.2957,0.4233,-0.5926,0.0357
2.1,4.0,1.0,3.9,3.4,5.8,6.6,26.9,38.0,-0.6075,0.1557,-0.3893,-0.0747,0.3543,0.3841,-0.3367,-0.2309
2.1,4.0,3.4,2.8,2.4,16.6,3.9,26.3,22.3,-0.9035,-0.0093,-0.2272,-0.038,0.1852,0.2412,-0.0601,0.1579
2.1,1.1,2.4,2.5,1.2,15.8,7.8,28.9,22.2,-0.4776,-0.3077,-0.2834,-0.2343,0.2417,0.4298,-0.4924,0.2028
2.1,3.9,4.6,2.6,2.8,6.1,18.9,39.8,25.6,-0.3943,-0.3435,-0.0888,0.1159,0.1007,-0.0817,-0.5713,0.5858
2.1,1.0,3.6,2.2,5.0,21.8,18.8,12.0,11.4,-0.5879,0.1471,-0.2176,-0.2652,0.2226,0.5194,-0.3529,-0.1005
2.1,2.7,2.5,4.3,2.8,3.1,14.0,19.3,15.0,0.073,0.0524,-0.0463,-0.0314,-0.6571,0.2886,0.1375,-0.6617
2.1,1.7,3.4,3.0,4.8,17.5,4.4,15.2,39.1,-0.7219,0.2156,-0.2817,0.0036,0.2223,0.4424,-0.1652,-0.263
2.1,4.8,3.0,2.9,3.5,9.1,3.1,6.9,9.3,-0.6329,0.4034,-0.0984,-0.3373,-0.1516,-0.3793,-0.0144,-0.3779
2.1,1.0,3.8,1.0,3.6,6.1,10.1,17.4,24.8,0.1079,0.2936,-0.6865,-0.3238,-0.2269,0.4426,0.2195,-0.1241
2.1,2.0,3.2,1.2,4.7,3.0,19.3,35.9,4.6,-0.5463,0.7806,-0.1947,-0.2016,0.0203,0.0493,0.0192,0.032
2.1,4.7,1.3,4.2,4.9,15.4,3.7,39.7,23.7,-0.8324,0.1359,-0.3244,-0.0871,0.3357,0.1523,-0.1272,0.1294
2.1,2.9,1.9,3.4,1.6,6.6,13.3,21.6,37.7,-0.4392,0.0203,-0.3706,-0.1983,0.3244,0.4534,-0.4973,-0.2415
2.1,2.5,4.1,3.2,4.6,3.8,2.1,15.2,10.3,-0.4812,0.5194,0.0721,-0.2981,-0.2615,-0.4115,-0.176,-0.3626
2.1,4.4,1.4,1.6,4.8,6.6,9.7,7.6,27.2,-0.1372,0.6201,-0.4004,-0.0198,-0.549,-0.0569,0.06,-0.3452
2.1,4.6,3.1,2.3,2.8,18.3,17.6,41.0,9.7,-0.909,0.2526,-0.0358,0.1891,0.0543,-0.1462,0.0158,0.1872
2.1,1.1,1.9,4.9,2.2,4.5,14.2,37.9,29.8,-0.26,-0.0503,-0.4089,-0.0664,0.4139,0.1024,-0.7295,0.1711
2.1,2.6,2.4,3.9,4.7,20.3,18.3,36.4,28.8,-0.9638,0.2132,0.0005,0.076,0.0071,-0.0473,0.0154,0.0946
2.1,3.1,1.4,3.3,4.6,2.8,8.1,38.4,16.2,-0.5949,-0.0879,-0.1241,-0.225,-0.0424,0.6853,-0.2146,-0.193
2.1,3.0,3.2,4.4,2.5,10.8,8.0,39.2,7.3,-0.6921,-0.0063,0.0037,-0.3783,0.0023,0.5258,-0.288,0.089
2.1,4.8,4.3,3.9,3.6,13.7,11.6,25.7,6.9,-0.3891,0.0743,-0.3996,-0.6012,-0.415,0.2642,0.0682,0.2406
2.1,2.7,2.0,2.3,3.1,13.2,18.0,15.1,10.1,0.1199,0.3506,-0.2372,-0.52,-0.6301,0.3085,0.1169,-0.0177
2.1,4.7,3.0,4.5,1.6,3.0,7.1,11.1,7.1,-0.4953,0.5061,-0.1386,-0.3801,-0.2174,-0.4475,0.1755,-0.2266
2.1,1.4,4.2,4.1,3.2,9.5,4.1,21.3,4.2,-0.4844,0.4492,0.2478,-0.2147,-0.3546,-0.3352,-0.3318,-0.3203
2.1,1.1,4.8,2.3,3.9,15.1,17.8,9.9,4.7,-0.4695,0.726,0.1818,-0.1737,-0.382,-0.1058,-0.1435,-0.0213
2.1,3.1,3.5,1.8,1.8,10.5,13.9,33.0,18.4,-0.2604,-0.1094,-0.4248,0.034,0.4297,0.1786,-0.7085,0.0396
2.1,1.6,3.3,3.4,4.0,20.3,8.1,36.4,34.3,-0.9147,0.1068,-0.1046,0.2346,0.1211,-0.1642,-0.0391,0.1752
2.1,4.4,2.4,2.9,1.9,6.6,6.6,25.4,23.2,-0.2562,-0.2263,-0.0838,-0.2963,-0.0931,0.6389,-0.5771,-0.1585
2.1,4.5,3.7,3.1,3.6,21.9,7.7,34.9,8.2,-0.8749,0.4774,0.0041,-0.0032,-0.0071,-0.0043,0.0057,0.0114
2.1,2.1,4.1,1.3,4.6,16.4,6.5,36.8,9.8,-0.6298,0.41,-0.3949,-0.4427,-0.046,0.1546,0.0576,0.2122
2.1,2.5,1.5,2.9,4.3,11.4,6.1,20.7,14.7,-0.0366,0.226,0.0198,-0.5626,-0.648,0.0257,-0.4397,0.0612
2.1,4.3,1.8,2.4,4.1,3.6,8.0,21.9,16.6,-0.0027,0.3188,-0.0708,-0.6315,-0.6359,0.1152,-0.2401,0.0882
2.1,1.4,4.9,4.7,4.3,12.2,3.3,24.2,17.6,-0.0057,-0.1423,-0.0821,-0.1885,-0.7221,0.5023,-0.2966,-0.2388
2.1,2.7,4.1,1.5,4.7,7.5,13.9,21.6,29.7,-0.2503,0.0556,-0.4624,0.1546,0.3082,0.4246,-0.4131,-0.4825
2.1,1.1,2.8,3.0,4.7,10.0,5.0,28.5,6.4,-0.336,0.2476,0.3271,-0.4824,-0.4953,0.0072,-0.4826,0.0202
2.1,4.9,1.9,4.9,4.4,8.2,2.6,23.8,27.8,-0.616,-0.2215,-0.1411,-0.2672,-0.018,0.6314,-0.261,-0.0358
2.1,2.0,3.8,3.6,4.2,21.6,20.2,33.3,23.8,-0.951,0.2859,0.0032,0.0145,-0.0005,-0.0059,0.0138,0.0523
2.1,1.5,3.4,2.4,2.7,11.2,7.1,20.8,27.5,-0.3409,-0.2354,-0.2855,-0.2393,-0.0384,0.7197,-0.3365,-0.2052
2.1,3.1,3.9,3.9,4.6,9.9,14.4,6.9,19.1,-0.2195,0.1394,-0.3912,0.1277,-0.4273,0.0944,0.48,-0.5721
2.1,4.5,1.8,2.0,3.3,12.2,17.7,26.4,35.4,-0.7325,-0.1206,-0.1887,0.3868,0.2296,-0.1981,-0.2238,0.3241
2.1,4.2,3.1,3.6,3.6,14.7,9.3,16.4,43.7,-0.5344,0.3245,-0.3817,0.0674,0.4147,0.2435,-0.4066,-0.2182
2.1,4.1,4.6,1.0,2.8,20.6,3.1,31.7,15.6,-0.6764,0.7064,-0.1215,0.0901,0.0295,0.0999,0.0158,0.0076
2.1,2.0,2.9,1.3,1.1,5.1,18.8,11.5,38.8,-0.2521,0.1936,-0.2076,0.0091,0.2077,0.2459,-0.6188,-0.5914
2.1,2.5,2.0,3.0,4.3,5.2,16.7,16.3,27.1,-0.2715,-0.1194,-0.1912,-0.1965,-0.1889,0.6744,-0.1066,-0.5632
2.1,4.0,5.0,2.6,3.4,9.3,12.6,9.0,11.4,-0.1991,0.6965,-0.2922,-0.1947,-0.4384,-0.2568,0.2085,-0.2004
2.1,2.3,4.6,2.9,1.3,6.3,15.9,25.9,14.8,-0.2091,0.1022,-0.183,-0.0718,0.1244,0.2588,-0.5499,-0.7135
2.1,2.0,1.7,4.3,3.3,3.7,13.0,21.1,14.8,0.1527,0.2708,-0.1287,-0.1609,-0.8095,0.1032,0.1218,-0.4037
2.1,1.5,1.8,1.1,3.8,6.6,8.8,7.7,29.3,0.063,0.6141,-0.3326,-0.0025,-0.6194,0.0263,0.0042,-0.3365
2.1,3.3,3.6,1.6,3.2,5.8,17.3,8.2,26.3,-0.1433,0.0263,0.0659,0.0729,-0.3159,0.3538,-0.1016,-0.8469
2.1,3.1,3.0,2.5,1.5,4.1,5.9,42.3,25.4,-0.3525,0.0577,-0.3971,-0.2218,0.4101,0.262,-0.5894,0.2619
2.1,3.2,1.6,1.8,3.5,15.4,17.3,16.9,35.9,-0.5281,0.0721,-0.4539,0.2414,0.4961,0.0185,-0.4129,0.1205
2.1,3.3,4.6,3.2,1.7,17.0,18.5,13.6,14.9,-0.1422,0.1723,-0.207,-0.1303,0.2102,0.1942,-0.8504,-0.2259
2.1,4.0,1.2,4.5,2.7,8.4,20.4,38.3,31.6,-0.6925,-0.3128,-0.1219,0.1655,0.128,-0.1344,-0.2874,0.4979
2.1,2.6,1.8,4.3,2.5,11.8,4.9,38.3,34.8,-0.6292,-0.0524,-0.4376,0.0889,0.4472,-0.0385,-0.3436,0.2679
2.1,2.5,2.5,4.3,3.3,4.3,7.4,18.8,9.9,-0.3334,0.606,0.0304,-0.2971,-0.4488,-0.3818,-0.1399,-0.242
2.1,4.9,4.7,3.7,2.5,8.4,13.8,22.2,34.5,-0.2982,-0.0087,-0.4319,-0.0594,0.4254,0.2314,-0.6782,-0.0987
2.1,3.6,2.1,3.0,2.0,16.1,17.7,29.3,32.0,-0.926,-0.083,-0.0607,0.1779,0.0719,-0.1108,-0.0527,0.2641
2.1,3.2,2.8,1.2,1.5,16.5,8.6,25.4,6.0,-0.6657,0.1971,-0.4513,-0.45,-0.0963,0.1603,0.028,0.2517
2.1,4.7,2.6,1.4,1.8,15.6,13.1,19.7,22.4,-0.8129,0.0811,-0.3392,0.1141,0.3485,0.1034,-0.1136,0.2112
2.1,1.6,1.6,3.0,2.6,10.3,5.4,33.3,7.6,-0.1837,0.182,-0.0427,-0.6571,-0.5696,0.1797,-0.2605,0.2483
2.1,4.3,1.2,2.3,1.0,8.2,5.5,17.6,6.5,-0.1195,0.4521,-0.0304,-0.3835,-0.5111,-0.3253,-0.3201,-0.3939
2.1,1.8,1.4,1.3,2.3,19.8,21.9,10.1,39.0,-0.8646,0.0918,0.006,0.2074,0.0316,-0.1419,-0.0106,0.3748
2.1,2.1,3.7,3.3,4.5,15.2,20.3,12.3,12.4,-0.3652,-0.0085,-0.1044,0.0199,-0.0108,0.1881,0.0556,-0.8886
2.1,4.8,4.5,3.9,3.7,8.4,19.2,31.0,25.8,-0.3571,-0.4478,-0.1091,0.1177,0.1162,-0.0645,-0.6388,0.4457
2.1,3.9,4.9,4.9,2.0,11.2,4.1,22.2,41.3,-0.6844,0.135,-0.3505,-0.1293,0.3301,0.3742,-0.2814,-0.1812
2.1,2.7,1.5,2.3,3.0,20.5,15.7,33.0,18.5,-0.9057,0.334,-0.1117,0.1345,0.1259,-0.0637,0.0027,0.0805
2.1,1.6,3.1,4.7,2.3,20.7,14.4,18.3,20.4,-0.8755,-0.1794,-0.1775,-0.1041,0.1713,0.1765,-0.1154,0.2444
2.1,3.7,3.6,2.3,2.0,18.2,5.3,17.7,29.5,-0.9275,0.0929,-0.1791,-0.013,0.1528,0.1936,-0.0187,0.1614
2.1,4.2,2.8,1.6,1.5,9.4,19.8,10.4,41.0,-0.3072,0.4337,-0.2104,-0.0246,0.255,0.1823,-0.667,-0.3265
2.1,2.4,3.6,2.6,4.6,3.6,8.0,12.6,6.3,-0.5527,0.5115,0.0972,-0.2786,-0.1966,-0.4013,-0.1515,-0.3451
2.1,2.7,1.6,1.7,4.3,14.4,10.5,15.4,7.0,-0.1903,0.3879,0.2196,-0.4146,-0.4973,-0.0865,-0.566,-0.0802
2.1,3.9,3.0,3.9,3.7,3.6,9.0,35.8,14.9,-0.5941,-0.0112,-0.0718,-0.3186,0.0143,0.6155,-0.3262,-0.2052
2.1,4.9,1.3,2.9,1.7,8.7,10.2,26.9,6.1,-0.0818,0.1844,-0.0178,-0.6455,-0.6159,0.1031,-0.3391,0.1553
2.1,2.1,1.2,1.5,2.9,17.5,21.2,18.6,22.5,-0.5377,-0.3174,-0.193,0.2795,0.2259,-0.132,-0.4366,0.4373
2.1,4.1,3.7,4.9,5.0,15.5,9.7,20.4,7.0,-0.2872,0.0102,0.1644,-0.5687,-0.4691,0.1078,-0.497,0.2633
2.1,2.7,2.7,2.7,1.7,6.6,9.9,35.8,37.0,-0.4689,-0.1073,-0.4418,0.1537,0.4615,-0.0299,-0.5093,0.2517
2.1,3.2,1.9,4.9,4.4,7.7,9.3,18.8,26.4,-0.2251,-0.1723,0.1324,-0.1497,-0.4682,0.5897,-0.4455,-0.3115
2.1,1.0,3.6,1.3,1.2,22.0,9.9,24.9,8.5,-0.8394,0.341,-0.2833,0.1036,0.0713,0.2351,0.0178,0.0336
2.1,1.5,4.2,4.1,3.7,10.5,3.2,4.2,33.3,-0.5301,0.1073,-0.4064,0.1783,-0.4136,0.1687,0.2822,-0.4746
2.1,2.0,2.2,2.9,4.2,9.2,7.4,38.9,30.2,-0.5394,0.1845,-0.4425,-0.0961,0.4668,0.2374,-0.43,-0.0042
2.1,3.0,4.1,2.1,3.1,22.0,6.5,36.7,25.0,-0.8307,0.5467,-0.0152,0.0311,0.0196,-0.0168,0.0111,0.0198
2.1,3.4,4.2,1.4,1.4,16.8,18.6,22.7,26.8,-0.9527,0.1053,0.0163,0.092,0.005,-0.0452,0.0186,0.2364
2.1,3.8,3.3,3.0,1.6,16.5,20.5,30.0,29.8,-0.9688,-0.0248,0.0014,0.0394,0.0036,-0.0203,-0.0087,0.2232
2.1,4.4,4.4,3.2,5.0,8.0,8.5,9.2,36.8,-0.2768,-0.0454,0.2122,-0.026,-0.4684,0.6081,-0.4225,-0.2653
2.1,3.7,4.1,1.3,3.0,17.2,5.5,13.4,23.7,-0.815,0.0697,-0.3058,0.0296,0.0553,0.4099,0.0081,0.2163
2.1,4.9,1.5,3.6,3.4,21.5,2.9,41.0,34.9,-0.9004,0.428,-0.0021,0.0072,0.0024,-0.0051,0.0094,0.0212
2.1,1.5,4.8,3.5,2.6,11.0,9.2,17.2,28.5,-0.2417,-0.0995,0.1228,-0.2261,-0.291,0.5739,-0.5491,-0.3664
2.1,1.5,3.8,4.7,1.7,18.6,19.9,43.9,30.2,-0.9404,0.0307,-0.0027,0.0269,0.0032,-0.0253,0.0082,0.3238
2.1,4.5,1.3,4.5,2.6,5.1,8.2,11.8,6.9,-0.6112,0.4561,-0.0281,-0.3297,-0.1517,-0.4298,0.0068,-0.3119
2.1,4.0,3.0,4.5,2.8,20.4,21.2,7.7,18.8,-0.0839,0.0515,-0.0992,-0.0316,0.1004,0.0381,-0.8855,0.1801
2.1,2.2,1.8,2.7,1.1,3.6,7.5,20.8,38.2,-0.4122,-0.1279,-0.286,-0.254,0.1252,0.6341,-0.4051,-0.2627
2.1,2.6,2.0,2.1,2.8,18.3,11.5,24.8,43.0,-0.8169,0.1183,-0.066,0.4283,0.1323,-0.2146,-0.0971,0.2103
2.1,2.6,1.4,3.5,4.5,18.0,18.9,21.7,26.5,-0.6478,-0.1314,-0.4269,0.1236,0.4292,0.0186,-0.3356,0.2072
2.1,2.7,4.0,4.0,3.9,13.4,16.2,21.7,42.0,-0.6052,-0.1209,-0.3139,0.3886,0.3427,-0.1957,-0.3644,0.2451
2.1,4.8,2.6,3.2,2.3,17.2,14.4,36.9,34.8,-0.9566,0.179,-0.0182,0.1304,0.0297,-0.0906,0.0124,0.1417
2.1,2.9,3.1,4.9,1.4,15.2,18.1,37.5,32.6,-0.9092,-0.1679,-0.0288,0.0831,0.0319,-0.0665,-0.0731,0.3441
2.1,1.2,2.1,1.8,4.8,16.3,10.1,18.0,16.5,-0.1435,0.1569,-0.1924,-0.675,-0.5005,0.2518,-0.2586,0.2551
2.1,2.7,2.4,4.3,4.0,17.6,19.2,29.2,26.4,-0.9014,-0.1797,-0.0565,0.1611,0.0638,-0.1052,-0.0876,0.298
2.1,1.3,3.9,2.8,2.2,12.6,18.7,32.7,37.9,-0.8328,-0.2485,-0.0418,0.1847,0.0595,-0.1129,-0.1509,0.3918
2.1,1.6,1.7,1.8,2.1,7.7,15.0,22.2,27.1,-0.2178,-0.1075,-0.3932,-0.1286,0.183,0.5656,-0.4468,-0.4489
2.1,3.8,4.6,1.9,2.1,20.3,16.3,24.7,25.2,-0.8876,0.444,0.0106,0.0509,0.001,-0.0231,0.0215,0.0481
2.1,4.0,1.5,3.6,2.3,12.9,2.1,41.9,41.4,-0.7741,0.0311,-0.2183,0.3062,0.233,-0.2642,-0.1603,0.3152
2.1,2.3,2.1,4.6,4.2,17.1,12.0,27.7,12.8,-0.6681,-0.2504,-0.2002,-0.1906,-0.0501,0.6062,-0.1669,0.0232
2.1,1.8,4.9,1.2,3.7,12.2,20.8,36.5,24.2,-0.5859,-0.3633,-0.0125,0.0918,0.0351,-0.0491,-0.3819,0.5832
2.1,3.5,4.4,3.7,2.5,21.7,9.4,37.9,25.2,-0.9217,0.3774,-0.005,0.0127,0.0059,-0.0085,0.0099,0.0268
2.1,1.0,2.9,2.1,3.2,8.2,20.1,17.6,17.1,0.2129,0.0833,-0.2201,0.0283,-0.0421,0.1894,0.2494,-0.8808
2.1,1.7,1.3,1.4,1.4,7.3,11.5,23.5,12.4,0.2531,0.198,-0.2903,-0.5285,-0.6508,0.2471,-0.144,-0.1161
2.1,4.4,2.1,4.8,2.9,19.8,22.0,5.6,26.6,-0.8391,0.4486,0.0216,0.0022,-0.0209,0.0033,-0.14,-0.2596
2.1,1.6,3.5,4.6,1.4,10.2,9.9,36.8,43.6,-0.6589,-0.1273,-0.3079,0.3016,0.3232,-0.221,-0.3181,0.3106
2.1,4.7,3.2,1.0,4.8,9.0,4.6,7.6,20.7,-0.2011,0.741,-0.2591,-0.1456,-0.4368,-0.1519,-0.2089,-0.2396
2.1,4.2,1.1,1.5,2.2,13.1,7.4,37.6,41.3,-0.7266,0.1862,-0.1534,0.4367,0.2286,-0.2644,-0.1429,0.2626
2.1,1.9,3.4,4.4,4.2,9.5,19.6,12.4,24.0,-0.6128,0.0777,-0.0488,-0.0577,-0.004,0.2229,-0.1125,-0.7344
2.1,4.7,4.4,4.1,1.9,4.9,10.8,33.3,34.3,-0.3324,-0.1609,-0.4326,0.036,0.4373,0.0651,-0.6599,0.1722
2.1,3.2,2.4,3.5,2.1,7.4,4.1,9.4,30.7,-0.4556,0.1823,-0.2077,0.222,-0.3474,0.1592,-0.0483,-0.7149
2.1,1.6,3.2,2.0,3.8,7.7,7.9,40.7,25.2,-0.5208,0.254,-0.3815,-0.1577,0.4209,0.3309,-0.4374,-0.0588
2.1,4.8,2.5,4.1,1.4,7.8,2.0,16.1,41.1,-0.6329,-0.0975,-0.1356,-0.2566,0.0074,0.6315,-0.251,-0.1382
2.1,2.3,3.1,4.1,3.3,14.0,11.4,31.2,23.5,-0.5111,-0.066,-0.4302,-0.1712,0.4269,0.3063,-0.4769,0.0561
2.1,4.8,2.6,3.5,2.8,7.4,9.4,26.6,42.1,-0.4681,0.1279,-0.4766,0.1615,0.4925,0.1219,-0.4859,-0.0718
2.1,4.0,2.9,2.6,1.8,3.6,11.3,35.6,6.2,-0.0527,0.3204,-0.3137,-0.5904,-0.5171,0.3369,0.1693,0.122
2.1,3.0,3.8,4.6,4.3,14.0,8.3,23.7,26.4,-0.6645,-0.1012,-0.2546,-0.2724,0.2009,0.5223,-0.2906,-0.0281
2.1,1.6,4.7,2.2,3.9,10.2,11.8,28.2,42.3,-0.5152,-0.0066,-0.3326,0.4663,0.4012,-0.1588,-0.4127,0.184
2.1,4.3,4.1,3.3,1.3,16.9,19.8,7.3,18.1,-0.7752,0.4135,0.0272,0.0244,-0.0242,0.0063,-0.221,-0.4139
2.1,4.7,1.4,2.1,2.7,6.9,19.1,31.7,14.5,-0.2506,0.0322,-0.3539,-0.0399,0.2133,0.443,-0.4464,-0.5865
2.1,3.0,2.6,2.8,3.1,11.6,2.2,10.5,15.4,-0.3502,0.495,-0.2273,-0.2432,-0.4342,-0.3072,-0.151,-0.4571
2.1,1.7,1.2,2.5,3.3,13.0,6.3,43.9,25.0,-0.5957,0.209,-0.4239,-0.1809,0.439,0.2184,-0.308,0.2071
2.1,2.7,4.6,2.6,3.1,18.9,14.3,32.1,12.7,-0.8154,0.0103,-0.2816,0.2478,0.2994,-0.1173,-0.1436,0.2218
2.1,3.8,2.0,2.8,1.9,2.3,21.9,40.0,39.4,-0.8824,-0.1197,-0.0062,0.0718,0.0137,-0.051,-0.0686,0.4159
2.1,3.9,2.7,3.4,3.7,12.6,17.3,6.7,19.5,-0.6423,0.1097,-0.0751,0.2053,-0.1287,0.1674,-0.0437,-0.6867
2.1,4.6,1.6,1.5,4.9,13.6,21.9,16.2,34.2,-0.8506,-0.057,0.0013,0.2166,0.0419,-0.1275,-0.0735,0.4127
2.1,3.2,1.3,1.9,2.1,19.2,18.8,7.3,32.7,-0.1013,0.0997,0.1665,-0.1941,-0.1458,0.3014,-0.8261,0.2463
2.1,3.4,3.7,1.1,3.4,12.4,15.7,36.7,35.7,-0.8508,0.2048,0.0512,0.3109,0.0294,-0.1837,0.0021,0.2932
2.1,4.0,3.2,3.6,3.8,20.1,18.4,42.8,30.2,-0.9309,0.3456,0.0047,0.0269,-0.002,-0.0205,0.0278,0.0787
2.1,1.6,4.5,4.4,2.2,7.6,17.2,43.7,31.2,-0.6466,-0.2636,-0.0836,0.1193,0.0855,-0.1136,-0.2874,0.6124
2.1,1.3,3.0,3.2,1.4,20.8,8.8,11.6,28.9,-0.5754,-0.3899,-0.0083,-0.0992,-0.0268,0.2325,-0.4059,0.4735
2.1,1.7,1.5,1.9,1.5,18.8,7.4,13.4,27.6,-0.636,-0.3231,-0.1512,-0.1223,0.0114,0.4126,-0.3017,0.4007
2.1,3.7,3.2,4.7,4.6,4.8,7.8,17.6,34.0,-0.6397,-0.1094,-0.1979,-0.1787,-0.0155,0.6351,-0.1292,-0.2735
2.1,2.8,1.3,4.4,4.1,7.0,20.7,38.1,22.6,-0.1128,-0.033,-0.2834,0.0357,0.2909,0.0122,-0.8757,0.1537
2.1,3.8,2.0,2.5,3.8,12.8,18.4,35.7,19.5,-0.4218,-0.1843,-0.3688,0.2133,0.3917,-0.0877,-0.5543,0.3357
2.1,1.8,1.4,4.3,1.6,12.9,14.3,26.2,43.9,-0.4933,-0.0108,-0.4786,0.1949,0.488,0.0051,-0.4823,0.0546
2.1,3.2,4.4,4.3,2.6,9.7,8.6,21.6,37.6,-0.6024,0.0732,-0.3694,-0.173,0.3407,0.4198,-0.3572,-0.1843
2.1,2.4,2.5,2.0,3.8,15.9,18.7,33.6,10.9,-0.3559,0.1223,-0.385,0.039,0.2955,0.4123,-0.4362,-0.4731
2.1,3.8,3.4,2.1,3.2,18.7,10.5,32.7,16.5,-0.8734,0.2855,-0.2396,0.1053,0.2568,0.0428,-0.0373,0.0895
2.1,2.9,2.8,3.7,3.0,8.3,4.5,11.7,14.9,-0.3134,0.49,-0.2852,-0.2546,-0.4699,-0.3375,0.0604,-0.4124
2.1,2.2,2.1,1.7,3.8,8.2,7.7,25.9,16.8,-0.1506,0.1847,-0.4158,-0.6755,-0.4027,0.312,-0.0446,0.2007
2.1,4.2,4.2,3.8,1.8,12.2,6.7,28.2,13.1,-0.4754,-0.3174,-0.1013,-0.3035,0.0071,0.5652,-0.4654,0.1447
2.1,2.5,1.9,2.1,1.4,3.9,17.2,7.7,12.9,0.1245,0.5752,-0.2739,-0.0721,-0.3899,-0.1064,0.5426,-0.323
2.1,3.7,3.6,1.6,3.2,14.9,11.2,4.4,29.4,-0.6552,0.4446,-0.0353,0.235,-0.0649,0.2207,-0.2229,-0.4546
2.1,4.0,4.0,1.7,3.9,4.7,17.2,28.4,6.1,-0.5172,0.7208,-0.2504,-0.3542,-0.0105,0.0921,0.039,0.0701
2.1,2.9,2.6,1.6,4.9,13.1,2.7,29.9,23.0,-0.4764,0.1382,-0.6996,-0.084,-0.1458,0.4524,0.12,-0.0619
2.1,2.7,3.1,4.0,5.0,14.0,4.6,18.2,13.9,-0.0747,0.3777,0.0476,-0.3616,-0.6539,-0.1514,-0.4812,-0.148
2.1,3.3,1.2,1.8,1.2,2.4,21.6,31.8,8.2,0.2809,0.0879,-0.2533,0.0355,-0.0345,0.199,0.1759,-0.8597
2.1,3.0,5.0,3.8,5.0,20.1,20.0,14.0,18.4,-0.921,-0.0979,-0.0107,0.0643,0.0156,-0.044,-0.0509,0.3149
2.1,1.1,2.1,4.9,4.7,17.3,16.1,35.9,42.4,-0.8141,-0.08,-0.1402,0.3463,0.1626,-0.2362,-0.1594,0.2679
2.1,1.3,1.0,2.0,1.2,6.7,20.4,28.1,19.8,-0.0698,0.0137,-0.224,-0.0108,0.185,0.197,-0.7563,-0.5311
2.1,4.0,3.6,2.8,1.5,18.4,2.7,11.3,11.4,-0.1222,-0.2011,-0.0651,-0.1096,-0.2805,0.1591,-0.797,0.3617
2.1,1.3,2.5,4.1,4.5,17.7,4.3,29.4,40.6,-0.5332,0.0771,-0.4761,0.1855,0.4925,0.0376,-0.4349,0.0106
2.1,1.7,4.5,1.1,4.2,13.3,20.1,35.0,43.1,-0.7788,0.5965,0.0839,0.1025,-0.0174,-0.0318,0.0329,0.0538
2.1,4.1,3.3,2.0,3.8,7.4,9.9,39.9,7.4,-0.4915,0.3905,-0.2741,-0.5805,-0.1792,0.2543,0.0334,0.2898
2.1,3.8,4.3,3.7,3.8,21.8,7.9,20.0,22.8,-0.9138,0.3954,-0.0039,-0.0009,0.0024,0.0043,0.0061,0.0161
2.1,4.1,2.5,3.2,3.2,10.2,4.2,19.5,9.3,-0.131,0.3909,0.13,-0.4065,-0.5617,-0.1943,-0.5028,-0.1777
2.1,4.2,3.4,3.5,3.1,3.2,12.8,8.0,18.1,-0.0686,0.4205,-0.3894,-0.0711,-0.4544,-0.1159,0.5502,-0.3595
2.1,4.1,2.6,5.0,2.0,20.9,20.6,31.9,16.4,-0.9675,0.2359,0.0006,0.0074,0.0001,-0.0035,0.0089,0.0408
2.1,4.0,4.5,2.6,3.1,13.1,10.8,41.9,42.8,-0.8645,0.1796,-0.0121,0.2994,0.0482,-0.2251,-0.026,0.2613
2.1,2.0,4.0,1.6,3.0,6.8,11.7,36.5,5.4,-0.543,0.4295,-0.1823,-0.5885,-0.1247,0.2525,-0.0552,0.2244
2.1,2.6,4.7,4.9,3.9,13.0,9.5,31.3,24.2,-0.5286,-0.009,-0.4017,-0.2253,0.3976,0.3552,-0.4603,-0.01
2.1,4.2,3.6,2.9,1.9,21.2,5.4,16.7,19.1,-0.922,0.3704,-0.022,0.008,0.0099,0.0318,0.015,0.0406
2.1,3.6,3.0,2.4,2.1,18.7,5.2,39.2,33.7,-0.9122,0.2977,-0.079,0.1622,0.0946,-0.1184,0.011,0.1273
2.1,1.3,3.8,4.7,3.7,11.9,19.5,25.5,15.6,-0.3923,0.2412,-0.1045,-0.0292,0.0845,0.1442,-0.4761,-0.7116
2.1,4.7,2.2,2.4,4.0,14.8,16.3,9.9,27.5,-0.2301,0.2822,0.2615,-0.032,-0.2864,0.318,-0.7232,-0.2659
2.1,2.0,4.3,4.4,1.2,16.3,19.0,13.9,42.9,-0.2443,-0.0003,-0.3981,-0.0131,0.4047,0.1023,-0.7475,-0.0077
2.1,1.1,1.6,1.0,3.7,6.8,8.1,18.3,28.7,-0.1045,0.2447,-0.7594,-0.2754,-0.1993,0.4306,0.1853,-0.0521
2.1,3.8,1.4,2.5,1.2,16.6,13.3,30.9,30.4,-0.9282,0.0346,-0.1597,0.1574,0.1685,-0.0817,-0.0374,0.2034
2.1,1.1,3.1,1.6,1.6,16.9,17.1,32.8,6.0,0.051,0.242,-0.6483,-0.1071,-0.1784,0.4215,0.2912,-0.4087
2.1,2.5,3.0,4.7,1.4,17.4,15.8,22.6,17.5,-0.5014,-0.3604,-0.3321,-0.1001,0.3263,0.1691,-0.4922,0.31
2.1,4.2,2.1,1.4,5.0,17.4,9.8,37.5,41.2,-0.8179,0.4333,0.091,0.2881,-0.0021,-0.1502,0.0194,0.1404
2.1,4.6,4.1,1.3,2.6,11.6,16.4,35.1,36.0,-0.9056,0.1769,0.043,0.2288,0.0139,-0.1254,0.0167,0.257
2.1,4.6,3.9,1.5,3.5,4.9,16.5,32.2,14.2,0.25,0.1583,-0.5271,0.0322,-0.066,0.3669,0.1942,-0.653
2.1,1.4,3.2,3.2,4.6,20.8,7.3,41.5,9.6,-0.9112,0.1902,-0.1241,-0.0965,0.1398,0.2643,-0.0304,0.0764
2.1,1.9,2.5,1.5,2.8,11.5,19.3,42.4,14.3,-0.1072,0.3466,-0.2637,0.024,0.3012,0.0558,-0.8234,-0.0161
2.1,3.0,2.5,2.6,2.8,9.2,16.6,30.9,18.1,-0.2728,0.0775,-0.3577,-0.098,0.3327,0.3367,-0.6603,-0.3229
2.1,1.6,3.0,2.3,3.0,3.7,11.3,23.9,5.4,-0.3326,0.3895,0.261,-0.5384,-0.4871,0.003,-0.3664,0.0205
2.1,2.0,2.4,2.2,1.8,7.2,19.1,24.7,8.7,0.3025,0.3288,-0.4244,-0.1179,-0.1534,0.2583,0.4442,-0.5375
2.1,4.4,1.9,2.9,4.5,19.9,17.6,29.4,24.2,-0.9269,0.3389,-0.0147,0.1024,0.026,-0.0566,0.013,0.0574
2.1,1.3,1.4,2.5,4.8,6.0,14.2,9.1,31.0,-0.1142,0.3346,-0.331,0.1901,-0.5747,0.121,0.2047,-0.5746
2.1,4.6,3.5,2.3,3.2,10.6,20.0,24.5,31.6,-0.7091,-0.3766,-0.0478,0.1618,0.0667,-0.0863,-0.2805,0.4643
2.1,3.1,1.8,4.5,2.0,12.7,13.4,29.9,30.4,-0.5326,-0.2406,-0.424,-0.0061,0.4235,0.0928,-0.4615,0.2531
2.1,1.3,1.5,5.0,4.7,13.2,11.4,24.8,13.1,0.0285,0.2101,-0.0657,-0.4623,-0.8243,0.1096,-0.1616,0.0015
2.1,4.2,1.1,3.2,2.8,19.3,7.2,23.6,12.8,-0.9478,0.1752,-0.1507,0.0238,-0.0024,0.1785,0.0178,0.0762
2.1,1.6,4.0,3.6,1.0,10.8,6.2,16.2,17.3,-0.2771,0.1563,-0.0379,0.1437,-0.3049,0.1379,-0.3384,-0.8002
2.1,2.7,3.6,1.2,3.7,13.5,11.0,42.6,11.7,-0.5848,0.1737,-0.3345,0.0577,0.2083,0.6019,-0.1101,-0.2434
2.1,2.4,1.4,2.7,3.4,7.1,11.7,23.2,40.2,-0.5105,0.1913,-0.4318,0.086,0.3847,0.355,-0.376,-0.2869
2.1,2.0,2.2,4.3,3.4,14.2,8.0,14.6,25.4,-0.2243,0.1733,0.1173,0.1437,-0.4377,0.2537,-0.5278,-0.5788
2.1,4.9,3.8,3.2,4.0,3.5,15.7,10.1,9.9,-0.4046,0.7839,-0.0809,-0.184,-0.2946,-0.269,0.1164,-0.036
2.1,4.2,3.1,1.4,3.2,17.5,15.1,11.1,40.3,-0.5305,0.2777,-0.386,0.2998,0.4684,-0.1269,-0.3236,0.1981
2.1,4.1,3.2,4.8,3.7,13.7,15.5,23.1,10.2,-0.5056,-0.1821,-0.1366,-0.2618,-0.109,0.6841,-0.2285,-0.2684
2.1,1.6,3.6,2.3,1.6,11.8,4.7,14.9,25.3,0.0049,0.052,-0.0335,0.0547,-0.4771,0.3194,-0.5893,-0.5491
2.1,4.8,2.2,2.4,4.5,20.0,10.1,23.9,12.7,-0.8817,0.3964,-0.176,0.0479,-0.0266,0.1476,0.0243,0.0249
2.1,3.8,2.3,2.1,3.8,3.9,12.3,20.5,41.3,-0.4457,0.246,-0.4168,0.1936,0.3829,0.3448,-0.3866,-0.3199
2.1,1.2,4.5,1.3,3.6,8.8,3.6,43.1,30.0,-0.4987,0.366,-0.4163,-0.0172,0.4902,0.1873,-0.3922,0.0306
2.1,3.5,3.2,2.8,3.2,13.7,21.8,29.6,30.1,-0.9189,-0.1672,-0.0008,0.0226,0.0036,-0.0112,-0.0645,0.3323
2.1,2.5,4.0,5.0,2.8,8.1,10.7,7.9,15.4,-0.2283,0.1946,-0.4341,-0.0124,-0.4701,-0.0498,0.492,-0.4955
2.1,1.0,1.4,2.9,1.7,5.9,17.5,26.1,26.2,-0.2227,0.0528,-0.2644,-0.1664,0.2131,0.3715,-0.6541,-0.4742
2.1,4.4,3.8,2.5,4.9,10.7,4.4,39.3,18.4,-0.751,0.1092,-0.2552,-0.1478,0.2406,0.4849,-0.1791,-0.0261
2.1,4.6,4.9,1.7,3.3,8.1,20.6,25.3,16.5,0.0288,-0.0633,-0.0754,0.0531,0.075,0.0455,-0.853,-0.4769
2.1,2.3,1.0,1.3,2.9,18.0,10.0,35.3,32.3,-0.7637,0.2948,-0.2426,0.3303,0.3009,-0.146,-0.0971,0.1666
2.1,2.1,2.8,1.1,4.0,16.2,9.6,25.2,14.4,-0.4677,0.3178,-0.624,-0.4183,-0.1325,0.2167,0.0979,0.1712
2.1,3.8,4.1,1.0,3.5,14.8,3.7,30.9,28.8,-0.6552,0.339,-0.3858,0.2792,0.3991,0.1813,-0.156,0.0043
2.1,1.2,4.2,3.8,1.9,17.3,11.5,43.9,22.6,-0.7581,-0.1301,-0.1799,0.1575,0.1824,-0.1504,-0.1659,0.5039
2.1,1.1,3.8,1.3,2.7,20.9,19.5,19.1,4.3,-0.1153,0.7731,-0.4796,-0.2125,-0.0963,0.0752,0.204,-0.0254
2.1,4.9,2.4,1.8,1.3,11.9,16.3,32.6,16.8,-0.6043,-0.2901,-0.2838,0.2269,0.3011,-0.0952,-0.3768,0.3975
2.1,1.8,1.8,1.2,1.0,17.2,12.3,41.9,43.3,-0.8244,0.3225,0.0073,0.297,0.0421,-0.2233,0.0166,0.2522
2.1,2.8,3.3,1.8,3.0,21.6,7.8,36.4,10.4,-0.8215,0.5461,-0.0688,0.0351,0.0704,0.0735,0.0112,0.0214
2.1,2.9,4.1,3.8,3.9,12.1,6.0,24.9,22.5,-0.5526,-0.224,-0.2063,-0.2637,0.0253,0.6522,-0.3017,-0.0541
2.1,2.7,4.9,4.2,1.6,12.8,4.8,41.3,39.2,-0.7723,-0.071,-0.2516,0.2344,0.2601,-0.2025,-0.1822,0.3592
2.1,3.1,2.5,2.3,2.9,20.6,4.7,31.1,24.1,-0.8979,0.391,-0.1105,0.0566,0.1187,0.0217,0.0068,0.0481
2.1,4.7,1.5,2.4,1.9,13.3,19.0,13.7,39.4,-0.3604,0.147,-0.4329,-0.0447,0.4542,0.2258,-0.6134,-0.0396
2.1,3.4,4.4,3.7,3.3,7.5,11.7,9.1,36.7,-0.4118,0.2341,0.2009,0.2011,-0.3404,0.2187,-0.4067,-0.5887
2.1,2.4,1.1,4.6,4.0,5.4,21.7,36.1,19.0,-0.1542,0.287,-0.1744,-0.0415,0.1785,0.0966,-0.8406,-0.2935
2.1,4.0,2.3,2.9,3.1,3.3,9.3,32.0,14.9,-0.152,-0.1844,-0.281,-0.2501,-0.361,0.7239,-0.0707,-0.3492
2.1,3.7,4.3,1.9,4.4,12.6,13.6,6.6,14.7,-0.1643,0.6108,-0.4136,-0.0753,-0.5022,-0.1125,0.2398,-0.2967
2.1,1.7,2.1,1.4,4.3,21.2,7.8,39.9,5.3,-0.7775,0.5473,-0.1987,-0.1877,0.0024,0.0352,0.0503,0.0875
2.1,3.0,1.7,2.3,3.8,10.1,11.0,12.4,25.6,0.0848,0.1451,-0.12,0.0318,-0.7077,0.3449,-0.3211,-0.4649
2.1,2.6,2.6,4.6,3.7,13.1,6.6,42.7,4.1,-0.7711,-0.0897,0.0358,-0.2047,-0.0752,0.5353,-0.1441,0.1078
2.1,3.2,2.3,1.7,4.5,8.5,7.3,37.8,9.3,-0.521,0.2852,-0.2151,-0.6242,-0.1687,0.2658,-0.0788,0.312
2.1,1.4,3.6,2.4,3.1,2.2,14.7,6.4,28.2,-0.1283,0.0952,-0.2631,0.1925,-0.3369,0.1552,0.3982,-0.7489
2.1,1.9,1.8,4.2,1.2,10.1,9.1,43.0,28.7,-0.5583,-0.1947,-0.3284,0.0554,0.3303,-0.0494,-0.385,0.5174
2.1,3.4,2.2,3.6,1.8,9.7,20.2,13.3,23.4,-0.5204,0.2201,-0.0516,-0.0682,0.0279,0.1748,-0.3328,-0.7223
2.1,1.4,3.1,3.9,1.6,5.3,3.8,38.9,37.7,-0.49,-0.0085,-0.4763,-0.005,0.487,0.0599,-0.4842,0.2141
2.1,3.7,4.0,2.4,2.0,18.9,21.3,31.3,26.6,-0.9543,0.2664,0.0033,0.0101,-0.0005,-0.0037,0.026,0.0981
2.1,2.2,1.2,4.5,2.1,15.6,14.4,38.1,8.7,-0.7027,0.0185,-0.1801,-0.3674,0.1871,0.4459,-0.2806,0.1233
2.1,1.8,2.1,4.1,4.8,21.3,11.4,16.8,32.3,-0.9303,0.1227,-0.1831,-0.0538,0.1826,0.161,-0.0366,0.0873
2.1,1.5,4.5,3.7,2.5,19.8,14.6,9.4,9.0,-0.511,0.3036,-0.0278,0.2344,-0.2285,0.1614,-0.2871,-0.6346
2.1,4.2,1.9,2.0,4.2,17.3,11.6,22.6,41.1,-0.7979,0.1632,-0.0837,0.436,0.1537,-0.2229,-0.1004,0.2068
2.1,4.4,3.9,1.5,2.4,4.7,17.2,23.0,25.2,-0.0258,-0.0411,-0.2632,0.092,0.2191,0.197,-0.7271,-0.535
2.1,4.0,4.0,3.7,2.0,5.7,4.7,4.7,20.0,-0.3692,0.1492,-0.4441,-0.1377,-0.4492,-0.144,0.4051,-0.4822
2.1,2.2,4.3,2.7,4.5,16.3,10.0,8.1,38.9,-0.491,-0.0218,0.1711,-0.2294,-0.2028,0.6512,-0.4095,-0.0176
2.1,3.3,2.4,4.3,1.1,9.1,15.3,21.7,21.4,-0.2649,0.1296,0.021,-0.2721,-0.055,0.3953,-0.6592,-0.482
2.1,2.8,4.8,3.9,4.3,19.7,7.6,17.9,42.9,-0.74,-0.0256,-0.204,0.4039,0.2406,-0.2331,-0.2175,0.2427
2.1,1.2,2.3,3.8,4.6,2.9,16.5,12.9,9.8,-0.5519,0.6833,0.0118,-0.1957,-0.2666,-0.3189,-0.0172,-0.1023
2.1,1.3,3.7,2.4,1.2,10.2,16.6,38.7,27.5,-0.3649,-0.3331,-0.1508,0.126,0.1617,-0.0867,-0.6072,0.5464
2.1,5.0,2.4,4.9,4.3,6.8,5.9,18.6,42.5,-0.722,0.2563,-0.2335,0.0183,0.1829,0.3938,-0.1785,-0.3601
2.1,1.6,3.3,1.6,3.8,21.7,3.8,5.2,9.4,-0.5497,0.7167,-0.0732,-0.0543,-0.146,-0.0827,-0.2781,-0.2302
2.1,5.0,4.4,3.7,4.2,12.0,4.8,40.8,17.9,-0.7536,0.1233,-0.3008,-0.2417,0.3167,0.3163,-0.2084,0.1268
2.1,3.6,2.9,4.6,1.5,2.0,11.0,29.5,34.9,-0.3276,0.0477,-0.3438,-0.2384,0.3332,0.3637,-0.6525,-0.1831
2.1,3.4,1.3,3.3,3.5,2.4,21.8,4.1,43.7,-0.7414,0.4994,0.0857,0.1434,-0.0498,0.0546,-0.2061,-0.3058
2.1,1.5,4.9,2.0,2.8,21.0,16.5,7.8,33.7,-0.3829,-0.1762,0.0497,-0.2563,-0.0246,0.3382,-0.5539,0.4985
2.1,4.6,2.4,1.7,1.8,15.0,11.6,31.5,20.6,-0.8415,0.0777,-0.3042,0.1651,0.3214,-0.0011,-0.1002,0.2031
2.1,4.2,3.1,4.1,4.1,13.3,9.0,41.6,18.6,-0.6768,0.1138,-0.4097,-0.1628,0.4196,0.2,-0.2752,0.181
2.1,4.5,3.0,4.4,4.4,5.9,11.1,38.8,26.3,-0.4417,0.1496,-0.4444,-0.1533,0.4563,0.2248,-0.5386,0.0187
2.1,2.2,4.7,4.4,4.9,3.2,15.8,12.7,27.5,-0.4061,-0.0396,0.1512,-0.0152,-0.3719,0.3784,-0.0821,-0.7125
2.1,4.9,1.8,4.0,4.4,2.1,6.5,39.9,19.8,-0.6666,0.1482,-0.1426,-0.3662,0.1537,0.4948,-0.3152,-0.0456
2.1,4.9,3.4,1.6,4.5,16.8,21.1,5.9,22.1,-0.619,0.6328,0.0888,-0.0253,-0.0688,0.067,-0.3177,-0.2987
2.1,1.9,1.6,2.2,4.2,4.4,5.7,7.9,37.4,-0.0037,0.3443,-0.1701,0.2011,-0.7024,0.2499,-0.0612,-0.4798
2.1,1.4,2.4,3.5,3.6,15.1,5.2,26.5,28.3,-0.6492,-0.1073,-0.3117,-0.2128,0.2206,0.535,-0.2746,-0.0566
2.1,2.6,3.4,4.7,5.0,11.7,19.9,37.7,17.5,-0.0774,-0.1144,-0.1813,0.059,0.1878,-0.0192,-0.9154,0.1972
2.1,4.3,4.9,2.7,2.8,21.4,16.7,24.3,34.2,-0.8872,0.4524,0.0035,0.0158,-0.0001,-0.0062,0.0098,0.0209
2.1,3.9,4.2,1.2,2.3,13.3,14.8,31.8,21.9,-0.7176,-0.1532,-0.1506,0.3542,0.2049,-0.1849,-0.228,0.406
2.1,1.9,2.9,3.2,3.6,19.1,8.0,33.6,42.8,-0.871,0.067,-0.0526,0.347,0.0931,-0.2056,-0.0747,0.2143
2.1,2.0,1.8,4.6,3.3,8.9,19.6,32.1,12.3,-0.51,0.2579,-0.1653,-0.139,0.1417,0.3067,-0.4201,-0.5644
2.1,2.8,1.9,2.4,3.2,17.7,4.5,23.6,11.8,-0.7291,-0.0385,-0.4311,-0.3404,-0.2126,0.1967,0.0164,0.2587
2.1,1.4,2.3,2.8,2.4,5.8,17.3,39.6,30.9,-0.311,-0.2165,-0.2859,0.1573,0.3001,-0.1074,-0.6574,0.4448
2.1,4.8,4.5,4.5,3.4,14.0,20.5,41.6,34.9,-0.9688,0.0946,0.0023,0.028,0.0002,-0.0205,0.0189,0.2117
2.1,2.3,1.9,4.7,4.0,16.7,5.2,39.8,31.3,-0.7512,-0.0059,-0.3759,0.1373,0.3846,-0.0956,-0.216,0.2476
2.1,3.2,1.6,3.8,1.3,4.5,7.0,27.9,41.5,-0.5123,0.0774,-0.4468,-0.0823,0.4313,0.3114,-0.455,-0.149
2.1,4.4,2.6,1.7,1.9,7.8,3.3,41.3,6.9,-0.1315,-0.0178,-0.4418,-0.3762,-0.4888,0.5758,0.076,0.1766
2.1,1.3,1.1,4.0,3.2,13.5,15.0,9.8,5.6,-0.6934,0.4484,-0.0001,-0.2688,-0.1206,-0.374,-0.0433,-0.2924
2.1,4.9,3.9,2.5,3.6,5.1,14.1,18.2,23.3,-0.2164,-0.0682,-0.285,-0.1546,-0.0578,0.6207,-0.1602,-0.6429
2.1,4.6,2.8,1.9,1.8,5.6,11.5,11.2,14.4,0.0602,0.4889,-0.339,-0.1249,-0.5805,-0.1313,0.2096,-0.467
2.1,4.4,3.3,2.4,1.1,15.7,11.9,11.4,28.3,-0.1104,0.2707,0.149,-0.037,-0.1692,0.1829,-0.8732,-0.2037
2.1,1.6,4.3,4.7,3.4,8.4,10.3,14.9,28.0,-0.3413,0.0997,0.1855,0.1097,-0.4171,0.262,-0.3444,-0.6734
2.1,2.7,1.9,4.6,1.7,11.0,20.6,33.7,34.2,-0.7075,-0.3913,-0.0607,0.1052,0.0647,-0.076,-0.2865,0.4741
2.1,3.9,4.0,2.6,2.8,2.3,2.8,38.6,29.9,-0.5291,0.1493,-0.3909,-0.1992,0.4126,0.3572,-0.4433,-0.0067
2.1,3.6,3.8,3.5,3.5,6.1,20.9,25.1,10.7,-0.1619,0.0238,-0.0684,0.0237,0.0067,0.0872,-0.0977,-0.9626
2.1,1.2,2.8,4.9,2.4,3.0,8.3,20.1,43.6,-0.6991,0.2201,-0.2715,-0.0282,0.2237,0.3941,-0.2162,-0.3557
2.1,4.6,1.9,1.6,2.9,17.1,15.5,20.5,27.2,-0.8403,0.213,-0.2374,0.2558,0.2689,-0.0912,-0.0642,0.1697
2.1,3.7,4.9,4.8,1.5,4.6,20.4,37.0,16.8,-0.0071,0.0264,-0.0422,0.0083,0.0438,0.0026,-0.9891,0.0199
2.1,4.5,4.3,3.6,4.6,11.9,20.6,7.9,38.1,-0.6824,0.4902,-0.0614,-0.0995,0.0743,0.1596,-0.3047,-0.3747
2.1,3.1,4.8,3.1,4.9,12.9,18.3,30.3,40.2,-0.9464,0.0961,0.0203,0.2035,0.013,-0.1014,-0.0068,0.1754
2.1,3.3,1.7,5.0,2.1,10.6,12.7,32.7,34.7,-0.5351,-0.2002,-0.4318,0.076,0.4358,-0.0018,-0.4583,0.2618
2.1,3.0,2.4,2.3,1.6,16.4,20.1,7.7,23.9,-0.5654,0.4455,0.1123,-0.0708,-0.1053,0.1473,-0.4264,-0.4878
2.1,3.6,4.6,1.4,3.2,14.8,8.5,9.0,39.8,-0.7396,0.2981,-0.2185,-0.0205,0.2852,0.4379,-0.1352,-0.0811
2.1,4.7,4.1,3.0,5.0,11.8,7.8,37.3,43.8,-0.7602,0.0619,-0.0994,0.44,0.1629,-0.2705,-0.1581,0.2826
2.1,4.5,2.1,2.3,3.9,3.5,17.0,26.9,10.7,-0.2578,0.5972,-0.324,-0.5828,-0.2087,0.1932,0.137,0.1329
2.1,2.2,3.6,4.2,1.1,3.1,4.0,12.5,34.4,-0.4668,0.1443,-0.0732,0.1971,-0.2515,0.1319,-0.1458,-0.7792
2.1,4.5,3.3,1.3,3.2,5.4,16.0,5.7,30.5,-0.3805,0.1534,-0.0674,0.2873,-0.1749,0.2714,-0.0716,-0.7892
2.1,1.7,4.0,1.9,1.5,7.6,20.5,41.8,34.5,-0.7279,-0.2034,-0.0124,0.0687,0.0207,-0.0529,-0.1808,0.6092
2.1,4.7,1.4,1.2,2.3,8.9,19.1,27.2,41.2,-0.7755,0.0431,-0.0191,0.4478,0.1197,-0.219,-0.1184,0.3142
2.1,2.7,1.3,4.5,4.9,2.2,14.0,41.2,33.8,-0.4139,0.162,-0.4778,-0.0267,0.491,0.0853,-0.5536,0.0729
2.1,4.7,1.2,2.8,3.0,7.2,15.2,13.4,39.7,-0.6617,0.1437,-0.2707,-0.0595,0.172,0.5264,-0.1921,-0.3287
2.1,2.6,4.9,4.7,1.5,15.6,20.8,4.4,31.7,-0.8848,0.1604,0.0002,0.0106,-0.001,0.0087,-0.0759,-0.426
2.1,1.9,2.0,2.2,4.9,22.0,12.6,14.7,37.4,-0.8573,0.386,-0.126,0.1942,0.1511,-0.1118,-0.0163,0.0815
2.1,1.8,3.1,3.6,3.8,12.8,5.5,29.7,16.9,-0.4338,-0.2807,-0.2125,-0.2356,-0.1843,0.72,-0.2323,-0.103
2.1,1.0,1.4,4.1,2.2,19.8,12.9,22.4,23.6,-0.6729,-0.3,-0.2129,-0.2357,0.1823,0.3825,-0.3096,0.2407
2.1,4.0,1.2,1.1,2.7,3.8,11.9,34.2,23.4,-0.2643,-0.0597,-0.5583,0.0198,0.1684,0.631,-0.2179,-0.3482
2.1,1.9,4.1,1.8,3.4,21.8,18.7,18.9,14.5,-0.8846,0.4335,0.0162,0.0704,0.0003,-0.0329,0.0233,0.06
2.1,4.6,3.2,1.9,1.2,22.0,6.6,15.6,40.7,-0.8106,0.5779,-0.0126,0.0123,0.0142,-0.0028,0.0093,0.0144
2.1,2.5,3.8,4.5,1.7,13.9,6.5,42.6,33.1,-0.8006,-0.0945,-0.2233,0.1654,0.2265,-0.1543,-0.1459,0.4092
2.1,4.7,4.8,4.5,4.8,5.1,6.2,34.6,43.7,-0.4902,0.087,-0.4296,0.301,0.4709,-0.108,-0.4657,0.1182
2.1,4.9,4.1,1.3,4.7,11.1,20.6,8.9,9.6,0.2243,0.7531,-0.2369,-0.0716,-0.0921,0.079,0.4918,-0.1816
2.1,3.3,1.9,2.1,2.8,20.6,15.2,41.6,37.2,-0.8658,0.4804,0.0159,0.0696,-0.0039,-0.0476,0.0302,0.0633
2.1,4.6,1.8,4.2,4.0,5.8,8.0,24.8,20.3,-0.2295,-0.2593,-0.0759,-0.2349,-0.4084,0.6962,-0.3045,-0.2438
2.1,3.5,2.8,3.4,2.5,4.5,8.7,15.5,7.3,-0.412,0.5962,0.0392,-0.3095,-0.3332,-0.4078,-0.1286,-0.2791
2.1,2.5,4.7,3.7,4.8,19.0,11.1,19.5,7.1,-0.6502,-0.0129,-0.2288,-0.5571,-0.2213,0.159,-0.0738,0.3398
2.1,4.7,2.4,5.0,1.4,9.5,6.7,19.2,7.4,-0.1529,0.301,-0.2503,0.0292,-0.6636,-0.0398,-0.0886,-0.5989
2.1,3.5,3.4,2.8,4.6,3.3,12.6,10.6,40.7,-0.6921,0.1597,-0.2345,0.0902,0.0839,0.5018,-0.0549,-0.398
2.1,3.5,3.3,2.7,1.9,17.9,18.4,15.2,13.6,-0.4669,-0.272,-0.3532,0.0768,0.3613,0.0116,-0.5204,0.3655
2.1,4.1,4.1,2.3,1.3,17.6,14.3,14.0,21.5,-0.745,-0.2161,-0.2011,-0.1317,0.2062,0.2197,-0.2274,0.4157
2.1,3.5,4.9,3.5,4.0,9.1,12.6,7.6,14.9,-0.158,0.4865,-0.4171,-0.0982,-0.475,-0.1427,0.4563,-0.2975
2.1,1.7,4.8,4.0,3.7,9.3,15.4,13.0,26.4,-0.4398,0.0442,0.1885,-0.0577,-0.3163,0.3531,-0.2523,-0.6817
2.1,1.5,3.7,1.4,4.3,8.4,8.8,5.1,6.8,-0.5525,0.546,-0.0768,-0.3509,-0.1251,-0.3768,-0.058,-0.3196
2.1,4.8,4.0,4.3,1.2,19.4,19.1,27.0,7.3,-0.9833,0.1042,-0.0023,0.0437,0.0055,-0.0238,0.008,0.1041
2.1,2.2,5.0,3.9,4.5,3.7,4.6,18.0,35.8,-0.6172,-0.0377,-0.3232,-0.0554,0.0137,0.6034,-0.0404,-0.3643
2.1,3.2,4.3,2.6,1.2,14.0,7.0,10.5,5.1,-0.4319,0.5225,-0.1445,-0.2767,-0.336,-0.3504,-0.166,-0.4155
2.1,2.3,2.9,2.5,2.7,16.1,2.9,29.1,42.1,-0.6002,0.0494,-0.3749,0.3884,0.4193,-0.1294,-0.3398,0.1538
2.1,5.0,1.8,4.2,2.2,11.2,10.3,12.6,38.9,-0.4993,-0.0491,0.123,-0.3046,-0.1942,0.6121,-0.4351,-0.0984
2.1,3.5,4.2,2.1,1.5,18.9,11.6,29.1,15.5,-0.9259,0.2216,-0.1438,0.1425,0.1554,-0.0515,-0.0051,0.1215
2.1,1.5,1.8,2.2,1.4,16.3,20.8,29.9,23.0,-0.6463,-0.4302,-0.0543,0.1175,0.0642,-0.0648,-0.3471,0.48
2.1,2.1,1.8,2.6,1.8,4.9,19.3,14.0,41.4,-0.402,0.2253,-0.337,-0.0408,0.3315,0.3214,-0.5367,-0.3859
2.1,4.3,2.2,1.9,1.1,4.0,3.0,28.1,11.6,0.2425,0.0745,-0.238,-0.333,-0.724,0.2441,-0.2935,-0.2889
2.1,1.4,3.8,4.0,4.0,16.2,17.7,25.8,4.5,-0.66,0.5227,-0.1699,-0.4565,-0.0825,0.1,0.0618,0.1372
2.1,2.8,3.9,4.9,1.9,20.1,11.9,4.1,36.9,-0.8907,0.3476,-0.0021,0.0516,-0.0073,0.0442,-0.0972,-0.258
2.1,2.9,1.2,3.7,1.2,8.4,8.0,33.5,14.2,-0.3313,-0.14,-0.0178,-0.3913,-0.0013,0.5323,-0.6486,0.0301
2.1,2.4,3.4,3.3,3.8,8.6,11.2,42.5,20.7,-0.427,0.2751,-0.401,-0.2288,0.4141,0.2701,-0.5202,0.0303
2.1,3.0,4.7,1.8,1.5,20.9,21.5,25.2,30.7,-0.8765,0.4693,0.0021,0.0039,-0.0003,-0.001,0.0195,0.0385
2.1,4.4,4.4,2.5,4.3,20.0,14.8,35.8,22.0,-0.9021,0.4101,0.0061,0.0736,0.0059,-0.0422,0.0202,0.0542
2.1,4.7,4.1,4.4,4.0,13.0,9.7,6.5,35.3,-0.795,0.2746,-0.0187,0.2033,-0.0787,0.1493,-0.1153,-0.4519
2.1,2.2,1.4,1.3,2.7,2.8,3.0,11.1,31.2,0.2319,0.2779,-0.2335,-0.2416,-0.7561,0.273,-0.2416,-0.1844
2.1,1.7,3.4,4.7,2.6,10.4,12.4,5.8,9.1,-0.5061,0.5214,-0.2433,-0.3389,-0.2637,-0.3645,0.284,-0.0892
2.1,1.0,1.9,2.1,1.6,18.8,8.2,19.2,43.0,-0.5501,0.1461,-0.4667,0.2127,0.4808,0.1391,-0.3758,-0.0481
2.1,4.6,3.1,3.1,4.6,18.2,20.3,30.7,7.6,-0.922,-0.0442,-0.0217,0.1881,0.0405,-0.1066,-0.0458,0.2583
2.1,4.4,2.1,1.9,4.9,11.2,15.6,25.6,12.4,-0.3669,0.3885,-0.5036,-0.5662,-0.1982,0.2148,0.1165,0.1641
2.1,4.6,1.1,1.8,4.3,7.4,15.3,20.7,29.0,-0.411,-0.0032,-0.5221,0.0143,0.1437,0.6114,-0.1578,-0.3513
2.1,1.4,3.6,3.8,1.4,19.4,7.4,12.5,5.4,-0.2344,0.4548,-0.1111,-0.1761,-0.4917,-0.2217,-0.4485,-0.4202
2.1,5.0,4.2,3.9,1.8,10.2,2.9,6.2,29.7,-0.7466,0.1236,-0.2023,0.1681,-0.2126,0.1565,0.0063,-0.533
2.1,4.8,4.8,4.0,4.6,20.4,6.8,11.5,19.2,-0.9624,0.197,-0.0343,0.0121,0.0033,0.0763,0.0206,0.1157
2.1,2.1,1.2,3.6,1.7,11.0,10.0,32.4,10.6,-0.3962,-0.1949,0.0277,-0.3235,-0.1443,0.6395,-0.5016,-0.0652
2.1,1.8,4.0,2.3,4.1,12.6,7.9,22.9,19.6,-0.1404,-0.0982,-0.5428,-0.3475,-0.3839,0.6147,0.045,-0.1036
2.1,2.6,3.1,2.8,2.8,19.4,16.9,9.3,43.6,-0.5969,0.3858,-0.3587,-0.0412,0.4046,0.2087,-0.3464,-0.1155
2.1,2.9,3.9,2.2,2.7,14.7,12.7,30.2,36.6,-0.8067,-0.0633,-0.1517,0.3537,0.1874,-0.1998,-0.15,0.2953
2.1,1.2,3.5,1.8,2.9,19.0,4.8,39.4,14.8,-0.801,0.1238,-0.2668,-0.1001,0.2778,0.3782,-0.1224,0.109
2.1,1.6,1.1,1.5,1.3,20.4,16.5,8.0,11.9,-0.0476,-0.0043,0.0256,-0.0078,-0.2669,0.352,-0.8303,0.1828
2.1,1.6,4.4,3.2,2.8,6.9,12.6,38.5,27.1,-0.2363,-0.0268,-0.4027,0.0237,0.4167,0.0481,-0.7452,0.1834
2.1,3.5,4.4,3.7,2.7,18.1,10.5,26.2,7.6,-0.838,-0.0821,-0.2755,-0.0491,0.0219,0.4386,-0.0385,0.0602
2.1,2.1,1.4,2.4,4.5,13.3,16.6,42.0,17.1,-0.5779,0.3095,-0.3273,-0.2131,0.36,0.3559,-0.3761,-0.0723
2.1,2.2,4.4,4.8,2.5,8.2,6.5,38.6,26.9,-0.442,-0.024,-0.4395,-0.1653,0.4458,0.2066,-0.5394,0.1978
2.1,1.4,3.0,4.8,3.0,3.9,19.5,5.5,30.4,-0.6889,-0.0912,-0.0336,0.1058,-0.0565,0.0816,0.1107,-0.6893
2.1,1.5,4.7,3.9,3.4,19.4,3.6,13.8,37.2,-0.8089,-0.0774,-0.1618,-0.1843,0.1144,0.4724,-0.1432,0.0644
2.1,1.7,2.1,3.7,1.2,20.1,4.9,24.2,39.4,-0.8896,0.0122,-0.286,0.0815,0.2848,0.0282,-0.0911,0.1298
2.1,2.7,1.1,1.9,4.3,17.4,2.1,37.0,31.5,-0.7327,0.2616,-0.3703,0.1906,0.4118,0.0045,-0.1714,0.1064
2.1,2.5,4.5,1.4,3.8,16.9,21.3,32.9,9.2,-0.1006,-0.3026,-0.0668,0.0932,0.0884,-0.0162,-0.8752,0.2052
2.1,1.0,2.6,2.1,4.7,11.8,11.6,24.2,36.5,-0.4521,0.151,-0.457,0.1397,0.3835,0.3719,-0.381,-0.318
2.1,2.2,4.8,2.6,1.1,13.7,9.5,40.9,32.7,-0.7946,-0.1266,-0.1625,0.1889,0.1734,-0.1534,-0.1468,0.4519
2.1,4.7,2.3,4.0,3.9,19.9,19.1,27.9,25.1,-0.9592,0.2594,0.0002,0.046,0.0046,-0.0241,0.0123,0.0541
2.1,3.3,3.0,2.9,4.1,15.4,2.9,32.5,24.6,-0.8046,0.0616,-0.3277,-0.0746,0.3079,0.3253,-0.1521,0.0585
2.1,2.9,3.6,2.3,3.5,16.2,4.6,15.7,13.1,-0.1099,-0.0799,-0.1271,-0.5126,-0.527,0.1867,-0.5372,0.279
2.1,2.0,4.5,3.2,4.5,9.4,4.3,36.1,38.9,-0.487,0.147,-0.47,0.1604,0.5057,0.0339,-0.4746,0.0267
2.1,4.9,2.8,1.7,4.2,4.3,19.5,16.8,15.4,0.3164,0.5921,-0.3954,-0.1281,-0.1366,0.16,0.4588,-0.3116
2.1,4.4,3.1,1.9,4.6,6.8,19.9,33.1,10.5,0.3317,0.5032,-0.4032,-0.044,-0.1376,0.1619,0.4491,-0.4222
2.1,1.3,3.3,1.5,1.9,3.6,2.5,26.3,15.3,0.1924,0.2205,-0.2181,-0.5504,-0.6727,0.1367,-0.27,-0.0901
2.1,2.0,2.2,2.0,3.7,20.9,21.7,11.4,26.6,-0.9267,0.083,0.0021,0.0682,0.0078,-0.0453,0.01,0.3023
2.1,1.1,3.2,1.4,2.1,18.7,11.4,10.8,17.7,0.0317,0.0581,-0.0424,0.0507,-0.4763,0.4566,-0.6458,-0.3242
2.1,2.4,4.6,1.9,2.0,5.3,6.9,24.0,17.8,0.1707,-0.1025,-0.3119,-0.2994,-0.5221,0.5822,-0.1512,-0.3509
2.1,5.0,1.0,1.8,2.7,3.6,6.6,19.0,18.6,0.167,0.3354,-0.1623,-0.4455,-0.7199,0.0256,-0.2695,-0.1785
2.1,3.3,2.3,3.4,3.5,17.2,19.7,11.3,21.7,-0.3574,0.2181,-0.022,-0.3577,0.0248,0.4589,-0.6334,-0.2294
2.1,3.9,4.4,2.8,1.2,2.9,17.3,4.6,26.5,-0.345,-0.1376,-0.0803,0.0871,-0.0833,0.0839,0.3781,-0.8269
2.1,1.2,4.1,1.7,4.9,4.1,9.6,4.9,39.3,-0.3902,0.2685,-0.2682,0.374,-0.3059,0.3515,0.1748,-0.5535
2.1,3.0,3.7,1.4,4.8,16.2,14.4,13.4,42.4,-0.3871,0.3374,-0.3719,0.3169,0.5001,-0.0351,-0.4718,0.0598
2.1,3.6,3.4,1.9,1.2,14.2,3.8,16.6,19.8,-0.1948,-0.3568,-0.104,-0.1264,-0.2361,0.4333,-0.6845,0.2681
2.1,3.8,1.9,4.4,1.9,19.0,13.5,29.4,29.7,-0.9688,0.0768,-0.0921,0.1021,0.0954,-0.0639,-0.0077,0.1248
2.1,2.2,3.4,3.8,4.5,2.2,12.6,9.4,35.7,-0.3624,0.1342,0.0879,0.279,-0.4519,0.2654,-0.1595,-0.6686
2.1,2.0,3.8,1.5,4.5,6.8,15.8,9.6,42.3,-0.6035,0.4527,-0.18,0.1122,0.273,0.3455,-0.2639,-0.3313
2.1,1.5,1.3,1.6,1.3,15.3,2.9,16.5,8.2,0.0086,0.2444,0.0043,-0.4597,-0.543,-0.1371,-0.5956,-0.2149
2.1,1.1,3.3,1.5,4.1,8.7,6.1,32.4,42.3,-0.3823,0.2169,-0.3995,0.3909,0.4909,0.072,-0.48,-0.0647
2.1,2.8,3.2,2.6,4.8,12.5,15.5,40.3,10.2,-0.6139,0.0744,-0.2633,-0.0292,0.0868,0.5703,-0.0978,-0.4161
2.1,1.6,2.3,3.4,3.0,3.4,11.0,25.4,26.5,-0.4008,-0.0913,-0.2095,-0.2687,0.0337,0.6409,-0.3574,-0.4039
2.1,4.4,3.5,1.1,3.4,4.0,7.6,26.5,30.4,-0.2254,0.0481,-0.6322,0.1937,0.1909,0.5238,-0.1631,-0.3955
2.1,3.7,2.5,2.4,2.3,8.5,2.1,29.2,29.1,-0.5979,-0.1356,-0.3681,-0.1695,0.279,0.5146,-0.3247,0.0189
2.1,2.5,3.0,1.7,1.6,19.5,10.5,43.5,29.3,-0.8747,0.4149,-0.0242,0.1235,0.0355,-0.1042,0.0536,0.1491
2.1,1.1,3.7,5.0,2.1,8.2,11.8,17.7,12.4,-0.1361,0.0742,-0.0996,0.1647,-0.5193,0.1306,0.1329,-0.7878
2.1,2.3,1.7,3.9,3.8,10.9,21.7,17.9,20.4,-0.3899,0.2294,-0.0718,-0.0126,0.0534,0.1069,-0.4553,-0.7425
2.1,1.5,1.0,1.2,2.2,20.1,2.5,30.0,10.8,-0.7855,0.3073,-0.4366,-0.1803,-0.1022,0.1213,0.079,0.1359
2.1,4.1,2.1,3.7,2.9,12.6,3.1,28.6,15.8,-0.5979,-0.3258,-0.1677,-0.2126,-0.0448,0.586,-0.2835,0.156
2.1,3.2,4.8,1.2,4.2,2.2,6.7,26.0,19.7,-0.1221,0.4336,-0.5794,-0.5473,-0.2063,0.2841,0.117,0.116
2.1,3.6,1.0,4.1,3.2,11.5,17.4,19.9,19.8,-0.3132,-0.1505,0.0698,-0.2976,-0.2177,0.6166,-0.5366,-0.2296
2.1,1.0,5.0,5.0,1.5,4.0,17.6,25.4,27.0,-0.2336,0.2631,-0.1131,-0.0521,0.1072,0.1121,-0.718,-0.556
2.1,4.6,4.7,2.3,3.2,13.0,3.0,18.9,37.4,-0.6829,0.1736,-0.3962,0.0289,0.3553,0.3803,-0.2231,-0.116
2.1,3.2,2.9,1.8,4.2,9.2,15.9,14.8,18.5,0.1673,0.139,-0.418,-0.3464,-0.4564,0.5508,0.2136,-0.2771
2.1,2.6,1.6,4.9,2.9,4.5,9.5,17.2,37.5,-0.6638,-0.0885,-0.1589,-0.2319,0.0233,0.6041,-0.1907,-0.2372
2.1,2.3,1.3,4.8,4.7,15.1,10.4,22.3,14.0,0.0109,-0.0682,-0.1519,-0.3741,-0.7851,0.2982,-0.3204,0.0311
2.1,4.4,4.6,2.9,3.3,6.8,8.9,27.1,9.0,-0.1995,0.2955,-0.1025,-0.7086,-0.4953,0.1984,-0.1376,0.2114
2.1,1.8,2.7,3.6,5.0,15.2,12.5,30.0,4.9,-0.6344,0.0878,0.0761,-0.5927,-0.2301,0.2363,-0.2154,0.2633
2.1,4.2,4.5,1.6,2.3,4.3,20.8,21.6,17.3,0.1344,-0.0486,-0.0646,0.04,0.0236,0.0632,-0.3541,-0.9088
2.1,5.0,2.7,3.2,3.9,17.8,2.6,25.2,35.6,-0.8524,0.1745,-0.2821,0.2081,0.2969,-0.0595,-0.0952,0.0994
2.1,1.6,2.8,3.9,2.4,16.7,4.9,22.4,26.9,-0.5806,-0.3171,-0.1566,-0.2796,0.0844,0.5103,-0.3772,0.1847
2.1,1.9,3.3,3.1,2.7,2.5,3.9,28.4,35.8,-0.5559,0.0635,-0.3962,-0.1095,0.3332,0.4567,-0.3578,-0.2442
2.1,1.8,4.5,4.9,2.3,2.5,2.3,15.8,15.5,-0.1888,0.3373,-0.3685,-0.0927,-0.5612,-0.1843,0.2161,-0.5491
2.1,1.1,4.6,2.8,2.6,19.3,3.6,42.1,24.6,-0.8022,0.0884,-0.3442,0.0372,0.3567,0.0021,-0.1265,0.2707
2.1,4.7,1.5,4.5,2.3,13.5,18.1,6.3,6.5,-0.4153,0.3716,-0.4414,-0.1598,-0.4675,-0.1903,0.3607,-0.2564
2.1,4.6,2.4,1.3,2.9,5.8,10.2,19.2,28.5,-0.2317,-0.079,-0.5824,-0.0514,0.0379,0.6773,-0.1357,-0.3219
2.1,2.6,4.6,4.9,1.6,20.8,12.2,9.3,29.0,-0.3864,-0.355,0.0324,-0.039,-0.0364,0.0822,-0.5996,0.4915
2.1,2.9,3.2,4.3,1.5,6.7,7.1,39.7,24.6,-0.3719,-0.1064,-0.3905,-0.1768,0.3956,0.2057,-0.6071,0.2941
2.1,5.0,3.3,2.3,1.9,19.6,18.0,5.7,14.1,-0.7132,0.6189,0.0184,0.0311,-0.008,0.017,-0.2064,-0.2386
2.1,4.5,3.2,1.4,4.5,15.9,11.0,31.9,29.9,-0.7696,0.2434,-0.1751,0.402,0.2438,-0.1946,-0.1009,0.1887
2.1,2.7,4.1,2.4,4.2,18.4,19.5,23.3,18.5,-0.8983,-0.1538,-0.014,0.1434,0.0319,-0.078,-0.0785,0.3328
2.1,1.9,1.4,2.8,3.8,18.1,20.4,41.2,18.5,-0.8403,-0.0911,-0.0749,0.1938,0.0875,-0.1568,-0.0985,0.423
2.1,2.0,4.1,2.9,3.1,17.9,21.9,28.4,43.9,-0.9068,0.3988,-0.0003,0.0052,0.0002,-0.0011,0.009,0.0255
2.1,4.0,4.8,4.5,2.2,10.3,7.7,12.8,9.9,-0.2829,0.3832,-0.3913,-0.1002,-0.5456,-0.1872,0.1688,-0.4883
2.1,1.7,4.1,3.4,4.1,12.4,17.9,37.2,18.7,-0.096,0.0126,-0.2752,0.047,0.2878,0.0293,-0.8958,0.0382
2.1,4.8,1.7,2.3,4.1,11.1,7.0,19.7,26.8,-0.573,-0.1551,-0.4254,-0.1135,-0.0163,0.6532,-0.1097,-0.0352
2.1,4.6,1.8,3.8,3.5,19.0,14.2,11.5,13.4,-0.7256,-0.2878,-0.0629,-0.0613,-0.0659,0.2786,-0.223,0.4547
2.1,2.9,2.8,2.6,2.3,12.8,2.7,21.7,6.0,-0.1452,0.1981,0.2041,-0.5134,-0.5153,-0.0496,-0.5957,-0.0177
2.1,4.3,1.1,1.7,1.1,2.1,2.1,8.7,32.5,-0.1602,0.2645,-0.3823,0.0495,-0.5116,0.0278,0.1008,-0.6892
2.1,1.9,2.0,3.0,2.8,18.3,9.4,8.4,27.3,-0.4829,0.4264,0.0008,0.1925,-0.1952,0.147,-0.4243,-0.5417
2.1,4.9,4.1,2.8,3.2,3.6,10.7,42.0,12.4,-0.6274,0.2779,-0.1544,-0.3159,0.1796,0.463,-0.3464,-0.1607
2.1,4.8,2.4,5.0,1.2,15.1,11.2,16.7,4.6,-0.1137,0.2848,-0.1233,0.0287,-0.6735,0.0525,-0.443,-0.4628
2.1,1.9,2.4,3.4,4.3,21.8,21.0,41.7,35.6,-0.9284,0.3549,0.0043,0.0161,-0.0016,-0.0091,0.0201,0.057
2.1,3.6,1.7,4.4,2.1,21.3,16.1,14.5,41.7,-0.9573,0.2249,-0.0475,0.092,0.0519,-0.0601,0.0039,0.0649
2.1,4.6,1.3,1.3,1.3,21.4,10.8,35.0,34.7,-0.7249,0.6817,0.0003,0.0388,0.009,-0.0206,0.01,0.0124
2.1,1.8,1.2,2.2,1.9,3.6,11.6,37.6,37.9,-0.4221,0.053,-0.4703,0.1201,0.5026,0.022,-0.5392,0.1618
2.1,2.2,3.6,3.3,3.7,16.1,17.6,9.7,27.8,-0.5244,0.3051,0.2363,-0.0521,-0.2498,0.2303,-0.4343,-0.5054
2.1,1.1,2.7,1.7,1.0,15.3,12.2,7.5,9.5,-0.0735,0.4681,-0.4028,-0.1482,-0.5272,-0.1808,0.1536,-0.494
2.1,1.4,3.6,4.3,3.9,17.3,9.0,32.6,22.9,-0.6315,-0.042,-0.3962,-0.1921,0.3937,0.3285,-0.3561,0.0582
2.1,1.2,2.2,4.1,4.7,19.8,6.0,15.8,25.3,-0.3148,-0.326,0.0356,-0.1708,-0.2871,0.549,-0.5552,0.1755
2.1,2.9,4.3,3.5,4.5,8.6,17.0,42.7,15.5,-0.2348,0.4274,-0.2865,-0.0987,0.2989,0.1374,-0.721,-0.1507
2.1,1.7,2.6,3.3,2.4,15.8,15.4,16.4,25.2,-0.3219,-0.0396,-0.056,-0.3523,0.0045,0.5688,-0.6112,-0.2277
2.1,4.0,3.1,1.3,3.2,7.1,3.9,30.1,28.0,-0.4648,0.0173,-0.569,0.0951,0.2235,0.5605,-0.1649,-0.2126
2.1,1.4,2.2,4.3,4.5,13.8,5.1,27.2,9.3,-0.2343,0.1937,0.2031,-0.5655,-0.5533,0.0325,-0.4577,0.135
2.1,1.1,2.0,4.0,3.2,16.1,11.7,9.7,37.7,-0.3751,0.1968,0.2678,0.1287,-0.4131,0.2771,-0.4769,-0.48
2.1,1.7,2.1,4.8,4.3,10.0,21.0,6.9,10.2,-0.1206,0.6615,-0.1438,-0.0486,-0.1823,-0.0866,0.6744,0.0587
2.1,4.1,3.3,5.0,4.8,14.4,20.7,27.9,31.0,-0.9043,-0.2284,-0.0134,0.0739,0.0179,-0.0441,-0.0892,0.3187
2.1,2.7,3.1,4.4,2.4,15.9,10.8,39.3,14.0,-0.6769,-0.0405,-0.4043,-0.1184,0.4113,0.1549,-0.2942,0.2654
2.1,4.9,3.5,2.3,2.3,9.1,4.8,6.5,14.6,-0.4651,0.394,-0.362,-0.2529,-0.3961,-0.275,0.0949,-0.4319
2.1,2.1,4.0,3.0,1.8,16.2,11.6,20.4,39.3,-0.5768,-0.0738,-0.4729,0.1253,0.4773,0.0692,-0.4001,0.1155
2.1,4.2,3.0,4.3,3.9,19.7,10.9,13.0,12.6,-0.94,-0.0297,-0.0998,0.0008,-0.0305,0.1893,-0.0106,0.2165
2.1,2.9,1.6,4.7,2.9,21.2,6.0,20.3,7.3,-0.9616,0.1903,-0.1205,-0.0172,-0.0764,0.0587,0.0175,0.0553
2.1,1.4,2.2,3.0,1.7,8.4,20.5,42.8,18.5,-0.0902,-0.1145,-0.1155,0.0519,0.1191,-0.0427,-0.8397,0.4705
2.1,4.4,2.1,3.7,3.0,18.6,9.8,26.2,30.6,-0.934,0.1409,-0.1908,0.1114,0.1958,-0.0301,-0.0295,0.1049
2.1,3.9,2.0,2.4,4.3,3.6,10.9,41.0,31.2,-0.4326,0.2604,-0.4548,-0.027,0.4913,0.1494,-0.5102,0.033
2.1,3.8,2.2,4.0,2.6,15.8,5.9,5.9,36.3,-0.7949,0.3265,-0.0345,0.1835,-0.0827,0.1411,-0.1357,-0.42
2.1,3.7,4.3,2.9,3.9,12.0,10.3,39.9,41.3,-0.8125,0.0672,-0.0917,0.3567,0.1291,-0.2625,-0.1072,0.305
2.1,1.8,4.8,2.6,4.0,7.4,8.8,35.8,41.9,-0.5168,0.0315,-0.3623,0.3935,0.4216,-0.1767,-0.4239,0.2088
2.1,1.3,3.0,4.8,3.7,5.6,15.8,20.0,35.1,-0.5554,0.1589,-0.2512,-0.1904,0.2109,0.4304,-0.3712,-0.4332
2.1,3.6,2.0,4.7,3.9,4.0,17.5,42.5,31.4,-0.4696,-0.1982,-0.2917,0.1904,0.2971,-0.1723,-0.48,0.5028
2.1,1.1,2.4,4.4,5.0,11.1,15.6,35.5,23.7,-0.4546,0.1985,-0.3435,-0.2011,0.3444,0.3433,-0.5304,-0.2525
2.1,2.1,3.8,2.4,2.6,22.0,17.9,6.2,11.8,-0.8766,0.0577,-0.0108,-0.0304,0.0182,0.0653,-0.0203,0.3686
2.1,2.3,4.4,5.0,5.0,15.1,18.3,5.3,31.7,-0.8906,0.1548,-0.0038,0.0837,-0.0124,0.0718,-0.0614,-0.4028
2.1,1.6,3.6,5.0,1.4,21.2,3.4,19.3,31.9,-0.9665,-0.0536,-0.0635,-0.0406,0.0519,0.1066,-0.0218,0.1598
2.1,1.6,3.8,1.2,1.5,8.3,14.9,27.6,29.7,-0.1225,-0.2388,-0.324,0.1858,0.3344,0.0673,-0.808,0.0001
2.1,4.4,3.4,2.7,4.7,8.8,6.8,42.8,37.6,-0.5831,0.0876,-0.3499,0.3202,0.3809,-0.2483,-0.3211,0.3247
2.1,3.7,4.8,3.3,1.3,3.2,10.3,29.5,11.5,-0.2675,-0.057,-0.0502,-0.2407,-0.1574,0.5795,-0.3596,-0.6004
2.1,3.3,1.5,1.9,3.2,6.2,21.6,27.8,41.4,-0.9185,0.0898,0.0337,0.2347,0.0176,-0.109,-0.0128,0.2285
2.1,2.6,1.4,1.2,1.7,18.0,8.4,8.6,10.8,-0.0046,0.3874,-0.0914,-0.1757,-0.4687,0.0278,-0.7443,-0.0812
2.1,4.8,4.7,3.6,5.0,18.8,3.3,34.1,26.7,-0.9148,0.2448,-0.1907,0.1077,0.2023,-0.0314,-0.0266,0.0768
2.1,1.7,4.6,4.2,4.3,21.1,4.5,4.4,12.0,-0.858,0.3623,-0.1742,-0.0749,-0.1791,-0.0817,-0.0481,-0.222
2.1,1.6,3.0,3.0,1.2,16.0,8.2,20.9,32.5,-0.5305,-0.3091,-0.2556,-0.2535,0.2122,0.4465,-0.4399,0.1959
2.1,3.6,2.5,4.5,3.8,12.5,3.8,10.1,23.5,-0.4904,0.2772,-0.2796,0.1872,-0.4136,0.1084,-0.0665,-0.6115
2.1,3.2,3.0,3.2,1.7,6.5,8.3,37.2,25.8,-0.3722,-0.0712,-0.4049,-0.179,0.4134,0.2588,-0.6158,0.1755
2.1,2.2,2.3,3.7,2.7,6.7,8.8,31.7,29.0,-0.4782,0.0126,-0.3661,-0.2511,0.3552,0.4227,-0.5011,-0.0837
2.1,5.0,3.0,4.9,4.1,21.0,21.2,17.3,26.3,-0.9588,0.2674,0.0004,0.0035,3.0582e-05,-0.0015,0.0094,0.0384
2.1,3.2,2.2,4.3,3.5,5.1,17.7,37.0,14.6,-0.4867,0.3593,-0.209,-0.2139,0.2152,0.3157,-0.5037,-0.3614
2.1,1.1,1.1,2.3,4.5,9.4,14.5,27.6,9.9,-0.3677,0.275,0.0515,-0.6968,-0.3831,0.1874,-0.2573,0.2079
2.1,3.6,4.7,3.9,1.3,11.4,13.4,32.2,7.0,-0.4728,0.0735,-0.2312,-0.2994,0.1938,0.5136,-0.4716,-0.2975
2.1,2.8,4.4,4.2,2.3,4.6,17.2,21.3,43.0,-0.4821,-0.1555,-0.3816,0.3127,0.4005,-0.1314,-0.4947,0.2078
2.1,4.5,1.7,4.7,2.0,19.8,16.1,40.1,32.7,-0.9657,0.2295,-0.0067,0.0419,0.0088,-0.034,0.0164,0.0793
2.1,2.6,1.2,1.2,1.0,15.6,11.6,19.3,43.2,-0.5868,0.1526,-0.386,0.3934,0.4483,-0.0479,-0.3028,0.1226
2.1,3.0,1.6,2.7,3.6,18.8,17.8,32.1,33.8,-0.9442,0.1899,-0.0137,0.1776,0.034,-0.1034,0.0061,0.1399
2.1,2.8,2.4,2.7,4.3,17.5,4.1,43.1,37.9,-0.8387,0.1841,-0.1094,0.2999,0.1314,-0.2513,-0.0524,0.2604
2.1,4.5,4.3,4.3,2.7,21.6,7.6,30.4,33.3,-0.9312,0.3551,-0.0033,0.0045,0.003,-0.0022,0.0054,0.0159
2.1,2.7,4.5,1.6,4.5,14.1,14.9,29.1,22.7,-0.311,-0.0841,-0.438,0.2541,0.4632,0.0664,-0.6275,0.0415
2.1,3.0,2.3,3.4,1.9,7.4,4.1,12.3,27.6,-0.3244,0.1944,-0.1376,0.1956,-0.3933,0.1543,-0.1941,-0.7582
2.1,3.8,4.3,3.2,2.6,16.3,11.3,9.1,20.7,-0.5355,0.4398,0.0319,0.1493,-0.1213,0.1066,-0.4182,-0.5331
2.1,3.3,2.5,4.6,3.4,8.2,20.4,14.6,5.2,-0.4173,0.7555,-0.1311,-0.321,-0.1249,0.0712,0.26,0.1472
2.1,4.7,2.4,2.4,2.0,13.6,3.4,31.6,24.4,-0.8392,-0.0367,-0.3036,-0.045,0.2924,0.2305,-0.1283,0.1897
2.1,2.2,1.5,4.4,2.7,17.0,11.9,12.7,24.7,-0.2687,0.2965,0.1411,0.1093,-0.2688,0.1509,-0.661,-0.5058
2.1,2.4,1.4,4.7,3.5,4.2,16.1,10.0,38.0,-0.3801,0.1159,0.2581,0.156,-0.454,0.2838,-0.3811,-0.539
2.1,4.4,3.0,2.1,2.1,2.7,10.4,39.5,38.4,-0.4367,-0.0148,-0.4109,0.2491,0.4518,-0.1221,-0.5115,0.2882
2.1,4.7,1.7,4.0,2.6,11.8,2.3,43.5,11.1,-0.7721,0.0474,-0.1543,-0.3358,0.1614,0.3591,-0.1729,0.2687
2.1,1.6,3.4,3.1,3.3,17.4,14.0,41.6,43.5,-0.8957,0.1571,-0.0047,0.2624,0.032,-0.1997,-0.0199,0.232
2.1,4.7,4.4,3.7,4.6,4.7,4.1,28.1,14.2,-0.0669,0.1344,-0.2145,-0.6178,-0.6567,0.2714,-0.081,0.1526
2.1,1.4,2.6,2.2,2.0,12.3,12.1,40.1,39.4,-0.6847,-0.0472,-0.2299,0.3336,0.2607,-0.2536,-0.2429,0.4006
2.1,1.2,3.3,3.9,2.6,10.9,20.6,11.6,21.2,-0.5405,0.0526,-0.0378,-0.0031,0.0058,0.0911,-0.0785,-0.8246
2.1,4.0,1.1,1.3,4.5,18.6,16.9,38.5,36.7,-0.8038,0.5364,0.0652,0.1846,-0.0089,-0.099,0.0341,0.0884
2.1,1.2,1.4,2.6,4.9,15.8,13.2,17.7,41.9,-0.5783,0.302,-0.3377,0.0986,0.3175,0.3746,-0.2969,-0.3314
2.1,1.2,1.1,4.7,2.7,6.7,9.9,8.6,42.0,-0.4011,-0.1893,0.1484,-0.0842,-0.4437,0.6216,-0.2826,-0.1948
2.1,4.1,3.8,2.3,4.0,10.7,4.4,13.6,20.9,0.1066,0.2608,-0.1752,-0.213,-0.7617,0.1353,-0.4277,-0.2168
2.1,2.7,4.9,2.2,1.5,5.8,9.8,38.6,15.8,-0.3106,0.1722,-0.306,-0.2344,0.3189,0.3816,-0.6707,-0.1179
2.1,4.9,4.0,1.0,4.1,4.0,11.2,13.1,40.6,-0.3751,0.3526,-0.3085,0.2978,0.315,0.4116,-0.3154,-0.4109
2.1,2.8,2.4,1.2,2.8,20.8,10.1,4.3,43.8,-0.7386,0.5131,-0.1248,-0.1115,0.2204,0.256,-0.0278,0.0976
2.1,2.9,4.7,4.8,2.8,6.0,18.9,39.4,17.6,-0.0266,0.0068,-0.1357,0.0249,0.1396,-0.0071,-0.9536,0.1751
2.1,4.9,4.0,1.8,3.6,18.1,13.5,23.3,24.3,-0.887,0.3023,-0.0926,0.2368,0.1234,-0.1227,-0.0053,0.1254
2.1,4.2,3.8,2.1,4.1,20.2,15.9,29.3,21.1,-0.8833,0.4457,0.0076,0.088,0.0089,-0.0441,0.0185,0.0477
2.1,1.0,1.8,2.9,1.9,5.7,11.9,42.7,8.4,-0.61,0.2493,-0.0058,-0.4346,0.023,0.4961,-0.3436,0.0214
2.1,3.5,2.8,2.3,4.8,12.7,19.1,10.8,40.5,-0.5541,0.4307,-0.2951,-0.0535,0.3522,0.2699,-0.3926,-0.2209
2.1,4.0,3.9,4.1,5.0,20.5,13.5,20.9,24.8,-0.9484,0.2518,-0.0957,0.0709,0.1,-0.0271,0.001,0.0556
2.1,4.6,4.0,3.5,3.0,15.4,14.2,10.3,35.6,-0.317,0.1095,0.2613,-0.2758,-0.2599,0.4488,-0.6639,-0.0584
2.1,1.6,2.5,2.3,2.3,14.3,10.7,17.0,18.4,0.0229,-0.1427,-0.0871,-0.1456,-0.5189,0.5679,-0.4674,-0.3473
2.1,2.5,4.7,4.3,2.7,9.4,9.3,8.7,38.7,-0.4947,0.2805,0.1082,0.2565,-0.2593,0.1576,-0.3341,-0.6141
2.1,3.2,2.3,1.1,3.7,14.2,19.4,43.0,7.2,-0.0172,0.3538,-0.5586,0.105,-0.1469,0.3967,0.2918,-0.4412
2.1,3.9,3.2,3.2,3.6,7.2,4.2,30.2,9.4,-0.2154,0.1743,-0.0108,-0.6775,-0.5284,0.1642,-0.294,0.2459
2.1,1.9,1.3,3.3,4.9,11.3,4.7,32.6,29.2,-0.6717,0.0713,-0.3447,-0.1288,0.2819,0.4751,-0.2546,-0.1691
2.1,3.5,3.4,3.1,1.8,4.5,14.0,23.4,38.1,-0.3033,0.0208,-0.4344,-0.0294,0.4169,0.2634,-0.6492,-0.1938
2.1,3.6,4.7,1.1,2.2,8.5,20.1,34.5,14.6,0.0067,-0.1265,-0.0867,0.092,0.113,0.0198,-0.9545,-0.1314
2.1,1.8,2.3,1.2,3.4,17.6,18.8,9.8,10.1,0.176,0.4276,-0.2376,-0.4323,-0.5968,0.3756,0.057,0.0176
2.1,4.4,1.7,2.0,2.2,3.2,8.9,39.6,43.8,-0.4673,0.1425,-0.3729,0.3642,0.4452,-0.1874,-0.4368,0.2276
2.1,2.0,3.4,4.8,1.1,7.2,2.6,31.7,14.5,-0.2058,-0.0291,0.1848,-0.2854,-0.2139,0.4186,-0.7694,-0.127
2.1,3.9,3.3,4.9,3.0,2.7,8.9,20.6,22.2,-0.2377,-0.0082,0.1713,-0.0266,-0.4623,0.3969,-0.359,-0.6332
2.1,2.9,3.1,3.1,1.3,20.9,10.9,31.1,7.2,-0.9436,0.2696,-0.1,0.0093,0.0976,0.0688,0.0044,0.0531
2.1,1.7,3.7,2.7,1.2,4.3,15.3,41.3,41.8,-0.7302,-0.1414,-0.1292,0.2619,0.1465,-0.2161,-0.204,0.4842
2.1,2.4,1.6,4.7,3.8,9.7,11.9,31.3,19.0,-0.5762,-0.0709,-0.1195,-0.3554,0.0659,0.5962,-0.3685,-0.1258
2.1,2.8,2.6,3.5,4.4,16.4,18.9,32.7,30.7,-0.9183,-0.0975,-0.0364,0.1823,0.0506,-0.1155,-0.0591,0.2852
2.1,4.3,4.9,2.6,3.0,17.7,6.5,21.9,19.2,-0.9196,0.0812,-0.2058,-0.0054,0.1438,0.2413,-0.0243,0.1241
2.1,1.0,4.7,2.0,4.1,19.2,8.2,27.9,28.3,-0.6217,0.046,-0.4733,0.135,0.4644,0.19,-0.3152,0.0189
2.1,3.5,4.1,2.4,2.0,13.3,9.7,21.4,6.9,-0.1247,0.0916,-0.1674,-0.676,-0.5496,0.2145,-0.2769,0.2242
2.1,1.5,3.7,3.6,2.5,17.9,20.7,28.4,34.8,-0.9295,-0.1761,-0.004,0.0558,0.0093,-0.0303,-0.0611,0.29
2.1,2.4,3.6,2.9,4.9,6.5,17.1,20.4,4.8,-0.643,0.38,0.0316,-0.5512,-0.1925,0.2236,-0.1097,0.162
2.1,4.7,4.9,1.2,2.6,11.2,17.4,40.4,38.6,-0.8825,0.3711,0.0638,0.1427,-0.0163,-0.0801,0.065,0.1923
2.1,3.8,4.4,1.1,1.8,8.0,20.0,32.9,37.7,-0.9216,0.0276,0.0335,0.1159,0.004,-0.056,-0.0013,0.3368
2.1,2.3,2.6,4.4,1.5,12.9,15.5,9.8,29.0,-0.6726,0.2229,0.0249,0.1158,-0.0925,0.0622,-0.2079,-0.6496
2.1,3.1,1.1,4.3,2.6,10.5,6.3,32.0,40.0,-0.5459,0.0412,-0.4865,0.0914,0.4972,0.0624,-0.4348,0.0587
2.1,1.6,4.1,2.2,4.2,5.2,5.2,5.4,30.6,-0.2632,0.4561,-0.4752,0.0051,-0.5114,-0.019,0.324,-0.3504
2.1,3.1,3.9,4.0,3.0,3.7,2.9,39.5,15.7,-0.5655,0.0619,-0.0277,-0.4411,0.0382,0.5394,-0.4152,0.0788
2.1,1.1,2.3,2.0,3.4,14.0,6.1,6.1,35.6,-0.3765,0.3138,-0.2619,0.3174,-0.3974,0.2653,0.0097,-0.5935
2.1,2.2,1.6,1.0,2.4,6.1,11.2,30.1,12.6,-0.0683,0.3131,-0.4416,-0.6657,-0.3347,0.3136,-0.0436,0.1847
2.1,1.4,3.2,4.0,4.1,9.4,20.7,8.0,13.1,0.1173,0.2801,-0.0475,-0.0542,-0.1965,0.095,0.8215,-0.3928
2.1,4.2,4.3,4.9,4.1,9.4,17.2,25.0,17.2,-0.3831,0.2316,-0.2107,-0.1336,0.1872,0.2937,-0.5472,-0.5482
2.1,2.2,1.7,3.1,4.1,2.6,10.7,12.2,24.2,-0.0228,0.5001,-0.3087,-0.0738,-0.645,-0.1292,0.1893,-0.4118
2.1,3.2,4.3,4.0,4.3,4.9,11.6,16.3,38.5,-0.6799,0.1644,-0.2604,-0.0553,0.1874,0.4567,-0.2022,-0.3817
2.1,4.1,2.5,2.1,3.0,10.3,4.7,29.6,23.4,-0.6218,-0.1247,-0.3955,-0.1081,0.2074,0.5675,-0.2294,-0.0094
2.1,3.5,4.1,2.2,3.9,11.1,3.9,43.3,9.8,-0.7397,0.0547,-0.1051,-0.1901,0.1017,0.5834,-0.1481,0.083
2.1,4.5,2.2,3.1,1.2,21.3,7.3,30.3,12.9,-0.9199,0.381,-0.021,0.0045,0.0209,0.0132,0.0091,0.0246
2.1,1.6,3.3,2.8,4.4,7.5,21.3,13.8,31.3,-0.3777,0.3252,-0.0523,0.0019,0.0537,0.0679,-0.5627,-0.6373
2.1,4.5,1.0,1.7,2.1,11.6,2.8,19.8,29.3,-0.6332,-0.1952,-0.3812,-0.1058,0.0833,0.5669,-0.1961,0.1518
2.1,2.6,4.1,1.7,2.2,12.6,13.6,9.7,16.6,-0.0416,0.1435,-0.1101,0.2082,-0.4312,0.2674,-0.1606,-0.7886
2.1,2.2,3.2,3.0,1.2,6.5,17.3,24.8,31.0,-0.0575,-0.0279,-0.233,-0.0142,0.223,0.1277,-0.8894,-0.2611
2.1,3.9,1.6,1.7,5.0,8.7,3.4,35.0,8.7,-0.5294,0.1551,-0.0946,-0.6493,-0.2042,0.2649,-0.1949,0.3274
2.1,1.4,1.0,3.3,2.6,9.1,11.0,32.1,34.5,-0.4979,0.0309,-0.4601,-0.0905,0.4568,0.2799,-0.4808,-0.0402
2.1,4.5,3.3,2.0,3.0,5.9,14.0,10.0,40.2,-0.6351,0.212,-0.2288,-0.0294,0.1881,0.5225,-0.2143,-0.3603
2.1,1.6,3.5,2.8,1.6,15.3,8.6,40.1,35.8,-0.7763,-0.069,-0.2285,0.2355,0.2425,-0.1896,-0.1667,0.389
2.1,2.5,4.0,4.1,1.1,18.5,12.9,29.8,35.7,-0.9464,-0.0759,-0.081,0.1376,0.085,-0.0918,-0.0407,0.2147
2.1,2.7,1.9,1.5,3.8,20.9,11.2,19.6,33.9,-0.8071,0.4908,-0.0962,0.2271,0.1366,-0.1045,-0.0084,0.0651
2.1,3.2,1.9,4.0,2.1,21.3,3.6,14.7,32.5,-0.9636,0.228,-0.0293,-0.0042,0.0237,0.0459,0.0123,0.0656
2.1,2.8,4.4,4.7,1.8,21.1,11.1,33.1,23.6,-0.9717,0.2002,-0.0248,0.041,0.0265,-0.0271,0.0093,0.0613
2.1,2.9,4.2,4.5,2.0,6.0,17.5,34.9,32.6,-0.4087,-0.4063,-0.1545,0.131,0.1602,-0.0901,-0.5852,0.4828
2.1,2.0,2.5,2.4,3.1,15.4,16.1,28.1,38.7,-0.757,-0.1172,-0.171,0.3859,0.2081,-0.2081,-0.2056,0.3016
2.1,4.0,1.4,1.8,1.4,5.1,13.9,34.1,30.4,-0.3148,-0.1336,-0.4364,0.0197,0.445,0.1701,-0.662,0.1104
2.1,3.3,4.6,3.0,3.1,16.8,2.7,38.6,12.5,-0.8837,0.0891,-0.1806,-0.1253,0.1846,0.3017,-0.0651,0.1566
2.1,1.3,3.1,2.2,3.9,19.8,20.4,26.4,31.3,-0.9618,0.044,0.0128,0.0985,0.0056,-0.0465,0.0006,0.2101
2.1,3.9,4.1,2.1,2.2,3.0,16.1,33.9,25.4,-0.0785,-0.0139,-0.267,0.0568,0.2779,0.0935,-0.8935,-0.1338
2.1,1.7,4.4,4.4,4.5,8.7,10.0,40.5,20.0,-0.5446,0.272,-0.2976,-0.3047,0.3088,0.3687,-0.4381,-0.1186
2.1,2.3,3.8,3.6,1.7,12.0,3.6,32.0,41.7,-0.5658,0.0084,-0.4721,0.1686,0.4873,0.0051,-0.41,0.1017
2.1,4.3,2.9,4.2,4.5,12.7,21.0,33.6,21.2,-0.7322,-0.3751,-0.0285,0.0745,0.0333,-0.0481,-0.2597,0.4773
2.1,2.8,3.3,1.1,2.7,2.1,20.6,7.7,10.1,0.0228,0.9332,-0.1614,-0.1074,-0.0305,0.0523,0.2759,-0.0072
2.1,4.1,3.7,4.0,1.2,12.1,15.7,30.2,26.5,-0.5643,-0.4443,-0.1739,0.1245,0.1758,-0.0745,-0.4324,0.4474
2.1,4.7,2.0,2.1,1.1,6.6,6.4,41.3,16.8,-0.4465,-0.0678,-0.2911,-0.3145,0.3089,0.3932,-0.5235,0.2749
2.1,3.6,4.3,2.7,3.3,20.6,16.7,33.0,19.1,-0.9187,0.3772,0.006,0.0456,0.0018,-0.0233,0.018,0.0495
2.1,1.3,1.8,4.6,4.9,9.2,6.3,28.4,21.3,-0.4192,-0.267,-0.1535,-0.2407,-0.2546,0.7172,-0.184,-0.2097
2.1,4.9,4.6,1.6,3.2,13.9,16.0,20.9,5.0,-0.5358,0.5638,-0.3516,-0.4657,-0.0432,0.137,0.0529,0.1374
2.1,4.5,2.9,1.8,4.3,6.3,17.7,12.5,31.2,-0.4371,0.1477,-0.2581,-0.0648,0.1973,0.4863,-0.3705,-0.5353
2.1,1.0,2.4,3.9,2.6,14.0,2.4,35.6,26.8,-0.61,-0.0606,-0.3355,-0.2817,0.3392,0.385,-0.38,0.1197
2.1,1.0,1.9,2.8,1.6,16.0,4.8,9.0,39.1,-0.2258,0.1967,0.159,0.1465,-0.4254,0.3278,-0.5554,-0.4874
2.1,1.4,2.0,2.2,2.1,16.3,18.2,28.6,21.1,-0.3354,-0.3319,-0.3301,0.1721,0.3368,-0.0253,-0.6476,0.2803
2.1,4.6,1.3,1.8,4.9,18.5,11.5,27.5,28.8,-0.8199,0.3746,-0.221,0.2341,0.2521,-0.0502,-0.0497,0.0749
2.1,2.3,4.9,3.3,4.5,9.2,10.0,41.4,24.7,-0.3949,0.1935,-0.4546,-0.0988,0.4728,0.1674,-0.5672,0.0557
2.1,4.7,3.5,1.2,2.8,2.6,16.9,25.8,31.7,-0.0751,-0.1234,-0.3206,0.2279,0.3349,0.1157,-0.7994,-0.1931
2.1,4.1,1.3,1.5,3.9,12.7,22.0,31.7,30.6,-0.9329,0.0594,0.0251,0.1438,0.0095,-0.0706,0.0031,0.2873
2.1,3.1,2.7,1.5,1.5,15.6,19.8,26.5,38.8,-0.949,0.1598,0.0312,0.132,0.0024,-0.06,0.0222,0.1966
2.1,3.1,3.2,2.9,1.9,19.8,11.6,5.0,41.3,-0.691,0.567,0.0508,0.0993,-0.035,0.0502,-0.2633,-0.3229
2.1,1.8,2.2,1.1,4.1,13.4,11.7,42.1,25.6,-0.4641,0.3322,-0.429,0.0929,0.5205,0.1287,-0.4181,0.0528
2.1,3.9,3.6,3.3,4.7,9.7,15.3,14.7,13.8,0.1622,0.4165,-0.1157,-0.2595,-0.7805,0.1169,0.1641,-0.2169
2.1,1.5,4.0,3.3,2.9,12.3,12.3,35.6,40.3,-0.6914,-0.1304,-0.2384,0.3534,0.2659,-0.232,-0.2778,0.3296
2.1,2.0,1.8,3.2,1.4,7.3,2.5,27.1,33.1,-0.459,-0.1989,-0.2486,-0.3128,0.1845,0.555,-0.4847,-0.0015
2.1,4.5,4.1,2.1,3.4,17.2,4.3,10.3,22.6,-0.1292,-0.1691,-0.0252,-0.0595,-0.2919,0.3962,-0.7311,0.3615
2.1,4.2,2.6,1.6,2.7,5.0,15.9,22.7,13.7,0.2021,0.4043,-0.5573,-0.3854,-0.2635,0.3491,0.3006,-0.188
2.1,1.4,2.9,4.6,2.2,21.2,14.5,12.5,35.5,-0.8109,-0.2071,-0.1187,-0.1946,0.1161,0.2765,-0.1771,0.2985
2.1,4.8,1.2,4.5,1.2,19.8,11.7,34.7,4.6,-0.9674,0.1824,-0.0724,-0.0337,0.0736,0.094,0.0023,0.0628
2.1,3.4,3.0,2.3,3.7,5.7,17.5,29.9,38.4,-0.6305,-0.21,-0.1955,0.3934,0.2404,-0.2042,-0.3338,0.3646
2.1,3.8,4.4,4.5,3.2,5.8,5.1,6.5,21.2,-0.3615,0.2361,-0.4656,-0.0947,-0.4851,-0.1166,0.3782,-0.4347
2.1,2.3,1.6,3.5,2.7,8.0,20.4,8.0,34.4,-0.6307,0.2062,0.1398,0.1074,-0.1858,0.1056,-0.2339,-0.6457
2.1,2.5,2.1,2.4,4.4,19.1,9.7,14.4,21.5,-0.7654,-0.1672,-0.2462,-0.0657,-0.0434,0.4634,-0.0918,0.2654
2.1,1.4,1.0,1.3,3.6,8.4,14.4,23.0,24.5,-0.0437,0.0875,-0.7329,-0.2207,-0.1927,0.5312,0.1432,-0.2188
2.1,2.1,4.0,4.0,3.7,19.7,17.5,24.0,21.2,-0.9175,-0.1378,-0.0646,0.1605,0.0711,-0.1022,-0.0696,0.2605
2.1,1.1,2.4,2.0,2.9,20.1,14.7,37.2,28.7,-0.8943,0.098,-0.0841,0.2499,0.1104,-0.1704,-0.0356,0.2485
2.1,4.2,2.5,2.6,5.0,21.9,7.3,34.5,22.2,-0.8444,0.5289,-0.0043,0.0004,0.0032,0.0016,0.0064,0.0112
2.1,3.9,1.7,3.1,4.4,10.2,3.0,13.6,13.4,-0.3544,0.5516,-0.0324,-0.2678,-0.3892,-0.3442,-0.2864,-0.3723
2.1,4.2,1.5,3.3,4.0,14.7,15.9,43.0,42.2,-0.8962,0.1907,-0.011,0.2428,0.0311,-0.1967,-0.0054,0.2331
2.1,2.2,3.6,1.4,3.0,13.7,4.8,7.9,18.2,-0.2089,0.575,-0.319,-0.1588,-0.5064,-0.1735,-0.203,-0.4031
2.1,3.8,5.0,1.3,1.3,16.5,10.2,5.0,10.0,-0.5281,0.4788,-0.29,0.2043,-0.3049,0.1971,-0.1546,-0.4461
2.1,2.1,2.8,4.6,2.5,14.1,17.2,41.4,37.7,-0.8993,-0.0589,-0.0499,0.1595,0.0548,-0.1431,-0.054,0.3528
2.1,1.6,4.5,3.3,2.6,3.4,7.6,30.5,25.8,-0.4259,0.0004,-0.2586,-0.2875,0.2021,0.5467,-0.4951,-0.2701
2.1,2.2,4.1,4.9,4.4,18.2,2.3,9.6,6.2,-0.7583,0.3965,-0.0261,-0.1705,-0.129,-0.2679,-0.1238,-0.3592
2.1,2.1,2.7,2.6,2.9,21.4,21.5,10.1,34.1,-0.9509,0.1634,0.0023,0.0367,0.0023,-0.0239,0.024,0.1995
2.1,4.5,1.7,2.4,1.2,19.5,12.5,10.0,35.5,-0.8665,-0.0547,-0.0738,-0.0861,0.0747,0.1707,-0.0634,0.404
2.1,3.4,3.6,1.5,3.7,4.5,14.8,23.6,21.7,0.12,0.0339,-0.5679,0.0118,-0.0138,0.4792,0.0387,-0.64
2.1,1.2,2.1,3.4,4.1,3.3,21.1,28.9,29.9,-0.0411,-0.1517,-0.1724,0.07,0.1763,0.0178,-0.9357,-0.019
2.1,1.5,1.1,3.9,3.4,3.0,5.3,17.8,43.0,-0.672,0.1775,-0.2851,0.0873,0.1055,0.4678,-0.0964,-0.4236
2.1,4.7,1.1,3.5,3.3,16.3,9.6,37.2,16.4,-0.8912,0.1084,-0.241,-0.0888,0.2503,0.1861,-0.0707,0.1362
2.1,2.7,1.4,4.7,4.8,17.3,13.2,19.7,35.6,-0.7463,0.1017,-0.3313,-0.1485,0.3172,0.361,-0.2279,-0.0806
2.1,4.0,3.6,1.7,4.8,4.1,13.0,35.4,17.2,0.0103,0.2104,-0.6619,-0.1067,-0.1819,0.4685,0.2783,-0.3868
2.1,2.8,3.4,1.8,4.1,16.2,8.4,30.4,15.8,-0.5854,0.0405,-0.592,-0.0149,-0.0569,0.528,0.0441,-0.0666
2.1,4.7,3.2,3.2,4.5,3.3,18.7,37.1,23.1,-0.0994,0.1203,-0.2641,0.0271,0.2793,0.0651,-0.8911,-0.0799
2.1,4.7,2.6,4.5,4.7,3.7,21.3,10.0,42.7,-0.473,0.2023,-0.4119,0.0691,0.4318,0.02,-0.4855,0.0357
2.1,1.9,1.4,2.3,3.3,5.3,10.8,8.4,11.8,-0.4479,0.5791,-0.1038,-0.3624,-0.2211,-0.4219,0.006,-0.3002
2.1,4.4,2.4,4.4,4.8,7.5,11.0,5.8,35.7,-0.6717,0.1173,-0.1805,0.2884,-0.2089,0.2559,0.0735,-0.5465
2.1,1.2,3.0,2.9,1.8,6.6,6.0,37.4,21.6,-0.4032,0.0276,-0.2438,-0.3643,0.2504,0.4773,-0.584,0.036
2.1,3.2,4.5,1.5,1.5,6.2,11.0,35.6,9.6,-0.0485,-0.0366,-0.5204,-0.1404,-0.1311,0.659,0.0175,-0.4757
2.1,2.2,3.4,1.2,2.7,16.0,4.5,25.5,13.5,-0.5336,0.0635,-0.5794,-0.4278,-0.1903,0.2706,0.0172,0.2619
2.1,4.8,1.1,5.0,4.7,20.3,4.9,37.6,41.0,-0.9578,0.2603,0.0068,0.0692,0.0008,-0.0399,0.0112,0.0555
2.1,3.6,1.3,3.8,4.3,3.8,17.6,42.2,4.1,-0.7011,0.3528,-0.0654,-0.4823,-0.1363,0.2197,-0.006,0.259
2.1,3.7,4.8,4.7,3.9,6.9,12.0,22.0,32.5,-0.5326,0.1078,-0.3096,-0.2211,0.2765,0.4527,-0.416,-0.3071
2.1,2.2,2.0,4.3,4.1,18.2,9.7,15.3,19.5,-0.1125,-0.1842,0.0984,-0.0676,-0.3983,0.4307,-0.7456,0.012
2.1,3.7,4.9,3.6,3.7,19.1,11.4,42.1,40.0,-0.9368,0.2875,0.0126,0.1111,-0.0013,-0.0834,0.0255,0.1183
2.1,4.2,3.0,1.4,4.9,11.1,2.6,7.4,25.8,-0.2333,0.6641,-0.3511,-0.0348,-0.5049,-0.0617,-0.1218,-0.314
2.1,3.2,4.2,1.4,5.0,16.3,17.9,26.3,6.1,-0.4922,0.7401,-0.3206,-0.2929,-0.0054,0.0536,0.0528,0.0537
2.1,1.9,1.8,3.0,2.2,13.3,4.9,16.5,38.4,-0.6687,-0.0356,-0.3116,-0.1474,0.1764,0.5675,-0.205,-0.1507
2.1,2.3,2.9,1.2,4.6,20.2,10.1,17.4,14.5,-0.724,0.4272,-0.4635,-0.0893,-0.1174,0.1561,0.1023,0.0827
2.1,3.3,2.9,1.9,3.6,9.3,2.2,10.6,32.6,0.0622,-0.0138,-0.1367,-0.1084,-0.6654,0.5743,-0.385,-0.1393
2.1,3.2,2.0,1.4,3.9,19.0,19.1,24.0,21.6,-0.8904,0.3144,0.0103,0.23,0.0359,-0.1187,0.0181,0.1488
2.1,3.3,1.6,4.7,4.7,7.3,18.5,21.2,8.2,-0.3401,0.483,0.164,-0.5466,-0.5106,0.0637,-0.1291,0.1572
2.1,4.6,3.4,3.3,3.2,21.3,5.6,13.8,33.7,-0.9187,0.3795,-0.0251,-0.0005,0.026,0.0244,0.0131,0.0365
2.1,1.9,1.9,4.6,1.0,19.9,17.8,17.9,17.4,-0.7336,-0.3461,-0.2018,-0.1005,0.1978,0.149,-0.2615,0.3589
2.1,2.3,1.0,3.6,1.8,6.9,19.3,20.2,7.1,0.0872,0.4813,-0.0968,-0.472,-0.6494,0.1394,0.2389,-0.0465
2.1,1.2,1.2,1.9,1.3,6.0,19.8,32.0,7.3,0.1979,0.2244,-0.4899,-0.1487,-0.1865,0.3756,0.3768,-0.5393
2.1,1.6,4.2,3.5,3.9,5.9,20.2,12.5,18.6,-0.1815,-0.0461,-0.0848,0.0211,-0.0304,0.1135,0.2886,-0.9189
2.1,4.6,1.2,4.4,4.9,3.3,4.9,31.7,36.7,-0.6209,0.2196,-0.3636,-0.0902,0.3543,0.3488,-0.342,-0.2298
2.1,4.6,1.2,1.0,2.6,7.8,21.8,11.2,37.0,-0.1508,0.353,-0.212,0.08,0.2881,0.1048,-0.8026,-0.1697
2.1,4.7,4.2,4.8,1.8,7.4,11.6,9.5,24.9,-0.6853,0.0476,-0.0688,0.1473,-0.1102,0.1123,-0.0108,-0.6868
2.1,2.3,4.0,2.8,4.7,13.2,6.2,28.2,6.5,-0.4597,0.0819,0.1186,-0.6443,-0.338,0.2116,-0.3428,0.2595
2.1,3.9,1.4,1.1,1.7,5.1,14.0,12.8,28.1,0.1038,-0.0235,-0.1686,-0.0886,-0.4263,0.6028,-0.3005,-0.5478
2.1,4.0,1.9,1.2,2.1,16.2,10.3,17.0,11.0,-0.6487,0.0366,-0.5162,-0.3048,-0.1704,0.2799,0.0149,0.3045
2.1,2.0,4.2,2.2,4.6,2.2,21.3,32.2,12.8,0.2794,0.0945,-0.0761,0.0251,-0.0175,0.0602,0.2455,-0.8963
2.1,3.0,1.1,4.7,1.8,9.0,19.9,28.3,6.5,-0.4712,-0.0586,-0.1493,-0.1825,-0.0732,0.542,-0.1064,-0.6175
2.1,3.6,3.7,4.3,4.9,5.7,4.8,37.7,31.5,-0.5683,0.203,-0.4164,-0.1466,0.4315,0.2654,-0.4125,-0.0671
2.1,3.0,2.4,3.6,4.0,18.6,8.9,33.2,29.2,-0.8878,0.0908,-0.2403,0.1837,0.2519,-0.0963,-0.075,0.1549
2.1,1.2,4.6,3.5,3.2,15.3,6.0,7.1,40.8,-0.4462,0.292,0.1253,0.3099,-0.3251,0.2274,-0.3233,-0.5573
2.1,1.4,2.4,4.3,3.9,19.7,20.4,23.5,21.1,-0.6903,-0.4128,-0.0858,0.1373,0.0897,-0.0856,-0.3042,0.4238
2.1,3.0,2.5,4.7,1.5,6.1,7.0,17.1,20.4,-0.3959,0.1539,0.0086,0.1609,-0.2817,0.1267,-0.2612,-0.7886
2.1,4.0,4.4,2.6,4.9,15.4,4.0,37.1,30.7,-0.7268,0.1486,-0.3843,0.2105,0.4169,-0.0657,-0.2109,0.1563
2.1,2.5,2.0,1.6,3.0,20.8,17.3,39.5,39.8,-0.8287,0.5375,0.0395,0.0881,-0.0119,-0.0458,0.0304,0.0571
2.1,2.9,4.2,3.0,2.2,10.0,8.3,16.8,37.4,-0.6044,-0.0364,-0.2922,-0.2113,0.2089,0.5728,-0.2976,-0.1679
2.1,1.0,2.9,1.5,3.1,7.9,17.7,17.0,10.2,-0.1743,0.756,-0.3108,-0.4591,-0.1332,0.1731,0.1463,0.0841
2.1,4.7,3.1,3.5,1.8,11.8,4.1,22.7,42.2,-0.5827,0.138,-0.4576,0.0315,0.4515,0.2472,-0.3745,-0.1086
2.1,4.2,3.0,3.5,4.3,7.5,19.8,33.8,8.3,-0.2734,0.0225,-0.225,0.0472,-0.0135,0.3115,0.0444,-0.8532
2.1,1.3,2.0,1.5,3.6,6.3,12.1,8.3,22.3,-0.0422,0.6662,-0.3303,-0.1449,-0.5307,-0.1681,0.141,-0.293
2.1,4.7,4.9,2.1,3.9,2.3,16.0,4.6,43.6,-0.6716,0.5006,0.1051,0.236,-0.0341,0.1711,-0.22,-0.3653
2.1,3.5,1.7,4.4,1.4,16.2,13.2,11.4,9.1,-0.5365,0.3163,-0.1007,0.1916,-0.2802,0.1172,-0.2722,-0.6215
2.1,3.1,3.4,3.9,2.7,18.4,11.3,37.1,25.3,-0.9446,0.0751,-0.1015,0.1461,0.1087,-0.1123,-0.0159,0.1931
2.1,4.6,4.5,1.2,2.9,7.3,12.9,29.1,21.2,-0.1838,-0.0467,-0.4767,0.1418,0.3551,0.3801,-0.5297,-0.3813
2.1,3.2,4.0,3.0,1.5,7.5,15.3,30.4,27.0,-0.1288,-0.226,-0.2841,0.0489,0.2852,0.0493,-0.8573,0.1173
2.1,4.0,1.6,1.8,4.6,7.2,10.0,14.6,19.0,0.0586,0.4472,-0.0566,-0.4424,-0.6789,-0.0014,-0.3506,-0.0371
2.1,1.1,3.3,4.8,1.4,5.6,14.0,23.3,22.0,-0.3782,0.1462,0.0304,-0.2591,-0.0733,0.3974,-0.5076,-0.58
2.1,4.3,2.3,2.0,4.1,4.4,2.4,8.1,42.5,-0.4685,0.2072,-0.4256,0.2118,-0.1446,0.5299,0.1928,-0.3972
2.1,3.7,1.2,1.5,4.1,21.6,19.6,28.8,30.0,-0.7569,0.6453,0.0133,0.0348,-0.0014,-0.0133,0.0114,0.015
2.1,4.2,2.8,4.6,2.6,4.5,5.7,39.1,36.9,-0.4873,-0.0023,-0.4777,0.063,0.4889,-0.0088,-0.4887,0.2016
2.1,4.2,1.9,4.0,2.9,15.2,16.8,21.1,14.0,-0.5547,-0.1843,-0.2091,-0.3214,0.1534,0.5516,-0.4029,0.0491
2.1,1.4,2.3,3.4,1.7,6.6,5.8,12.3,41.1,-0.569,-0.1688,-0.1791,-0.1794,-0.0943,0.6928,-0.1418,-0.2151
2.1,4.9,4.7,4.0,1.6,20.2,13.0,42.4,17.4,-0.9481,0.299,-0.0046,0.0267,0.0062,-0.0216,0.02,0.068
2.1,4.1,4.3,3.7,2.1,19.2,17.1,43.0,41.3,-0.9455,0.2913,0.0095,0.0541,-0.004,-0.0405,0.0285,0.1021
2.1,2.8,3.2,1.9,1.5,4.8,10.0,32.7,6.1,-0.1545,0.3802,-0.1644,-0.6978,-0.4522,0.2338,-0.0962,0.1916
2.1,1.9,2.3,2.5,1.0,19.8,7.7,34.0,19.7,-0.9459,0.1253,-0.1571,0.0454,0.1627,0.0166,-0.0079,0.1566
2.1,1.6,2.7,3.1,5.0,11.5,20.2,20.4,9.6,-0.13,0.8202,-0.2681,-0.2393,-0.1163,0.0438,0.3697,0.0247
2.1,2.0,3.7,3.7,3.6,10.7,15.1,8.1,29.0,-0.6148,0.1117,-0.0248,0.2151,-0.1567,0.1485,-0.0679,-0.7097
2.1,1.0,4.8,1.0,3.8,12.4,17.2,13.0,4.1,-0.5041,0.5941,-0.1712,-0.4899,-0.0664,0.2672,-0.0369,0.176
2.1,3.5,4.3,4.8,1.7,7.0,21.1,35.5,21.6,-0.1485,-0.3234,-0.0219,0.0145,0.0228,-0.0076,-0.8482,0.3674
2.1,4.1,2.1,2.7,3.8,3.8,16.4,29.3,9.9,-0.2655,0.5352,-0.3095,-0.6097,-0.2655,0.2063,0.1516,0.1534
2.1,3.1,3.5,2.1,1.6,15.0,15.4,6.8,34.6,-0.5965,0.4678,0.0664,0.1127,-0.0662,0.0833,-0.3796,-0.4942
2.1,1.7,1.6,4.5,3.2,4.5,3.3,33.3,42.7,-0.5111,0.2184,-0.4522,0.0377,0.4722,0.1586,-0.4611,-0.1167
2.1,2.3,2.7,1.7,3.9,18.7,14.8,19.7,7.1,-0.6663,0.2817,-0.3455,-0.5066,-0.0804,0.1575,0.0179,0.2363
2.1,1.0,4.6,2.1,2.0,21.2,5.4,6.8,8.1,-0.4767,0.5801,-0.1677,-0.1191,-0.2828,-0.1589,-0.3413,-0.3867
2.1,1.7,3.7,2.7,4.5,4.0,20.3,34.6,36.1,-0.8627,-0.2002,-0.0139,0.1547,0.034,-0.0902,-0.114,0.3843
2.1,2.6,4.8,1.4,1.0,13.1,7.5,19.8,41.7,-0.5521,0.0754,-0.4712,0.2153,0.4951,0.1392,-0.3716,0.0297
2.1,1.5,4.1,3.0,2.1,2.8,12.1,22.3,39.1,-0.4106,0.0868,-0.4278,-0.0378,0.391,0.3503,-0.5092,-0.3014
2.1,1.7,3.6,2.7,3.1,15.0,18.0,33.4,30.4,-0.7636,-0.2956,-0.0784,0.2043,0.0957,-0.1296,-0.2203,0.4372
2.1,4.2,2.5,1.1,1.3,11.4,2.3,31.6,10.9,-0.455,-0.1217,-0.5725,-0.3569,-0.2505,0.3902,-0.072,0.2953
2.1,2.8,2.5,1.5,2.2,14.9,2.3,26.8,5.0,-0.5,-0.0041,-0.0998,-0.6582,-0.221,0.2309,-0.2692,0.3459
2.1,2.9,2.6,3.1,1.6,16.1,18.5,17.0,32.1,-0.345,-0.3443,-0.301,0.0982,0.305,-0.0154,-0.6486,0.3445
2.1,3.6,3.8,2.3,2.1,16.1,5.8,31.0,18.0,-0.8602,0.0007,-0.2861,-0.0311,0.2585,0.2517,-0.0966,0.1654
2.1,3.3,4.0,3.5,5.0,2.8,4.8,32.0,25.0,-0.5826,-0.0454,-0.2982,-0.1555,0.0992,0.623,-0.1909,-0.3147
2.1,1.2,1.7,1.6,4.0,18.2,6.7,27.8,5.4,-0.5775,0.067,-0.0577,-0.6406,-0.1886,0.2413,-0.2199,0.3052
2.1,3.2,1.7,1.5,2.7,17.2,18.0,27.3,36.9,-0.8998,0.263,0.0253,0.2544,0.0283,-0.1275,0.0104,0.1645
2.1,2.8,4.2,1.2,2.3,4.3,21.1,31.0,29.4,-0.2244,-0.4293,-0.0355,0.0759,0.0539,-0.024,-0.7659,0.3778
2.1,3.9,2.1,3.4,3.1,5.2,2.5,14.8,24.8,-0.0324,0.2568,-0.2116,0.0604,-0.6842,0.1022,-0.1582,-0.6075
2.1,2.1,4.6,3.7,2.8,9.9,13.6,24.3,17.3,-0.3841,0.0187,-0.1818,-0.2462,0.0711,0.5365,-0.4067,-0.5353
2.1,4.7,3.2,1.9,3.3,13.3,3.5,41.9,36.1,-0.7425,0.1986,-0.2333,0.335,0.2726,-0.2555,-0.13,0.2751
2.1,1.6,2.2,3.7,3.2,10.1,3.7,30.7,27.7,-0.6036,-0.074,-0.2767,-0.2817,0.2302,0.5337,-0.3499,-0.0614
2.1,2.1,4.6,2.9,1.9,13.7,9.8,6.9,30.8,-0.6272,0.2431,-0.0619,0.1887,-0.1157,0.1568,-0.1929,-0.6525
2.1,1.1,1.1,3.3,1.4,20.2,5.9,21.6,37.1,-0.8447,-0.0559,-0.3131,-0.0496,0.2948,0.2113,-0.135,0.1317
2.1,4.6,2.0,2.8,3.6,15.4,19.1,34.5,22.1,-0.9201,-0.0339,-0.0457,0.1884,0.0618,-0.1232,-0.0425,0.2856
2.1,3.4,4.2,4.5,1.2,7.6,7.4,23.9,43.4,-0.5704,0.1359,-0.4148,-0.0849,0.3992,0.3263,-0.3941,-0.2033
2.1,4.8,2.1,4.5,1.1,18.4,21.6,33.8,40.3,-0.984,0.1234,0.0019,0.0203,0.0004,-0.0103,0.0114,0.1011
2.1,2.8,4.3,3.9,2.7,18.0,11.6,9.4,25.1,-0.4104,0.4531,0.0879,0.1036,-0.1273,0.0718,-0.5687,-0.4932
2.1,3.3,1.5,5.0,4.7,5.0,9.7,6.6,30.2,-0.4218,0.1321,-0.4323,0.1386,-0.4532,0.112,0.3515,-0.4995
2.1,4.3,3.5,1.2,1.6,15.3,15.4,41.0,37.7,-0.8644,0.4347,0.0472,0.1369,-0.011,-0.0856,0.0602,0.15
2.1,5.0,2.4,3.8,4.2,6.3,9.2,33.3,34.0,-0.5073,0.107,-0.4721,-0.0172,0.4819,0.2024,-0.4708,-0.0463
2.1,2.4,4.8,3.2,3.3,9.1,10.7,40.4,7.7,-0.6971,0.0363,-0.1078,-0.1879,0.0234,0.609,-0.1683,-0.2076
2.1,3.8,2.8,2.7,3.3,7.5,20.5,23.3,35.8,-0.5722,-0.4257,-0.1003,0.1999,0.1182,-0.1045,-0.4184,0.4587
2.1,4.5,4.8,2.7,4.4,17.4,12.5,20.5,30.5,-0.8415,0.0652,-0.2437,0.2738,0.2654,-0.1389,-0.1116,0.1943
2.1,4.5,1.2,3.3,1.6,6.3,18.5,21.9,33.0,-0.2372,0.0685,-0.3024,-0.1656,0.2741,0.3427,-0.7061,-0.3357
2.1,2.7,1.3,3.5,1.0,21.7,18.8,19.3,25.2,-0.9543,0.273,-0.0183,0.0237,0.0193,-0.0121,0.0103,0.0446
2.1,1.4,3.8,1.7,1.1,8.6,10.0,25.2,19.2,-0.0798,-0.1885,-0.2404,-0.2149,-0.0077,0.5982,-0.5285,-0.4491
2.1,1.6,3.7,3.7,3.5,10.7,21.1,7.7,6.1,-0.326,0.8291,-0.0599,-0.0823,-0.0425,0.0108,0.3954,0.1467
2.1,2.7,3.0,2.1,3.4,3.3,10.1,17.1,26.0,0.0829,-0.0557,-0.3646,-0.3024,-0.4736,0.6407,0.0249,-0.3371
2.1,2.4,3.9,4.4,3.0,20.3,21.2,33.4,40.5,-0.9731,0.2016,0.0033,0.0174,-0.0006,-0.0072,0.0135,0.072
2.1,4.0,4.5,1.1,1.5,16.5,19.9,34.2,37.8,-0.8596,0.4888,0.0277,0.0413,-0.0062,-0.0148,0.0482,0.0884
2.1,3.2,1.7,4.9,2.1,14.5,7.3,41.3,43.2,-0.845,-0.0055,-0.1311,0.2801,0.1406,-0.2481,-0.1083,0.2986
2.1,2.6,2.4,2.7,4.8,7.9,17.5,12.5,35.9,-0.6299,0.1337,-0.218,-0.1168,0.1588,0.5246,-0.237,-0.3912
2.1,4.5,4.7,2.3,4.1,6.6,3.3,20.0,32.1,-0.4965,-0.0375,-0.4985,-0.03,0.0359,0.6415,-0.0551,-0.272
2.1,1.1,3.0,3.9,4.9,6.3,13.0,40.1,31.3,-0.3652,0.1033,-0.4678,0.0006,0.484,0.08,-0.6148,0.0612
2.1,2.5,4.2,2.4,4.2,13.6,2.8,16.5,4.3,-0.3643,0.4313,0.2523,-0.2724,-0.3929,-0.2786,-0.4482,-0.3212
2.1,3.2,2.3,1.3,2.6,6.6,14.3,43.3,19.9,-0.2949,0.354,-0.4071,-0.0882,0.4549,0.1808,-0.5927,0.076
2.1,4.7,2.1,3.4,1.3,14.0,3.2,11.7,21.1,-0.4916,0.4029,-0.0478,0.1322,-0.2023,0.097,-0.4296,-0.576
2.1,2.1,2.8,4.3,2.0,3.6,19.4,33.2,23.2,-0.0453,0.0937,-0.1514,-0.0045,0.1542,0.0484,-0.9493,-0.1482
2.1,3.8,3.3,2.9,2.5,14.2,15.1,5.6,23.6,-0.7635,0.2563,-0.0262,0.1423,-0.0529,0.1225,-0.152,-0.5324
2.1,2.9,1.8,1.3,1.6,13.7,16.8,30.4,4.5,-0.4793,0.4717,-0.4029,-0.5452,-0.0854,0.1804,0.0449,0.1819
2.1,4.6,4.7,4.3,3.8,6.9,17.7,24.2,4.4,-0.593,0.6538,-0.1649,-0.3802,-0.0731,0.0704,0.1077,0.1186
2.1,4.8,1.3,1.9,2.3,13.7,7.0,43.3,24.8,-0.7999,0.2116,-0.3235,0.0917,0.3429,-0.0506,-0.0775,0.2585
2.1,1.5,4.2,2.2,1.5,13.7,14.0,11.8,17.8,-0.1822,0.085,0.071,0.1021,-0.2974,0.2406,-0.354,-0.8113
2.1,1.9,2.5,1.0,4.1,3.2,14.0,38.2,43.4,-0.5005,0.1731,-0.1195,0.5696,0.2944,-0.2924,-0.301,0.3141
2.1,4.8,2.0,4.8,3.8,6.6,9.6,24.1,26.4,-0.5212,-0.1468,-0.0977,-0.3351,-0.0117,0.6411,-0.3708,-0.1564
2.1,2.1,2.0,1.6,5.0,5.9,19.7,17.5,35.1,-0.2472,0.1622,-0.3606,0.1472,0.3882,0.2238,-0.6585,-0.3128
2.1,3.2,3.0,2.5,3.6,6.5,18.2,19.5,21.2,-0.1941,0.0313,-0.2641,-0.0223,0.0967,0.3676,-0.2984,-0.7996
2.1,3.4,5.0,3.1,4.1,11.0,17.2,27.9,32.1,-0.627,-0.37,-0.1461,0.2559,0.1643,-0.1453,-0.362,0.4296
2.1,1.5,3.2,2.2,3.6,21.7,12.3,22.1,27.0,-0.9013,0.3033,-0.1358,0.1613,0.1509,-0.0623,-0.0099,0.0812
2.1,1.7,2.5,3.5,3.2,15.6,21.4,16.0,24.7,-0.1883,0.2659,-0.0669,-0.005,0.0668,0.0525,-0.7769,-0.5061
2.1,3.2,4.2,1.6,2.6,5.1,10.5,27.8,43.6,-0.4272,0.0848,-0.3539,0.4842,0.4508,-0.0895,-0.4591,0.1109
2.1,4.3,1.4,3.4,4.3,3.7,9.3,18.1,9.7,-0.3799,0.5652,0.1385,-0.2916,-0.3872,-0.3555,-0.2749,-0.2724
2.1,2.8,1.7,2.3,4.9,13.2,13.9,9.2,37.5,-0.5129,-0.1157,0.0082,-0.1895,-0.1327,0.741,-0.2925,-0.0302
2.1,4.1,4.4,2.2,1.7,9.2,9.2,43.5,9.4,-0.5692,0.2401,-0.2516,-0.3499,0.2814,0.4474,-0.3661,0.0792
2.1,3.3,1.4,1.7,1.9,10.6,18.2,41.3,9.8,-0.4681,0.3277,-0.3173,-0.1844,0.3591,0.3556,-0.4899,-0.1487
2.1,1.7,4.9,3.5,4.1,6.9,16.6,43.9,21.5,-0.0815,0.0878,-0.2853,0.0423,0.2925,-0.0227,-0.8569,0.2461
2.1,3.9,4.6,2.3,4.9,9.1,20.7,5.7,16.7,-0.2025,-0.0709,-0.0251,0.0771,-0.0815,0.0599,0.3852,-0.8763
2.1,1.3,2.8,3.2,2.3,5.6,4.2,24.8,10.0,-0.0242,0.4578,0.0116,-0.4447,-0.6852,-0.1613,-0.2497,-0.1534
2.1,2.2,4.4,1.5,1.2,5.3,6.1,27.5,30.3,-0.2757,-0.2049,-0.403,-0.1435,0.2573,0.545,-0.5424,-0.1645
2.1,2.9,1.1,4.2,1.1,14.4,8.5,31.8,33.8,-0.7398,-0.2256,-0.3442,0.0057,0.345,0.0615,-0.2536,0.2924
2.1,2.8,4.8,3.3,1.5,5.5,11.1,7.2,7.9,-0.3264,0.6362,-0.2604,-0.3055,-0.294,-0.3353,0.3278,-0.1171
2.1,2.7,2.4,3.5,1.7,20.0,19.4,16.9,40.3,-0.962,0.0485,-0.024,0.1391,0.0341,-0.0859,-0.0089,0.1716
2.1,1.8,2.2,1.4,2.7,7.4,7.5,34.2,23.7,-0.4297,-0.0603,-0.4484,-0.0637,0.2478,0.6161,-0.3141,-0.2253
2.1,1.9,3.7,2.0,3.4,6.7,19.0,24.8,6.3,-0.3897,0.8424,-0.2232,-0.2502,-0.027,0.0373,0.0963,0.0475
2.1,4.0,3.0,3.0,2.2,10.3,13.4,26.9,22.0,-0.3344,-0.1141,-0.3936,-0.1793,0.3673,0.3748,-0.6285,-0.0497
2.1,1.7,2.6,2.0,2.7,13.7,20.8,26.6,36.1,-0.8602,-0.2249,-0.0103,0.1581,0.0346,-0.0806,-0.1207,0.3764
2.1,2.4,3.4,1.7,2.0,14.7,13.4,32.9,12.8,-0.4629,-0.0042,-0.4541,-0.0511,0.4135,0.4145,-0.4535,-0.0937
2.1,3.8,3.5,3.8,1.1,13.3,18.7,35.8,26.9,-0.8465,-0.2745,-0.0254,0.0698,0.029,-0.0498,-0.1417,0.4114
2.1,1.5,2.9,1.5,4.3,3.3,18.9,43.1,30.2,-0.2826,-0.1387,-0.2116,0.244,0.2524,-0.1702,-0.6256,0.5334
2.1,2.5,3.0,3.7,3.1,19.8,15.8,24.9,19.8,-0.9337,0.0105,-0.1509,0.1596,0.1558,-0.0896,-0.0432,0.1735
2.1,3.6,4.8,3.7,1.8,11.7,5.5,36.0,12.7,-0.5974,-0.1478,-0.1956,-0.34,0.1889,0.4838,-0.3877,0.1906
2.1,4.3,4.4,2.7,4.7,10.6,22.0,34.1,18.6,-0.4571,-0.4504,0.0013,-0.01,-0.0038,0.0061,-0.5361,0.5248
2.1,2.2,4.8,1.6,1.7,8.8,13.7,33.1,17.7,-0.1421,0.0043,-0.342,0.0246,0.3347,0.2239,-0.7851,-0.2559
2.1,3.9,1.8,4.4,2.3,19.5,11.5,28.0,30.2,-0.9647,0.1335,-0.113,0.0853,0.116,-0.0417,-0.0059,0.0938
2.1,1.1,4.0,4.3,3.2,4.2,9.2,17.7,39.9,-0.695,0.1054,-0.2613,-0.0753,0.1621,0.4782,-0.1706,-0.3712
2.1,1.5,3.5,1.3,3.0,7.3,20.6,8.6,24.7,-0.1394,0.0182,-0.0924,0.0526,0.0159,0.1409,-0.051,-0.9638
2.1,3.2,4.6,3.8,1.5,5.8,8.0,19.0,5.6,-0.2639,0.6243,-0.003,-0.3143,-0.4809,-0.3708,-0.1015,-0.2332
2.1,1.5,4.4,1.0,1.2,7.9,8.1,14.4,6.3,-0.0499,0.593,0.0137,-0.454,-0.4732,-0.2638,-0.3012,-0.2164
2.1,3.3,2.3,1.8,1.6,8.0,9.2,24.6,9.2,0.0823,0.2233,-0.1875,-0.6321,-0.6359,0.1737,-0.242,0.0467
2.1,3.2,1.9,1.5,2.4,8.4,13.5,40.6,25.4,-0.3871,0.0733,-0.4577,0.078,0.5006,0.0377,-0.541,0.2613
2.1,4.4,3.6,4.9,4.0,16.0,17.1,16.8,36.8,-0.5016,-0.1174,-0.452,0.1323,0.4602,-0.0228,-0.4874,0.1923
2.1,4.2,2.5,2.5,3.3,18.2,7.1,21.3,42.0,-0.8288,0.1351,-0.1046,0.3952,0.1543,-0.2108,-0.094,0.1913
2.1,2.0,1.0,2.4,4.5,3.0,3.3,40.3,6.8,-0.4089,0.2355,0.1735,-0.569,-0.3915,0.2471,-0.3488,0.2824
2.1,3.2,3.8,2.3,2.2,12.3,8.0,12.7,41.9,-0.6845,0.2209,-0.2954,-0.0043,0.2612,0.454,-0.2028,-0.2556
2.1,3.2,3.3,1.5,2.5,7.8,21.6,16.1,29.8,-0.006,-0.0102,-0.0514,0.0377,0.0617,0.0184,-0.956,-0.2314
2.1,3.2,4.9,4.6,4.7,7.4,20.5,15.6,5.9,-0.3405,0.8547,-0.0725,-0.0794,-0.0374,-0.0067,0.3293,0.1206
2.1,3.6,3.9,3.9,3.3,5.8,14.1,19.3,30.3,-0.4645,0.0832,-0.2244,-0.2376,0.1596,0.5057,-0.4207,-0.4475
2.1,3.1,2.1,1.2,3.8,15.3,20.1,42.0,14.5,-0.393,-0.0874,-0.2196,0.3142,0.2785,-0.2124,-0.4848,0.5349
2.1,3.0,4.6,2.9,1.2,2.8,20.2,6.6,24.7,-0.3268,-0.1028,-0.0104,0.0417,-0.0389,0.0273,0.2908,-0.8869
2.1,2.0,3.2,2.5,4.4,16.1,18.6,9.3,16.3,-0.3527,0.076,0.0807,0.17,-0.3125,0.2464,-0.1071,-0.8005
2.1,2.8,3.6,1.9,2.8,8.5,12.2,38.1,9.0,-0.1486,0.0964,-0.5785,-0.2008,-0.2875,0.5901,0.2479,-0.2534
2.1,2.6,3.0,4.1,4.0,5.0,9.9,4.6,16.5,-0.4877,0.4942,-0.2856,-0.3394,-0.2939,-0.3502,0.3077,-0.1105
2.1,2.9,1.8,4.3,2.7,16.6,11.0,12.0,41.7,-0.8138,0.153,-0.189,-0.1341,0.171,0.4124,-0.1437,-0.1591
2.1,3.3,4.7,1.5,4.2,7.0,2.4,32.7,29.6,-0.4894,0.1087,-0.5179,0.1355,0.2499,0.5262,-0.1775,-0.2781
2.1,4.7,3.2,3.2,1.8,11.1,4.4,23.8,7.1,-0.0152,0.0726,-0.048,-0.538,-0.6588,0.0784,-0.4908,0.0805
2.1,1.5,1.8,1.5,4.7,2.1,2.0,21.3,39.6,-0.2321,0.2761,-0.613,0.2474,-0.0177,0.4784,0.0451,-0.4351
2.1,3.1,4.9,2.1,2.2,9.6,7.5,31.0,15.3,-0.3672,-0.1963,-0.3394,-0.2099,0.0343,0.7094,-0.3355,-0.1856
2.1,3.2,3.1,4.0,1.7,20.4,17.6,33.5,38.2,-0.9686,0.2171,0.0021,0.046,0.0028,-0.0259,0.0134,0.0707
2.1,3.3,1.1,4.9,2.8,19.4,18.8,42.6,36.4,-0.9624,0.2002,-0.0063,0.0678,0.0086,-0.0602,0.0234,0.1381
2.1,3.3,3.5,2.9,3.4,7.8,17.3,21.4,5.3,-0.5576,0.5555,-0.1378,-0.5316,-0.1267,0.168,0.0162,0.1473
2.1,5.0,1.3,3.7,1.1,4.2,2.9,9.9,32.0,-0.5406,0.0725,-0.2057,0.1701,-0.2738,0.1279,0.0489,-0.7292
2.1,1.3,4.5,2.2,2.8,4.9,20.6,29.6,35.1,-0.5883,-0.4575,-0.035,0.1059,0.0489,-0.0533,-0.4052,0.4854
2.1,1.4,1.2,4.6,1.3,2.1,6.6,8.2,11.6,-0.2947,0.3715,-0.3094,-0.348,-0.3476,-0.3866,0.4197,-0.3245
2.1,2.2,4.1,1.5,4.2,7.4,12.7,14.7,19.8,0.1667,0.3716,-0.3833,-0.492,-0.482,0.4052,0.174,-0.0404
2.1,1.2,3.9,3.3,4.9,2.1,2.2,26.7,39.2,-0.5921,0.1895,-0.3668,0.0685,0.2482,0.4462,-0.2274,-0.3904
2.1,3.7,1.0,2.8,2.2,2.3,8.2,4.6,10.4,-0.4833,0.419,-0.0657,-0.4629,-0.0815,-0.4783,0.2159,-0.2943
2.1,2.4,1.5,4.7,2.4,10.0,12.0,7.1,28.1,-0.6385,0.0574,-0.1699,0.1961,-0.208,0.1591,0.0465,-0.6672
2.1,3.7,3.3,3.0,4.2,7.4,20.2,6.0,22.6,-0.5245,-0.0469,-0.0187,0.1131,-0.0737,0.0836,0.1032,-0.8213
2.1,3.4,1.0,3.5,3.3,18.9,12.5,21.0,17.1,-0.9383,0.0133,-0.155,-0.0266,0.0703,0.2434,-0.0188,0.1334
2.1,3.4,3.0,3.6,4.9,4.2,2.9,9.1,40.1,-0.534,-0.1005,-0.3398,-0.0104,-0.2501,0.6494,0.1719,-0.2175
2.1,3.0,3.7,4.0,3.7,12.0,10.1,25.7,19.8,-0.5268,-0.1405,-0.1992,-0.3082,0.0915,0.6268,-0.3683,-0.1366
2.1,4.7,1.3,4.7,2.8,18.3,13.8,4.7,29.5,-0.8969,0.3339,-0.0161,0.0732,-0.0215,0.0657,-0.0863,-0.2501
2.1,3.6,4.7,4.6,4.1,11.6,5.2,17.3,15.4,-0.0072,0.2975,-0.1743,-0.0425,-0.7665,0.0261,-0.2693,-0.45
2.1,1.8,1.4,2.6,2.7,6.4,21.1,17.3,43.0,-0.5209,-0.1465,-0.2924,0.3851,0.3331,-0.1768,-0.4384,0.2822
2.1,3.5,1.6,4.4,1.9,2.5,10.8,21.4,24.9,-0.2663,0.0417,0.1834,-0.0971,-0.3512,0.3789,-0.4814,-0.6121
2.1,2.0,1.6,3.9,2.4,21.2,15.5,26.6,38.8,-0.9631,0.1742,-0.0275,0.1281,0.0357,-0.0745,0.0017,0.0835
2.1,3.5,1.9,4.3,4.3,17.2,2.3,14.5,6.9,-0.2186,0.3796,0.1978,-0.203,-0.3962,-0.1764,-0.6735,-0.2484
2.1,2.3,2.2,1.5,2.7,17.3,11.9,30.5,11.0,-0.5351,0.091,-0.6631,-0.1066,-0.1462,0.4522,0.0969,0.0031
2.1,2.7,2.5,3.0,4.2,12.5,19.7,15.7,40.7,-0.4052,-0.0576,-0.3993,0.2774,0.434,-0.0981,-0.5632,0.1977
2.1,2.4,3.9,4.0,4.5,7.1,21.7,28.5,35.7,-0.8946,-0.2382,-0.0033,0.0066,0.0027,-0.003,-0.0972,0.3347
2.1,1.9,2.1,2.1,3.6,6.0,17.9,38.0,6.5,-0.5011,0.6371,-0.274,-0.4447,-0.0776,0.1425,0.0982,0.1412
2.1,3.2,3.1,1.6,2.3,21.9,17.2,38.4,10.9,-0.7742,0.6241,0.0069,0.0317,0.0008,-0.0175,0.0134,0.0187
2.1,2.1,2.1,2.3,4.4,2.3,7.4,38.6,37.2,-0.4611,0.2676,-0.4417,0.0807,0.4916,0.1458,-0.4854,-0.0637
2.1,5.0,3.8,1.3,3.2,21.4,4.5,25.2,20.9,-0.706,0.6997,-0.0343,0.0326,0.0322,0.0251,0.0088,0.0096
2.1,3.1,1.7,2.7,3.3,15.5,17.2,12.2,11.8,0.069,0.2184,-0.15,0.0223,-0.7455,0.2338,-0.2655,-0.463
2.1,4.1,3.2,3.5,2.5,16.5,12.3,28.1,20.6,-0.8412,-0.0914,-0.3125,0.0815,0.3139,0.0207,-0.1425,0.2212
2.1,1.6,2.9,4.3,2.6,4.8,17.2,6.4,42.0,-0.6033,0.2596,0.2344,0.2062,-0.2904,0.1417,-0.2958,-0.4926
2.1,2.5,3.8,4.2,4.6,10.8,15.8,7.9,32.0,-0.7212,0.1727,0.0046,0.2069,-0.1108,0.1314,-0.1048,-0.5997
2.1,4.6,1.4,4.8,1.7,17.5,11.7,40.1,34.0,-0.9649,0.0978,-0.0565,0.1058,0.0598,-0.092,0.0021,0.1656
2.1,4.8,3.1,3.0,4.0,3.5,13.1,11.8,33.8,-0.3316,-0.0943,0.0364,-0.1585,-0.3372,0.6897,-0.2577,-0.4227
2.1,3.3,4.0,3.4,2.1,17.1,5.6,15.6,43.0,-0.6676,0.2463,-0.3736,-0.0238,0.3864,0.2867,-0.2888,-0.1432
2.1,3.2,1.9,1.3,2.7,20.6,19.6,31.3,24.2,-0.7964,0.5916,0.024,0.0521,-0.0044,-0.0209,0.0242,0.0362
2.1,3.8,3.8,1.7,1.8,13.8,3.0,5.7,27.6,-0.5851,0.4271,-0.2336,0.1825,-0.2674,0.167,-0.198,-0.4918
2.1,2.2,2.4,3.9,4.6,2.4,8.3,41.1,20.3,-0.66,0.2332,-0.1814,-0.3502,0.1963,0.4458,-0.3188,-0.079
2.1,3.1,3.7,1.0,2.7,14.3,12.3,19.4,23.9,-0.5106,0.0367,-0.4917,0.1572,0.4722,0.3107,-0.3637,-0.0085
2.1,2.2,4.7,2.3,2.0,15.3,10.7,33.8,17.5,-0.5348,-0.1312,-0.45,0.0205,0.4582,0.1404,-0.4433,0.2254
2.1,4.6,2.4,1.5,1.4,15.8,6.1,11.8,35.2,-0.6889,-0.1214,-0.1783,-0.1536,0.1404,0.4432,-0.22,0.4061
2.1,3.9,3.1,1.3,1.7,12.3,4.9,37.3,41.6,-0.6945,0.1803,-0.1779,0.4525,0.2645,-0.2587,-0.1708,0.2647
2.1,4.5,1.6,1.6,2.1,18.5,11.6,15.0,32.7,-0.8673,0.3407,-0.2098,0.0652,0.2273,0.0898,-0.0066,0.1119
2.1,1.3,4.2,1.4,1.4,11.3,2.0,35.7,27.0,-0.5653,-0.1164,-0.3768,-0.1349,0.3532,0.4342,-0.3794,0.1882
2.1,1.6,1.2,2.7,4.7,20.0,11.6,17.1,25.0,-0.8207,-0.0892,-0.241,-0.0746,0.077,0.4489,-0.0824,0.1402
2.1,4.4,3.3,4.0,2.3,19.0,8.6,39.6,26.0,-0.9577,0.2141,-0.0561,0.0851,0.0605,-0.0683,0.0138,0.1095
2.1,1.3,1.8,4.7,1.6,7.5,17.4,26.5,10.0,-0.461,0.0115,-0.0262,-0.2436,-0.0956,0.5029,-0.2762,-0.6116
2.1,2.5,1.2,3.6,1.4,9.0,14.9,7.8,35.4,-0.6406,0.156,-0.0501,0.1959,-0.1522,0.1391,-0.11,-0.6805
2.1,3.9,1.7,4.4,2.6,2.5,19.9,7.3,26.0,-0.4832,-0.1065,-0.0719,0.1342,-0.1208,0.0971,0.2293,-0.8039
2.1,1.2,4.4,2.1,4.8,19.4,7.6,29.8,32.0,-0.6501,0.0763,-0.4203,0.283,0.4481,-0.0162,-0.2905,0.1068
2.1,4.5,2.9,2.4,3.0,8.9,10.3,37.9,28.7,-0.5193,-0.0324,-0.4554,0.1246,0.482,-0.0055,-0.4454,0.25
2.1,2.6,1.4,4.2,1.6,3.6,11.8,5.9,38.1,-0.6249,0.0411,-0.1729,0.2354,-0.2155,0.1943,0.0927,-0.6505
2.1,1.0,4.2,2.5,4.0,14.6,4.3,9.1,43.6,-0.6684,0.2208,-0.2248,0.2098,0.0277,0.4741,0.0017,-0.4166
2.1,2.0,3.2,4.3,3.0,8.6,11.8,6.8,41.8,-0.4068,0.1021,0.305,0.1223,-0.455,0.3616,-0.4021,-0.3845
2.1,3.4,1.2,4.7,3.3,15.9,7.1,27.8,27.5,-0.8189,-0.0805,-0.2904,-0.1517,0.278,0.2884,-0.168,0.1346
2.1,1.2,1.9,2.1,3.7,12.7,9.9,39.4,18.0,-0.6302,0.081,-0.2638,-0.2142,0.2495,0.5486,-0.3019,-0.1091
2.1,2.2,3.3,3.3,3.3,5.0,5.5,8.5,4.9,-0.6334,0.3716,0.0739,-0.3422,-0.0362,-0.4327,0.0055,-0.3827
2.1,2.3,4.5,2.6,1.7,11.5,17.5,23.1,12.1,-0.1681,0.0784,-0.2113,-0.0234,0.1471,0.2435,-0.5587,-0.7134
2.1,2.7,4.9,4.3,3.5,8.0,6.4,28.0,11.8,0.0124,-0.085,-0.1996,-0.3243,-0.7356,0.5026,-0.0815,-0.1641
2.1,1.5,4.9,2.2,2.0,2.3,13.6,30.5,34.8,-0.186,-0.1419,-0.3751,0.138,0.386,0.0591,-0.7836,0.0341
2.1,4.2,4.9,2.1,1.4,6.3,17.1,8.3,31.7,-0.5555,0.1669,0.0458,0.1003,-0.0853,0.0872,-0.2177,-0.7623
2.1,3.7,4.5,3.3,2.1,18.8,4.4,23.5,41.1,-0.8687,0.1007,-0.2009,0.2875,0.2196,-0.1526,-0.0887,0.1442
2.1,4.9,2.8,1.6,3.6,3.7,6.2,37.0,34.2,-0.4607,0.2175,-0.4457,0.1288,0.4978,0.2063,-0.464,-0.0821
2.1,3.4,2.3,1.9,1.0,18.0,8.2,34.2,38.8,-0.9118,0.2664,-0.0733,0.2058,0.0973,-0.122,0.0012,0.1303
2.1,4.2,4.7,2.3,3.6,10.2,9.2,25.2,29.6,-0.5039,0.0099,-0.4808,0.0073,0.4439,0.3403,-0.4251,-0.0916
2.1,1.3,4.2,3.4,3.8,21.2,14.8,19.2,35.4,-0.8948,-0.0104,-0.133,0.2502,0.147,-0.1552,-0.0764,0.2072
2.1,1.3,1.4,3.8,3.2,21.0,8.0,24.4,15.8,-0.9245,-0.0528,-0.1611,-0.0408,0.0577,0.2679,-0.0333,0.1361
2.1,2.2,3.4,2.8,1.2,2.2,7.6,15.1,27.4,-0.1166,0.0755,-0.0452,0.1241,-0.3895,0.1943,-0.1905,-0.853
2.1,5.0,4.3,3.0,1.6,22.0,20.2,30.6,30.5,-0.8834,0.4615,-0.0004,-0.0006,0.0001,0.0002,0.0053,0.0111
2.1,5.0,3.4,2.5,3.1,11.2,14.0,36.5,5.0,-0.5651,0.4375,-0.3178,-0.5263,-0.1295,0.1628,0.0924,0.2171
2.1,4.7,4.5,2.7,1.9,14.9,21.2,15.5,42.6,-0.9522,0.0318,0.0064,0.0633,0.0038,-0.0346,-0.0028,0.2475
2.1,3.4,1.3,4.0,2.3,14.4,2.9,37.8,41.7,-0.7638,-0.0225,-0.2493,0.3164,0.268,-0.2371,-0.1975,0.2775
2.1,3.2,4.1,4.2,1.3,11.6,2.3,5.1,30.8,-0.7558,0.0757,-0.1992,0.14,-0.2045,0.133,0.0254,-0.5471
2.1,4.9,4.0,3.5,3.2,12.3,7.6,36.9,43.4,-0.7946,0.0199,-0.1196,0.3928,0.1615,-0.2581,-0.1478,0.275
2.1,1.4,3.8,4.4,3.2,11.4,17.9,6.4,34.7,-0.7988,0.1359,0.0062,0.1302,-0.0511,0.0818,-0.0791,-0.5521
2.1,4.8,2.4,5.0,1.3,20.2,20.8,41.5,36.4,-0.9672,0.2338,0.0009,0.0083,-0.0003,-0.0059,0.0159,0.0689
2.1,3.2,2.8,4.5,4.7,10.2,8.6,21.5,12.9,-0.0032,0.3432,0.0039,-0.439,-0.7693,-0.0426,-0.2804,-0.0458
2.1,1.9,4.6,3.6,4.1,11.1,11.2,36.7,31.2,-0.432,-0.0964,-0.4428,0.1522,0.4597,-0.0477,-0.5504,0.2309
2.1,2.0,2.7,2.2,3.8,17.0,4.0,17.8,19.4,-0.3407,-0.2416,-0.4132,-0.3702,-0.4117,0.4519,-0.2058,0.2825
2.1,3.3,4.0,1.2,3.3,2.6,7.5,36.8,18.5,-0.0746,0.0532,-0.6522,-0.1008,-0.1253,0.6301,0.1038,-0.3284
2.1,4.5,4.4,2.1,1.8,3.5,6.1,6.9,40.2,-0.4162,0.2474,-0.1756,0.3375,-0.3062,0.2869,-0.0272,-0.6586
2.1,1.9,3.9,2.7,3.6,9.5,22.0,18.0,4.8,-0.2569,0.9297,-0.0006,-0.0052,-0.0008,-0.0013,0.2231,0.0568
2.1,4.8,4.1,5.0,4.5,6.3,15.4,4.6,7.7,-0.7088,0.5544,-0.117,-0.2566,-0.125,-0.2688,0.1321,0.0144
2.1,3.4,2.6,1.2,4.9,17.9,5.0,29.2,24.7,-0.7101,0.4047,-0.3619,0.2181,0.2316,0.2893,-0.0514,-0.041
2.1,2.7,4.9,4.3,3.3,14.4,6.3,33.4,15.5,-0.693,-0.1056,-0.2102,-0.2994,0.1898,0.4867,-0.2856,0.1006
2.1,5.0,4.0,3.9,1.5,6.4,6.9,8.5,9.2,-0.3881,0.3873,-0.3353,-0.3319,-0.3687,-0.3634,0.3102,-0.3255
2.1,1.3,2.2,3.3,1.1,13.5,9.9,32.6,15.1,-0.3575,-0.1634,-0.1897,-0.3559,0.174,0.49,-0.6261,0.0812
2.1,3.2,4.9,1.5,1.3,17.1,21.1,11.8,20.3,-0.2108,-0.2831,-0.0264,0.0346,0.0334,-0.0188,-0.7608,0.4983
2.1,3.3,3.4,2.5,4.4,4.5,11.5,18.3,24.3,-0.0103,-0.0567,-0.4228,-0.2882,-0.3973,0.6517,0.1178,-0.3479
2.1,1.9,1.3,3.9,2.5,17.7,11.4,11.6,28.9,-0.226,0.2841,0.1582,0.0904,-0.2728,0.1726,-0.7144,-0.4433
2.1,4.8,4.0,5.0,1.9,18.9,21.5,14.1,30.5,-0.8872,-0.2178,-0.0024,0.0085,0.0027,-0.0057,-0.1001,0.362
2.2,4.9,3.3,4.9,2.7,2.3,21.0,36.4,20.3,-0.0209,-0.0728,0.0039,-0.004,-0.0047,0.0027,-0.9708,0.1778
2.2,2.6,1.0,1.1,2.5,13.4,12.0,30.1,5.5,-0.5517,0.265,-0.2947,-0.6012,-0.1014,0.2446,-0.0701,0.3025
2.2,3.7,4.4,4.3,4.9,21.2,8.2,10.0,38.6,-0.898,0.3982,0.0042,-0.1252,-0.0213,0.0888,0.0014,0.0338
2.2,3.7,4.6,2.4,2.9,6.7,19.1,14.2,19.7,-0.2575,0.1191,-0.0693,0.021,0.0436,0.098,-0.3962,-0.856
2.2,4.0,3.9,1.5,3.3,20.5,18.3,20.1,13.2,-0.7438,0.6604,0.011,0.0201,-0.0022,-0.0071,0.0145,0.0177
2.2,3.4,2.3,1.9,1.0,18.0,8.2,34.2,38.8,-0.8927,0.3714,-0.0163,0.1786,0.0436,-0.1104,0.0184,0.1022
2.2,1.7,3.0,4.0,3.6,9.7,18.3,36.5,32.0,-0.7649,-0.2661,-0.0702,0.1693,0.0805,-0.1309,-0.2091,0.4774
2.2,2.0,3.4,3.4,3.8,13.9,3.0,15.1,8.1,-0.3524,0.5043,0.1009,-0.268,-0.3913,-0.3205,-0.3849,-0.3574
2.2,1.8,4.9,1.4,4.1,21.5,14.1,40.7,28.8,-0.7136,0.691,0.0141,0.0244,-0.0049,-0.0129,0.0198,0.0227
2.2,3.1,4.1,1.9,3.4,12.9,20.4,27.7,34.0,-0.9595,0.133,0.0123,0.0402,-0.0006,-0.0172,0.0263,0.2154
2.2,4.0,4.2,3.3,1.5,16.7,21.8,27.0,20.6,-0.9749,0.0115,-0.0033,-0.0126,0.0001,0.0051,4.859e-05,0.2003
2.2,5.0,4.2,3.6,4.4,3.6,16.2,16.7,44.0,-0.536,0.2566,-0.3568,0.395,0.4419,-0.1149,-0.3484,0.0884
2.2,4.9,1.6,1.9,3.1,10.4,3.3,41.7,14.9,-0.7527,0.2142,-0.2443,-0.2323,0.288,0.3424,-0.1386,0.2099
2.2,1.0,2.2,2.4,2.1,6.5,5.0,31.4,40.5,-0.46,0.166,-0.4599,0.2033,0.5041,0.0862,-0.4827,-0.0346
2.2,1.6,3.5,2.5,3.0,11.6,20.9,43.2,38.6,-0.9114,0.3356,0.0031,0.0123,-0.0018,-0.0097,0.0699,0.1978
2.2,1.8,2.7,1.6,2.5,13.1,11.3,37.8,39.3,-0.733,0.1318,-0.0931,0.4164,0.162,-0.2935,-0.1279,0.3487
2.2,1.6,2.9,1.0,1.4,3.1,2.5,33.2,22.3,-0.2161,-0.2139,-0.3678,-0.1466,0.0365,0.7282,-0.433,-0.1137
2.2,2.3,1.4,4.9,1.5,15.0,14.0,11.6,7.8,-0.4204,0.2103,-0.2323,0.1912,-0.4255,0.1012,-0.0585,-0.6923
2.2,3.3,1.9,2.5,1.2,3.9,5.3,31.7,7.8,0.1386,-0.0471,-0.1969,-0.2531,-0.6946,0.5139,-0.1816,-0.2725
2.2,3.4,2.6,4.9,2.7,17.9,2.1,38.5,28.0,-0.9421,0.1448,-0.1368,0.106,0.1408,-0.0912,-0.0071,0.1637
2.2,2.6,1.4,3.1,4.7,5.7,21.7,26.3,15.0,-0.1847,0.1118,-0.028,0.0069,0.0125,0.0344,-0.4894,-0.8245
2.2,4.1,3.0,2.4,3.6,19.0,3.6,10.3,33.2,-0.9137,0.2756,-0.1067,-0.0221,0.118,0.1721,0.0212,0.1412
2.2,2.7,2.4,2.5,2.2,14.9,20.5,36.7,35.4,-0.9546,0.1654,0.0094,0.0451,-0.0012,-0.0271,0.0348,0.219
2.2,4.1,3.8,4.3,2.5,8.2,16.7,39.7,16.0,-0.2547,-0.238,-0.2045,0.1019,0.2098,-0.0842,-0.7049,0.5083
2.2,4.1,1.2,1.6,2.8,11.0,17.1,16.1,9.9,-0.0024,0.269,-0.3186,-0.6311,-0.5153,0.3268,-0.0895,0.1578
2.2,1.6,3.7,2.3,4.3,5.5,2.5,17.3,39.1,-0.4724,0.2156,-0.4287,0.2091,0.1111,0.5135,-0.0815,-0.4577
2.2,4.8,4.8,3.1,2.9,13.4,17.3,33.3,29.4,-0.9557,0.0112,0.0013,0.0953,0.0109,-0.0579,-0.0047,0.2566
2.2,3.0,3.9,2.8,4.5,21.9,15.2,26.1,30.3,-0.8097,0.5771,-0.015,-0.0365,0.002,0.0134,0.0017,0.0037
2.2,2.5,1.4,3.5,4.7,8.7,11.0,32.3,28.6,-0.5604,0.139,-0.4131,-0.1151,0.4125,0.346,-0.4089,-0.1227
2.2,1.6,4.3,4.7,3.4,8.4,10.3,14.9,28.0,-0.3265,0.0406,0.2396,-0.0639,-0.4022,0.4096,-0.4512,-0.5319
2.2,4.5,4.5,2.3,4.8,7.8,17.1,37.9,7.9,-0.0128,0.1554,-0.4174,0.0732,-0.1307,0.3729,0.331,-0.6793
2.2,4.5,4.7,4.2,2.6,13.3,5.1,16.8,25.0,-0.301,-0.3181,0.0667,-0.2301,-0.1478,0.4699,-0.6594,0.227
2.2,1.8,3.0,1.5,3.2,13.3,11.4,33.2,12.6,-0.2345,0.0289,-0.6533,-0.0659,-0.0975,0.629,0.0911,-0.2712
2.2,4.3,1.2,2.0,1.4,3.3,13.8,14.6,38.6,-0.4495,0.0823,-0.3591,-0.0579,0.2011,0.5759,-0.3146,-0.4146
2.2,1.2,3.2,1.0,2.0,9.2,5.7,17.3,9.5,0.0426,0.4174,-0.0165,-0.5655,-0.5459,-0.0979,-0.418,-0.1099
2.2,3.6,2.6,4.7,2.5,20.6,16.8,36.4,7.0,-0.9382,0.3342,-0.0043,0.0132,0.0049,-0.0096,0.0097,0.0305
2.2,4.0,3.8,4.9,2.5,12.4,17.5,6.9,16.6,-0.7931,0.1182,-0.0016,0.0808,-0.0329,0.0539,-0.0788,-0.5787
2.2,4.6,2.7,2.3,2.8,21.9,18.7,33.0,26.0,-0.7653,0.6379,-0.0069,-0.0119,0.0015,0.004,0.0022,0.003
2.2,2.8,2.6,3.5,2.6,18.4,14.3,5.8,34.5,-0.6291,0.5464,0.0673,0.0944,-0.0642,0.0402,-0.3462,-0.3924
2.2,4.0,2.4,3.4,2.3,18.4,17.5,16.1,22.5,-0.9524,0.062,-0.0882,0.1161,0.0944,-0.0747,-0.0098,0.1961
2.2,3.8,1.5,2.2,4.4,9.0,6.4,25.0,6.7,-0.3093,0.1443,0.1716,-0.6306,-0.4267,0.1475,-0.4547,0.1924
2.2,2.1,1.1,1.6,2.7,17.2,9.5,37.5,6.3,-0.6524,0.3449,-0.4502,-0.3593,-0.1346,0.1654,0.1214,0.2238
2.2,1.4,1.1,5.0,4.1,2.7,13.7,6.6,33.3,-0.5486,0.0393,-0.2653,0.2599,-0.2988,0.2212,0.2103,-0.6079
2.2,2.1,2.7,2.7,2.3,10.2,10.5,24.4,28.7,-0.4256,-0.0793,-0.4295,-0.1392,0.3924,0.4054,-0.5218,-0.0719
2.2,2.1,1.3,4.4,4.3,14.9,13.7,30.5,23.1,-0.6188,-0.0073,-0.4075,-0.1775,0.4038,0.3294,-0.3663,0.037
2.2,4.6,1.3,4.2,3.8,20.6,15.9,8.3,10.3,-0.932,0.3378,0.0001,-0.002,-0.0019,-0.0026,0.0186,0.0615
2.2,2.5,4.3,2.8,2.0,18.0,3.6,40.3,23.2,-0.902,0.2343,-0.1786,0.0917,0.1875,-0.0685,0.0079,0.2063
2.2,2.2,2.8,4.3,1.8,3.1,4.1,38.3,14.9,-0.4234,0.1208,-0.0791,-0.4657,0.0866,0.5048,-0.5496,0.0909
2.2,2.6,2.8,2.8,2.9,17.8,12.0,27.5,32.5,-0.9107,0.0981,-0.1081,0.2514,0.1291,-0.1497,-0.0396,0.1857
2.2,3.9,3.4,3.7,1.0,13.2,7.0,21.4,37.4,-0.6697,-0.1413,-0.3937,-0.1207,0.3823,0.2782,-0.3153,0.1551
2.2,2.9,1.8,1.4,2.0,20.9,17.8,12.2,31.1,-0.7507,0.6476,0.0017,0.0512,0.0097,-0.0304,0.0204,0.0282
2.2,3.5,1.0,1.0,3.7,12.5,3.4,32.3,29.7,-0.5731,0.3552,-0.4053,0.2839,0.4298,0.2344,-0.2143,-0.0428
2.2,1.3,1.1,1.5,2.5,21.4,17.2,32.9,38.7,-0.7945,0.5864,0.0381,0.0842,-0.0076,-0.0351,0.0192,0.0342
2.2,4.5,2.3,2.0,3.5,21.0,20.4,40.3,36.7,-0.7651,0.6384,-0.0001,0.0007,0.0001,-0.0002,0.012,0.0151
2.2,1.5,4.3,2.2,2.7,19.4,3.1,27.4,39.7,-0.8258,0.1745,-0.0972,0.3947,0.1538,-0.2078,-0.085,0.1784
2.2,1.6,2.8,4.3,3.0,6.6,9.7,22.6,29.5,-0.5068,-0.0174,-0.2302,-0.2989,0.1614,0.5705,-0.405,-0.272
2.2,1.2,1.3,1.7,1.9,7.1,15.6,5.3,18.3,0.0537,0.4339,-0.3967,-0.0373,-0.4564,-0.0594,0.4395,-0.4845
2.2,4.4,4.5,1.0,2.4,7.7,9.0,36.8,16.8,-0.424,0.1192,-0.4379,0.0635,0.4452,0.4299,-0.4312,-0.1462
2.2,3.2,3.1,1.4,4.2,12.1,10.8,30.0,12.6,-0.3242,0.3865,-0.6641,-0.4001,-0.1706,0.255,0.1617,0.1026
2.2,3.1,3.2,3.4,3.4,2.2,2.6,25.3,17.4,0.0917,-0.0618,-0.2143,-0.3054,-0.7087,0.5047,-0.1477,-0.2309
2.2,3.9,4.6,2.5,2.7,15.8,12.8,38.2,15.2,-0.8699,0.0781,-0.1304,0.2323,0.1498,-0.1793,-0.0464,0.3104
2.2,2.8,1.9,3.7,2.9,2.0,8.7,19.2,27.6,-0.2599,-0.1755,-0.0334,-0.2476,-0.2788,0.684,-0.3665,-0.3807
2.2,1.5,4.0,2.1,2.5,6.1,5.0,34.1,17.0,-0.4186,-0.1026,-0.2265,-0.2411,0.0655,0.7057,-0.3928,-0.1802
2.2,2.8,3.3,4.4,3.7,8.8,17.9,20.3,34.5,-0.2143,-0.1825,-0.3503,0.136,0.3581,-0.0108,-0.7739,0.1407
2.2,4.2,1.4,1.7,2.2,15.4,10.4,8.0,16.7,-0.2974,0.5409,-0.1335,0.152,-0.3429,0.1611,-0.5064,-0.4056
2.2,4.1,2.5,1.8,3.5,20.0,22.0,33.2,30.6,-0.7968,0.5977,-0.0026,-0.0026,0.0004,0.0005,0.0175,0.0242
2.2,3.0,2.8,4.9,4.6,16.4,21.2,13.3,43.0,-0.7973,0.5677,-0.0231,-0.0292,-0.001,0.0017,0.015,0.0111
2.2,2.6,3.3,2.2,2.6,10.7,18.4,17.0,28.3,-0.0527,-0.0656,-0.2209,0.0755,0.2333,0.0567,-0.9206,-0.096
2.2,4.1,4.8,4.1,4.8,10.9,19.3,17.5,17.2,-0.3179,0.2965,-0.0605,-0.0041,0.0582,0.0677,-0.6157,-0.6354
2.2,1.2,2.7,3.5,4.0,8.0,18.3,13.7,5.2,-0.5305,0.582,0.1558,-0.4321,-0.3381,0.1281,-0.0861,0.1126
2.2,2.7,3.3,2.9,1.7,6.8,3.7,33.9,37.6,-0.5244,0.039,-0.4776,0.1132,0.5028,0.0406,-0.4444,0.1366
2.2,2.1,3.3,1.0,1.3,18.9,6.3,29.4,20.6,-0.8082,0.4945,-0.1591,0.1469,0.1865,0.0239,0.0142,0.0784
2.2,1.2,3.6,4.7,1.3,7.2,11.6,38.7,28.9,-0.41,-0.2699,-0.2755,0.0913,0.279,-0.0764,-0.5559,0.518
2.2,3.9,2.1,3.0,1.5,18.8,18.2,4.6,10.6,-0.8075,0.5011,0.0086,0.0378,-0.0047,0.0273,-0.1549,-0.2538
2.2,4.2,2.8,3.8,3.0,21.0,5.3,15.9,5.5,-0.9001,0.4247,0.0295,0.0056,0.0162,-0.0059,0.0064,0.0143
2.2,2.3,3.3,2.9,3.9,12.4,10.6,37.0,27.4,-0.5262,-0.0295,-0.4367,0.17,0.4617,-0.0767,-0.4315,0.2886
2.2,3.6,2.4,4.6,1.0,8.1,18.3,9.1,38.2,-0.726,0.2477,0.1234,0.0772,-0.1449,0.0608,-0.2094,-0.559
2.2,1.7,4.9,4.5,4.8,15.9,20.7,43.2,20.6,-0.8871,-0.0702,-0.0005,-0.0088,3.1246e-05,0.0079,-0.0384,0.4416
2.2,4.3,1.9,3.2,1.1,8.2,15.0,5.8,22.2,-0.6606,0.0088,-0.0911,0.1343,-0.1057,0.1224,0.0327,-0.7102
2.2,1.3,4.9,2.0,4.0,19.3,2.4,23.8,19.3,-0.798,0.0926,-0.4247,0.0304,-0.0092,0.3896,0.026,0.0563
2.2,1.2,1.1,1.0,4.6,11.3,2.1,16.7,9.0,-0.1096,0.4159,0.1284,-0.4895,-0.4861,-0.1436,-0.5191,-0.153
2.2,2.4,4.0,2.1,4.0,16.0,14.1,33.9,12.2,-0.5127,0.1684,-0.4244,-0.0106,0.434,0.3454,-0.4192,-0.1498
2.2,2.9,2.9,2.0,2.3,2.4,10.5,17.5,29.3,-0.1855,-0.1303,-0.3414,-0.1756,-0.0291,0.6922,-0.2618,-0.4878
2.2,2.9,2.4,2.6,1.8,14.4,11.2,33.1,16.6,-0.6883,-0.1043,-0.3989,-0.0051,0.4109,0.1222,-0.2859,0.278
2.2,1.2,4.7,2.8,1.2,11.4,13.6,26.9,10.1,-0.2731,0.067,-0.2441,-0.1589,0.1642,0.4226,-0.5357,-0.572
2.2,4.5,3.8,2.3,4.5,10.9,16.3,16.3,9.3,-0.1092,0.5521,-0.433,-0.513,-0.2664,0.2567,0.2563,0.0745
2.2,4.8,2.1,4.9,3.8,18.8,14.7,22.7,19.3,-0.963,0.1775,-0.1141,0.0331,0.116,0.0107,-0.0011,0.0751
2.2,2.5,1.4,3.9,2.3,16.5,7.9,25.8,40.2,-0.6983,-0.0418,-0.337,0.3361,0.357,-0.1664,-0.2713,0.2029
2.2,4.7,3.5,1.2,2.6,3.0,16.2,30.9,33.4,-0.3961,-0.2671,-0.1895,0.3652,0.2686,-0.152,-0.5605,0.4102
2.2,2.4,1.8,5.0,3.0,7.8,9.4,40.6,41.6,-0.6943,-0.0065,-0.2474,0.3308,0.2586,-0.2988,-0.242,0.3494
2.2,3.2,2.4,2.7,2.4,21.6,5.1,18.8,17.8,-0.8385,0.5355,0.0142,-0.0109,-0.0127,-0.0177,0.0041,0.0076
2.2,4.4,3.3,2.4,3.9,8.4,10.8,23.1,4.6,-0.411,0.2077,0.1546,-0.6385,-0.3822,0.1951,-0.3488,0.2042
2.2,3.8,4.8,3.2,3.3,13.9,21.2,36.1,39.5,-0.9296,0.3443,-0.0127,-0.023,0.0034,0.0085,0.0242,0.0716
2.2,1.1,2.4,2.2,4.0,19.8,21.4,34.3,28.6,-0.9497,0.2554,0.0015,0.0073,-0.0001,-0.0029,0.0341,0.1368
2.2,4.3,3.9,4.9,4.6,12.4,5.9,43.0,28.0,-0.7411,0.023,-0.3068,0.2046,0.3092,-0.1982,-0.1746,0.3724
2.2,3.8,4.1,3.8,2.1,2.7,18.7,22.0,20.5,-0.2783,0.1973,-0.0697,-0.0037,0.0553,0.0853,-0.5481,-0.7464
2.2,2.9,5.0,3.2,3.9,15.8,17.7,6.6,5.5,-0.0223,0.6067,-0.2858,-0.013,-0.3813,-0.0726,0.5629,-0.1939
2.2,4.4,4.8,3.1,2.3,21.1,12.4,4.7,4.6,-0.1333,0.2751,-0.0037,-0.0106,0.0211,-0.0266,-0.7362,0.2104
2.2,3.5,1.5,4.1,1.8,13.9,8.4,31.4,20.2,-0.7593,-0.1792,-0.3119,-0.1186,0.3137,0.1958,-0.23,0.2833
2.2,3.3,4.9,3.8,3.6,5.9,20.9,42.4,17.4,-0.2286,-0.2276,0.0113,-0.0146,-0.0122,0.0132,-0.6756,0.6462
2.2,1.4,2.0,1.9,2.1,20.4,21.6,25.4,39.0,-0.8947,0.4292,0.0049,0.0116,-0.0008,-0.003,0.0238,0.0531
2.2,1.6,1.1,3.5,4.5,13.6,18.8,27.9,33.0,-0.4959,-0.2176,-0.3658,0.2767,0.3806,-0.117,-0.4862,0.2773
2.2,1.1,1.3,3.7,4.8,20.9,10.7,40.7,39.5,-0.936,0.2641,0.0118,0.1355,0.0026,-0.0977,0.0163,0.1197
2.2,1.3,2.2,4.0,2.8,10.3,19.5,42.0,30.2,-0.773,-0.1822,-0.0392,0.0969,0.0412,-0.0917,-0.1501,0.5588
2.2,2.1,4.4,2.3,4.4,7.9,5.7,4.1,13.3,-0.5717,0.5252,-0.1955,-0.3515,-0.2052,-0.3595,0.0793,-0.2323
2.2,1.3,4.8,2.9,3.0,16.2,14.1,38.1,18.1,-0.5222,-0.2348,-0.2528,0.2117,0.2688,-0.1589,-0.4358,0.5031
2.2,4.4,3.9,1.2,3.1,11.8,15.9,20.1,25.1,-0.4761,-0.2242,-0.2303,0.3631,0.2992,-0.1567,-0.4757,0.4133
2.2,3.0,4.2,3.6,4.4,2.5,3.3,5.4,6.4,-0.648,0.3239,0.05,-0.3959,0.0222,-0.4256,0.0863,-0.3524
2.2,4.1,3.6,1.0,2.5,18.3,2.6,36.5,43.4,-0.691,0.676,0.1389,0.1604,-0.0344,-0.065,0.0397,0.0646
2.2,4.1,4.5,2.2,3.0,7.8,18.1,42.9,12.5,0.016,0.2403,-0.1846,0.0449,0.1968,-0.0238,-0.8848,0.2428
2.2,3.3,4.3,1.3,3.3,19.3,7.4,21.9,42.2,-0.7719,0.5782,0.1175,0.1876,-0.0213,-0.0683,0.027,0.0653
2.2,1.2,4.4,3.3,2.8,12.6,11.3,41.7,10.5,-0.5496,0.3944,-0.2515,-0.3373,0.2643,0.3728,-0.3785,-0.0366
2.2,3.9,4.0,2.6,2.8,2.3,2.8,38.6,29.9,-0.4952,0.2058,-0.4366,-0.1398,0.4666,0.2481,-0.4553,0.0693
2.2,2.8,4.4,1.6,1.3,3.9,5.5,30.0,5.7,-0.0872,0.3664,-0.0235,-0.6679,-0.5262,0.121,-0.3125,0.1124
2.2,2.5,3.4,3.1,2.7,11.8,21.8,23.0,39.9,-0.9554,0.2296,-0.0288,-0.0624,0.0046,0.0188,0.0169,0.0926
2.2,2.4,3.1,1.1,1.4,3.7,2.1,27.6,33.8,-0.4176,-0.0474,-0.5498,0.0932,0.3289,0.5197,-0.2998,-0.1683
2.2,4.2,4.0,1.7,4.7,14.1,8.0,19.5,35.6,-0.5376,0.2199,-0.4123,0.3363,0.4868,0.0046,-0.3518,0.0619
2.2,4.7,2.7,2.7,2.1,7.7,19.6,4.8,40.8,-0.7975,0.4476,0.0851,0.0947,-0.0507,0.0569,-0.1733,-0.317
2.2,4.8,4.6,2.2,3.4,6.4,11.6,25.4,19.7,-0.293,-0.0358,-0.4126,-0.0746,0.2171,0.5524,-0.3886,-0.4668
2.2,3.4,3.0,3.8,1.4,15.2,6.0,8.5,24.3,-0.6708,0.3845,-0.0345,0.1237,-0.0991,0.0891,-0.2827,-0.5299
2.2,3.6,1.1,5.0,4.5,13.3,12.4,15.6,37.2,-0.7928,0.1475,-0.2164,-0.1285,0.1857,0.4229,-0.1587,-0.1937
2.2,2.1,1.3,1.7,2.8,21.7,9.4,29.8,19.1,-0.7517,0.6502,-0.0133,0.009,0.0135,0.0043,0.0071,0.0093
2.2,2.8,1.8,3.9,2.7,12.3,19.1,31.8,31.0,-0.8063,-0.2727,-0.0697,0.163,0.079,-0.1138,-0.1787,0.4235
2.2,3.7,4.8,3.1,1.0,14.9,19.3,5.5,41.1,-0.8021,0.4468,0.0175,0.0352,-0.0057,0.0173,-0.1855,-0.3365
2.2,1.7,4.7,3.8,3.7,9.8,4.5,14.0,24.1,-0.0981,0.1826,-0.0973,0.1636,-0.6107,0.2269,-0.2369,-0.6533
2.2,4.3,2.2,2.6,4.1,15.2,9.7,35.4,27.1,-0.8189,0.1477,-0.2651,0.2512,0.293,-0.1499,-0.1053,0.2119
2.2,3.9,2.3,1.3,3.8,16.4,11.2,19.4,39.8,-0.7329,0.2922,0.0037,0.4779,0.1214,-0.2488,-0.0771,0.2256
2.2,1.6,4.1,4.1,4.7,20.6,14.3,25.7,7.7,-0.9138,0.1696,-0.2058,-0.0195,0.1856,0.1929,-0.0397,0.0353
2.2,3.2,4.4,4.1,4.6,14.2,13.3,42.0,11.3,-0.5084,0.3205,-0.4098,-0.2123,0.4186,0.2364,-0.4195,0.0424
2.2,2.5,1.3,4.9,3.7,11.4,12.0,17.9,38.3,-0.7186,0.1874,-0.2754,-0.1012,0.2406,0.4117,-0.2246,-0.2735
2.2,1.5,3.2,2.0,2.8,14.0,18.4,25.8,35.9,-0.8755,-0.1275,-0.0101,0.2341,0.0485,-0.1242,-0.0898,0.3434
2.2,2.9,2.3,2.8,2.9,16.8,16.8,17.4,29.3,-0.7361,-0.1633,-0.2901,0.2334,0.3048,-0.1184,-0.2404,0.3265
2.2,3.0,4.7,1.7,4.8,13.5,7.7,18.5,5.6,-0.345,0.1708,0.112,-0.636,-0.3816,0.2167,-0.411,0.2478
2.2,2.4,1.3,3.4,4.1,18.8,2.8,33.2,16.2,-0.9293,0.1741,-0.1586,-0.0363,0.1486,0.2003,-0.0174,0.0883
2.2,1.2,3.6,4.9,2.9,6.3,7.7,17.5,31.6,-0.4369,-0.1223,0.0571,-0.307,-0.1889,0.637,-0.4058,-0.2737
2.2,1.6,3.7,2.0,2.7,19.9,2.8,4.8,14.7,-0.5887,0.6205,-0.1823,-0.0004,-0.2227,-0.019,-0.2669,-0.3178
2.2,3.2,4.2,3.1,1.2,4.1,9.2,10.5,31.0,-0.4275,0.1276,-0.0479,0.1867,-0.2062,0.1487,-0.1541,-0.817
2.2,3.9,3.4,4.8,3.9,6.6,6.2,8.5,26.2,-0.4688,0.1414,-0.2863,0.2315,-0.3756,0.1659,0.1163,-0.6596
2.2,4.8,1.9,4.8,4.7,16.2,11.0,23.2,6.4,-0.7816,-0.0188,-0.231,-0.4488,-0.164,0.0924,-0.0152,0.2954
2.2,4.1,3.9,1.9,2.7,10.2,19.9,13.8,22.0,-0.144,0.2364,-0.0577,0.0197,0.067,0.0443,-0.8198,-0.4735
2.2,3.0,3.2,3.5,1.0,9.9,14.3,11.6,31.6,-0.4836,0.2813,0.1306,0.0573,-0.1772,0.1129,-0.4212,-0.6603
2.2,1.3,4.7,3.2,2.8,5.6,15.0,21.4,12.8,0.0552,0.0273,-0.3259,-0.1182,-0.1524,0.4204,0.2885,-0.7566
2.2,4.1,2.1,3.7,3.0,12.7,18.6,14.2,12.0,-0.4638,0.105,-0.0261,-0.2225,-0.0524,0.4806,-0.3646,-0.579
2.2,1.3,3.6,1.8,3.2,15.4,12.8,27.1,30.0,-0.512,-0.1465,-0.3751,0.3353,0.4134,-0.0961,-0.4477,0.2514
2.2,1.3,3.1,1.2,2.4,8.3,15.4,19.9,40.5,-0.4252,-0.0127,-0.2653,0.5201,0.3908,-0.1674,-0.4685,0.2285
2.2,4.7,1.8,3.7,2.4,19.9,7.6,40.0,13.0,-0.9149,0.3894,-0.0397,0.0099,0.0417,-0.0041,0.0164,0.0446
2.2,2.4,3.3,2.3,4.8,8.0,11.0,29.6,34.0,-0.4117,0.1043,-0.4674,0.2125,0.5001,0.1179,-0.5254,-0.0471
2.2,2.7,1.8,4.3,2.5,19.1,17.1,43.4,41.0,-0.9295,0.3052,0.0085,0.0779,-0.0076,-0.0757,0.0424,0.1504
2.2,4.1,1.7,4.8,3.6,12.9,20.0,22.6,19.7,-0.1612,-0.3093,-0.2041,0.0795,0.2056,-0.0164,-0.8321,0.2456
2.2,2.1,4.9,4.1,4.8,4.9,20.0,35.1,23.0,-0.1439,-0.2978,-0.0286,0.0217,0.0306,-0.0106,-0.85,0.3745
2.2,2.2,2.4,1.6,2.4,4.1,17.3,20.3,7.2,-0.2327,0.753,-0.3174,-0.4596,-0.0968,0.1563,0.1064,0.0876
2.2,2.9,3.1,2.0,4.2,11.4,7.3,42.5,27.7,-0.5106,0.2432,-0.4629,0.1249,0.4913,-0.0757,-0.3354,0.2785
2.2,1.4,1.1,2.1,4.1,13.9,7.6,10.6,6.5,-0.4911,0.5141,0.0418,-0.2851,-0.2271,-0.3758,-0.2243,-0.404
2.2,2.1,3.3,1.1,4.8,12.8,8.0,5.3,28.3,-0.1791,0.508,-0.4038,0.2523,-0.4513,0.2394,0.0954,-0.4502
2.2,4.8,1.7,1.6,3.6,10.1,6.2,14.5,32.6,-0.592,0.0929,-0.4387,0.0426,0.1795,0.602,-0.1169,-0.1554
2.2,1.1,2.0,3.6,1.9,21.4,14.8,33.8,10.0,-0.9447,0.2631,-0.0716,0.0648,0.0759,-0.0388,0.0069,0.0681
2.2,3.4,2.0,2.1,1.7,13.0,18.1,32.1,14.1,-0.5003,-0.3374,-0.2167,0.2221,0.2378,-0.1188,-0.4821,0.4604
2.2,4.4,1.9,2.4,4.9,11.2,13.6,32.2,37.0,-0.6911,0.023,-0.2125,0.4421,0.2728,-0.2425,-0.2346,0.2831
2.2,4.4,1.3,1.1,4.2,12.8,20.0,31.7,40.7,-0.7754,0.5563,0.1312,0.1992,-0.0261,-0.0791,0.0428,0.0979
2.2,1.0,2.8,1.7,1.8,21.4,21.2,27.4,35.7,-0.8655,0.483,0.0036,0.0068,-0.0006,-0.0017,0.0214,0.0422
2.2,3.1,2.8,3.2,1.9,7.0,15.0,35.1,36.6,-0.6821,-0.2229,-0.1903,0.2728,0.2095,-0.1973,-0.2878,0.4409
2.2,2.9,3.2,3.7,1.2,13.0,8.2,16.4,41.1,-0.6686,0.1309,-0.3451,-0.1296,0.3255,0.4067,-0.2881,-0.1671
2.2,3.9,2.5,2.2,2.9,2.6,3.3,24.5,34.6,-0.4882,0.0742,-0.4718,0.0548,0.2798,0.5129,-0.2638,-0.3284
2.2,1.8,4.6,1.3,3.2,2.2,19.7,40.2,20.5,0.0174,0.1913,-0.0637,0.0431,0.0852,-0.0077,-0.9545,0.1284
2.2,2.8,3.8,2.3,4.4,4.3,3.6,22.5,12.8,-0.1269,0.3393,0.0805,-0.6234,-0.552,0.0498,-0.3881,0.0816
2.2,3.3,1.4,2.8,1.1,20.8,19.3,24.2,26.7,-0.8979,0.4294,0.0008,0.0088,0.0006,-0.0039,0.0098,0.0226
2.2,2.0,4.3,4.9,3.0,13.0,20.6,36.8,43.9,-0.8062,0.5492,-0.0011,0.005,0.0003,0.0001,0.02,0.0138
2.2,3.8,1.5,1.8,2.4,17.1,10.3,5.6,29.6,-0.5366,0.6415,0.0244,0.1504,-0.0687,0.1276,-0.3678,-0.3343
2.2,3.7,1.2,3.5,3.7,10.2,14.6,5.7,35.6,-0.6831,0.2785,-0.0516,0.2673,-0.1246,0.2131,-0.1282,-0.5453
2.2,1.2,3.8,2.3,2.2,7.9,20.2,40.9,38.8,-0.9297,0.191,0.0114,0.0493,-0.0038,-0.036,0.0509,0.2778
2.2,1.9,5.0,4.2,2.4,18.8,15.1,9.6,8.3,-0.4517,0.3993,0.113,0.1257,-0.1568,0.0822,-0.5064,-0.5386
2.2,3.9,1.5,2.3,5.0,2.7,11.9,6.9,24.2,-0.2194,0.6332,-0.401,-0.1357,-0.4619,-0.1694,0.2491,-0.2457
2.2,3.2,3.6,2.6,2.0,17.1,8.1,43.6,7.2,-0.816,0.3255,-0.2432,-0.1552,0.2514,0.1705,-0.0251,0.2075
2.2,2.8,2.4,4.5,1.3,15.3,20.6,39.3,8.4,-0.8186,-0.2224,-0.0103,0.031,0.0115,-0.0263,-0.1413,0.4937
2.2,2.1,3.6,3.4,4.5,2.9,17.1,36.4,19.2,-0.2536,0.3515,-0.2271,-0.0558,0.2425,0.1559,-0.7362,-0.3396
2.2,4.6,4.1,2.6,3.5,16.9,14.4,10.3,11.3,-0.1606,-0.0333,0.1759,-0.1386,-0.2365,0.4546,-0.7737,0.1333
2.2,4.5,3.5,4.1,2.1,3.8,10.9,19.0,15.9,-0.1672,0.0124,0.0817,0.0282,-0.4443,0.3282,-0.2135,-0.7758
2.2,2.3,2.8,4.9,2.9,6.5,18.3,15.9,43.8,-0.6159,0.1451,-0.3598,0.3635,0.406,-0.145,-0.3164,0.1087
2.2,1.1,2.2,4.7,3.2,4.6,14.5,8.8,36.1,-0.5684,0.182,0.116,0.2534,-0.2918,0.1615,-0.1946,-0.6346
2.2,3.7,2.5,3.7,1.7,16.3,8.7,18.0,11.5,-0.6195,-0.3896,-0.0995,-0.1482,-0.0436,0.4025,-0.3324,0.3666
2.2,4.0,4.8,4.2,3.6,14.3,15.0,40.4,29.9,-0.9399,0.0793,-0.0145,0.115,0.0203,-0.0992,0.01,0.2819
2.2,4.7,1.8,1.0,3.9,20.2,16.8,8.1,36.1,-0.6272,0.7308,-0.1042,0.1288,0.1364,-0.0935,0.0269,0.0625
2.2,1.5,3.5,4.2,1.2,6.9,7.1,12.6,30.7,-0.449,0.1953,0.0213,0.1637,-0.2158,0.1215,-0.2973,-0.7583
2.2,2.0,4.8,1.2,2.4,3.1,9.9,26.9,23.9,-0.0576,-0.0818,-0.5101,0.0736,0.2023,0.5024,-0.3317,-0.551
2.2,1.6,3.7,2.6,1.3,12.9,15.3,21.6,24.8,-0.1016,-0.1782,-0.2979,-0.0008,0.2916,0.1274,-0.8646,-0.029
2.2,4.1,3.8,2.3,4.0,10.7,4.4,13.6,20.9,0.1113,0.0627,-0.19,-0.2159,-0.7279,0.3571,-0.4633,-0.1021
2.2,1.2,1.7,2.8,3.0,9.6,17.8,33.8,30.3,-0.3843,-0.27,-0.2971,0.2182,0.317,-0.1157,-0.5999,0.3863
2.2,2.1,2.9,1.0,1.5,4.6,13.3,37.9,36.0,-0.4604,-0.0627,-0.2249,0.374,0.3052,-0.2371,-0.4171,0.5002
2.2,2.9,4.5,2.6,2.4,5.7,11.3,16.0,4.1,-0.3553,0.5896,0.2128,-0.3253,-0.4532,-0.2198,-0.3071,-0.1418
2.2,4.6,4.0,2.6,1.3,15.1,20.8,24.2,18.1,-0.9335,-0.1287,-1.3153e-05,0.0073,0.001,-0.0034,-0.0467,0.3118
2.2,1.8,3.5,1.2,2.9,2.6,3.8,16.2,29.5,-0.0468,0.0592,-0.684,-0.2832,-0.2598,0.5861,0.1092,-0.0843
2.2,4.6,2.4,4.3,2.4,11.7,2.7,27.4,40.6,-0.5438,0.0358,-0.4591,0.238,0.4807,-0.0392,-0.4254,0.0918
2.2,4.9,4.3,3.9,1.7,18.9,6.6,19.3,30.6,-0.9637,0.207,-0.0776,0.0013,0.0783,0.0443,0.0097,0.0811
2.2,4.9,3.2,4.4,3.9,9.5,8.5,17.0,5.6,-0.4054,0.5287,0.1793,-0.2348,-0.4083,-0.3084,-0.357,-0.2695
2.2,2.1,2.4,3.7,2.8,16.5,17.8,8.8,18.9,-0.6018,0.3439,0.1126,0.0892,-0.1379,0.0711,-0.3496,-0.5842
2.2,1.7,2.2,4.2,3.9,21.5,11.3,39.7,40.9,-0.9233,0.3692,-0.0002,0.011,0.0006,-0.0057,0.0114,0.0335
2.2,2.1,4.9,4.9,2.1,12.0,20.7,16.8,39.5,-0.8412,-0.2991,-0.0015,-0.0122,-0.0009,0.0077,-0.1514,0.3699
2.2,2.5,3.2,3.1,1.9,7.9,6.1,10.0,6.8,-0.4517,0.5155,-0.0835,-0.3636,-0.2377,-0.4417,-0.0176,-0.3665
2.2,3.1,1.8,2.2,1.3,4.1,17.7,25.4,9.0,0.194,0.0662,-0.4,-0.1071,-0.1156,0.4074,0.2081,-0.7336
2.2,4.7,2.6,4.5,4.7,3.7,21.3,10.0,42.7,-0.8406,0.5207,-0.0183,-0.0264,0.0024,0.0057,0.0018,0.0012
2.2,4.1,1.9,3.8,2.4,10.4,17.1,16.8,10.5,-0.223,-0.0691,0.0466,-0.147,-0.3782,0.5505,-0.2439,-0.6282
2.2,3.3,3.0,1.6,2.2,5.6,9.1,31.4,40.1,-0.4557,0.0816,-0.3616,0.4317,0.4541,-0.1219,-0.45,0.1742
2.2,3.1,3.3,2.6,2.7,18.9,17.9,37.9,24.1,-0.9223,0.3574,0.0089,0.0369,-0.0024,-0.0234,0.0375,0.1026
2.2,4.7,2.6,3.9,3.5,4.7,8.9,9.8,8.7,-0.5623,0.5446,-0.0876,-0.3247,-0.2026,-0.4047,0.0202,-0.2543
2.2,3.2,1.3,4.7,3.7,15.5,3.8,16.3,24.7,-0.4542,-0.3903,0.0054,-0.1906,-0.1516,0.4897,-0.4806,0.2963
2.2,2.1,2.9,4.7,4.8,11.6,22.0,24.4,37.6,-0.9656,0.1613,-0.0403,-0.1113,0.004,0.031,0.0083,0.0919
2.2,3.6,2.0,2.2,4.5,15.8,20.0,28.4,36.2,-0.934,0.2881,0.0364,0.1203,-0.0043,-0.0524,0.0292,0.1237
2.2,2.2,3.6,2.2,2.9,3.8,18.5,23.5,23.0,-0.0557,0.0412,-0.1546,0.0494,0.1349,0.1218,-0.7419,-0.6065
2.2,3.7,1.3,3.7,3.4,16.3,14.1,7.4,33.5,-0.5268,0.5066,0.1012,0.1519,-0.1286,0.0844,-0.4396,-0.4494
2.2,3.8,3.1,2.9,4.7,5.0,15.3,11.4,31.2,-0.4664,-0.0377,-0.0366,-0.2123,-0.1138,0.6763,-0.2703,-0.4158
2.2,2.8,3.2,2.2,1.6,16.7,19.4,23.4,18.7,-0.9258,-0.1199,-0.0008,0.0695,0.0112,-0.0363,-0.0494,0.321
2.2,2.4,2.2,4.1,1.2,15.5,5.0,43.2,18.8,-0.838,0.0112,-0.2331,0.0514,0.2335,-0.0501,-0.0645,0.4121
2.2,3.4,2.4,2.7,1.3,13.2,10.8,40.9,20.4,-0.7989,-0.0436,-0.2248,0.1455,0.2321,-0.1274,-0.1153,0.44
2.2,2.6,4.1,4.3,1.0,20.5,4.5,7.0,23.4,-0.2293,-0.1866,0.0084,0.0021,-0.026,0.0348,-0.7381,0.4194
2.2,3.0,2.8,2.6,3.8,19.8,10.0,39.6,11.0,-0.8723,0.4309,-0.1318,0.0013,0.1476,0.0417,0.0095,0.0659
2.2,1.9,4.5,4.4,3.0,13.0,16.6,28.7,4.2,-0.1037,0.5142,-0.4505,-0.3124,-0.286,0.1639,0.5164,-0.0764
2.2,1.2,1.6,2.0,2.3,4.6,9.8,15.6,5.4,-0.3087,0.5377,0.1661,-0.3838,-0.3615,-0.367,-0.274,-0.3074
2.2,2.1,4.3,1.3,5.0,16.1,5.9,13.8,17.3,-0.2417,0.0593,-0.3691,-0.5538,-0.3767,0.3662,-0.1916,0.4007
2.2,2.7,3.8,3.7,3.5,10.4,17.1,8.5,21.6,-0.5816,0.1025,0.0651,0.1351,-0.1532,0.1047,-0.1228,-0.7552
2.2,3.6,2.6,4.3,1.5,7.8,11.2,10.8,38.1,-0.4235,0.2128,0.2662,0.0649,-0.3638,0.2567,-0.4659,-0.511
2.2,1.9,1.3,3.5,2.9,5.7,21.5,15.0,26.4,-0.3773,0.2368,-0.0329,-0.0002,0.024,0.0489,-0.4737,-0.7468
2.2,4.7,4.9,4.9,4.5,15.3,5.7,19.9,18.0,-0.7695,-0.2661,-0.1334,-0.1602,0.0262,0.4362,-0.1817,0.2361
2.2,2.9,1.4,2.3,4.7,9.2,9.0,30.7,14.6,-0.3068,0.1812,-0.5235,-0.5648,-0.3412,0.3243,0.1004,0.187
2.2,4.5,2.1,1.9,2.5,11.6,17.7,24.5,21.5,-0.4425,-0.3251,-0.2799,0.2543,0.3032,-0.0909,-0.5381,0.3761
2.2,1.9,2.0,3.6,4.7,8.2,16.7,12.2,34.9,-0.6707,0.0481,-0.1456,-0.1853,0.0704,0.5741,-0.2005,-0.3197
2.2,3.1,4.8,3.1,4.9,12.9,18.3,30.3,40.2,-0.9357,0.2769,0.0417,0.1454,-0.0059,-0.0615,0.0161,0.0957
2.2,2.5,1.5,2.2,4.4,8.3,9.0,19.6,6.0,-0.2728,0.4101,0.2773,-0.4068,-0.4786,-0.1696,-0.4748,-0.1572
2.2,3.6,4.3,1.2,4.0,17.9,11.9,26.3,36.1,-0.7902,0.5455,0.0902,0.2067,-0.0105,-0.0936,0.0309,0.0845
2.2,3.9,1.8,2.4,1.0,11.5,5.4,20.6,25.4,-0.4002,-0.3876,-0.1381,-0.2189,0.0415,0.4625,-0.5559,0.2851
2.2,3.1,1.9,1.6,3.8,3.6,15.3,11.2,10.1,-0.2067,0.7601,0.0167,-0.2894,-0.4354,-0.2202,-0.1841,-0.1249
2.2,4.1,1.8,4.5,4.5,10.9,12.6,42.8,9.9,-0.7606,0.2708,-0.1432,-0.3498,0.15,0.3698,-0.1578,0.1154
2.2,1.7,2.0,5.0,2.2,20.4,6.5,15.5,34.4,-0.9581,0.0258,-0.113,-0.0605,0.108,0.1368,-0.0223,0.1321
2.2,2.4,4.5,2.9,1.4,19.1,10.1,33.0,4.7,-0.8983,0.179,-0.2131,-0.0249,0.1917,0.2448,-0.0394,0.0658
2.2,3.2,4.8,3.2,2.7,19.3,20.8,16.6,42.5,-0.8807,0.4433,-0.0058,-0.0042,0.0012,0.0011,0.0057,0.0179
2.2,3.3,4.0,2.3,4.4,5.8,13.2,20.5,28.3,-0.3478,0.0708,-0.404,0.0042,0.2935,0.4539,-0.4323,-0.4661
2.2,3.4,2.3,2.9,2.0,13.0,13.2,25.8,36.9,-0.6952,-0.1418,-0.3032,0.3198,0.3237,-0.1596,-0.2785,0.2851
2.2,2.4,2.9,2.9,1.0,11.6,5.0,37.6,13.4,-0.5437,-0.1348,-0.2724,-0.2919,0.2834,0.3586,-0.4261,0.3523
2.2,2.7,4.1,4.2,2.5,15.3,4.9,5.8,21.5,-0.7344,0.235,-0.1828,0.1622,-0.2029,0.1428,-0.0826,-0.5207
2.2,4.8,1.6,1.4,2.7,5.8,5.4,40.7,39.2,-0.4601,0.2501,-0.3384,0.3784,0.4225,-0.2472,-0.359,0.293
2.2,3.3,2.6,4.9,4.0,20.7,14.6,21.7,14.9,-0.9432,0.3172,-0.0131,0.0013,0.0123,0.0053,0.0063,0.0224
2.2,3.0,3.8,3.0,1.5,14.9,3.7,5.5,7.5,-0.657,0.3588,-0.2478,-0.2273,-0.2721,-0.2478,-0.0445,-0.429
2.2,4.2,2.9,2.2,1.3,11.0,20.3,19.8,34.4,-0.6028,-0.433,-0.0273,0.0778,0.0375,-0.0406,-0.3897,0.5134
2.2,3.3,3.1,1.2,4.9,17.4,6.8,5.2,10.0,-0.5071,0.7503,-0.1563,-0.1069,-0.1998,-0.1222,-0.2082,-0.2004
2.2,2.6,4.9,4.7,1.5,15.6,20.8,4.4,31.7,-0.8825,0.2216,-0.0008,-0.0017,-0.0001,-0.0011,-0.0988,-0.3979
2.2,2.0,3.1,3.0,2.4,17.1,18.7,14.2,38.0,-0.7026,-0.2624,-0.1463,0.2641,0.1672,-0.172,-0.2761,0.4239
2.2,1.8,2.6,4.9,1.2,8.6,9.6,17.7,40.7,-0.6777,0.0737,-0.2631,-0.2133,0.2211,0.4754,-0.2685,-0.2395
2.2,1.7,3.5,1.1,3.4,21.7,10.7,24.4,32.4,-0.6529,0.7448,0.0227,0.0573,-0.0006,-0.0242,0.0102,0.012
2.2,4.0,4.8,4.4,2.5,10.7,5.8,35.9,6.4,-0.6709,-0.1325,-0.0414,-0.2775,-0.0278,0.6074,-0.2594,0.0594
2.2,3.1,4.8,4.2,2.6,14.5,20.8,9.5,25.0,-0.6189,0.4093,0.0033,0.0003,-0.0047,-0.0052,-0.3677,-0.553
2.2,3.2,3.0,2.3,2.9,8.6,2.9,11.5,4.3,-0.4513,0.4621,0.1107,-0.3152,-0.2205,-0.413,-0.222,-0.4452
2.2,3.9,1.5,4.8,4.7,3.1,18.2,9.3,32.3,-0.6075,0.1756,0.0599,0.2396,-0.2039,0.1321,-0.1589,-0.6659
2.2,3.6,4.2,1.1,1.2,9.2,17.2,21.5,28.0,-0.2927,-0.4142,-0.1067,0.1785,0.1427,-0.0636,-0.6944,0.4115
2.2,4.4,4.8,2.8,3.2,7.2,4.9,6.5,40.8,-0.4871,-0.1444,0.0148,-0.0731,-0.2304,0.7399,-0.1886,-0.0627
2.2,1.8,4.9,2.6,4.9,19.0,18.3,25.2,38.2,-0.9403,0.2874,0.0342,0.1059,-0.0053,-0.042,0.0217,0.0932
2.2,1.1,4.7,3.2,3.0,15.7,10.4,7.9,30.5,-0.6063,0.2786,-0.0028,0.218,-0.1387,0.1601,-0.2314,-0.6324
2.2,1.8,2.4,4.2,4.3,15.9,7.9,33.0,17.1,-0.7449,-0.0295,-0.2441,-0.2524,0.2319,0.4474,-0.2315,0.0583
2.2,1.5,4.3,2.5,1.8,19.1,18.5,9.7,26.8,-0.12,-0.0405,-0.2487,-0.0521,0.2582,0.0918,-0.8637,0.1835
2.2,1.5,3.6,1.1,3.5,7.1,5.0,22.8,41.1,-0.28,0.2847,-0.3835,0.4509,0.4121,0.2745,-0.3974,-0.2703
2.2,2.7,2.9,1.3,4.8,12.7,7.7,28.5,17.1,-0.3645,0.3385,-0.7158,-0.3054,-0.1646,0.2767,0.1604,0.0712
2.2,1.5,1.9,2.4,2.1,14.6,2.5,26.9,43.6,-0.437,0.1255,-0.3963,0.4114,0.4727,-0.0531,-0.4703,0.0618
2.2,1.4,1.3,4.3,2.7,5.6,15.9,6.9,7.5,-0.6015,0.5746,-0.1143,-0.319,-0.1602,-0.3663,0.1298,-0.1028
2.2,4.4,4.7,4.8,2.8,20.7,20.5,5.1,7.6,-0.177,0.1779,-0.0007,0.0006,0.0007,-0.0007,-0.756,0.1729
2.2,4.2,1.7,4.6,2.4,11.0,5.4,38.1,10.8,-0.7061,-0.0306,-0.1534,-0.3694,0.1629,0.4256,-0.2698,0.2266
2.2,2.2,4.7,3.3,3.0,9.3,21.2,39.5,38.7,-0.9487,0.2491,-0.0099,-0.0224,0.0039,0.0129,0.0367,0.1531
2.2,4.8,4.5,3.3,3.1,4.0,9.2,11.5,6.7,-0.5152,0.6228,-0.0306,-0.2843,-0.2389,-0.3815,-0.0561,-0.2333
2.2,2.8,4.2,3.7,1.0,11.7,17.5,16.0,17.4,-0.3299,0.2707,-0.0802,-0.0778,0.0704,0.1489,-0.5905,-0.6463
2.2,2.1,1.6,4.8,1.9,7.9,10.4,30.8,20.7,-0.372,-0.0331,-0.2073,-0.3875,0.2034,0.4788,-0.6204,-0.0065
2.2,4.7,3.9,2.6,3.6,19.9,19.7,6.8,28.3,-0.822,0.0009,-0.0719,0.0669,0.0749,-0.0604,-0.0499,0.4822
2.2,1.4,4.9,4.2,5.0,13.8,11.8,9.3,40.2,-0.8403,0.203,-0.1113,0.0138,0.0916,0.3793,-0.0723,-0.2685
2.2,3.2,4.8,4.0,2.3,13.1,17.2,27.8,34.5,-0.8758,-0.23,-0.0365,0.1452,0.0465,-0.0912,-0.1133,0.3499
2.2,4.9,1.7,3.5,3.5,15.9,16.0,19.7,34.1,-0.8144,-0.0102,-0.2697,0.2711,0.2857,-0.1476,-0.1522,0.2237
2.2,2.5,5.0,2.1,4.1,21.4,10.3,37.8,40.2,-0.796,0.5971,0.0053,0.0133,-0.0012,-0.0046,0.0114,0.0167
2.2,2.6,1.5,3.6,4.8,16.2,13.8,26.3,17.3,-0.741,-0.0657,-0.3027,-0.1477,0.1982,0.498,-0.1809,-0.0047
2.2,3.1,1.4,2.1,1.1,10.7,3.1,39.9,21.2,-0.678,-0.0502,-0.3401,-0.1303,0.3554,0.1721,-0.2448,0.4218
2.2,1.9,2.8,4.0,1.2,10.8,16.1,24.9,5.9,-0.3776,-0.0466,-0.1628,-0.1991,-0.059,0.5571,-0.184,-0.6488
2.2,2.3,2.7,3.5,3.6,21.3,8.6,31.3,41.1,-0.9021,0.4194,-0.0006,0.009,0.0005,-0.0026,0.0074,0.0184
2.2,2.0,2.4,4.2,1.8,21.9,9.9,15.4,25.2,-0.9159,0.3834,0.0144,-0.0033,-0.0167,-0.016,0.0025,0.0097
2.2,2.2,4.3,1.1,1.9,18.6,17.7,44.0,17.3,-0.7799,0.5715,0.0254,0.0444,-0.0163,-0.0357,0.1254,0.1771
2.2,3.1,3.0,3.5,2.5,5.1,3.1,28.2,4.7,-0.2614,0.3464,0.275,-0.4602,-0.5365,-0.051,-0.4756,0.0028
2.2,1.8,3.2,1.9,2.1,15.4,7.2,10.6,20.1,-0.0344,0.2045,-0.0848,0.1201,-0.4687,0.2945,-0.6305,-0.4605
2.2,2.7,1.4,1.1,4.8,12.3,9.3,17.4,32.7,-0.4127,0.2707,-0.5005,0.2906,0.2285,0.4877,-0.1371,-0.313
2.2,4.8,4.6,3.4,4.1,7.1,3.3,30.1,23.6,-0.6434,-0.0322,-0.3101,-0.2,0.239,0.5434,-0.281,-0.0864
2.2,3.1,2.4,1.6,1.7,16.6,17.1,26.1,34.7,-0.9269,0.2616,0.0263,0.1657,0.0102,-0.0836,0.0283,0.1597
2.2,2.4,2.0,4.9,3.2,8.0,15.6,22.8,27.2,-0.4213,0.1031,-0.2622,-0.2784,0.2358,0.4535,-0.5348,-0.3241
2.2,2.5,5.0,1.8,4.8,21.4,6.1,7.1,9.4,-0.819,0.5334,-0.0319,-0.017,-0.0175,0.0033,0.0563,0.1035
2.2,3.5,3.6,3.0,1.0,18.6,3.5,15.1,26.9,-0.9617,0.041,-0.0589,-0.0109,0.0337,0.1025,0.0012,0.2081
2.2,4.1,3.1,1.5,4.4,8.0,3.4,40.5,24.2,-0.6168,0.3751,-0.3548,-0.0656,0.4332,0.281,-0.2633,0.0235
2.2,4.2,3.2,2.4,1.0,12.4,5.3,9.4,33.8,-0.4589,0.4396,0.0312,0.1613,-0.1628,0.148,-0.4745,-0.5344
2.2,2.0,4.6,4.8,4.7,10.6,7.3,15.1,26.1,-0.2246,0.0109,0.1924,0.0229,-0.5177,0.4331,-0.4381,-0.4977
2.2,3.3,4.6,1.1,3.9,9.0,8.6,28.4,31.8,-0.3882,0.1311,-0.4241,0.3894,0.5033,0.0811,-0.4738,-0.0033
2.2,4.6,3.6,2.0,2.1,15.2,11.5,25.7,15.2,-0.8123,0.0471,-0.3534,0.1062,0.3575,0.1007,-0.135,0.1801
2.2,2.2,1.1,1.7,1.5,8.0,17.3,10.4,8.5,0.0395,0.7201,-0.1545,-0.2667,-0.5373,-0.1983,0.0701,-0.1966
2.2,1.6,2.3,3.7,2.9,5.5,5.4,26.5,13.7,0.0642,-0.0843,-0.1359,-0.2232,-0.7097,0.5128,-0.1812,-0.3211
2.2,4.0,1.6,1.7,2.3,2.2,12.7,20.4,33.5,-0.3123,0.0095,-0.4789,0.0398,0.2725,0.5207,-0.3655,-0.4223
2.2,1.7,2.6,2.2,1.1,19.4,17.5,23.9,35.0,-0.9577,0.2004,0.0063,0.0979,0.009,-0.0497,0.0195,0.1301
2.2,2.1,3.3,1.5,3.0,15.2,2.3,30.2,15.0,-0.5681,0.0247,-0.6269,-0.1669,-0.1688,0.4371,0.0645,0.1311
2.2,3.9,2.0,1.6,3.0,10.0,11.5,16.9,23.3,-0.3394,-0.1848,-0.419,-0.1512,-0.0023,0.7416,-0.2637,-0.1236
2.2,2.6,4.2,2.1,4.6,20.7,5.3,24.9,38.0,-0.8424,0.5156,0.0312,0.0983,-0.0028,-0.04,0.0142,0.0337
2.2,4.1,3.8,1.8,4.6,9.9,13.5,27.4,41.5,-0.7345,0.1354,-0.0213,0.5074,0.14,-0.2506,-0.1328,0.2645
2.2,3.4,1.3,2.6,2.8,5.6,18.4,16.5,32.3,-0.3494,0.1325,-0.323,-0.0984,0.2806,0.4007,-0.5473,-0.4355
2.2,1.7,1.6,2.0,4.1,5.7,2.9,36.9,33.3,-0.5272,0.2973,-0.4159,0.0399,0.4696,0.2329,-0.4058,-0.0921
2.2,5.0,2.9,2.8,1.1,19.4,11.6,28.7,31.1,-0.9186,0.3806,-0.0123,0.0447,0.0171,-0.0249,0.0149,0.0413
2.2,3.5,4.6,1.9,2.4,6.5,7.5,23.1,29.1,-0.4079,-0.0692,-0.4554,-0.0666,0.3372,0.5145,-0.4297,-0.2014
2.2,4.8,1.9,2.7,3.8,5.5,19.0,26.7,37.1,-0.7352,-0.1939,-0.1225,0.3545,0.1617,-0.1953,-0.2308,0.3713
2.2,4.7,4.0,4.5,1.7,13.8,13.3,34.9,24.6,-0.9115,-0.1296,-0.0743,0.1283,0.0793,-0.1001,-0.0682,0.3182
2.2,3.4,3.7,3.5,4.5,17.8,17.1,26.2,42.1,-0.927,0.2713,0.0517,0.2024,-0.0033,-0.0817,0.0071,0.0908
2.2,4.8,4.2,3.0,2.1,17.5,10.3,8.9,35.4,-0.1,0.0505,0.1907,-0.141,-0.1805,0.2615,-0.8542,0.2132
2.2,4.9,3.3,2.5,4.1,20.3,13.1,35.3,24.8,-0.8382,0.5385,0.0017,0.0203,0.0019,-0.0116,0.0117,0.0197
2.2,3.8,1.4,2.8,3.1,21.8,16.4,19.9,21.7,-0.8164,0.5666,0.0253,-0.0462,-0.0341,0.0187,0.0006,0.0045
2.2,2.1,3.7,2.6,3.2,17.4,4.4,12.5,19.7,-0.1001,-0.2223,-0.0732,-0.0985,-0.4015,0.451,-0.6979,0.1886
2.2,3.9,1.8,1.5,4.7,12.0,20.3,17.4,27.3,-0.3759,-0.3028,-0.1593,0.2626,0.2094,-0.1231,-0.593,0.4668
2.2,4.6,2.9,2.5,3.2,15.7,19.1,16.5,35.7,-0.9357,0.0459,0.0018,0.1637,0.0224,-0.0963,-0.0087,0.2662
2.2,2.4,2.0,3.9,1.6,14.7,11.1,34.1,14.5,-0.6427,-0.1614,-0.3723,-0.1359,0.3783,0.1994,-0.3427,0.3009
2.2,4.9,2.3,1.9,1.3,5.7,19.1,35.6,11.9,-0.0436,0.0599,-0.1661,0.0495,0.1829,0.052,-0.939,-0.1606
2.2,1.5,4.1,2.7,3.1,6.2,19.4,27.9,19.8,-0.0546,0.0858,-0.0825,0.0268,0.0838,0.0475,-0.8676,-0.4497
2.2,4.2,1.4,3.1,2.5,9.3,9.6,42.5,17.6,-0.5514,0.1257,-0.4224,-0.2096,0.4288,0.2242,-0.3486,0.3013
2.2,1.6,1.1,3.4,2.5,18.9,12.0,34.4,25.6,-0.9079,0.0651,-0.2027,0.1434,0.2123,-0.0904,-0.0503,0.2055
2.2,3.5,3.0,3.7,3.7,9.7,8.7,28.6,11.2,-0.2374,-0.204,-0.3685,-0.2845,-0.4406,0.6771,-0.0167,-0.1096
2.2,1.8,4.2,1.7,3.1,19.9,3.7,15.8,21.1,-0.8844,0.2976,-0.2064,0.0676,0.0423,0.2282,0.0359,0.0925
2.2,3.3,1.5,3.8,4.0,12.1,2.8,29.7,21.8,-0.7354,-0.0965,-0.2499,-0.2104,0.1876,0.4981,-0.2159,0.0624
2.2,3.7,4.4,3.3,1.2,5.2,18.0,42.4,42.2,-0.9289,0.16,0.0082,0.1201,0.0009,-0.1008,0.0268,0.2632
2.2,3.0,1.9,4.6,1.4,15.2,11.9,36.0,21.4,-0.8574,-0.1499,-0.1935,0.1069,0.1974,-0.0844,-0.1197,0.3513
2.2,3.9,1.9,4.1,4.7,9.4,10.3,32.6,13.2,-0.6001,-0.1622,-0.202,-0.194,-0.0617,0.6859,-0.158,-0.1434
2.2,1.9,4.9,2.3,3.4,16.4,18.9,27.6,31.0,-0.9529,-0.0113,0.011,0.0827,0.0053,-0.041,-0.01,0.2649
2.2,3.3,4.7,3.6,2.3,12.9,12.1,21.3,35.9,-0.5159,-0.1449,-0.4508,0.1675,0.4595,-0.0065,-0.4675,0.1887
2.2,2.5,1.1,1.6,4.9,18.9,6.5,7.3,27.0,-0.1572,0.5785,0.0098,0.2079,-0.2383,0.2401,-0.6284,-0.2379
2.2,2.7,3.7,2.3,2.8,17.8,15.6,37.9,21.4,-0.9313,0.2466,0.0021,0.1141,0.0122,-0.0832,0.0404,0.1994
2.2,4.4,4.7,4.0,4.5,12.8,18.3,41.3,32.2,-0.9499,0.1422,0.005,0.0635,-0.0002,-0.0523,0.0328,0.2504
2.2,2.4,3.5,3.9,2.3,8.5,13.7,40.2,20.3,-0.2871,-0.1373,-0.3314,0.0787,0.3367,-0.063,-0.6509,0.474
2.2,4.6,1.7,4.4,1.5,2.1,17.3,27.4,19.4,-0.3043,0.2282,-0.1456,-0.1483,0.1271,0.2576,-0.624,-0.5735
2.2,4.3,3.9,3.0,2.4,16.6,19.3,25.4,9.1,-0.935,-0.1067,-0.0036,0.0826,0.0135,-0.0446,-0.0432,0.2923
2.2,3.8,4.3,1.0,2.6,4.8,8.1,21.7,19.4,0.1289,0.1073,-0.6982,-0.3131,-0.2411,0.5346,0.0957,-0.1312
2.2,4.9,4.1,1.7,1.2,15.6,17.9,32.0,40.4,-0.8988,0.4077,0.0356,0.0783,-0.0076,-0.0319,0.0361,0.0889
2.2,1.1,1.8,1.9,1.4,20.0,2.3,30.9,33.2,-0.8856,0.264,-0.2011,0.1598,0.222,-0.0444,-0.0255,0.1192
2.2,1.8,2.5,1.0,1.2,3.0,15.6,39.4,22.9,-0.0552,0.1532,-0.255,0.0735,0.3016,0.018,-0.8718,0.1801
2.2,4.7,4.7,1.7,3.3,4.5,9.6,12.9,34.9,-0.4892,0.0888,-0.3636,0.0097,0.2008,0.6086,-0.2094,-0.3887
2.2,2.7,3.5,1.3,3.3,2.7,11.7,25.6,12.5,-0.1042,0.5694,-0.4488,-0.5734,-0.1901,0.2528,0.092,0.1212
2.2,4.4,1.6,2.5,3.1,14.0,12.7,12.8,20.5,-0.1359,-0.1248,0.0812,-0.1215,-0.2973,0.5282,-0.742,0.041
2.2,3.8,1.1,3.4,1.3,13.9,8.1,16.5,11.2,-0.0238,-0.0252,0.0254,-0.022,-0.4265,0.3209,-0.8058,-0.2024
2.2,3.6,3.7,4.7,3.3,17.9,17.4,15.2,27.5,-0.857,-0.1897,-0.1367,0.1608,0.142,-0.1163,-0.129,0.3336
2.2,2.0,2.0,4.2,3.4,8.8,4.3,39.5,15.0,-0.6438,0.1001,-0.1256,-0.4243,0.1374,0.478,-0.3209,0.1433
2.2,3.5,4.3,3.4,5.0,4.2,13.7,37.0,28.2,-0.2793,-0.01,-0.4152,0.1271,0.4391,-0.029,-0.6941,0.1995
2.2,4.0,3.0,2.6,4.9,20.1,11.7,11.8,7.1,-0.8886,0.4147,-0.1114,-0.0597,-0.0537,0.011,0.0375,0.075
2.2,3.9,1.2,4.7,1.9,2.3,13.8,31.5,42.6,-0.4818,0.0448,-0.4529,0.2442,0.48,-0.0745,-0.4873,0.1104
2.2,2.5,1.3,2.8,2.7,6.3,21.3,21.8,42.8,-0.9061,0.3395,0.0406,0.1447,-0.0034,-0.0514,0.0092,0.0658
2.2,1.9,3.6,2.0,1.4,20.5,3.7,5.2,27.9,-0.0216,0.2066,0.017,0.0368,-0.0689,0.0887,-0.8686,0.2147
2.2,5.0,4.7,4.8,4.4,12.3,9.4,31.5,37.5,-0.7771,-0.0841,-0.2046,0.3444,0.2262,-0.2297,-0.1954,0.2766
2.2,3.4,2.3,3.5,3.9,5.6,20.5,39.9,21.4,-0.2865,-0.2866,-0.0601,0.0583,0.0644,-0.0463,-0.6582,0.6035
2.2,4.3,3.3,4.8,3.1,8.2,2.1,6.9,9.2,-0.6555,0.3366,-0.137,-0.3619,-0.169,-0.3972,0.0851,-0.3322
2.2,1.1,1.4,4.2,3.3,2.8,8.7,16.3,35.5,-0.6115,-0.1009,-0.229,-0.1646,-0.0099,0.6425,-0.1229,-0.3073
2.2,4.8,4.1,3.4,2.2,17.2,17.0,14.0,13.1,-0.6546,-0.2314,-0.3183,0.0485,0.3258,0.0093,-0.3245,0.4088
2.2,2.0,1.7,2.3,4.2,10.8,14.5,12.6,41.8,-0.6006,0.391,-0.2415,0.1365,0.2635,0.3777,-0.25,-0.3526
2.2,3.3,1.1,2.4,4.9,3.0,10.4,43.2,32.9,-0.4009,0.3521,-0.4698,0.0352,0.4976,0.0192,-0.4613,0.1421
2.2,3.2,1.2,4.2,4.0,2.3,21.3,11.8,4.1,-0.6264,0.7346,-0.0505,-0.1621,-0.0284,0.0396,0.0894,0.0808
2.2,4.1,3.9,4.0,4.0,13.7,2.7,22.1,22.8,-0.7588,-0.1935,-0.221,-0.1654,0.0994,0.4912,-0.1735,0.1362
2.2,2.7,4.5,1.8,1.4,14.6,2.9,11.3,20.2,-0.011,0.1954,-0.0972,0.0657,-0.385,0.22,-0.8063,-0.2841
2.2,3.3,2.6,3.6,4.5,18.5,21.7,8.9,9.6,-0.3771,0.5475,0.0285,0.0031,-0.0358,-0.0212,-0.6048,-0.3892
2.2,4.4,2.6,4.9,4.0,6.9,9.6,24.5,15.3,-0.2705,-0.2285,0.0043,-0.2251,-0.3884,0.6819,-0.3347,-0.2835
2.2,2.5,4.4,1.2,3.7,8.0,5.7,8.0,26.5,0.112,0.5183,-0.3289,0.0667,-0.6382,0.1283,-0.0933,-0.4024
2.2,3.6,3.4,1.2,3.5,8.9,6.2,7.5,32.9,0.0494,0.1168,-0.0028,0.0908,-0.5146,0.6447,-0.4389,-0.2759
2.2,4.8,3.2,1.3,3.3,6.5,3.4,42.2,13.8,-0.6666,0.1679,-0.1933,-0.2092,0.2766,0.5411,-0.2224,0.0734
2.2,1.4,3.7,3.0,4.5,21.7,10.0,40.0,27.7,-0.8847,0.4505,-0.0023,0.0223,0.0043,-0.0158,0.0143,0.0333
2.2,2.2,1.1,4.2,4.6,15.3,10.0,8.9,35.5,-0.4287,0.3394,0.1614,0.2549,-0.309,0.1865,-0.4332,-0.5199
2.2,3.0,2.7,2.4,4.2,11.2,8.7,19.2,31.8,-0.5894,0.0885,-0.4195,-0.0062,0.3051,0.4965,-0.2583,-0.2255
2.2,2.0,4.6,1.5,2.5,4.3,17.3,15.0,14.6,0.4599,0.4053,-0.304,-0.0344,-0.075,0.1653,0.4323,-0.5421
2.2,1.4,2.5,1.3,3.6,9.3,13.5,5.5,31.1,-0.233,0.2513,-0.1944,0.3491,-0.3149,0.3285,0.0046,-0.7095
2.2,4.2,4.8,3.7,1.3,7.4,20.7,4.4,43.3,-0.8404,0.4784,0.0011,0.0053,-0.0008,0.002,-0.0989,-0.1826
2.2,4.1,1.3,3.2,2.6,16.0,4.5,30.5,30.4,-0.8777,0.1066,-0.2817,0.1229,0.2933,-0.018,-0.0802,0.1521
2.2,3.8,4.3,1.3,3.5,15.2,3.3,30.6,30.3,-0.6974,0.344,-0.3171,0.3167,0.3879,-0.0357,-0.144,0.1028
2.2,4.7,1.2,2.5,3.5,12.5,10.2,19.3,17.0,-0.4185,-0.289,-0.389,-0.2275,-0.2801,0.6129,-0.1951,0.1696
2.2,3.2,3.1,1.6,1.3,6.9,12.0,4.8,37.5,-0.5681,0.271,-0.0531,0.2713,-0.1052,0.2508,-0.1737,-0.6437
2.2,1.4,1.8,4.7,4.4,17.3,11.9,5.7,23.1,-0.7331,0.1116,-0.2211,0.2108,-0.2323,0.1965,0.0549,-0.5022
2.2,3.6,3.4,4.5,2.8,21.0,21.5,16.6,38.7,-0.9274,0.3606,0.0023,0.0028,-0.0004,-0.0006,0.0055,0.017
2.2,2.5,3.0,2.0,1.8,20.9,3.0,40.8,43.8,-0.8167,0.5631,0.0332,0.0554,-0.0122,-0.0266,0.0252,0.042
2.2,2.0,2.9,2.5,1.6,10.1,5.3,22.1,32.7,-0.5201,-0.1551,-0.3728,-0.1908,0.2842,0.5271,-0.3966,-0.0219
2.2,4.1,2.7,2.1,1.3,5.8,16.8,12.5,33.8,-0.3803,0.2103,-0.1335,-0.1378,0.1041,0.3748,-0.505,-0.5959
2.2,4.1,1.6,4.4,1.2,20.4,16.4,15.4,35.4,-0.9605,0.2515,-0.0292,0.0138,0.0298,-0.0031,0.0111,0.0532
2.2,1.6,4.5,2.2,4.3,19.9,6.6,37.7,41.0,-0.8807,0.3676,0.062,0.2104,-0.0099,-0.1187,0.0211,0.1263
2.2,3.0,4.4,3.0,4.0,10.7,11.0,42.3,4.2,-0.401,0.1306,-0.4492,-0.1537,-0.3427,0.5017,0.3238,-0.0339
2.2,1.0,4.5,3.1,1.3,5.0,8.2,28.2,17.0,-0.2602,-0.0019,-0.0594,-0.3009,-0.0186,0.5387,-0.6193,-0.3901
2.2,4.1,1.2,2.3,2.1,21.2,4.8,31.8,43.4,-0.8127,0.5761,-0.0066,-0.005,0.001,0.001,0.0066,0.01
2.2,3.8,4.0,2.9,4.3,3.9,4.6,8.4,4.7,-0.6033,0.4077,0.0673,-0.3377,-0.0616,-0.4269,-0.0382,-0.4006
2.2,3.7,2.4,2.6,4.9,19.3,10.1,32.4,39.3,-0.891,0.4157,0.0405,0.1303,-0.0064,-0.0577,0.018,0.0601
2.2,3.8,2.1,4.5,2.0,4.7,11.0,25.0,27.4,-0.3672,0.0051,-0.176,-0.3545,0.144,0.5249,-0.5875,-0.2353
2.2,4.0,1.3,4.7,4.3,8.6,5.9,28.3,6.1,-0.3243,0.1473,0.2634,-0.5376,-0.4871,0.0937,-0.4739,0.1863
2.2,1.9,1.9,3.0,4.4,14.7,8.0,28.9,43.2,-0.5228,0.0337,-0.3133,0.4764,0.3895,-0.1869,-0.3993,0.199
2.2,3.2,1.2,3.1,2.6,21.3,13.5,5.0,35.7,-0.9086,0.346,0.0025,0.0001,-0.0071,-0.0108,0.0347,0.1311
2.2,2.1,3.5,1.5,1.5,3.0,6.0,23.2,19.1,0.2408,-0.1032,-0.3222,-0.2634,-0.4871,0.5567,-0.2138,-0.3879
2.2,2.6,3.6,2.3,3.6,3.0,16.9,9.5,37.7,-0.6139,0.298,-0.203,-0.0657,0.2233,0.4041,-0.3129,-0.4034
2.2,4.6,2.8,2.7,3.2,19.5,13.7,13.7,33.9,-0.9012,0.3654,-0.0985,0.1094,0.1117,-0.06,0.0104,0.0793
2.2,4.6,1.1,1.8,3.7,4.5,5.7,18.0,30.4,-0.3156,-0.009,-0.6304,-0.0923,-0.1199,0.6425,0.0561,-0.2224
2.2,4.4,3.4,3.4,1.1,9.8,21.7,40.5,29.0,-0.8676,-0.1435,-0.0005,-0.013,-0.0012,0.0096,-0.0783,0.4593
2.2,3.4,4.6,2.3,3.1,2.3,18.4,39.6,8.1,-0.5282,0.4572,-0.078,-0.0025,0.1046,0.1342,-0.4443,-0.5069
2.2,4.9,3.7,1.4,3.1,13.6,18.2,22.6,38.5,-0.8847,0.386,0.0747,0.1609,-0.0125,-0.0687,0.0429,0.1348
2.2,1.6,1.7,3.1,4.0,17.1,3.4,10.9,38.2,-0.7829,0.1097,-0.2076,-0.0421,0.1215,0.5118,-0.0884,-0.1714
2.2,1.5,2.6,4.6,4.0,8.5,2.2,30.7,4.8,-0.3505,0.2404,0.35,-0.4192,-0.5083,0.0283,-0.4994,0.0691
2.2,2.9,3.0,2.3,1.7,8.2,15.6,21.5,30.3,-0.1441,-0.1166,-0.3592,0.0391,0.3542,0.151,-0.8142,-0.0774
2.2,2.7,4.9,4.3,3.3,14.4,6.3,33.4,15.5,-0.7157,-0.0424,-0.2858,-0.2594,0.2873,0.3912,-0.2676,0.1414
2.2,2.3,3.1,3.0,2.0,12.3,18.0,7.2,8.3,0.0418,0.1466,-0.1853,0.1312,-0.3245,0.0814,0.5397,-0.7054
2.2,1.3,4.5,1.5,1.5,8.5,6.3,43.4,41.0,-0.5464,0.1868,-0.2378,0.386,0.2691,-0.3456,-0.2077,0.4593
2.2,4.5,3.4,2.4,4.9,8.5,7.0,39.4,40.4,-0.6356,0.1168,-0.1964,0.4428,0.262,-0.3119,-0.2411,0.3344
2.2,4.4,2.5,4.4,2.0,9.2,7.1,22.4,41.6,-0.5261,0.2119,-0.4371,0.0377,0.4433,0.2377,-0.4317,-0.183
2.2,4.4,3.0,1.3,4.1,4.2,20.7,38.7,39.0,-0.8208,0.5376,0.0427,0.0593,-0.0129,-0.0264,0.0621,0.1042
2.2,2.5,3.0,1.7,2.4,15.6,18.8,12.3,9.1,-0.2454,0.0864,-0.2515,0.0144,0.1459,0.3655,-0.3714,-0.7335
2.2,4.1,3.9,4.1,2.2,11.9,5.1,41.9,6.0,-0.7674,0.1028,-0.0979,-0.3603,0.1087,0.3945,-0.1673,0.2401
2.2,3.9,4.9,1.9,3.5,14.1,5.9,18.4,29.3,-0.7304,0.1094,-0.3906,0.0241,0.3547,0.3634,-0.1769,0.0214
2.2,1.1,1.8,3.0,4.6,8.2,15.7,21.8,20.7,-0.1425,-0.0879,-0.4063,-0.1857,-0.2,0.6462,0.079,-0.5372
2.2,3.7,5.0,2.7,2.0,17.9,3.2,40.7,15.5,-0.9049,0.3159,-0.1567,0.0148,0.1674,0.0142,0.0203,0.1433
2.2,4.6,1.7,3.3,2.9,16.5,13.6,20.9,36.0,-0.8479,0.0532,-0.2304,0.2821,0.2487,-0.153,-0.1106,0.1911
2.2,1.5,1.1,3.5,3.8,11.3,8.3,19.0,25.7,-0.2714,-0.2728,-0.1178,-0.2385,-0.3225,0.7206,-0.3382,-0.1638
2.2,3.2,1.2,4.0,2.0,13.9,21.9,37.5,4.0,-0.0261,0.03,-0.0236,-0.0008,0.023,0.0065,-0.9537,0.1426
2.2,4.3,3.6,2.7,3.8,18.7,17.6,5.1,36.5,-0.6367,0.6542,0.068,0.0523,-0.0455,0.0097,-0.2787,-0.2646
2.2,1.3,2.5,4.9,1.7,14.6,2.6,35.9,34.2,-0.6841,-0.1156,-0.3985,0.0736,0.405,-0.0344,-0.2953,0.3023
2.2,1.8,1.1,4.5,2.7,22.0,2.2,25.0,37.9,-0.9107,0.3882,-0.0062,-0.075,-0.0072,0.0376,0.0008,0.0099
2.2,1.7,4.9,4.8,3.3,20.4,2.9,32.3,29.6,-0.9561,0.1667,-0.1143,0.0945,0.1192,-0.0565,-0.0068,0.0892
2.2,3.3,1.2,4.3,4.8,9.3,6.8,37.1,36.1,-0.53,0.0841,-0.4663,0.1663,0.4886,-0.0655,-0.4314,0.1617
2.2,4.8,3.0,4.3,3.0,19.0,4.0,18.5,29.8,-0.9584,0.2223,-0.0884,-0.0057,0.0878,0.067,0.0058,0.067
2.2,1.4,1.3,4.2,3.2,19.0,21.3,5.2,37.4,-0.8366,0.4051,0.03,0.042,-0.0249,0.0032,-0.1538,-0.3186
2.2,4.2,4.4,2.2,2.4,18.2,12.0,38.7,13.2,-0.8888,0.3812,-0.0538,0.1463,0.0705,-0.108,0.0268,0.1179
2.2,3.1,3.9,2.3,1.9,19.0,11.3,21.4,42.1,-0.9031,0.3107,0.0389,0.2296,0.011,-0.1087,0.0072,0.1064
2.2,2.6,1.5,1.3,1.3,21.8,16.9,18.0,5.1,-0.6712,0.7336,-0.0057,-0.0003,-0.0006,0.005,0.0052,0.0054
2.2,2.3,2.0,4.1,1.6,9.7,5.6,23.8,35.5,-0.5691,-0.0614,-0.3668,-0.2342,0.3391,0.4386,-0.4018,-0.0375
2.2,3.3,1.3,4.3,3.0,17.5,2.6,35.1,31.3,-0.9135,0.1164,-0.1935,0.1566,0.2026,-0.1109,-0.0429,0.1652
2.2,4.3,1.2,2.1,4.1,17.2,10.6,13.2,21.1,-0.8743,0.0578,-0.2204,0.0097,0.0213,0.3441,0.0087,0.2186
2.2,2.1,4.7,4.9,2.1,20.0,4.2,16.0,25.0,-0.9714,-0.0055,-0.0422,-0.0205,0.0269,0.0927,-0.0093,0.1636
2.2,4.7,3.2,1.0,4.8,9.0,4.6,7.6,20.7,-0.1236,0.7441,-0.2691,-0.1117,-0.4737,-0.1002,-0.2309,-0.2249
2.2,3.6,4.0,4.8,3.1,12.7,11.7,5.9,22.3,-0.7744,0.1299,-0.0787,0.1671,-0.0977,0.1467,-0.0499,-0.5572
2.2,4.3,2.8,4.1,3.8,5.0,13.0,28.9,41.3,-0.5201,0.0194,-0.395,0.3642,0.4369,-0.1421,-0.4335,0.1628
2.2,2.3,3.1,2.5,2.6,16.5,7.0,28.1,10.7,-0.6816,-0.1393,-0.4232,-0.0847,-0.061,0.5481,-0.0458,0.0813
2.2,3.6,2.3,4.6,1.9,11.0,10.7,9.1,38.6,-0.479,0.2825,0.2608,0.1353,-0.3412,0.1907,-0.438,-0.4829
2.2,1.2,3.5,4.9,3.6,5.4,18.9,21.2,21.0,-0.4315,0.2352,-0.079,-0.0222,0.0608,0.1215,-0.4224,-0.7371
2.2,3.0,2.8,4.4,2.7,5.6,21.8,41.3,33.1,-0.8929,-0.0562,-0.0019,-0.0382,-0.0011,0.0324,-0.0323,0.4284
2.2,1.3,3.1,4.1,3.1,8.9,14.8,24.8,42.4,-0.5475,-0.0152,-0.3764,0.3893,0.4149,-0.1527,-0.4083,0.159
2.2,4.3,2.2,4.4,1.4,9.3,4.5,24.7,40.9,-0.5506,0.1099,-0.4647,-0.0095,0.4628,0.2299,-0.422,-0.0976
2.2,4.4,2.6,1.7,1.5,11.2,11.9,19.9,28.1,-0.5066,-0.1578,-0.4432,-0.0149,0.4348,0.266,-0.4566,0.1931
2.2,2.2,4.3,3.5,1.9,16.8,18.2,28.1,17.1,-0.8444,-0.2875,-0.0236,0.0832,0.0294,-0.0515,-0.1465,0.3934
2.2,1.4,2.3,3.8,4.6,5.1,8.9,10.2,8.5,-0.6498,0.4825,-0.0093,-0.3007,-0.1285,-0.392,-0.0262,-0.283
2.2,2.3,2.4,4.9,3.6,16.7,12.4,16.2,30.4,-0.6691,-0.1416,-0.1786,-0.32,0.1573,0.4986,-0.3111,0.1061
2.2,1.2,4.8,2.4,4.1,5.4,13.0,16.6,14.1,0.0268,0.5912,-0.1841,-0.5385,-0.4689,0.2306,0.1887,0.0538
2.2,2.3,2.5,4.0,3.3,13.5,13.1,18.6,33.4,-0.5617,0.0598,-0.3857,-0.181,0.3666,0.4105,-0.4054,-0.1379
2.2,3.6,3.5,4.5,4.0,21.5,20.4,7.7,14.2,-0.9006,0.4225,-0.001,-0.006,0.0001,0.0037,0.0042,0.0123
2.2,1.4,4.3,4.2,1.8,9.3,8.8,25.0,21.2,-0.2957,-0.0426,-0.0485,-0.3629,0.0032,0.5435,-0.6439,-0.2335
2.2,1.3,1.3,3.5,3.0,12.3,11.5,20.5,23.7,-0.3192,-0.2165,-0.0583,-0.2915,-0.1618,0.6817,-0.4662,-0.1989
2.2,1.4,1.7,1.7,4.6,12.3,11.5,29.2,5.1,-0.4997,0.1886,0.0257,-0.6602,-0.2654,0.256,-0.2572,0.2598
2.2,1.9,1.3,3.0,4.2,16.2,12.1,33.2,36.4,-0.7216,-0.0055,-0.2661,0.3688,0.3006,-0.2181,-0.2295,0.2624
2.2,1.2,2.3,4.5,3.2,19.6,15.6,11.2,21.5,-0.2561,0.3234,0.2107,0.0028,-0.2342,0.1379,-0.7264,-0.3708
2.2,1.8,4.2,1.7,3.0,18.3,4.9,28.9,31.9,-0.7857,0.2299,-0.2681,0.3152,0.3145,-0.1106,-0.1121,0.146
2.2,4.9,1.5,1.6,4.4,4.5,11.4,12.4,27.8,0.0631,0.0116,-0.3828,-0.3083,-0.5427,0.6567,-0.0265,-0.0838
2.2,3.8,1.1,3.0,2.0,10.1,15.9,36.1,32.6,-0.7261,-0.1618,-0.2282,0.248,0.2446,-0.1835,-0.2364,0.4144
2.2,2.2,1.9,1.4,3.8,8.1,18.9,38.6,27.8,-0.4634,-0.191,-0.1532,0.2944,0.2059,-0.1967,-0.4469,0.575
2.2,1.3,4.9,2.5,4.1,3.3,17.1,28.9,12.0,0.3097,0.3495,-0.3576,-0.0309,-0.1276,0.1962,0.4883,-0.5743
2.2,2.0,4.8,2.4,2.4,20.8,7.6,31.5,15.9,-0.8876,0.4293,-0.0718,0.0531,0.0798,-0.0059,0.0119,0.0417
2.2,2.5,4.5,1.7,5.0,16.6,5.8,18.2,22.7,-0.6541,0.068,-0.5093,0.0427,0.0355,0.5371,0.0053,-0.0281
2.2,2.9,2.4,3.7,4.8,17.0,10.6,37.6,28.7,-0.8714,0.0825,-0.1722,0.2474,0.1879,-0.1911,-0.0722,0.2363
2.2,1.8,2.5,4.9,4.5,3.0,7.7,34.6,7.5,-0.3002,0.2776,-0.0132,-0.6298,-0.5355,0.1895,-0.0877,0.2977
2.2,1.6,2.4,3.0,3.9,14.7,5.9,28.0,33.6,-0.585,0.098,-0.4721,0.0606,0.4745,0.212,-0.372,-0.0392
2.2,2.6,4.5,1.0,1.5,11.1,20.7,16.4,42.1,-0.8502,0.476,0.0325,0.0434,-0.0069,-0.0159,0.058,0.1179
2.2,2.7,2.7,3.4,4.6,2.1,19.5,31.0,37.1,-0.9054,-0.0872,-0.0131,0.2033,0.0375,-0.1176,-0.0639,0.2983
2.2,2.4,1.2,4.0,4.3,14.8,8.8,17.1,30.2,-0.689,-0.1627,-0.1838,-0.2259,0.0657,0.5883,-0.2211,0.0234
2.2,2.0,3.1,1.4,2.5,17.0,11.9,4.2,7.6,-0.4454,0.6728,-0.2685,-0.1969,-0.3228,-0.2182,-0.1023,-0.262
2.2,5.0,3.7,3.1,1.8,19.9,21.7,28.9,26.9,-0.9105,0.4046,-0.001,-0.0019,0.0002,0.0004,0.0124,0.0294
2.2,2.4,2.9,1.5,3.2,11.5,9.5,25.4,21.3,-0.4054,-0.0752,-0.5552,0.0079,0.1906,0.6143,-0.2054,-0.2226
2.2,3.6,3.8,3.7,2.7,7.4,6.1,14.9,24.2,-0.1672,0.1225,0.0731,0.1202,-0.457,0.2984,-0.4644,-0.6412
2.2,1.9,4.5,4.1,5.0,9.5,14.0,17.4,25.1,-0.5128,0.0318,-0.1574,-0.2061,0.0381,0.5509,-0.2676,-0.5288
2.2,2.6,1.1,1.9,4.3,10.6,21.3,33.7,37.5,-0.926,0.2447,0.0425,0.1471,-0.0033,-0.071,0.0318,0.1837
2.2,3.7,2.0,2.8,1.8,13.5,18.5,42.9,7.5,-0.3399,-0.0769,-0.323,0.162,0.3284,-0.1512,-0.5441,0.5352
2.2,1.7,2.4,2.5,3.4,15.2,4.3,42.7,11.1,-0.7513,0.2076,-0.161,-0.3239,0.1839,0.3751,-0.1335,0.2428
2.2,3.9,2.2,1.9,1.8,8.9,16.3,4.6,10.2,-0.0423,0.4873,-0.4135,-0.0554,-0.4418,-0.0709,0.4977,-0.3522
2.2,3.7,1.6,4.1,2.5,21.0,8.9,18.3,28.6,-0.9193,0.3819,0.0066,-0.0031,-0.0084,-0.0023,0.0058,0.0164
2.2,2.7,4.6,3.6,3.7,14.5,16.5,37.7,5.5,-0.673,0.3558,-0.1714,-0.1225,0.1881,0.3269,-0.2946,-0.3549
2.2,4.5,1.3,3.5,3.9,10.9,8.4,42.5,8.5,-0.7885,0.1781,-0.0859,-0.3307,0.1051,0.3882,-0.1263,0.2086
2.2,4.0,2.4,4.4,4.8,4.8,4.6,8.4,33.0,-0.4012,0.228,-0.2575,0.3044,-0.4348,0.2,0.0811,-0.6187
2.2,4.0,4.1,1.0,4.8,4.0,18.8,39.9,41.4,-0.6976,0.678,0.1124,0.1185,-0.0342,-0.0525,0.0526,0.0721
2.2,4.0,4.0,1.4,3.1,7.7,8.4,17.2,33.2,-0.453,0.1276,-0.4675,0.1314,0.3676,0.4647,-0.3229,-0.2712
2.2,1.0,3.5,3.4,1.6,21.9,4.8,44.0,16.0,-0.8971,0.4138,-0.0267,0.0148,0.0268,-0.0144,0.0361,0.0879
2.2,3.9,2.1,3.3,3.4,18.3,7.4,28.7,20.8,-0.9322,0.2369,-0.1651,0.0306,0.1697,0.062,-0.0087,0.0804
2.2,4.4,1.2,1.1,4.8,11.5,8.4,32.6,21.4,-0.4674,0.2714,-0.6391,0.1719,0.0392,0.4767,0.0367,-0.1562
2.2,4.9,3.1,1.6,4.4,9.2,4.7,23.9,36.6,-0.4535,0.253,-0.4385,0.3069,0.4656,0.218,-0.384,-0.1395
2.2,3.7,2.5,4.6,1.5,14.3,20.9,30.1,34.0,-0.9401,-0.1523,-0.0019,0.0153,0.0028,-0.0087,-0.0492,0.2851
2.2,1.6,3.5,4.4,3.7,17.3,16.0,23.6,25.3,-0.5046,-0.3435,-0.3141,0.1818,0.3179,-0.0877,-0.488,0.3471
2.2,2.4,2.3,4.9,3.2,12.6,13.8,24.4,22.3,-0.4507,-0.0366,-0.2869,-0.3279,0.266,0.4858,-0.5243,-0.1001
2.2,3.2,2.2,4.3,3.4,3.2,17.0,8.9,34.5,-0.5244,0.1939,0.2086,0.1578,-0.309,0.1815,-0.3017,-0.6194
2.2,1.9,4.9,4.6,3.2,13.6,15.4,12.5,25.0,-0.4935,0.2127,0.2264,-0.116,-0.256,0.2787,-0.4276,-0.5549
2.2,1.2,4.6,1.4,3.0,6.5,8.1,36.2,38.5,-0.4392,0.1115,-0.3313,0.4266,0.4386,-0.1819,-0.4519,0.2408
2.2,3.5,5.0,3.0,2.4,7.6,8.8,9.6,22.5,-0.3445,0.1406,-0.173,0.2267,-0.3039,0.1827,-0.0496,-0.802
2.2,3.9,4.1,2.9,1.5,17.5,13.0,6.3,37.2,-0.6628,0.5682,0.0429,0.0761,-0.031,0.0407,-0.3041,-0.3554
2.2,4.0,3.6,3.6,2.0,15.4,19.8,20.7,37.0,-0.9558,-0.0733,-0.0006,0.0631,0.0077,-0.0339,-0.0254,0.2502
2.2,3.7,2.8,4.2,4.6,4.6,3.5,17.3,23.0,0.0963,0.0833,-0.1052,-0.0987,-0.8101,0.3168,-0.2243,-0.3731
2.2,2.7,4.7,2.1,2.6,9.0,21.2,33.9,39.5,-0.9267,0.333,-0.007,-0.0092,0.0018,0.0036,0.0381,0.1151
2.2,2.1,4.8,2.0,5.0,16.0,7.6,32.4,19.3,-0.6554,0.1239,-0.4159,0.0342,0.3308,0.4473,-0.2072,-0.1178
2.2,1.2,5.0,2.7,2.6,8.0,16.3,31.3,35.8,-0.7011,-0.3078,-0.1009,0.2578,0.1267,-0.1568,-0.2803,0.4457
2.2,4.9,2.4,1.8,1.3,11.9,16.3,32.6,16.8,-0.7642,-0.2147,-0.1417,0.2367,0.1656,-0.1428,-0.2028,0.434
2.2,1.7,4.0,2.8,4.2,21.9,22.0,23.3,26.0,-0.8558,0.5034,0.0015,0.0011,-0.0002,-0.0001,0.0051,0.0107
2.2,3.6,2.6,1.1,2.3,20.7,10.8,30.2,42.8,-0.6396,0.76,0.045,0.046,-0.0077,-0.0106,0.0117,0.0116
2.2,1.3,2.1,1.3,3.5,12.0,8.8,39.3,24.7,-0.5107,0.2937,-0.4218,-0.0045,0.4987,0.23,-0.3977,0.0274
2.2,2.8,3.0,5.0,1.4,19.4,11.7,19.0,32.9,-0.9642,0.0219,-0.1366,0.0061,0.1367,0.0361,-0.0193,0.1381
2.2,3.5,3.7,5.0,2.0,21.3,7.4,9.1,6.9,-0.94,0.32,0.0227,-0.015,0.014,-0.0273,0.0081,0.0287
2.2,1.7,2.9,4.1,1.5,9.8,10.5,30.1,9.1,-0.4224,-0.0503,0.0185,-0.3565,-0.0889,0.6122,-0.496,-0.2234
2.2,3.7,2.6,1.1,1.9,2.8,9.5,5.8,37.6,-0.1429,0.3016,-0.1027,0.3459,-0.3906,0.394,-0.1289,-0.6475
2.2,3.2,4.3,1.3,4.6,8.6,10.9,40.5,29.6,-0.3998,0.1416,-0.3558,0.3407,0.4371,-0.2067,-0.4488,0.3524
2.2,3.0,4.3,3.7,1.9,15.3,9.8,37.1,31.5,-0.909,-0.009,-0.1,0.1792,0.1092,-0.1445,-0.0455,0.2974
2.2,2.6,1.1,2.0,3.4,19.7,10.2,16.6,25.3,-0.8888,0.3736,-0.138,0.0407,0.1253,0.1318,0.0126,0.0654
2.2,4.1,2.2,1.5,4.9,9.3,10.1,41.6,26.4,-0.4668,0.3679,-0.4441,0.0856,0.5141,0.0472,-0.3813,0.129
2.2,2.0,3.8,1.5,4.5,6.8,15.8,9.6,42.3,-0.536,0.5722,-0.1763,0.1207,0.3259,0.2581,-0.3078,-0.2439
2.2,1.0,3.6,2.4,1.1,16.9,5.2,27.4,24.5,-0.6835,-0.2666,-0.3106,-0.1117,0.2875,0.2831,-0.297,0.2931
2.2,4.9,3.2,4.2,1.6,7.4,14.7,34.7,15.6,-0.1662,-0.1188,-0.3284,-0.0272,0.3337,0.081,-0.8284,0.1664
2.2,1.4,3.0,1.7,1.1,4.2,20.0,34.9,29.8,-0.2229,-0.3366,-0.0461,0.0635,0.0581,-0.0314,-0.7613,0.4768
2.2,3.8,2.1,3.5,3.9,18.7,17.9,18.6,29.7,-0.9556,0.1858,-0.0319,0.1332,0.0426,-0.0822,0.0074,0.1189
2.2,1.0,4.7,1.2,1.2,19.6,7.6,6.3,11.3,-0.1845,0.5092,-0.2403,0.143,-0.3525,0.149,-0.5413,-0.3976
2.2,2.8,1.1,4.2,3.6,18.5,3.6,23.2,32.1,-0.8931,0.1122,-0.2791,0.0186,0.2788,0.1069,-0.0766,0.0837
2.2,1.1,4.7,1.7,3.5,2.2,9.5,21.1,28.3,-0.1409,-0.0315,-0.5462,0.0143,0.0753,0.5839,-0.0977,-0.5561
2.2,3.8,4.5,3.1,2.1,6.1,21.7,22.2,36.7,-0.7669,-0.3593,0.0029,-0.0712,-0.0164,0.0359,-0.2243,0.4414
2.2,3.6,4.9,3.1,4.1,15.3,4.3,36.2,11.7,-0.8504,0.0812,-0.203,-0.1035,0.1731,0.406,-0.082,0.0823
2.2,1.3,1.4,2.0,1.2,6.8,4.8,41.8,14.2,-0.3532,0.1699,-0.1615,-0.4418,0.1745,0.4682,-0.5193,0.3052
2.2,4.6,3.1,1.2,3.4,12.3,5.0,8.5,25.5,-0.006,0.405,-0.1199,0.1559,-0.5225,0.3627,-0.5366,-0.2969
2.2,3.1,1.5,1.1,4.1,9.0,11.4,13.5,36.4,-0.411,0.2977,-0.4031,0.2836,0.26,0.4838,-0.1962,-0.3811
2.2,4.4,2.3,1.7,1.2,9.0,14.9,30.5,31.9,-0.6664,-0.2644,-0.1985,0.2789,0.2276,-0.148,-0.3067,0.431
2.2,1.1,2.8,4.8,1.7,19.3,4.8,36.3,38.3,-0.9073,0.0044,-0.1295,0.2083,0.1374,-0.1718,-0.0614,0.2324
2.2,3.9,2.5,2.5,3.9,12.2,19.1,23.4,23.9,-0.4903,-0.4111,-0.1481,0.2141,0.1676,-0.1072,-0.4989,0.4549
2.2,4.8,3.6,2.0,3.9,5.8,11.9,7.3,31.8,-0.3796,0.2485,-0.0175,0.3151,-0.289,0.3005,-0.1845,-0.6896
2.2,2.0,3.9,4.5,2.7,13.6,9.0,5.9,34.0,-0.7621,0.2053,-0.0567,0.2019,-0.098,0.1631,-0.0918,-0.5321
2.2,3.0,4.2,4.1,2.7,8.9,11.9,16.4,26.2,-0.3346,-0.0002,0.1041,-0.2952,-0.1813,0.5495,-0.5517,-0.3701
2.2,1.7,4.7,4.1,2.2,13.2,3.0,40.6,38.9,-0.7075,0.0014,-0.2844,0.283,0.295,-0.2528,-0.2225,0.3573
2.2,1.6,1.5,2.1,2.9,14.4,5.2,26.3,11.6,-0.2629,-0.0396,-0.3688,-0.6255,-0.427,0.3028,-0.1711,0.2906
2.2,2.4,4.8,4.2,3.5,9.0,5.0,18.4,35.5,-0.6982,0.0565,-0.2853,-0.1266,0.195,0.512,-0.1959,-0.2505
2.2,4.1,3.8,2.3,2.0,10.6,20.3,15.7,27.1,-0.0097,0.0031,-0.0418,0.0205,0.0471,0.0083,-0.9816,-0.0979
2.2,4.8,3.5,3.9,3.7,15.9,12.8,16.2,17.7,-0.7305,-0.1985,-0.1792,-0.2299,0.1545,0.415,-0.2466,0.2596
2.2,3.9,3.1,2.1,4.7,14.1,11.5,31.3,37.7,-0.808,0.1304,-0.0571,0.4169,0.1283,-0.2339,-0.0927,0.2494
2.2,2.4,1.3,3.5,1.1,10.7,21.1,40.3,15.8,-0.4969,-0.3287,-0.0323,0.0417,0.034,-0.0366,-0.4462,0.6511
2.2,1.9,1.7,3.4,2.7,3.3,9.8,35.9,6.7,-0.0467,0.083,-0.2835,-0.4209,-0.67,0.4745,0.1428,0.0252
2.2,5.0,1.2,1.7,4.4,12.6,10.6,30.0,36.6,-0.6525,0.1488,-0.2372,0.4801,0.3225,-0.2144,-0.2289,0.2235
2.2,4.6,3.0,2.4,1.4,13.5,17.8,8.1,17.7,-0.6449,0.412,0.0789,0.0456,-0.0774,0.063,-0.3387,-0.5235
2.2,3.9,1.9,4.2,2.8,10.8,2.9,15.5,15.6,-0.1271,0.2797,-0.1792,0.0692,-0.614,0.0826,-0.3703,-0.5786
2.2,1.4,2.6,1.6,4.5,12.1,6.7,7.2,20.2,-0.2936,0.6671,-0.3332,-0.1829,-0.4402,-0.2142,0.0012,-0.2796
2.2,3.8,4.7,1.1,1.3,3.5,9.3,15.3,8.0,0.1032,0.6659,-0.0734,-0.4283,-0.5489,-0.0958,-0.1662,-0.0971
2.2,1.9,1.3,1.9,1.1,7.0,3.3,32.5,7.0,0.1139,0.1085,-0.2468,-0.4773,-0.7093,0.3224,-0.2454,0.0291
2.2,1.4,4.5,3.9,2.9,17.0,18.8,5.5,20.0,-0.8095,0.1746,0.0062,0.0436,-0.0121,0.0279,-0.1123,-0.5398
2.2,3.4,2.8,5.0,4.4,13.7,15.3,35.1,25.2,-0.7444,-0.2108,-0.2119,0.2269,0.2207,-0.178,-0.2353,0.3946
2.2,3.0,2.2,4.3,3.0,8.9,21.2,7.9,41.8,-0.9251,0.1544,-0.0144,0.0606,0.0166,-0.0419,-0.0114,0.1624
2.2,3.8,3.7,4.4,1.3,15.4,4.6,29.1,35.0,-0.8658,-0.0776,-0.285,0.102,0.2886,-0.0264,-0.1202,0.2135
2.2,2.0,1.2,2.0,2.0,21.8,6.8,10.9,21.8,-0.805,0.5805,-0.0035,0.0004,-0.0018,0.0039,0.0102,0.0167
2.2,1.1,3.5,4.8,3.3,18.1,3.1,20.9,5.4,-0.1926,0.1507,0.2586,-0.4307,-0.5109,-0.039,-0.6332,0.0213
2.2,2.5,3.2,4.5,2.3,18.3,15.8,25.4,32.4,-0.9607,-0.0219,-0.0428,0.1346,0.0491,-0.0875,-0.0218,0.1892
2.2,4.7,4.6,4.6,1.5,7.3,4.3,15.6,15.9,-0.4214,0.1905,-0.0923,0.1801,-0.2948,0.1265,-0.2257,-0.7637
2.2,4.0,3.9,2.9,4.2,10.6,21.5,29.2,20.5,-0.5857,-0.4448,0.0079,-0.0426,-0.0161,0.0225,-0.4078,0.5187
2.2,3.2,4.3,4.0,4.3,4.9,11.6,16.3,38.5,-0.6501,0.2576,-0.2845,-0.0144,0.258,0.3949,-0.2646,-0.3577
2.2,2.4,2.1,2.4,4.8,9.6,8.5,14.0,42.5,-0.5678,0.3668,-0.2493,0.2011,0.2159,0.4187,-0.2091,-0.4064
2.2,2.6,2.0,4.4,4.1,4.7,12.0,22.3,41.6,-0.5598,0.3028,-0.3698,0.0567,0.3781,0.2947,-0.3722,-0.2762
2.2,4.2,2.7,3.1,3.7,11.1,2.7,4.4,39.7,-0.6676,0.2941,-0.0739,0.3411,-0.148,0.2857,-0.0492,-0.4823
2.2,3.4,1.3,4.2,2.8,2.8,8.1,35.9,26.2,-0.4709,0.1199,-0.3606,-0.2922,0.3702,0.3698,-0.5136,0.0167
2.2,1.9,3.2,3.9,1.5,19.2,14.3,16.1,27.6,-0.8717,-0.1622,-0.2126,-0.0361,0.2127,0.0956,-0.1162,0.2773
2.2,3.1,1.3,2.8,2.5,7.4,9.5,20.1,13.5,0.1849,0.1789,-0.1843,-0.3294,-0.7923,0.1779,-0.2355,-0.2483
2.2,2.3,1.7,4.7,2.9,12.8,13.3,7.1,36.3,-0.6965,0.2871,0.0244,0.228,-0.1369,0.1287,-0.1897,-0.5478
2.2,4.0,2.0,1.2,4.5,19.3,14.0,25.3,24.9,-0.7265,0.6399,-0.0105,0.1928,0.0591,-0.0946,0.0123,0.0451
2.2,2.9,2.0,3.8,2.1,3.1,14.8,16.8,8.0,-0.0362,0.6793,-0.0398,-0.2925,-0.6056,-0.1919,0.1426,-0.1145
2.2,4.0,3.5,1.1,3.8,16.9,4.2,40.3,12.3,-0.723,0.5231,-0.1966,0.1413,0.1883,0.3074,0.0108,-0.0034
2.2,3.1,4.9,1.7,2.6,16.8,9.9,33.4,27.2,-0.8873,0.2623,-0.0539,0.2494,0.0913,-0.154,0.0048,0.1892
2.2,3.6,3.5,3.0,1.9,17.4,4.2,36.1,14.9,-0.9289,0.1881,-0.1767,-0.011,0.1879,0.0718,-0.0078,0.1485
2.2,1.4,2.6,3.8,3.3,7.9,7.6,9.1,18.6,-0.239,0.4068,-0.4193,-0.132,-0.5168,-0.1926,0.3141,-0.4163
2.2,2.4,3.5,3.0,2.0,17.2,16.1,6.5,28.6,-0.6316,0.4835,0.0474,0.0717,-0.0452,0.039,-0.3582,-0.4674
2.2,4.8,3.2,3.6,1.1,3.2,16.7,30.2,16.1,-0.1501,0.1891,-0.1534,-0.0519,0.1474,0.1361,-0.803,-0.4666
2.2,1.5,3.7,1.3,3.5,10.6,4.0,39.0,39.1,-0.4295,0.2605,-0.3292,0.4058,0.4457,-0.2105,-0.4035,0.2336
2.2,1.7,2.8,2.3,1.1,4.5,19.0,20.8,13.4,-0.0043,0.0019,-0.1215,0.0236,0.035,0.1347,-0.2581,-0.9403
2.2,3.7,3.9,3.5,2.3,15.7,12.7,10.9,27.6,-0.1523,0.2391,0.2147,-0.0676,-0.2268,0.2142,-0.8337,-0.2249
2.2,1.5,1.8,2.8,1.9,9.2,11.8,39.4,29.1,-0.4474,-0.0917,-0.4033,0.1038,0.4153,-0.0705,-0.4871,0.4354
2.2,4.1,2.6,1.5,2.4,11.8,5.5,22.5,35.4,-0.588,0.1734,-0.4532,0.2555,0.4772,0.1432,-0.3031,0.0222
2.2,1.1,1.0,4.5,1.4,15.2,4.2,16.7,37.6,-0.6126,-0.1896,-0.1295,-0.3178,0.0581,0.5794,-0.3313,0.0163
2.2,3.1,2.9,5.0,2.7,9.4,15.3,5.2,25.5,-0.7411,0.0081,-0.0674,0.1452,-0.0829,0.1274,0.0279,-0.6293
2.2,2.8,1.4,3.7,1.6,8.8,11.2,34.9,42.9,-0.6334,-0.0275,-0.2945,0.3777,0.3295,-0.2497,-0.3196,0.2873
2.2,1.7,1.4,3.4,3.8,10.4,6.0,35.9,4.5,-0.5041,0.1263,0.1586,-0.5687,-0.3338,0.2558,-0.3187,0.3087
2.2,4.5,1.2,5.0,2.2,5.2,7.4,22.5,10.3,0.015,0.1561,-0.1154,0.0484,-0.7373,0.159,-0.1372,-0.5968
2.2,3.6,1.3,3.6,1.1,13.1,21.1,39.4,37.5,-0.953,0.0375,-0.0004,0.0407,0.0035,-0.0315,0.0076,0.2807
2.2,3.4,5.0,3.6,4.7,10.9,8.2,17.5,38.5,-0.6123,0.2876,-0.3382,0.0187,0.3369,0.3505,-0.3137,-0.2879
2.2,2.1,2.4,4.7,3.6,2.8,19.6,24.1,10.4,-0.1756,-0.0198,-0.1542,0.0156,-0.0411,0.1973,0.2032,-0.9137
2.2,4.5,1.5,1.2,2.3,10.8,16.3,7.4,22.4,-0.3736,0.3522,0.0223,0.2433,-0.1962,0.288,-0.4006,-0.6183
2.2,4.9,4.0,4.1,2.8,10.8,19.6,39.3,25.0,-0.894,-0.1228,-0.0044,0.0351,0.007,-0.0275,-0.0604,0.4135
2.2,4.4,2.4,4.4,4.8,7.5,11.0,5.8,35.7,-0.7009,0.1755,-0.1161,0.2947,-0.1609,0.2496,0.0004,-0.5323
2.2,4.2,2.9,2.7,3.3,13.6,8.9,43.8,12.2,-0.7085,0.3055,-0.3325,-0.2204,0.3393,0.2327,-0.1383,0.2183
2.2,2.9,2.0,3.8,2.0,21.1,20.6,11.6,14.2,-0.932,0.342,-0.0004,0.0011,0.0003,-0.0006,0.012,0.0391
2.2,5.0,2.9,5.0,3.5,6.8,13.4,39.0,26.9,-0.4967,-0.2006,-0.3395,0.1631,0.3461,-0.1371,-0.4707,0.4434
2.2,1.2,2.5,4.2,3.9,11.1,3.6,17.1,31.0,-0.4656,-0.2369,-0.1133,-0.2425,-0.1836,0.7171,-0.261,-0.1508
2.2,1.4,4.2,4.9,2.2,5.2,17.3,18.9,28.4,-0.3862,0.2735,-0.1193,-0.0839,0.1055,0.1829,-0.5345,-0.6427
2.2,4.0,1.4,2.3,2.1,2.0,21.0,22.3,24.8,-0.0617,0.0614,-0.0861,0.0297,0.072,0.0739,-0.7346,-0.6449
2.2,4.3,3.6,4.0,1.9,11.3,5.2,38.0,24.6,-0.7342,-0.1126,-0.3534,0.038,0.3612,-0.0032,-0.2322,0.3579
2.2,1.3,3.0,3.3,4.8,6.0,5.9,18.5,34.6,-0.5794,0.0437,-0.3828,0.0151,0.0744,0.5756,-0.0648,-0.4048
2.2,2.6,1.3,2.2,4.0,13.6,9.8,21.4,40.9,-0.4316,0.2185,-0.4309,0.316,0.4907,0.0915,-0.4617,-0.06
2.2,2.2,3.2,2.8,1.3,5.3,14.5,4.1,40.5,-0.7162,0.2131,-0.0374,0.2296,-0.0707,0.203,-0.0962,-0.5672
2.2,4.5,1.5,2.4,4.4,13.5,9.2,40.3,42.9,-0.8191,0.2462,0.0254,0.3527,0.037,-0.2463,-0.0262,0.268
2.2,1.2,2.0,3.8,2.0,6.7,8.9,30.9,6.0,0.0063,0.2326,-0.1372,-0.5282,-0.7493,0.2403,-0.0187,0.0804
2.2,3.4,4.7,1.2,2.5,11.5,9.9,40.1,6.3,-0.3391,0.5034,-0.58,-0.3534,-0.1519,0.2667,0.1957,0.1336
2.2,3.7,3.1,4.3,2.0,21.8,11.1,35.9,30.7,-0.8921,0.4416,-0.0005,-0.0337,-0.0043,0.0216,0.0013,0.0051
2.2,1.9,1.2,1.2,3.2,5.9,10.3,28.8,11.8,-0.1912,0.3107,-0.291,-0.7143,-0.3253,0.2757,-0.1407,0.2445
2.2,4.7,3.2,1.6,3.3,4.6,6.0,25.0,37.9,-0.3971,0.2117,-0.4487,0.292,0.4465,0.2703,-0.4232,-0.2162
2.2,2.1,4.2,1.5,1.8,10.0,19.7,36.9,41.6,-0.8794,0.4254,0.0442,0.0779,-0.0127,-0.0362,0.0531,0.1257
2.2,1.7,3.2,2.3,4.1,5.2,15.1,39.0,13.0,-0.5734,0.2788,-0.2,-0.1017,0.2089,0.3992,-0.3508,-0.4426
2.2,1.6,1.0,3.5,5.0,2.7,15.7,22.8,37.1,-0.5586,0.2078,-0.3688,0.0182,0.3116,0.4015,-0.329,-0.3615
2.2,3.4,3.8,4.4,1.9,14.4,17.4,5.2,26.8,-0.8558,0.2255,0.0007,0.048,-0.009,0.0375,-0.1134,-0.4427
2.2,1.1,3.2,1.8,1.8,12.2,11.7,14.2,15.1,0.259,0.0957,-0.175,-0.0933,-0.6403,0.3563,-0.1031,-0.565
2.2,4.8,1.8,2.7,2.7,8.5,11.2,10.6,15.3,-0.1572,0.3876,-0.3767,-0.0112,-0.5938,-0.0552,0.0611,-0.5598
2.2,4.2,4.0,3.2,4.3,3.3,16.2,23.2,31.8,-0.1874,0.0052,-0.3824,0.0898,0.3898,0.1219,-0.7776,-0.13
2.2,3.1,3.5,3.0,2.6,18.6,11.9,29.4,26.7,-0.9477,0.2155,-0.0515,0.1379,0.0631,-0.0846,0.0088,0.1161
2.2,1.9,4.3,1.1,3.0,20.9,5.2,21.2,28.3,-0.7038,0.669,-0.0862,0.1393,0.1238,-0.0233,0.0039,0.026
2.2,4.4,4.1,4.0,2.1,14.4,19.0,31.1,22.1,-0.9294,-0.1518,-0.0048,0.0445,0.0086,-0.0273,-0.0553,0.3129
2.2,4.5,4.3,4.4,4.0,2.3,7.2,16.6,7.8,-0.4761,0.6063,0.0775,-0.2535,-0.3337,-0.3738,-0.1546,-0.2351
2.2,3.8,2.9,3.9,2.1,6.5,17.5,30.2,25.0,-0.1195,-0.2406,-0.2174,0.069,0.2222,-0.0046,-0.8751,0.2044
2.2,4.9,1.7,4.5,3.9,14.6,17.4,43.5,11.2,-0.6905,0.0005,-0.3279,0.187,0.33,-0.1816,-0.2169,0.4131
2.2,4.0,1.1,1.7,3.6,3.5,16.4,15.9,28.8,-0.2079,-0.0445,-0.4896,-0.0532,0.0141,0.6624,-0.0929,-0.4961
2.2,2.1,4.2,2.9,5.0,8.9,13.1,5.5,7.4,-0.6784,0.5919,-0.1024,-0.2534,-0.1294,-0.2779,0.0131,-0.1281
2.2,4.5,4.4,3.5,2.9,2.5,4.8,21.8,9.6,-0.1107,0.5633,0.0448,-0.3991,-0.6077,-0.2347,-0.2231,-0.1621
2.2,2.1,2.3,3.6,2.1,4.5,3.3,14.4,13.2,-0.1294,0.4748,-0.2733,-0.2443,-0.5528,-0.3059,0.0669,-0.4599
2.2,3.2,4.0,2.0,3.7,6.2,9.8,41.0,36.9,-0.5775,0.0811,-0.2535,0.3802,0.2968,-0.3059,-0.2775,0.4224
2.2,4.8,1.7,4.8,4.0,21.3,11.8,11.7,17.6,-0.9089,0.4056,0.0133,-0.014,-0.0087,-0.0375,0.0028,0.0075
2.2,2.7,4.0,1.5,3.4,20.6,19.9,22.7,13.8,-0.7822,0.6122,0.0085,0.0124,-0.0016,-0.0032,0.019,0.0262
2.2,4.9,2.4,2.9,2.2,19.5,15.1,40.0,41.9,-0.8891,0.4441,0.0197,0.052,-0.0083,-0.0308,0.022,0.0492
2.2,4.8,3.9,1.4,1.5,20.0,8.9,31.1,43.0,-0.7316,0.6716,0.043,0.0604,-0.0085,-0.0181,0.0139,0.018
2.2,3.4,4.9,2.8,2.7,3.5,6.0,23.0,10.7,0.0528,0.4377,-0.0436,-0.5233,-0.6931,0.0014,-0.1904,-0.0453
2.2,1.8,4.4,4.5,3.3,9.8,19.9,8.6,35.7,-0.7255,0.3735,-0.0246,-0.0298,0.027,0.0715,-0.2611,-0.4971
2.2,4.6,1.6,1.9,1.7,15.2,3.5,20.1,12.1,-0.8009,-0.0753,-0.3836,-0.1185,-0.1215,0.2944,-0.0151,0.2741
2.2,4.9,2.4,3.0,4.4,3.6,17.3,11.6,35.1,-0.6359,0.176,-0.19,-0.1286,0.1551,0.4948,-0.2592,-0.4016
2.2,4.0,1.9,1.9,3.3,6.8,13.7,5.7,37.6,-0.444,0.3512,0.0676,0.331,-0.2302,0.3011,-0.27,-0.5784
2.2,1.0,4.7,1.1,1.8,19.5,18.5,30.7,43.0,-0.7771,0.6015,0.0793,0.094,-0.0159,-0.028,0.0301,0.048
2.2,4.6,2.6,1.2,4.3,9.7,9.3,36.6,6.4,-0.6092,0.4223,-0.2946,-0.488,-0.0228,0.2256,0.0074,0.2571
2.2,3.4,3.8,2.1,3.5,18.9,19.9,40.2,33.1,-0.8614,0.493,0.0086,0.0162,-0.0035,-0.0087,0.0428,0.0765
2.2,3.9,3.4,2.3,1.6,16.6,21.5,13.5,25.7,-0.7586,-0.2829,-0.0006,-0.0072,-0.0011,0.0045,-0.209,0.5225
2.2,2.1,4.7,3.6,4.7,4.3,16.5,25.1,5.7,-0.6221,0.6562,-0.161,-0.3557,-0.0425,0.0795,0.0617,0.0909
2.2,2.3,4.8,4.5,4.3,14.6,17.3,41.2,23.2,-0.8619,-0.1196,-0.0283,0.1022,0.032,-0.0919,-0.0784,0.4523
2.2,2.8,2.6,2.5,2.4,15.3,8.4,8.5,32.6,-0.2003,0.3107,0.1946,0.0807,-0.2856,0.2761,-0.7247,-0.337
2.2,1.0,1.5,3.3,3.4,2.3,11.9,11.0,30.2,-0.1428,0.1541,-0.1039,0.2178,-0.5601,0.2265,-0.0226,-0.7203
2.2,3.5,2.2,3.1,3.8,15.8,19.1,39.9,30.2,-0.9448,0.2014,0.0073,0.0795,0.0009,-0.061,0.0399,0.2178
2.2,4.9,2.6,4.1,4.1,8.8,7.3,35.3,17.3,-0.6821,0.0447,-0.2427,-0.3097,0.2483,0.4654,-0.2991,0.0327
2.2,4.1,3.8,4.5,2.8,18.1,4.7,28.1,42.5,-0.9433,0.1338,0.0198,0.2299,0.0147,-0.1122,-0.0102,0.1343
2.2,4.2,3.0,4.1,4.3,6.4,18.2,33.0,25.2,-0.2802,-0.3209,-0.2132,0.1498,0.2241,-0.0845,-0.7114,0.404
2.2,1.1,4.3,4.9,4.1,6.6,2.7,23.3,18.9,-0.0448,-0.118,0.0021,-0.112,-0.6665,0.5196,-0.2915,-0.3949
2.2,2.6,1.4,2.2,4.5,20.3,3.1,17.2,16.9,-0.8757,0.4192,-0.1633,0.0182,-0.0559,0.1027,0.035,0.0508
2.2,3.4,1.9,4.8,2.2,18.0,17.5,16.4,10.5,-0.7681,-0.2124,-0.2212,-0.1929,0.2141,0.2868,-0.2218,0.2751
2.2,3.6,2.4,1.9,3.9,12.2,7.1,33.9,8.0,-0.6011,0.2499,-0.3173,-0.5601,-0.1251,0.2143,-0.0088,0.3023
2.2,1.4,1.1,1.1,2.1,3.9,17.2,13.4,23.2,0.319,0.0678,-0.3954,-0.2201,-0.3007,0.5527,0.1129,-0.5105
2.2,3.0,3.0,1.3,3.5,19.3,16.1,31.3,21.2,-0.7987,0.5732,0.0385,0.1127,-0.0028,-0.0562,0.0328,0.0594
2.2,4.8,2.6,1.3,2.4,14.9,21.4,35.4,12.7,-0.926,0.2704,0.0073,0.017,-0.0011,-0.0077,0.0628,0.2254
2.2,3.2,1.6,3.8,1.3,4.5,7.0,27.9,41.5,-0.4847,0.1255,-0.4738,0.0516,0.4816,0.1832,-0.4833,-0.0989
2.2,3.3,4.4,1.3,1.7,15.6,11.4,24.6,31.2,-0.8743,0.1889,-0.0624,0.3034,0.1138,-0.1643,-0.0197,0.2244
2.2,2.7,4.5,3.8,3.7,5.3,17.6,22.7,36.5,-0.5357,-0.3605,-0.1954,0.2783,0.2142,-0.1544,-0.4518,0.4016
2.2,2.9,4.0,3.5,3.8,11.4,13.9,16.2,37.7,-0.4949,0.2234,-0.4152,-0.0099,0.4297,0.272,-0.4664,-0.2062
2.2,4.4,3.9,3.3,4.7,21.8,21.2,36.9,24.5,-0.8238,0.5603,0.0019,0.0023,-0.0003,-0.0004,0.0009,0.0018
2.2,4.1,4.8,3.1,2.3,19.5,21.7,43.4,26.5,-0.8959,0.4276,-0.0017,-0.0031,0.0009,0.0019,0.039,0.083
2.2,1.4,1.0,4.3,1.0,7.7,7.1,4.3,18.2,-0.3964,-0.0319,-0.3556,-0.019,-0.3631,-0.0284,0.3851,-0.6542
2.2,3.4,1.8,2.4,4.4,4.4,7.1,4.9,30.0,-0.2814,0.4304,-0.4835,0.049,-0.506,0.0324,0.298,-0.3827
2.2,3.2,1.6,3.4,2.6,20.0,19.9,33.6,30.4,-0.9313,0.3499,0.0037,0.0185,-0.0006,-0.0092,0.017,0.0487
2.2,1.2,1.5,2.3,4.1,2.2,17.8,17.3,34.9,-0.4151,0.1597,-0.3667,0.0395,0.2941,0.4164,-0.4049,-0.4741
2.2,4.6,2.4,4.3,3.0,6.3,13.4,14.4,24.9,-0.3592,0.1251,0.1912,0.0425,-0.3673,0.2936,-0.3929,-0.656
2.2,2.4,4.1,3.8,4.1,19.5,13.9,43.6,36.3,-0.9247,0.3319,0.0084,0.0678,-0.006,-0.0627,0.0419,0.1324
2.2,3.3,2.7,2.4,2.3,17.6,18.6,20.0,30.3,-0.9614,0.1239,0.0045,0.1025,0.0108,-0.0552,0.0151,0.1856
2.2,2.5,2.4,1.4,4.3,18.4,21.7,39.6,30.7,-0.8201,0.5552,0.0015,0.0036,-0.0003,-0.0014,0.0552,0.0833
2.2,4.2,1.8,4.8,3.9,21.8,11.9,13.2,43.4,-0.8815,0.4448,-0.0715,-0.1044,-0.0156,-0.0117,0.0109,0.015
2.2,2.7,2.3,2.7,2.3,15.6,9.2,30.9,9.3,-0.7255,-0.1228,-0.2982,-0.1098,0.0848,0.5613,-0.1288,0.0601
2.2,3.0,4.6,3.5,3.1,19.7,16.4,29.4,11.5,-0.9521,0.2686,0.0003,0.0631,0.007,-0.0349,0.0162,0.073
2.2,2.7,1.0,2.0,3.0,21.7,18.0,7.9,30.6,-0.7845,0.6084,0.0055,-0.0021,-0.0106,-0.0056,0.0137,0.0209
2.2,2.8,1.5,4.3,4.8,15.4,3.5,29.7,34.8,-0.6419,0.0772,-0.4614,0.1269,0.4746,0.046,-0.3301,0.0671
2.2,2.8,2.8,2.9,2.5,12.4,8.6,37.8,36.6,-0.7521,0.0027,-0.2225,0.3133,0.2466,-0.2466,-0.1776,0.3509
2.2,4.6,2.3,1.8,2.4,4.1,2.5,11.4,38.7,-0.4376,0.1197,-0.4819,0.0765,-0.0177,0.6367,0.0253,-0.3646
2.2,2.9,1.1,4.4,4.9,19.2,6.6,14.5,6.5,-0.853,-0.1067,-0.0883,-0.2846,-0.0732,0.0716,-0.0772,0.3486
2.2,1.2,3.9,2.9,1.9,7.8,21.6,7.8,9.6,0.1854,0.2277,0.0361,-0.0106,0.0223,-0.024,0.7191,-0.6157
2.2,4.7,1.8,4.0,2.2,11.7,18.7,41.1,39.0,-0.9424,0.1216,-0.0057,0.1275,0.0121,-0.1112,0.0145,0.2446
2.2,3.5,4.0,2.9,3.8,14.7,9.0,16.8,11.3,-0.1284,-0.1255,-0.3015,-0.4752,-0.5919,0.383,-0.2805,0.2295
2.2,2.9,4.8,3.9,2.1,2.7,3.8,26.2,41.7,-0.5406,0.2509,-0.4094,0.0579,0.4152,0.2756,-0.3981,-0.2362
2.2,3.7,4.1,2.2,3.3,21.7,12.6,43.4,8.7,-0.7626,0.6387,0.012,-0.0425,-0.0164,0.037,0.0101,0.0156
2.2,3.0,2.8,1.5,3.6,7.7,15.5,25.1,26.5,-0.2067,-0.0247,-0.4283,0.1848,0.4221,0.2112,-0.6748,-0.2019
2.2,4.0,3.1,4.9,3.9,12.4,21.1,25.6,40.2,-0.9564,0.2553,-0.0091,-0.017,0.002,0.0052,0.0087,0.0444
2.2,4.2,4.7,4.1,2.7,2.6,17.8,26.1,21.6,-0.1897,0.2261,-0.1141,-0.0121,0.1094,0.0966,-0.7474,-0.5535
2.2,4.9,1.4,3.3,4.0,11.3,17.2,25.4,5.2,-0.5973,0.2707,-0.1274,-0.6312,-0.1797,0.2047,-0.0662,0.2523
2.2,3.3,1.7,4.9,1.4,10.1,7.7,8.7,8.3,-0.4383,0.2804,-0.3958,-0.207,-0.4462,-0.254,0.2423,-0.4471
2.2,3.4,3.6,4.2,4.8,2.4,2.3,6.0,5.8,-0.6729,0.2755,0.0759,-0.3819,0.0471,-0.4163,0.0929,-0.3648
2.2,3.2,1.9,3.9,3.5,16.3,3.9,13.8,37.5,-0.8068,0.1518,-0.2458,-0.1114,0.228,0.3988,-0.146,-0.0901
2.2,1.6,1.9,1.4,2.4,9.2,14.0,31.8,23.3,-0.3042,0.0116,-0.4465,0.0463,0.446,0.2999,-0.6175,-0.1359
2.2,2.0,2.8,2.0,1.9,7.0,15.1,43.9,26.9,-0.3747,-0.0916,-0.2252,0.1865,0.2293,-0.1806,-0.4087,0.7042
2.2,4.6,4.2,1.6,3.8,7.9,20.2,37.7,11.2,-0.0766,0.2359,-0.0623,0.0355,0.0829,0.0287,-0.9082,-0.2668
2.2,2.3,2.4,4.8,1.8,18.0,5.7,22.4,9.0,-0.7943,-0.3055,-0.1236,-0.1094,-0.0153,0.356,-0.1595,0.2754
2.2,5.0,1.7,5.0,4.3,14.3,21.5,7.9,27.7,-0.8011,0.3834,0.0001,-0.0023,-0.0017,0.0053,-0.1957,-0.4089
2.2,2.6,4.6,4.9,1.6,20.8,12.2,9.3,29.0,-0.9699,0.1051,-0.0042,-0.0038,0.0036,0.0173,0.0068,0.148
2.2,4.1,2.8,1.5,4.9,20.0,20.7,39.0,35.7,-0.7312,0.6763,0.0088,0.0107,-0.0022,-0.0034,0.0212,0.0237
2.2,3.4,2.2,1.3,4.4,20.6,9.1,14.2,41.9,-0.714,0.6812,0.0661,0.0844,-0.0158,-0.0297,0.0242,0.0331
2.2,2.7,1.1,3.9,1.8,2.9,10.6,6.9,24.0,-0.2998,0.0553,-0.3495,0.0927,-0.3857,0.0627,0.3464,-0.7047
2.2,3.4,3.5,1.5,1.5,16.3,14.4,39.6,30.3,-0.8865,0.3917,0.0212,0.1087,-0.001,-0.077,0.0648,0.1708
2.2,1.1,4.9,1.7,1.5,20.2,22.0,21.7,9.5,-0.9532,0.0662,-0.0092,-0.0217,0.0006,0.0082,0.0066,0.228
2.2,3.8,4.6,2.2,1.0,17.0,6.5,9.5,43.8,-0.7537,0.4028,-0.1937,-0.0409,0.2588,0.3022,-0.1633,-0.1208
2.2,2.5,2.4,3.0,2.9,11.5,17.9,31.4,39.6,-0.8985,0.011,-0.0217,0.2764,0.0562,-0.1659,-0.0535,0.261
2.2,1.3,2.0,2.0,3.3,10.1,6.2,18.4,4.9,-0.2864,0.4335,0.2531,-0.3902,-0.4317,-0.2659,-0.4241,-0.2656
2.2,2.6,2.8,1.4,4.4,4.6,12.8,35.3,22.9,-0.3475,0.137,-0.4077,0.1075,0.3377,0.4415,-0.4175,-0.4239
2.2,1.2,1.1,1.5,1.2,14.3,10.1,4.3,29.5,-0.4708,0.2839,-0.2189,0.2279,-0.2686,0.2114,-0.17,-0.6656
2.2,4.2,2.2,4.2,1.3,11.6,21.7,43.0,8.6,-0.6995,-0.2477,0.0023,-0.0118,-0.0027,0.0111,-0.226,0.6185
2.2,2.0,2.3,2.5,3.8,5.3,20.0,27.6,40.8,-0.9286,0.2184,0.0446,0.1955,0.0013,-0.086,0.009,0.1393
2.2,1.2,4.0,2.4,3.2,12.0,7.4,25.4,30.8,-0.4956,0.0243,-0.4645,-0.019,0.4102,0.3977,-0.4115,-0.1725
2.2,2.7,1.8,2.4,4.5,2.9,18.2,34.4,35.6,-0.5866,-0.163,-0.2162,0.3768,0.2641,-0.2224,-0.366,0.4041
2.2,2.1,4.5,3.6,2.3,2.2,17.2,38.8,14.9,-0.1114,0.4031,-0.1545,-0.0337,0.1623,0.0603,-0.854,-0.1599
2.2,4.5,1.8,2.0,3.3,12.2,17.7,26.4,35.4,-0.853,0.0053,-0.0497,0.3415,0.1005,-0.187,-0.0834,0.2951
2.2,3.5,2.2,2.9,2.1,2.4,21.3,21.4,36.6,-0.3986,-0.4753,-0.0243,0.0341,0.0263,-0.0142,-0.5949,0.4567
2.2,3.3,1.7,1.5,2.7,7.4,20.5,33.2,20.1,-0.1063,-0.2399,-0.123,0.1271,0.1523,-0.0305,-0.8811,0.2661
2.2,3.5,2.5,2.7,3.9,8.1,17.1,28.5,32.2,-0.4997,-0.2701,-0.2775,0.3136,0.3058,-0.1531,-0.4786,0.3675
2.2,2.7,1.6,4.8,2.5,16.1,11.9,4.0,15.7,-0.7871,0.1415,-0.2095,0.149,-0.2163,0.1399,0.0027,-0.4703
2.2,3.2,2.5,4.3,3.9,15.9,17.0,11.3,12.6,-0.4171,0.2749,0.1835,0.14,-0.2978,0.1756,-0.4625,-0.5865
2.2,2.1,3.5,2.9,1.4,10.4,21.6,25.3,12.8,-0.0157,0.0287,0.0158,-0.0104,-0.0187,-0.0057,-0.9234,-0.3579
2.2,3.6,2.7,1.8,2.9,5.5,6.8,13.1,29.9,-0.0773,-0.1493,-0.2725,-0.202,-0.3836,0.7627,-0.2357,-0.2302
2.2,2.3,3.4,4.4,4.2,17.9,12.8,29.3,40.4,-0.9089,0.0444,-0.033,0.2962,0.0631,-0.1731,-0.0523,0.1922
2.2,1.9,2.1,2.3,3.8,11.4,3.6,31.4,37.8,-0.4898,0.1884,-0.4545,0.2314,0.5028,0.0836,-0.4387,-0.0181
2.2,3.4,4.5,1.7,1.2,21.4,9.9,30.2,14.5,-0.7508,0.6538,-0.0027,0.0034,0.0027,-0.0008,0.0058,0.0073
2.2,2.7,3.3,3.1,3.2,19.2,15.0,18.7,6.5,-0.8679,0.0851,-0.2669,0.0037,0.0941,0.3698,-0.0232,0.0314
2.2,2.4,4.4,3.6,2.1,18.5,7.6,23.0,14.8,-0.9288,-0.0368,-0.1675,-0.0531,0.1431,0.1947,-0.0471,0.1758
2.2,4.2,3.6,3.1,1.6,15.5,20.2,19.2,16.8,-0.73,-0.386,-0.0107,0.0335,0.0137,-0.0191,-0.2631,0.4741
2.2,2.4,1.3,1.5,1.7,16.0,13.5,30.3,16.2,-0.7561,0.0468,-0.3898,0.077,0.3958,0.1776,-0.1775,0.182
2.2,2.5,4.1,3.2,4.6,3.8,2.1,15.2,10.3,-0.4326,0.546,0.0691,-0.3018,-0.3086,-0.3938,-0.2109,-0.3453
2.2,3.0,4.7,2.1,2.5,3.8,9.0,28.6,32.2,-0.3436,0.0144,-0.4689,0.0737,0.4679,0.2374,-0.5978,-0.1011
2.2,3.1,4.8,2.2,4.4,21.9,17.1,4.9,36.8,-0.7726,0.6138,0.0103,0.0042,-0.028,-0.0273,0.0149,0.0302
2.2,1.4,5.0,1.5,4.4,14.7,8.8,19.8,32.6,-0.4501,0.1752,-0.459,0.2068,0.45,0.31,-0.3981,-0.2026
2.2,1.9,1.2,4.3,1.8,7.3,4.2,42.4,24.9,-0.4696,-0.0098,-0.427,-0.1293,0.4279,0.1317,-0.4398,0.4179
2.2,3.3,3.1,1.4,3.2,20.7,11.9,10.6,21.2,-0.746,0.6517,-0.0333,0.0195,0.0462,0.036,0.0257,0.0328
2.2,1.4,1.8,3.9,1.3,19.4,6.1,24.1,32.3,-0.9209,-0.0351,-0.2231,0.003,0.2199,0.0808,-0.0632,0.1693
2.2,1.2,3.2,4.1,1.5,10.4,10.2,6.6,13.8,-0.2596,0.0741,-0.3788,0.0434,-0.405,0.0188,0.4193,-0.6574
2.2,4.7,3.0,1.7,1.3,21.2,12.0,23.2,4.8,-0.7423,0.6643,-0.0014,-0.0024,-0.0023,0.0005,0.0058,0.007
2.2,3.2,2.7,4.1,3.1,11.8,11.1,18.9,22.7,-0.384,-0.184,-0.0305,-0.3457,-0.0599,0.6236,-0.5352,-0.0666
2.2,3.0,3.7,3.5,1.3,21.3,10.8,17.8,30.9,-0.9129,0.3952,0.0023,-0.0032,-0.0036,0.0014,0.0067,0.0181
2.2,2.8,3.7,4.9,2.6,20.2,18.5,11.4,29.4,-0.9708,0.0865,-0.034,0.0534,0.036,-0.041,0.0031,0.1509
2.2,4.3,3.4,1.1,4.1,13.3,9.0,6.0,42.6,-0.5821,0.6228,-0.0361,0.153,0.2398,0.2798,-0.204,-0.2441
2.2,2.1,4.8,4.5,4.1,4.3,13.1,7.8,10.0,-0.5086,0.6899,-0.1658,-0.2372,-0.218,-0.2867,0.2135,0.0033
2.2,4.8,2.4,2.8,2.7,5.8,15.8,30.9,5.9,-0.2801,0.5573,-0.3563,-0.5563,-0.2277,0.2013,0.2016,0.151
2.2,3.0,3.9,1.4,1.2,3.5,14.0,25.4,40.1,-0.4,-0.1953,-0.2954,0.4109,0.3633,-0.1272,-0.5461,0.2724
2.2,2.7,3.1,3.2,4.3,15.9,16.7,4.8,34.6,-0.8168,0.3916,0.0205,0.1165,-0.007,0.0932,-0.1563,-0.3566
2.2,2.6,2.5,3.6,3.1,7.3,10.7,36.3,28.5,-0.4138,-0.0006,-0.47,0.005,0.4855,0.0692,-0.5596,0.2029
2.2,3.5,2.8,3.2,3.0,15.3,3.7,8.5,19.7,-0.4641,0.4384,-0.1918,0.1542,-0.3464,0.1061,-0.3262,-0.5326
2.2,4.4,1.8,1.4,3.6,12.5,13.9,11.6,18.9,0.0009,-0.0884,-0.1839,-0.1303,-0.4868,0.6898,-0.4485,-0.0413
2.2,5.0,2.0,4.7,3.8,11.8,7.6,11.7,20.0,-0.4756,0.305,-0.1281,0.2326,-0.3457,0.1509,-0.2393,-0.6334
2.2,1.2,1.6,3.6,3.1,16.8,13.1,39.9,13.3,-0.6287,0.1457,-0.3546,-0.2813,0.3667,0.3256,-0.3241,0.1422
2.2,2.8,1.6,3.5,1.7,8.5,13.8,32.4,28.6,-0.3862,-0.2157,-0.4076,0.0312,0.4149,0.0515,-0.6051,0.2865
2.2,4.2,4.7,4.8,3.6,8.3,21.3,21.8,9.3,-0.4061,0.2059,0.0294,-0.013,-0.0255,-0.0459,-0.3977,-0.7851
2.2,4.7,2.5,1.3,1.1,7.4,19.3,40.9,20.8,-0.5833,-0.2502,-0.0326,0.1069,0.0494,-0.0799,-0.3142,0.6771
2.2,1.9,4.4,1.6,1.5,16.1,14.5,6.3,35.0,-0.3623,0.5237,0.1126,0.0905,-0.0773,0.1003,-0.6075,-0.4157
2.2,2.9,4.6,2.2,2.3,19.3,17.7,20.2,26.5,-0.9322,0.3295,0.0114,0.0461,-0.0008,-0.0213,0.0281,0.0884
2.2,3.2,1.1,3.4,4.5,5.9,15.0,42.1,10.1,-0.7427,0.2788,-0.0683,-0.3379,0.0945,0.4381,-0.1961,0.0273
2.2,3.2,2.2,3.1,2.4,4.1,9.5,11.8,39.5,-0.6528,0.081,-0.2827,-0.0083,0.0891,0.5636,-0.0954,-0.3717
2.2,3.7,4.3,4.8,3.7,8.4,14.3,7.0,7.5,-0.5061,0.6649,-0.1952,-0.2463,-0.2424,-0.2944,0.2215,-0.0162
2.2,1.4,1.8,3.5,2.3,8.0,6.6,22.9,5.5,-0.2664,0.4607,0.2321,-0.3886,-0.5176,-0.2216,-0.4032,-0.1574
2.2,2.5,3.7,1.4,2.0,17.1,17.4,6.5,38.4,-0.5332,0.222,-0.1782,-0.3678,0.239,0.4847,-0.3608,0.1953
2.2,4.2,1.8,4.1,2.3,18.7,3.5,14.6,42.0,-0.784,0.0139,-0.2055,0.3513,0.2323,-0.22,-0.1729,0.2337
2.2,1.6,2.7,2.7,3.7,2.5,10.9,29.4,36.6,-0.4164,0.1351,-0.4647,0.1311,0.4838,0.1802,-0.5293,-0.1259
2.2,2.7,1.0,4.8,4.8,19.0,16.7,19.0,12.3,-0.9194,-0.0593,-0.1365,-0.05,0.036,0.2959,-0.0343,0.1441
2.2,1.2,2.1,3.1,5.0,6.1,10.0,39.2,26.5,-0.533,0.2831,-0.3789,-0.1718,0.4055,0.2969,-0.4365,-0.0945
2.2,2.5,2.1,1.2,1.2,16.9,13.7,10.8,13.2,-0.2537,-0.2223,-0.0644,-0.1409,-0.0932,0.5613,-0.6234,0.3304
2.2,4.6,1.6,1.5,4.9,13.6,21.9,16.2,34.2,-0.9255,0.2722,0.011,0.0336,-0.0009,-0.015,0.0555,0.2103
2.2,4.2,1.7,2.2,4.8,3.1,17.2,42.6,6.4,-0.4512,0.6221,-0.3229,-0.3987,-0.1284,0.1751,0.1972,0.1726
2.2,4.2,4.7,4.9,3.1,11.9,16.5,12.0,14.2,-0.5777,0.1855,0.1867,0.0201,-0.2351,0.1601,-0.2808,-0.6528
2.2,4.6,3.0,1.0,4.4,16.2,3.7,14.7,37.5,-0.488,0.4837,-0.3059,0.3612,0.4593,-0.0422,-0.2631,0.065
2.2,2.9,4.4,4.5,3.3,20.4,14.9,25.0,32.7,-0.9535,0.2814,-0.0005,0.0339,0.0037,-0.0176,0.0094,0.0385
2.2,2.0,2.9,1.8,1.2,6.8,3.8,39.2,41.6,-0.5004,0.157,-0.3821,0.3226,0.4398,-0.2027,-0.3824,0.2829
2.2,2.4,2.9,5.0,3.3,19.0,7.1,8.1,8.0,-0.6115,0.502,-0.1642,-0.062,-0.2802,-0.1364,-0.2521,-0.406
2.2,4.0,2.3,4.0,1.5,5.1,10.8,29.4,11.7,-0.3452,-0.0233,0.0339,-0.3349,-0.1072,0.5753,-0.5491,-0.3328
2.2,4.0,4.6,1.6,4.0,11.5,15.9,22.9,12.6,0.0072,0.0189,-0.5093,0.1196,0.0922,0.4569,-0.1288,-0.6764
2.2,1.1,1.3,4.6,3.0,17.3,3.0,27.8,40.1,-0.5496,0.0431,-0.4755,0.1757,0.4892,0.011,-0.4259,0.0492
2.2,1.3,3.0,3.8,2.8,20.2,9.3,23.0,4.1,-0.8519,0.0599,-0.2342,-0.3673,-0.1078,0.0598,0.0123,0.2172
2.2,2.5,4.9,2.0,3.6,9.0,7.6,8.3,23.8,-0.0673,0.3612,-0.3686,0.1552,-0.5506,0.1248,0.0693,-0.6088
2.2,3.0,1.1,2.1,1.6,5.6,17.7,13.2,15.3,0.206,0.0996,-0.1122,-0.048,-0.5095,0.3059,0.1348,-0.7377
2.2,2.0,2.7,4.3,4.5,17.1,8.8,35.2,26.4,-0.7503,-0.0153,-0.3838,0.1348,0.396,-0.0595,-0.2229,0.2211
2.2,2.2,1.3,4.0,4.5,18.9,7.5,30.1,22.1,-0.9104,0.1179,-0.2379,-0.0269,0.2375,0.149,-0.056,0.0932
2.2,2.7,1.0,1.1,1.0,6.6,20.3,14.8,31.0,-0.0537,0.0381,-0.1828,0.0676,0.1804,0.1463,-0.8088,-0.4786
2.2,2.5,1.0,2.9,2.4,15.1,8.9,20.3,26.7,-0.7097,-0.2063,-0.2727,-0.1753,0.1945,0.4532,-0.2437,0.1806
2.2,3.1,2.7,1.0,2.6,17.2,8.6,39.8,4.1,-0.6481,0.6231,-0.3051,-0.2315,0.0174,0.0827,0.0954,0.1391
2.2,3.1,4.6,4.6,1.6,11.0,12.0,15.5,29.1,-0.2777,0.1791,0.2239,-0.1527,-0.2561,0.3009,-0.6731,-0.44
2.2,2.6,2.1,3.9,4.4,2.2,12.1,15.0,35.2,-0.6363,-0.004,-0.2695,-0.0722,0.0476,0.5903,-0.0862,-0.3833
2.2,4.1,2.4,4.1,2.5,15.7,13.6,21.3,16.2,-0.7444,-0.1963,-0.2869,-0.1698,0.2719,0.3074,-0.2424,0.2328
2.2,2.5,3.2,1.0,4.4,19.0,13.3,35.9,27.0,-0.7462,0.5985,0.0694,0.2059,-0.0019,-0.1187,0.0391,0.0931
2.2,2.8,4.8,3.9,1.0,7.5,4.5,12.2,31.3,-0.4861,0.229,-0.0264,0.1665,-0.1845,0.1208,-0.2957,-0.7343
2.2,4.7,2.9,4.6,2.8,8.9,21.4,30.7,43.5,-0.7887,0.5774,-0.0294,-0.0401,-0.0015,0.001,0.0119,0.0083
2.2,1.3,3.7,4.6,4.8,15.3,20.1,16.5,18.7,-0.4792,0.3031,-0.0267,-0.0039,0.0233,0.042,-0.4386,-0.6842
2.2,3.4,3.8,2.8,3.5,14.3,4.9,17.6,9.2,-0.1533,-0.0089,-0.0121,-0.5849,-0.4994,0.1348,-0.5299,0.2602
2.2,4.6,1.4,3.7,4.5,18.2,10.1,38.4,39.2,-0.9285,0.3129,0.0188,0.1306,-0.001,-0.085,0.0194,0.0962
2.2,1.7,2.4,4.3,3.1,7.6,7.1,30.3,37.1,-0.4999,0.1105,-0.4771,0.0117,0.4887,0.1648,-0.48,-0.0511
2.2,2.9,3.9,1.6,1.9,20.8,21.9,39.4,34.6,-0.7609,0.6417,-0.002,-0.002,0.0004,0.0005,0.0201,0.0248
2.2,4.3,2.2,4.3,1.6,18.9,10.7,35.6,21.4,-0.9629,0.2298,-0.0389,0.05,0.0417,-0.0373,0.0147,0.0814
2.2,4.8,4.6,1.0,1.6,18.6,20.3,16.7,39.8,-0.7001,0.7059,0.0146,0.0141,-0.0031,-0.0039,0.0312,0.0322
2.2,2.2,2.5,2.4,4.3,10.0,5.9,37.7,26.7,-0.58,0.2268,-0.4185,-0.0916,0.4559,0.2684,-0.3716,0.0036
2.2,2.6,3.5,4.1,1.0,12.0,9.3,27.7,36.7,-0.5682,-0.2438,-0.4159,0.0786,0.4168,0.0253,-0.4239,0.2661
2.2,4.5,3.3,3.2,3.2,19.3,17.3,12.6,42.0,-0.9267,0.2744,0.0325,0.1703,-0.0004,-0.0938,0.0153,0.122
2.2,4.2,2.4,3.9,3.9,19.2,14.6,6.5,7.2,-0.4302,0.6028,-0.0895,0.0933,-0.2204,0.0482,-0.4683,-0.3461
2.2,2.5,4.3,4.0,2.3,15.1,2.8,7.1,41.5,-0.802,-0.0857,-0.0685,-0.0714,-0.0046,0.5236,-0.0765,-0.0216
2.2,2.5,3.7,4.0,4.1,8.8,14.9,31.1,23.2,-0.2218,0.0488,-0.3906,-0.0307,0.3971,0.1572,-0.7664,-0.0837
2.2,2.4,2.9,2.6,3.4,9.0,19.1,33.2,43.8,-0.8563,0.4417,0.0775,0.1929,-0.0129,-0.0757,0.0106,0.0619
2.2,2.4,3.9,3.1,4.2,9.8,4.0,22.9,27.8,-0.5787,-0.0897,-0.3708,-0.129,0.1264,0.6303,-0.1913,-0.2038
2.2,1.1,2.1,3.1,1.1,8.7,7.4,31.1,15.4,-0.2727,-0.0761,-0.0438,-0.3599,0.0127,0.5367,-0.6937,-0.0816
2.2,4.3,1.6,2.9,2.4,4.2,12.8,5.0,13.3,-0.3056,0.5299,-0.3352,-0.3115,-0.3533,-0.327,0.3664,-0.2088
2.2,3.7,1.6,3.3,2.0,10.2,4.3,33.8,29.7,-0.6523,-0.0729,-0.4284,-0.0428,0.4397,0.1424,-0.3276,0.2298
2.2,4.9,3.3,1.6,2.2,18.0,15.7,18.3,12.8,-0.8624,0.3807,-0.1059,0.2041,0.1373,-0.1044,0.0088,0.1214
2.2,3.5,1.9,5.0,1.6,16.0,10.4,30.2,43.2,-0.8584,-0.0414,-0.096,0.3362,0.1212,-0.2136,-0.1117,0.2374
2.2,1.7,2.8,2.1,1.3,14.1,12.3,21.1,26.2,-0.3776,-0.2448,-0.4034,-0.1055,0.379,0.3169,-0.588,0.1268
2.2,4.5,4.4,3.0,3.0,9.1,11.4,25.2,38.4,-0.5356,-0.0742,-0.3848,0.357,0.4196,-0.1304,-0.4253,0.2084
2.2,1.8,1.3,1.0,1.3,17.2,18.3,35.2,21.0,-0.8884,0.2282,0.0077,0.1984,0.0328,-0.129,0.0405,0.2851
2.2,4.8,2.5,1.2,4.7,2.3,20.7,25.4,43.7,-0.6334,0.7486,0.0919,0.0919,-0.0133,-0.019,0.0118,0.0161
2.2,2.4,3.9,1.2,1.7,19.6,19.6,13.8,4.6,-0.8615,0.1023,0.0274,0.2148,0.0245,-0.1257,-0.0172,0.3356
2.2,4.1,2.2,3.3,3.7,21.2,15.0,4.2,31.0,-0.8663,0.1965,0.0012,0.0053,-0.0072,-0.0238,0.0022,0.2991
2.2,2.3,4.3,1.4,2.1,19.5,11.1,42.5,40.8,-0.7721,0.6014,0.0573,0.1065,-0.0293,-0.0751,0.0585,0.0926
2.2,1.5,3.5,1.9,1.3,8.4,17.0,32.2,15.7,-0.0481,0.0312,-0.1927,0.0449,0.2045,0.076,-0.9244,-0.1945
2.2,4.2,4.4,1.2,2.7,11.2,9.1,15.2,35.9,-0.4927,0.2744,-0.4224,0.1901,0.5003,0.2243,-0.3841,-0.0659
2.2,1.8,1.4,4.3,1.6,12.9,14.3,26.2,43.9,-0.5404,-0.0177,-0.3857,0.3752,0.421,-0.1498,-0.418,0.1628
2.2,2.1,5.0,1.0,3.7,19.3,21.3,30.3,39.6,-0.6741,0.731,-0.0013,0.0004,0.0002,-4.0693e-05,0.0212,0.0204
2.2,2.1,4.5,4.1,2.9,10.2,19.9,42.3,43.0,-0.8973,0.4191,0.0147,0.0394,-0.0077,-0.0253,0.0099,0.0328
2.2,1.9,3.3,4.2,4.4,10.4,21.3,14.8,28.0,-0.3547,0.369,0.0237,-0.0039,-0.0291,-0.0233,-0.6179,-0.5807
2.2,2.3,4.1,2.0,2.8,5.9,21.4,14.8,11.1,0.4177,0.281,0.0204,-0.0087,0.0063,-0.0138,0.4638,-0.7141
2.2,3.6,1.6,3.9,1.2,4.1,5.0,17.6,28.2,-0.2505,0.1453,0.1282,0.0516,-0.3269,0.2355,-0.5176,-0.6755
2.2,4.5,2.1,2.3,2.5,21.1,2.7,30.0,13.4,-0.809,0.5816,0.003,-0.0037,-0.0049,-0.003,0.0064,0.0096
2.2,1.9,4.4,4.2,4.4,21.0,13.1,43.4,37.2,-0.9229,0.3656,0.0041,0.0264,-0.0028,-0.023,0.0249,0.069
2.2,2.1,3.9,2.8,3.4,19.4,16.3,11.0,25.7,-0.699,-0.0853,-0.336,-0.1182,0.3501,0.1921,-0.2623,0.3321
2.2,1.9,4.6,2.3,2.9,10.6,8.4,4.5,7.0,-0.5782,0.5315,-0.129,-0.3567,-0.1515,-0.3742,0.0197,-0.268
2.2,4.9,1.3,1.2,4.3,4.6,9.3,40.2,11.7,-0.3219,0.4349,-0.4973,-0.4919,-0.1693,0.3087,0.1327,0.247
2.2,1.7,3.6,3.5,1.4,15.6,21.5,11.9,43.0,-0.9419,0.2337,-0.0221,-0.0543,0.0049,0.0222,0.0084,0.086
2.2,3.0,4.4,1.8,2.9,12.3,21.6,8.0,26.6,-0.434,0.4623,0.0083,-0.0056,-0.0166,-0.0132,-0.5588,-0.5236
2.2,2.8,3.8,3.5,2.1,18.1,4.5,20.2,9.5,-0.8642,-0.1411,-0.2548,-0.0498,-0.0984,0.2977,-0.0286,0.2201
2.2,2.8,3.0,4.7,2.9,12.5,13.1,22.6,38.2,-0.4881,-0.0346,-0.4813,0.1535,0.49,0.0212,-0.4931,0.078
2.2,1.4,3.6,2.9,2.3,21.9,5.1,15.7,36.0,-0.8907,0.4343,-0.0183,0.0036,0.0163,0.0061,0.0079,0.0208
2.2,2.0,4.5,4.2,3.3,8.4,15.6,10.1,41.5,-0.803,0.3153,-0.1462,-0.0325,0.1677,0.3195,-0.1475,-0.2649
2.2,3.5,1.1,4.7,3.9,16.8,15.3,16.2,27.5,-0.8101,-0.1646,-0.16,-0.2093,0.1431,0.3626,-0.1734,0.2235
2.2,3.1,1.2,3.4,3.7,9.5,7.3,26.4,27.2,-0.6329,-0.0481,-0.3356,-0.1919,0.2515,0.5313,-0.2902,-0.0869
2.2,4.4,2.3,4.2,4.3,3.6,3.3,23.6,23.1,-0.313,-0.2658,-0.1656,-0.2435,-0.3122,0.7322,-0.2334,-0.2044
2.2,3.0,3.2,4.7,2.6,16.5,6.1,27.6,23.4,-0.8622,-0.0908,-0.2748,-0.0764,0.273,0.1671,-0.1256,0.1985
2.2,5.0,1.0,4.9,5.0,12.9,19.7,32.3,27.7,-0.8488,-0.1843,-0.1105,0.2118,0.1191,-0.1519,-0.1344,0.3448
2.2,4.9,1.7,2.1,2.7,15.5,14.2,16.8,6.0,-0.6051,0.0371,-0.318,-0.5412,-0.1929,0.2131,-0.0743,0.3656
2.2,1.2,3.2,1.9,3.0,17.7,6.0,31.3,33.2,-0.6956,0.0911,-0.3558,0.3203,0.4012,-0.1107,-0.2363,0.1869
2.2,1.6,2.9,5.0,3.3,18.2,15.0,27.4,6.8,-0.7137,-0.0944,-0.2039,-0.2109,0.0776,0.5684,-0.1719,-0.1269
2.2,4.0,3.6,1.2,4.1,16.1,6.7,28.6,22.2,-0.7165,0.4005,-0.3309,0.2256,0.337,0.1799,-0.0892,0.0174
2.2,2.3,4.8,3.4,3.1,17.8,12.0,29.6,17.3,-0.8298,-0.078,-0.2722,0.1944,0.2822,-0.0981,-0.1459,0.257
2.2,3.5,3.3,1.8,1.1,17.3,18.1,17.5,11.0,-0.9039,-0.0496,-0.0323,0.1663,0.0529,-0.1006,-0.0472,0.3347
2.2,1.8,1.5,3.3,4.7,14.6,9.5,34.0,31.0,-0.5807,0.0789,-0.4754,0.0842,0.4964,0.0811,-0.3884,0.0864
2.2,3.6,3.8,2.3,2.1,16.1,5.8,31.0,18.0,-0.8864,0.1117,-0.2651,0.0212,0.2686,0.1408,-0.0581,0.1617
2.2,1.9,1.5,2.8,3.4,10.3,9.4,40.6,13.1,-0.6626,0.1874,-0.1493,-0.3765,0.1764,0.479,-0.2812,0.106
2.2,1.1,3.5,4.3,1.6,7.4,13.1,34.6,34.5,-0.4547,-0.2896,-0.3063,0.1653,0.3146,-0.113,-0.5327,0.4215
2.2,3.0,1.3,2.4,2.9,5.0,7.3,15.2,37.8,-0.5514,0.1091,-0.4134,0.0683,0.1333,0.5634,-0.1085,-0.386
2.2,1.1,3.3,3.1,3.7,8.8,14.1,42.4,5.9,-0.8081,0.2704,-0.0563,-0.2409,0.0903,0.3902,-0.1482,-0.099
2.2,1.5,2.2,3.4,2.1,13.3,13.5,38.2,28.2,-0.6399,-0.2005,-0.261,0.189,0.2702,-0.1582,-0.315,0.4858
2.2,4.1,4.5,4.7,4.7,15.4,18.3,23.3,36.7,-0.9669,0.0151,-0.0003,0.1321,0.0137,-0.0725,-0.0101,0.1783
2.2,2.8,1.6,1.7,4.7,20.0,8.1,19.3,6.6,-0.827,0.5073,-0.1538,-0.1323,-0.0104,0.013,0.038,0.0665
2.2,1.3,2.0,2.1,2.9,14.1,16.1,30.7,38.3,-0.7501,-0.0605,-0.1322,0.4127,0.1882,-0.2324,-0.1926,0.3219
2.2,2.0,2.6,1.2,4.9,17.6,18.4,4.5,5.9,-0.4451,0.8381,-0.1549,-0.1183,-0.1786,-0.1292,-0.0187,-0.0641
2.2,1.3,3.2,4.8,3.9,8.5,19.6,6.3,8.5,-0.1973,0.7343,-0.0814,-0.0355,-0.1349,-0.0753,0.5962,0.1309
2.2,5.0,3.1,3.4,3.7,8.7,10.6,19.4,8.6,-0.1,0.3912,0.0863,-0.5399,-0.6417,-0.0121,-0.3345,0.0429
2.2,1.3,4.3,3.6,3.9,5.6,10.1,20.7,24.9,-0.38,-0.1082,-0.2117,-0.2252,-0.0539,0.6678,-0.2287,-0.4841
2.2,3.0,4.8,4.5,1.3,15.9,21.6,36.5,11.4,-0.9107,-0.1519,-0.0005,-0.0161,-0.0016,0.0104,-0.0643,0.3642
2.2,2.9,2.5,4.7,1.9,3.0,4.5,16.5,5.7,-0.4771,0.5506,0.0042,-0.3026,-0.2912,-0.4356,-0.0756,-0.3035
2.2,1.3,1.2,4.2,4.8,12.3,16.1,17.6,19.8,-0.0599,-0.0795,0.0264,-0.072,-0.6308,0.5106,-0.1987,-0.5144
2.2,1.8,4.6,2.7,4.6,10.8,6.5,37.7,42.4,-0.6142,0.0828,-0.2151,0.4624,0.289,-0.2946,-0.2872,0.3013
2.2,4.0,3.3,2.8,2.3,19.0,14.7,32.3,7.8,-0.9092,0.3076,-0.1238,0.143,0.1386,-0.0753,-0.004,0.0854
2.2,4.8,3.6,4.5,3.7,10.9,5.0,13.8,39.0,-0.7702,0.2121,-0.211,-0.0403,0.1689,0.419,-0.1488,-0.282
2.2,3.6,4.7,2.1,4.8,10.1,17.9,11.9,12.3,0.2599,0.3784,-0.3505,-0.0931,-0.1597,0.2441,0.5485,-0.49
2.2,1.0,2.3,3.9,4.0,10.7,6.7,37.7,29.3,-0.5191,0.1362,-0.4586,-0.1188,0.4744,0.2002,-0.4576,0.0471
2.2,2.2,1.4,1.9,3.7,16.5,15.6,30.1,39.4,-0.8286,0.1629,-0.0149,0.4026,0.0915,-0.2148,-0.0641,0.2309
2.2,2.1,3.2,2.8,2.2,11.3,4.8,40.1,20.0,-0.5636,0.0695,-0.3979,-0.2213,0.4114,0.2593,-0.3574,0.3078
2.2,3.5,3.1,2.6,4.9,7.0,11.7,28.7,21.6,-0.4386,0.0009,-0.417,-0.0567,0.1839,0.5885,-0.2489,-0.4165
2.2,4.3,3.1,5.0,4.2,7.6,16.8,8.5,19.4,-0.5512,-0.0152,-0.0724,0.1926,-0.1582,0.1331,0.0946,-0.7696
2.2,3.4,2.3,2.8,1.4,2.8,17.1,22.9,7.7,0.2492,0.3117,-0.3814,-0.251,-0.2571,0.326,0.4792,-0.4541
2.2,4.6,4.4,5.0,1.9,10.4,18.4,22.8,34.0,-0.4293,-0.4733,-0.1066,0.1102,0.1103,-0.0659,-0.5675,0.4534
2.2,2.3,2.0,1.6,2.4,6.8,20.9,11.8,13.2,0.3951,0.2316,-0.1258,0.0239,-0.0406,0.0815,0.4086,-0.7582
2.2,2.6,2.0,1.5,3.1,8.8,12.3,42.2,23.0,-0.3545,0.303,-0.4719,-0.0061,0.5078,0.0632,-0.4704,0.247
2.2,2.3,3.5,4.8,2.7,3.9,11.0,9.4,22.6,-0.3834,0.0133,-0.2009,0.1982,-0.2915,0.1383,0.2029,-0.7873
2.2,3.6,1.5,4.5,1.2,12.6,10.7,40.1,42.0,-0.8647,0.0048,-0.1075,0.2553,0.1159,-0.2297,-0.0827,0.3068
2.2,1.8,4.0,4.5,4.7,9.4,12.7,7.3,36.6,-0.6943,0.2422,0.0492,0.2796,-0.1705,0.1591,-0.1384,-0.5428
2.2,3.1,3.7,4.7,4.5,13.7,17.6,24.2,25.2,-0.3875,-0.397,-0.2299,0.1727,0.2357,-0.092,-0.6068,0.3874
2.2,2.1,1.4,2.6,4.7,11.9,6.8,21.8,33.5,-0.5978,0.1294,-0.4205,0.0442,0.2667,0.4896,-0.2137,-0.2822
2.2,3.2,1.1,2.6,1.6,14.4,14.4,8.5,11.5,-0.4104,0.3234,-0.2576,0.1653,-0.4077,0.1228,-0.1902,-0.6354
2.2,2.7,3.2,1.2,3.6,19.4,9.0,9.3,26.6,-0.8305,0.4227,-0.1288,0.03,0.1626,0.2026,0.0543,0.1521
2.2,1.8,2.0,1.9,1.5,10.3,5.9,32.5,14.1,-0.3857,-0.2165,-0.1961,-0.2561,0.0426,0.6741,-0.4778,0.0176
2.2,1.8,4.7,1.7,4.2,11.9,10.4,32.5,39.5,-0.6487,0.0601,-0.1418,0.5115,0.2463,-0.2666,-0.2416,0.2983
2.2,3.8,1.2,3.5,2.3,13.1,15.7,14.0,35.2,-0.5915,-0.005,-0.2295,-0.3141,0.2094,0.5412,-0.3787,-0.0284
2.2,3.0,4.0,3.8,2.5,18.3,4.4,27.8,31.4,-0.9264,0.1189,-0.203,0.1223,0.2103,-0.0426,-0.0378,0.1245
2.2,5.0,3.1,4.6,3.2,20.2,2.5,21.4,15.3,-0.9392,0.3319,-0.0092,0.0017,0.0042,0.0144,0.0077,0.024
2.2,5.0,4.1,4.9,4.9,9.3,4.3,12.8,27.2,-0.2764,0.2218,0.0838,0.2249,-0.4618,0.2442,-0.4257,-0.5901
2.2,2.0,3.4,1.7,2.9,17.0,9.7,42.0,10.4,-0.7145,0.3747,-0.2924,-0.1741,0.3384,0.2647,-0.1285,0.1408
2.2,4.4,2.4,3.0,4.4,8.9,21.0,6.4,20.4,-0.6775,0.1109,-0.0011,-0.0106,-0.0076,0.0565,-0.112,-0.7083
2.2,4.5,5.0,1.4,4.7,3.3,5.1,34.4,24.8,-0.3616,0.1047,-0.5286,0.1491,0.1909,0.5698,-0.1471,-0.3945
2.2,1.2,1.8,4.4,4.4,9.9,19.4,20.4,13.3,-0.1701,-0.0305,-0.2374,-0.0441,-0.0968,0.3482,0.2369,-0.8329
2.2,2.9,1.6,3.7,4.9,10.7,13.7,36.3,17.2,-0.6498,0.1629,-0.2688,-0.2635,0.2753,0.4534,-0.3256,-0.1051
2.2,1.8,4.0,1.8,1.3,6.9,17.6,43.1,27.2,-0.4395,-0.1904,-0.0634,0.1047,0.0695,-0.0958,-0.3714,0.7656
2.2,2.2,2.5,4.8,2.2,3.6,16.6,34.8,18.6,-0.1396,0.2267,-0.2562,-0.1004,0.2614,0.1411,-0.8534,-0.145
2.2,3.2,1.7,2.3,2.7,10.3,7.2,29.8,17.7,-0.5442,-0.1883,-0.3211,-0.1873,0.117,0.6463,-0.2922,0.0022
2.2,4.8,4.6,3.2,1.5,13.0,18.0,32.1,25.5,-0.9197,-0.1521,-0.007,0.0609,0.013,-0.0373,-0.0607,0.3359
2.2,4.2,2.8,2.9,4.0,12.8,9.8,12.8,34.8,-0.7282,0.104,-0.2607,-0.1358,0.2264,0.5088,-0.1954,-0.1051
2.2,2.2,4.2,1.5,3.3,18.4,21.3,8.2,38.3,-0.8839,0.1473,-0.0047,-0.0031,0.0026,0.0027,0.048,0.393
2.2,1.4,3.8,3.0,2.7,20.0,10.9,28.6,31.9,-0.9424,0.1524,-0.0623,0.1837,0.0772,-0.1109,-0.0079,0.1373
2.2,2.5,3.2,2.0,4.1,14.7,6.0,4.5,27.9,-0.5324,0.3565,-0.3056,0.2704,-0.3273,0.257,-0.0057,-0.4915
2.2,3.1,3.0,2.5,1.5,4.1,5.9,42.3,25.4,-0.3433,0.0684,-0.4341,-0.1287,0.4428,0.147,-0.5452,0.38
2.2,2.4,3.3,2.8,4.6,10.0,8.9,38.5,23.2,-0.5299,0.2324,-0.4165,-0.146,0.4467,0.2734,-0.4296,-0.0006
2.2,4.4,2.3,3.2,4.0,15.9,9.9,36.3,11.4,-0.8704,0.1753,-0.2164,-0.1063,0.2297,0.2828,-0.0748,0.0843
2.2,3.2,3.5,2.6,1.0,14.9,12.5,17.5,16.2,-0.3645,-0.3198,-0.1659,-0.2628,0.1405,0.4213,-0.6168,0.26
2.2,2.6,3.8,4.4,3.8,4.4,18.7,4.9,33.4,-0.827,0.1279,0.0035,0.0938,-0.0237,0.0676,-0.0701,-0.523
2.2,4.4,1.5,3.5,1.2,5.8,16.7,30.2,13.4,-0.2308,0.1176,-0.2381,-0.206,0.2232,0.3377,-0.7273,-0.3549
2.2,5.0,2.0,4.8,2.5,4.8,3.6,36.1,11.9,-0.5145,-0.0434,0.0589,-0.4315,-0.0565,0.5497,-0.4746,0.0543
2.2,5.0,4.7,2.2,3.5,11.2,11.2,22.0,37.1,-0.5783,-0.0182,-0.3379,0.4117,0.3938,-0.1625,-0.3607,0.2343
2.2,2.0,1.5,3.6,2.4,3.5,12.7,28.0,12.9,-0.2307,-0.1538,-0.0527,-0.2282,-0.3206,0.6704,-0.258,-0.4822
2.2,3.2,1.1,2.3,1.5,16.5,17.2,24.8,23.8,-0.9057,-0.0195,-0.1554,0.1911,0.1667,-0.1,-0.0591,0.2526
2.2,4.0,3.9,4.7,2.5,15.5,3.1,11.5,26.0,-0.2723,0.388,0.0954,0.1132,-0.2074,0.1166,-0.6898,-0.4475
2.2,2.0,3.0,2.3,4.1,17.4,21.1,14.5,33.2,-0.8809,-0.1408,-0.0019,0.0234,0.005,-0.0131,-0.0775,0.4117
2.2,3.8,4.4,3.9,2.1,15.4,8.5,26.5,43.0,-0.7901,-0.0283,-0.1196,0.4226,0.1659,-0.2322,-0.1625,0.2498
2.2,3.3,1.6,1.8,2.3,13.1,6.2,15.9,18.5,-0.1549,-0.286,-0.2824,-0.2368,-0.4105,0.547,-0.4808,0.1964
2.2,1.6,2.4,1.7,4.2,18.0,11.5,28.1,9.0,-0.6369,0.3312,-0.4383,-0.4589,-0.091,0.1404,0.0627,0.198
2.2,1.7,3.2,1.5,1.7,11.9,2.0,15.9,8.8,-0.0073,0.3515,-0.0018,-0.4573,-0.5197,-0.2085,-0.5148,-0.2805
2.2,3.6,2.1,2.5,4.8,12.7,19.4,40.8,38.8,-0.9058,0.3326,0.0385,0.1403,-0.0127,-0.0946,0.0429,0.1643
2.2,4.1,3.6,3.7,4.6,10.1,9.0,40.6,4.9,-0.4441,0.2391,-0.4038,-0.4312,-0.3764,0.2869,0.2464,0.2472
2.2,4.0,4.2,3.7,1.5,19.6,16.7,21.2,29.4,-0.9608,0.2518,-0.0009,0.0288,0.0038,-0.0157,0.0146,0.0631
2.2,2.1,3.6,4.5,3.4,8.8,5.3,43.5,11.2,-0.6648,0.2404,-0.1182,-0.431,0.1196,0.4346,-0.2396,0.1781
2.2,2.4,1.0,4.9,2.3,19.2,14.6,25.5,27.7,-0.9563,0.0437,-0.1553,0.0727,0.1568,-0.0257,-0.0241,0.1337
2.2,2.4,4.9,2.9,1.5,3.9,7.3,8.1,43.8,-0.7292,0.1874,-0.1815,0.2019,0.0174,0.4504,0.0211,-0.3667
2.2,4.7,1.9,2.9,2.0,12.8,15.4,34.6,38.4,-0.9095,0.0609,-0.0429,0.2493,0.0683,-0.1696,-0.0351,0.2486
2.2,4.3,2.9,3.6,2.1,7.6,7.5,22.3,38.3,-0.5433,0.122,-0.4392,-0.0417,0.4218,0.3294,-0.41,-0.1699
2.2,1.7,1.7,3.0,3.7,21.7,19.7,9.5,28.6,-0.8989,0.4091,-0.0089,-0.0004,0.0084,0.0026,0.0173,0.0495
2.2,2.6,3.6,1.5,3.2,4.9,20.0,41.4,11.3,-0.2236,0.5835,-0.0646,0.0065,0.0898,0.0392,-0.7098,-0.2649
2.2,4.2,1.4,1.2,1.6,10.9,13.5,43.3,17.3,-0.56,0.1802,-0.4247,0.1202,0.4485,-0.0892,-0.2259,0.4271
2.2,1.5,4.5,1.1,4.1,15.4,3.9,16.1,30.7,-0.4722,0.1933,-0.56,0.2001,0.1441,0.5442,-0.0324,-0.2283
2.2,5.0,2.7,3.2,3.9,17.8,2.6,25.2,35.6,-0.895,0.239,-0.1202,0.2553,0.1436,-0.1414,-0.0333,0.1075
2.2,1.3,3.5,2.9,1.5,10.0,10.3,15.4,38.2,-0.569,0.0079,-0.3132,-0.1924,0.244,0.547,-0.3296,-0.2391
2.2,2.2,3.1,4.6,4.9,19.1,10.4,35.2,16.5,-0.8908,0.1189,-0.2767,0.018,0.2856,0.0458,-0.0743,0.1231
2.2,1.3,4.1,1.8,1.1,7.2,4.0,18.1,41.2,-0.514,0.1299,-0.4554,0.1219,0.3029,0.4729,-0.2433,-0.3243
2.2,1.3,2.2,1.2,3.9,15.3,14.6,41.9,8.9,-0.1912,0.3211,-0.6335,-0.0546,-0.1891,0.4741,0.3209,-0.1793
2.2,1.1,3.3,4.9,1.7,3.6,11.0,15.7,4.8,-0.4754,0.6448,-0.0015,-0.2535,-0.3282,-0.3915,-0.0069,-0.1615
2.2,4.4,3.0,4.0,2.9,8.0,10.0,25.5,26.2,-0.4654,-0.0401,-0.348,-0.2625,0.322,0.465,-0.5017,-0.0916
2.2,2.9,2.4,3.7,4.3,5.3,16.3,8.7,10.4,-0.4329,0.7445,-0.1528,-0.2133,-0.2624,-0.2854,0.1709,-0.04
2.2,3.4,3.7,4.6,4.2,18.7,15.1,31.5,11.1,-0.933,0.1034,-0.1405,0.1705,0.1489,-0.1137,-0.0317,0.1421
2.2,3.4,2.9,2.1,3.2,12.4,7.6,7.1,11.4,-0.4187,0.5786,-0.2389,-0.2495,-0.3635,-0.2945,-0.1178,-0.3632
2.2,3.0,4.0,1.9,3.5,21.4,8.9,40.9,26.5,-0.7569,0.6468,-0.0013,0.003,0.0014,-0.0019,0.0135,0.0169
2.2,1.8,2.9,1.4,3.6,15.0,8.9,17.7,6.8,-0.2463,0.1948,0.0474,-0.6612,-0.4151,0.1929,-0.4314,0.2297
2.2,4.2,3.2,3.5,2.6,8.2,15.3,10.9,6.8,-0.2397,0.7469,-0.1412,-0.2034,-0.4349,-0.2827,0.1752,-0.1077
2.2,3.5,3.5,1.1,4.4,3.6,18.1,30.3,33.4,-0.6793,-0.1808,-0.019,0.3688,0.1174,-0.1898,-0.246,0.4776
2.2,2.1,1.1,2.2,2.6,14.9,8.2,17.5,22.7,-0.445,-0.3383,-0.2639,-0.187,-0.1105,0.6371,-0.341,0.1711
2.2,1.7,2.7,1.2,1.4,17.4,21.0,36.2,27.6,-0.9163,0.3091,0.0096,0.0192,-0.0022,-0.0095,0.0699,0.2148
2.2,2.5,1.7,2.7,2.8,6.8,5.3,13.5,42.7,-0.5785,0.2899,-0.29,0.1939,0.1485,0.4618,-0.1411,-0.4403
2.2,4.4,2.8,2.8,3.5,7.7,13.4,14.1,4.8,-0.4019,0.593,0.1877,-0.263,-0.4134,-0.2625,-0.3121,-0.1959
2.2,3.3,4.7,2.1,2.9,11.0,17.7,24.4,8.2,0.194,0.068,-0.3522,0.0685,-0.0213,0.2923,0.0988,-0.8331
2.2,4.1,1.0,3.4,2.2,9.9,12.5,28.8,9.8,-0.3575,-0.2881,-0.1632,-0.2455,-0.2304,0.7256,-0.3086,-0.1015
2.2,3.8,4.3,2.0,2.9,21.8,2.3,6.7,38.7,-0.7477,0.6504,0.0236,-0.0046,-0.0505,-0.0375,0.0039,0.0101
2.2,4.4,4.7,1.6,2.9,9.6,17.0,34.1,21.4,-0.5787,-0.327,-0.0812,0.218,0.118,-0.1269,-0.386,0.5514
2.2,2.2,2.7,5.0,2.1,18.0,3.5,23.0,22.4,-0.8857,-0.1939,-0.1324,-0.115,0.1147,0.2197,-0.1045,0.2482
2.2,1.6,2.0,2.6,3.8,13.6,2.0,28.9,42.7,-0.4234,0.1622,-0.4128,0.367,0.4869,-0.0148,-0.4872,0.0229
2.2,2.6,4.9,2.4,3.1,3.5,20.5,15.4,34.7,-0.0564,-0.204,-0.0311,0.0239,0.0351,-0.0031,-0.9365,0.1684
2.2,2.2,4.3,1.9,3.4,4.9,4.1,24.6,14.0,-0.0356,0.2678,-0.1693,-0.689,-0.5432,0.2032,-0.2315,0.1512
2.2,1.3,4.3,2.0,2.0,7.7,7.7,22.1,20.1,-0.0255,-0.209,-0.2552,-0.2293,-0.2487,0.6948,-0.3218,-0.4177
2.2,4.0,3.0,4.9,2.2,20.6,15.0,30.2,38.4,-0.9445,0.3174,-0.0004,0.0082,0.0009,-0.004,0.0066,0.0222
2.2,4.9,5.0,2.9,1.5,17.5,15.0,6.0,23.9,-0.7746,0.5235,0.0081,0.0277,-0.0018,0.0202,-0.1927,-0.2869
2.2,4.2,3.2,2.1,3.1,2.9,21.8,4.4,6.8,-0.1748,0.883,0.0343,0.0127,0.0227,0.0014,0.4151,0.0772
2.2,3.3,3.0,2.9,4.1,15.4,2.9,32.5,24.6,-0.8078,0.1305,-0.3469,-0.0212,0.358,0.2076,-0.1455,0.093
2.2,3.1,3.5,2.4,3.8,13.3,10.6,8.5,6.1,-0.5276,0.6113,-0.0351,-0.2294,-0.2538,-0.3143,-0.1918,-0.298
2.2,3.8,4.1,4.5,2.3,7.3,11.6,31.7,4.5,-0.1273,0.1491,-0.3851,-0.4816,-0.556,0.3971,0.2889,0.0276
2.2,2.0,3.3,1.4,2.4,7.8,6.7,15.3,33.9,-0.4139,-0.011,-0.5116,0.0339,0.1756,0.6357,-0.1605,-0.2985
2.2,1.2,2.5,3.7,2.6,12.5,16.0,15.7,43.4,-0.5277,0.3224,-0.3907,0.1034,0.4303,0.217,-0.4051,-0.2033
2.2,3.8,2.8,1.7,3.7,9.1,5.1,9.2,27.9,0.0662,0.3094,-0.1809,0.1117,-0.6638,0.3124,-0.3519,-0.4204
2.2,4.3,4.4,1.5,3.9,10.3,11.1,5.7,16.4,-0.1303,0.574,-0.4539,-0.0102,-0.5136,-0.0301,0.1866,-0.3704
2.2,3.2,2.8,2.4,2.5,2.1,14.5,43.5,24.9,-0.1191,0.1289,-0.3612,0.0506,0.3665,-0.0417,-0.7177,0.4094
2.2,2.9,1.4,3.2,3.7,6.7,12.9,43.2,36.7,-0.6077,0.0437,-0.2953,0.3021,0.3039,-0.2847,-0.2622,0.4423
2.2,1.2,4.3,3.3,1.9,4.6,5.4,10.2,40.0,-0.5722,-0.2129,-0.1696,-0.126,-0.1252,0.7037,-0.0873,-0.1534
2.2,1.3,3.5,1.7,1.5,3.2,5.3,34.1,26.6,-0.3678,-0.0056,-0.3676,-0.1876,0.367,0.441,-0.5927,-0.0168
2.2,4.0,3.2,4.8,1.3,7.9,14.2,38.0,14.8,-0.2381,-0.2074,-0.3018,0.0192,0.3059,0.0026,-0.7441,0.3797
2.2,4.3,2.4,4.4,1.3,7.9,17.7,40.0,38.2,-0.8797,-0.1134,-0.0452,0.1396,0.0503,-0.1231,-0.0768,0.3965
2.2,2.3,3.5,4.5,2.4,15.8,11.9,21.5,40.0,-0.578,-0.0676,-0.431,0.2615,0.4453,-0.0883,-0.4004,0.1556
2.2,3.5,1.4,1.2,1.1,3.7,16.7,5.2,16.4,0.1879,0.4019,-0.3184,0.0204,-0.3655,0.0108,0.5153,-0.5397
2.2,3.1,2.6,1.3,2.7,3.7,12.6,18.8,26.8,-0.0655,-0.0632,-0.5474,0.0071,0.0923,0.5928,-0.1751,-0.5336
2.2,2.7,3.7,3.2,3.7,11.9,2.5,7.0,43.5,-0.7166,0.2664,-0.1245,0.2424,0.0257,0.4027,-0.0213,-0.4115
2.2,4.6,3.6,3.0,2.6,12.9,7.3,18.7,39.6,-0.544,0.1822,-0.462,0.123,0.4852,0.1639,-0.4028,-0.059
2.2,4.5,1.1,2.1,4.2,6.1,18.0,42.1,38.8,-0.7675,0.1608,-0.0583,0.3525,0.0969,-0.289,-0.0649,0.3815
2.2,2.5,4.0,3.5,2.9,15.9,6.0,36.8,8.1,-0.8198,0.0154,-0.1501,-0.2096,0.1461,0.4382,-0.1358,0.1359
2.2,2.8,4.0,3.2,1.2,2.5,20.7,41.7,18.0,-0.0242,-0.042,-0.0101,0.0045,0.0106,-0.0032,-0.8987,0.4164
2.2,3.6,2.9,2.0,3.6,13.6,16.7,10.3,24.5,-0.3739,0.1381,-0.0162,-0.321,0.0229,0.5784,-0.5847,-0.2003
2.2,1.5,1.5,3.8,4.3,19.3,21.6,26.5,9.3,-0.8149,-0.3159,-0.009,0.0206,0.0088,-0.0102,-0.1752,0.3912
2.2,4.5,4.3,3.3,2.4,21.8,3.0,36.7,41.5,-0.8406,0.5294,-0.0364,-0.0626,0.0069,0.0168,0.0037,0.0082
2.2,2.8,2.6,2.3,4.5,17.0,19.8,19.9,31.9,-0.9507,0.0735,0.0145,0.1254,0.0088,-0.0652,0.0052,0.2348
2.2,2.1,2.2,4.5,4.0,4.3,10.9,13.5,27.1,-0.2217,0.099,0.0346,0.1994,-0.5237,0.2559,-0.1745,-0.7188
2.2,2.7,2.5,3.2,1.7,12.4,19.9,22.9,31.3,-0.5138,-0.4857,-0.0596,0.0938,0.0656,-0.0506,-0.4824,0.4763
2.2,4.9,3.7,2.9,4.6,14.6,12.4,43.7,41.8,-0.8751,0.352,0.0415,0.195,-0.0216,-0.1632,0.0375,0.1878
2.2,4.1,3.1,2.9,3.3,9.9,8.4,4.2,4.9,-0.6991,0.4085,-0.0634,-0.3298,-0.087,-0.3522,-0.007,-0.3113
2.2,2.4,2.2,4.1,4.2,15.6,13.1,39.9,37.6,-0.8823,0.0655,-0.0707,0.259,0.0853,-0.2177,-0.0521,0.2819
2.2,3.4,4.5,1.8,3.1,9.5,8.5,37.3,29.7,-0.5347,0.0289,-0.3878,0.2798,0.4383,-0.1455,-0.3813,0.3344
2.2,2.8,2.8,4.5,2.2,6.5,9.6,11.8,43.3,-0.7628,0.2643,-0.1634,0.0974,0.1064,0.3846,-0.1003,-0.3641
2.2,2.5,2.0,1.2,4.9,5.2,3.1,38.2,13.8,-0.3968,0.3938,-0.4356,-0.5517,-0.1415,0.2836,0.0432,0.2832
2.2,4.6,4.1,3.7,2.7,4.4,17.3,34.9,33.5,-0.6853,-0.326,-0.0914,0.1833,0.1045,-0.1307,-0.2952,0.5001
2.2,4.9,1.6,2.3,1.4,11.1,16.1,26.7,4.3,-0.268,0.2701,-0.4876,-0.606,-0.3227,0.2835,0.1264,0.169
2.2,2.2,4.7,3.7,3.2,11.0,21.0,5.0,26.2,-0.7892,0.1232,0.003,0.0027,-0.0045,-0.0218,-0.0898,-0.5895
2.2,4.0,3.6,3.1,2.6,10.7,7.9,9.5,31.5,-0.433,0.335,0.0799,0.2111,-0.2543,0.1965,-0.419,-0.5998
2.2,1.8,1.9,3.6,2.0,16.4,4.8,16.8,35.9,-0.7348,-0.0731,-0.2872,-0.1946,0.2418,0.4561,-0.2257,0.042
2.2,1.1,3.1,1.7,3.0,4.6,16.3,16.4,37.3,-0.2694,0.1365,-0.3972,0.172,0.4313,0.2009,-0.6437,-0.2432
2.2,2.8,1.8,2.1,3.9,12.1,6.8,37.9,8.1,-0.5207,0.2573,-0.3501,-0.5555,-0.2127,0.2525,0.0396,0.3292
2.2,4.5,1.3,3.5,1.3,14.2,21.8,4.4,11.3,-0.8675,0.1857,0.0004,0.0024,-0.0021,0.0101,-0.0931,-0.4456
2.2,2.6,2.2,4.2,3.1,2.6,16.4,41.4,10.1,-0.5887,0.5266,-0.159,-0.2712,0.1656,0.2908,-0.3463,-0.1843
2.2,4.6,3.3,2.5,4.2,8.7,15.3,25.5,7.2,-0.4592,0.5396,-0.302,-0.5628,-0.1286,0.1711,0.0678,0.1639
2.2,3.5,1.4,3.9,1.7,18.5,16.4,19.2,14.7,-0.9494,0.013,-0.1567,-0.0128,0.1543,0.0788,-0.0279,0.1721
2.2,1.5,4.6,4.8,1.0,14.4,4.4,5.5,23.2,-0.7575,0.0606,-0.1414,0.1115,-0.1467,0.1046,-0.003,-0.5937
2.2,1.1,3.4,2.8,4.6,19.8,20.6,19.9,29.1,-0.9549,-0.0294,0.002,0.0268,0.0022,-0.0129,-0.0153,0.2513
2.2,4.2,3.8,4.9,2.7,21.3,14.3,33.5,41.3,-0.9123,0.3967,-0.0195,-0.043,0.0039,0.0121,0.0029,0.0088
2.2,4.7,4.1,2.7,2.9,19.3,5.5,26.5,32.4,-0.8975,0.4071,-0.0429,0.1072,0.0554,-0.0562,0.0102,0.0453
2.2,1.1,2.2,2.5,4.9,14.9,13.7,11.9,14.1,-0.1956,0.6893,-0.1293,-0.2379,-0.5332,-0.2589,-0.0773,-0.2127
2.2,2.2,1.4,2.4,4.7,3.3,9.6,21.6,28.8,-0.2866,-0.0156,-0.5924,-0.0811,-0.1154,0.6266,0.0853,-0.3644
2.2,1.1,1.9,3.9,1.1,20.1,2.1,37.2,20.2,-0.9517,0.1015,-0.1341,0.0067,0.1377,0.0105,-0.0026,0.1873
2.2,3.5,1.3,1.3,3.0,6.0,12.3,13.3,43.7,-0.3663,0.4338,-0.2686,0.3323,0.328,0.3707,-0.3291,-0.3593
2.2,4.6,1.7,2.1,3.3,9.8,6.5,16.7,31.0,-0.5979,-0.047,-0.3954,-0.0815,0.1561,0.6294,-0.1853,-0.0938
2.2,3.3,1.8,3.8,2.3,17.7,14.2,32.9,42.0,-0.9393,0.1682,0.0099,0.2133,0.018,-0.1251,-0.0039,0.1439
2.2,4.1,4.6,2.4,1.0,3.8,10.5,5.6,10.0,-0.0587,0.5132,-0.3595,-0.1821,-0.3705,-0.1909,0.5621,-0.2691
2.2,3.1,3.6,3.3,4.3,7.3,6.7,7.6,32.8,-0.4088,0.2402,-0.1756,0.3277,-0.3766,0.2454,-0.0223,-0.6516
2.2,1.8,3.7,4.0,3.8,7.1,20.7,5.5,23.3,-0.65,-0.0733,-0.0027,0.0012,-0.003,0.0076,0.0893,-0.7451
2.2,1.4,2.1,4.6,1.7,18.6,6.5,43.4,40.6,-0.9071,0.148,-0.0499,0.1782,0.0501,-0.1775,0.0067,0.2801
2.2,2.0,4.2,3.9,2.2,2.6,15.2,21.7,43.8,-0.584,0.0642,-0.3425,0.4287,0.3953,-0.1668,-0.3493,0.1448
2.2,2.3,4.2,2.8,4.3,6.8,2.4,19.2,20.1,0.0847,0.1394,-0.2083,-0.5064,-0.7339,0.2656,-0.2228,0.0142
2.2,1.8,4.7,4.9,2.5,11.8,11.5,14.0,37.9,-0.7221,0.0292,-0.1671,-0.2574,0.1362,0.5131,-0.2286,-0.1836
2.2,3.4,2.1,2.1,2.1,15.0,4.8,22.9,31.9,-0.7915,0.0801,-0.3797,0.0776,0.3715,0.177,-0.1517,0.1173
2.2,1.2,4.1,4.3,3.6,19.2,5.7,40.3,31.9,-0.8978,0.0668,-0.1296,0.2046,0.1365,-0.1833,-0.0461,0.2555
2.2,2.7,2.1,3.1,4.7,6.2,5.5,12.0,39.2,-0.6268,0.1429,-0.3204,0.1484,-0.0011,0.527,0.0302,-0.4153
2.2,3.1,2.3,1.1,1.9,9.8,11.6,20.4,17.4,-0.1079,-0.1935,-0.565,-0.149,-0.0787,0.7088,-0.2039,-0.1992
2.2,3.9,2.4,2.0,4.1,3.9,15.1,33.9,41.1,-0.6596,0.078,-0.1331,0.4971,0.2292,-0.2783,-0.2254,0.3108
2.2,2.5,5.0,2.0,3.2,20.7,16.9,42.0,31.6,-0.8139,0.5704,0.0082,0.0163,-0.0039,-0.01,0.0329,0.0489
2.2,3.3,1.7,4.4,1.4,11.2,8.7,24.4,13.4,-0.2145,-0.2011,0.1033,-0.2836,-0.1809,0.4957,-0.7262,-0.0388
2.2,3.2,4.9,1.7,4.1,5.3,15.4,39.2,21.4,-0.1057,0.1857,-0.2979,0.0953,0.3462,0.0193,-0.8411,0.087
2.2,4.1,2.4,1.7,1.8,6.8,16.4,16.1,42.5,-0.3581,0.1614,-0.3923,0.3602,0.4888,-0.0197,-0.5429,0.0598
2.2,2.9,1.1,3.4,4.1,9.5,14.8,10.3,10.5,-0.4692,0.6241,-0.1257,-0.2816,-0.2963,-0.372,-0.0266,-0.2493
2.2,3.5,3.3,2.0,3.7,10.4,3.3,37.4,39.7,-0.56,0.1509,-0.2891,0.4277,0.3674,-0.2614,-0.3177,0.2835
2.2,3.7,1.0,2.3,2.0,8.1,19.6,5.5,34.1,-0.6877,0.2641,0.0226,0.1606,-0.0655,0.1278,-0.2001,-0.6016
2.2,2.1,4.7,2.0,2.9,14.6,11.1,41.0,14.0,-0.4384,0.2463,-0.4665,-0.0642,0.4991,0.1373,-0.4492,0.1951
2.2,2.8,1.9,1.6,3.5,8.7,13.9,36.2,35.9,-0.571,0.0375,-0.256,0.4304,0.3344,-0.2532,-0.3235,0.3544
2.2,3.8,2.6,3.9,4.1,17.9,18.1,8.2,12.4,-0.4718,0.5198,0.1316,0.0799,-0.1318,0.0458,-0.5104,-0.423
2.2,2.4,1.9,4.1,3.9,21.7,14.6,43.1,22.9,-0.8876,0.4507,-0.0012,-0.0215,-0.0001,0.0193,0.0081,0.0197
2.2,4.2,1.8,2.7,4.0,2.0,10.5,7.1,31.1,-0.1899,0.3044,-0.375,0.2076,-0.5045,0.1493,0.2183,-0.5946
2.2,1.9,1.0,3.7,4.8,17.9,21.6,37.5,21.6,-0.9552,0.0158,-0.0012,0.0419,0.0051,-0.0273,-0.0011,0.2666
2.2,3.1,2.3,1.3,1.9,15.0,20.9,38.0,40.1,-0.8327,0.5287,0.0304,0.044,-0.0094,-0.0195,0.0569,0.0948
2.2,3.0,2.1,2.1,2.0,3.9,3.1,14.5,15.8,0.0419,0.4669,-0.2217,-0.3091,-0.6028,-0.2417,-0.1229,-0.4362
2.2,3.0,3.0,1.1,4.3,11.0,21.2,35.5,19.1,-0.5396,-0.3375,-0.0071,0.0538,0.0223,-0.0281,-0.4104,0.622
2.2,3.8,2.0,4.2,3.3,15.4,4.5,18.3,29.4,-0.8195,-0.1305,-0.2029,-0.1703,0.1585,0.3937,-0.151,0.1636
2.2,3.7,3.8,2.6,2.5,7.3,10.3,36.5,8.7,-0.5452,-0.0302,-0.2005,-0.1924,0.045,0.6844,-0.2323,-0.2805
2.2,3.1,3.2,4.1,2.8,10.6,17.6,18.3,32.0,-0.1381,-0.0079,-0.3273,-0.0033,0.3288,0.1179,-0.847,-0.0961
2.2,3.8,4.2,1.1,4.2,17.9,6.1,8.8,23.4,-0.7899,0.1751,-0.2064,0.0426,0.0738,0.3931,0.0636,0.3277
2.2,1.7,3.9,2.0,1.4,2.1,17.7,14.4,38.2,-0.1592,0.1362,-0.2636,0.039,0.2752,0.1665,-0.7781,-0.3866
2.2,3.3,4.1,4.0,2.0,2.6,13.1,21.7,26.7,-0.3471,0.1217,-0.1565,-0.2313,0.1062,0.4264,-0.53,-0.5493
2.2,2.6,2.5,2.6,2.7,3.9,17.3,33.5,8.9,-0.2317,0.0143,-0.309,0.0017,-0.0063,0.4518,0.0112,-0.7816
2.2,2.3,2.9,1.4,3.8,8.3,3.6,42.8,36.2,-0.3988,0.3577,-0.4123,0.2576,0.4717,-0.1788,-0.38,0.2531
2.2,3.1,3.5,2.3,4.4,7.7,8.3,21.1,4.7,-0.3038,0.3338,0.3013,-0.4762,-0.4954,-0.0314,-0.4736,-0.0238
2.2,1.9,3.5,1.8,1.6,15.9,18.6,29.0,42.3,-0.9114,0.3287,0.0607,0.1555,-0.0095,-0.0638,0.0268,0.1145
2.2,3.4,4.5,4.5,2.6,9.4,7.8,37.2,40.4,-0.726,-0.0474,-0.2266,0.3435,0.2485,-0.2667,-0.2289,0.325
2.2,4.7,1.3,4.1,3.9,9.8,18.3,16.7,38.1,-0.5221,0.2319,-0.4055,-0.0496,0.4146,0.2798,-0.4469,-0.1974
2.2,1.2,3.2,2.2,1.1,13.5,11.8,8.6,35.9,-0.3,0.2761,0.1424,0.1268,-0.2359,0.2171,-0.5745,-0.5895
2.2,4.0,3.1,4.9,2.0,14.3,10.9,27.5,30.8,-0.7763,-0.2043,-0.3087,0.1342,0.3115,-0.0624,-0.2157,0.2896
2.2,1.4,4.4,3.9,4.4,3.8,8.1,18.3,42.7,-0.628,0.3366,-0.2742,0.1024,0.2615,0.3723,-0.2469,-0.3604
2.2,2.5,4.1,2.2,1.5,13.6,13.6,7.5,20.4,-0.5352,0.2856,0.0053,0.1451,-0.0871,0.1224,-0.3312,-0.6852
2.2,1.8,3.7,3.5,4.8,14.7,17.8,32.8,10.6,-0.3951,0.2614,-0.2283,-0.0443,0.2149,0.269,-0.5248,-0.5474
2.2,3.8,2.0,2.1,4.0,20.2,21.8,6.9,7.0,-0.8948,0.2259,-0.0026,-0.0007,0.0019,0.0008,0.0549,0.3083
2.2,1.2,3.7,1.8,2.7,21.0,12.6,43.0,11.2,-0.8157,0.4627,-0.1207,0.1645,0.1334,-0.1448,0.0264,0.1431
2.2,1.1,1.0,3.8,1.0,10.6,3.9,32.0,15.4,-0.285,-0.1581,-0.0042,-0.3739,-0.0055,0.4816,-0.7047,0.1135
2.2,3.6,4.2,1.2,2.5,16.3,12.6,37.1,19.5,-0.8406,0.3639,-0.0148,0.2587,0.0647,-0.1749,0.0332,0.2104
2.2,3.4,1.2,4.6,4.1,19.9,13.6,4.0,6.7,-0.8512,0.4576,-0.0792,-0.045,-0.0839,-0.0516,-0.0886,-0.185
2.2,1.2,3.1,5.0,4.2,6.7,14.4,21.3,9.4,-0.153,0.5298,0.0339,-0.5271,-0.6144,0.0608,0.0695,0.1165
2.2,1.9,3.7,2.6,4.8,14.5,17.0,26.1,10.4,0.082,0.1979,-0.5528,-0.0624,-0.1679,0.3932,0.3361,-0.5507
2.2,3.5,3.0,1.3,2.8,13.5,4.9,35.0,27.9,-0.6918,0.2665,-0.3699,0.2283,0.438,-0.0129,-0.1782,0.1613
2.2,3.2,2.2,4.8,3.0,6.8,15.9,16.8,40.8,-0.6096,0.2831,-0.3353,-0.0463,0.3372,0.3224,-0.3474,-0.2879
2.2,3.9,3.6,2.1,4.1,8.4,16.9,29.6,9.9,0.1963,0.4195,-0.5624,-0.1195,-0.1827,0.2748,0.4043,-0.3817
2.2,4.9,1.8,3.5,1.0,5.8,7.0,22.3,4.2,-0.1278,0.5133,0.0591,-0.3917,-0.5966,-0.2661,-0.2896,-0.2067
2.2,4.6,4.4,3.3,2.6,8.1,9.4,43.6,37.4,-0.7909,0.0525,-0.1287,0.2762,0.1359,-0.2618,-0.0881,0.4174
2.2,2.2,3.8,2.5,3.8,18.2,4.3,13.6,39.9,-0.5891,0.3432,-0.3818,0.08,0.4335,0.2224,-0.3331,-0.1253
2.2,2.5,3.7,1.3,3.6,17.6,8.7,7.3,28.8,-0.0571,0.1835,0.1972,-0.0316,-0.2008,0.4423,-0.7948,0.1208
2.2,2.0,1.5,3.4,2.9,15.8,19.0,18.2,6.0,-0.0412,0.2754,-0.4494,-0.4667,-0.4312,0.3665,0.3467,-0.0749
2.2,2.6,2.3,2.0,3.1,7.2,8.3,34.5,5.6,-0.437,0.2587,-0.0256,-0.6549,-0.291,0.2787,-0.2216,0.3047
2.2,3.6,2.2,3.8,2.3,4.2,14.9,11.9,17.8,-0.1583,0.0481,-0.119,0.1671,-0.3824,0.1369,0.1936,-0.8467
2.2,2.8,2.7,4.5,3.5,20.5,8.1,34.7,24.2,-0.9432,0.3121,-0.0265,0.0357,0.0287,-0.0245,0.0104,0.0407
2.2,4.3,3.0,2.2,2.5,20.7,19.1,9.6,42.8,-0.8462,0.5178,0.0173,0.0377,-0.0054,-0.0177,0.0269,0.0495
2.2,2.7,1.9,2.6,2.0,6.4,15.0,33.1,10.3,-0.4426,0.0297,-0.2208,-0.2094,0.1102,0.5894,-0.3589,-0.451
2.2,2.0,1.3,1.7,4.4,5.4,6.1,40.8,5.7,-0.4525,0.2835,0.0361,-0.5836,-0.2621,0.338,-0.2344,0.3563
2.2,2.4,3.2,3.1,4.9,20.8,17.2,36.3,9.4,-0.899,0.4176,-0.0017,0.0546,0.0084,-0.0337,0.0141,0.0391
2.2,1.5,4.6,1.1,4.9,18.6,14.4,13.5,13.2,-0.1719,0.2009,-0.7013,-0.092,-0.1517,0.5511,0.1958,-0.1537
2.2,2.2,3.3,4.2,1.6,19.4,20.6,42.7,41.1,-0.9414,0.2967,0.002,0.0101,-0.0015,-0.0088,0.0395,0.1291
2.2,1.3,3.7,3.8,1.3,20.6,3.5,19.8,15.6,-0.9712,0.0454,-0.0643,-0.0074,0.029,0.1028,-0.0015,0.1347
2.2,1.0,4.4,2.4,3.1,12.2,2.5,38.1,21.5,-0.627,0.0949,-0.3119,-0.2635,0.3376,0.4302,-0.3351,0.094
2.2,4.7,4.0,2.7,2.6,20.2,5.7,10.0,39.8,-0.8812,0.4039,-0.1345,0.0458,0.1478,-0.0054,0.0083,0.0757
2.2,1.6,1.7,1.8,2.1,7.7,15.0,22.2,27.1,-0.2334,-0.0633,-0.4156,-0.0589,0.3039,0.4527,-0.5611,-0.371
2.2,4.0,2.8,1.4,3.1,12.7,20.1,26.1,19.6,-0.7646,-0.2877,-0.0059,0.132,0.0355,-0.0662,-0.2062,0.4918
2.2,4.2,1.6,4.5,3.9,12.7,13.5,23.1,35.6,-0.5675,0.0384,-0.485,0.0691,0.4898,0.1172,-0.4105,0.0284
2.2,3.5,1.5,4.4,3.0,5.0,17.2,6.5,21.6,-0.3772,-0.0506,-0.2146,0.1749,-0.2454,0.146,0.3203,-0.7645
2.2,2.9,1.4,1.9,3.8,20.9,11.6,9.7,29.8,-0.8298,0.5386,-0.0264,0.0067,0.0348,0.0425,0.0304,0.0523
2.2,2.4,2.1,3.6,3.2,3.9,5.4,39.4,11.1,-0.6095,0.0993,0.0445,-0.4202,-0.025,0.5404,-0.3592,0.0859
2.2,4.4,2.0,2.0,1.9,7.4,20.2,22.6,26.5,-0.0701,-0.2967,-0.1099,0.0893,0.1213,-0.0062,-0.91,0.144
2.2,2.8,4.4,4.0,1.5,13.6,16.0,24.7,34.1,-0.6835,-0.3946,-0.1338,0.1778,0.1398,-0.1123,-0.3116,0.4268
2.2,4.4,4.4,1.4,3.4,20.0,19.9,32.9,30.7,-0.7234,0.6846,0.0056,0.0066,-0.0011,-0.0016,0.0163,0.0179
2.2,1.6,3.9,4.0,3.3,20.3,21.3,23.7,33.3,-0.9766,0.161,-0.0041,-0.0115,0.0007,0.0038,0.0128,0.0924
2.2,3.9,2.3,4.4,1.8,21.3,8.3,32.6,19.9,-0.9166,0.3903,0.0136,-0.014,-0.0156,0.0076,0.0036,0.0107
2.2,1.0,2.7,3.2,2.3,12.7,12.2,24.1,10.7,-0.0154,-0.1426,-0.2358,-0.2738,-0.4953,0.6492,-0.0518,-0.3973
2.2,3.0,1.1,3.8,2.2,4.8,8.8,16.7,7.2,-0.3441,0.584,0.015,-0.3202,-0.3882,-0.4099,-0.147,-0.3018
2.2,5.0,2.8,1.4,2.2,10.4,4.0,13.3,21.4,0.0547,0.0203,-0.1743,-0.1189,-0.5431,0.4505,-0.6578,-0.0507
2.2,3.3,2.4,1.4,4.7,8.6,6.2,32.4,40.1,-0.3981,0.2184,-0.3276,0.4823,0.4701,-0.0925,-0.4451,0.1089
2.2,3.1,3.0,1.8,4.6,4.6,7.0,43.9,13.2,-0.6749,0.3505,-0.1356,-0.3063,0.2009,0.4541,-0.1989,0.0788
2.2,3.1,4.8,5.0,4.4,7.2,18.9,17.1,19.5,-0.5117,0.2149,-0.0519,-0.0106,0.0356,0.0958,-0.3218,-0.7513
2.2,4.0,2.7,4.3,1.2,13.5,5.9,32.3,20.3,-0.7958,-0.2194,-0.2641,-0.0777,0.266,0.1318,-0.1948,0.3274
2.2,4.9,1.2,4.6,3.1,18.3,17.5,34.5,6.4,-0.9214,0.2066,-0.2038,-0.0183,0.2117,0.0827,-0.034,0.0721
2.2,3.2,1.4,2.2,3.9,21.4,7.8,25.5,22.3,-0.7952,0.5986,0.0054,-0.0085,-0.0092,0.0008,0.0058,0.0087
2.2,4.7,4.3,2.3,2.2,12.8,10.7,25.9,36.9,-0.7923,-0.0255,-0.1839,0.3697,0.2225,-0.1997,-0.1576,0.2742
2.2,4.6,1.4,4.9,1.6,21.7,4.9,21.3,14.9,-0.914,0.3954,0.0191,-0.0055,-0.018,-0.0275,0.0006,0.0029
2.2,3.8,4.4,1.7,1.6,12.7,21.2,26.0,30.1,-0.9296,-0.0816,-0.0008,0.0013,0.0005,-0.0004,-0.0332,0.3389
2.2,2.9,2.7,4.4,3.8,9.0,9.1,39.1,26.2,-0.4776,0.0433,-0.4786,-0.0316,0.4883,0.0674,-0.4803,0.2321
2.2,4.2,1.3,4.5,2.6,19.3,20.1,14.1,18.9,-0.9714,0.1217,-0.0418,0.0592,0.0441,-0.0413,0.0082,0.1356
2.2,4.7,1.2,3.8,1.7,9.6,15.5,23.5,21.6,-0.2934,-0.1256,-0.2389,-0.3172,0.2129,0.4674,-0.6779,-0.0416
2.2,2.2,1.1,4.7,2.0,13.2,5.9,5.1,29.5,-0.7489,0.1203,-0.1651,0.1767,-0.1816,0.1577,-0.0096,-0.5508
2.2,3.3,3.5,4.6,4.8,21.3,7.6,27.5,38.8,-0.9059,0.4102,-0.0184,-0.044,0.0034,0.0131,0.0028,0.0084
2.2,1.9,1.8,3.2,4.2,4.2,11.7,11.6,16.8,-0.2207,0.6677,-0.2246,-0.2407,-0.4683,-0.3169,0.1236,-0.2331
2.2,1.4,2.1,2.6,2.0,3.4,5.5,11.8,36.3,-0.2401,-0.1905,-0.1396,-0.1957,-0.3429,0.7585,-0.2361,-0.2709
2.2,4.6,2.2,1.9,1.4,8.6,17.0,23.5,39.6,-0.6705,-0.1975,-0.1715,0.386,0.2197,-0.1956,-0.2889,0.376
2.2,2.6,2.8,4.0,1.8,10.4,21.5,19.4,30.2,-0.0076,-0.1306,0.0169,-0.0124,-0.0196,0.0016,-0.9782,-0.0191
2.2,4.6,2.6,4.4,4.9,16.9,13.0,12.9,28.9,-0.8057,-0.1511,-0.103,-0.2143,0.098,0.3667,-0.1712,0.2822
2.2,2.3,2.9,3.5,2.9,18.9,17.3,19.4,26.2,-0.9473,-0.0221,-0.0516,0.1444,0.06,-0.0915,-0.0279,0.2206
2.2,4.9,2.6,1.8,2.6,14.1,17.6,23.5,23.2,-0.8878,-0.0546,-0.0412,0.2297,0.0725,-0.1301,-0.0627,0.3349
2.2,3.6,2.8,3.4,4.3,16.3,6.3,10.1,38.8,-0.8202,0.2498,-0.171,-0.0709,0.1833,0.3874,-0.1185,-0.1384
2.2,1.8,3.1,2.1,1.6,15.6,21.8,12.1,18.9,-0.1157,0.2273,0.0107,-0.0071,-0.015,-0.0055,-0.861,-0.4143
2.2,2.8,3.7,1.4,1.3,21.3,8.0,14.1,17.7,-0.7299,0.6743,-0.0131,0.0108,0.0114,0.0165,0.012,0.0141
2.2,2.9,3.7,3.2,4.2,13.7,5.8,8.8,14.6,-0.4363,0.5225,-0.3062,-0.184,-0.4382,-0.2488,-0.0436,-0.3823
2.2,3.0,5.0,4.8,1.1,18.7,12.9,19.9,35.5,-0.9455,-0.0522,-0.1387,0.1031,0.1411,-0.0611,-0.0418,0.1888
2.2,2.3,3.8,3.0,4.9,12.8,8.2,20.1,12.2,-0.1405,0.2041,-0.0464,-0.6617,-0.5704,0.1635,-0.3019,0.204
2.2,4.4,3.1,3.2,1.9,4.7,4.1,12.8,22.3,-0.2168,0.188,-0.2461,0.1445,-0.4716,0.111,-0.0517,-0.7682
2.2,4.1,2.0,2.6,1.5,3.4,16.6,21.8,34.8,-0.1783,0.0222,-0.3579,-0.0131,0.34,0.2376,-0.7579,-0.2749
2.2,1.9,2.7,4.7,4.3,2.6,2.5,41.6,28.4,-0.5361,0.2665,-0.4126,-0.2299,0.4192,0.2509,-0.4093,0.05
2.2,3.1,2.6,3.3,3.5,4.6,4.2,22.2,20.9,-0.0269,-0.1931,-0.2013,-0.2578,-0.5573,0.6428,-0.2345,-0.2456
2.2,2.6,2.4,3.9,4.7,20.3,18.3,36.4,28.8,-0.9359,0.3354,0.0044,0.0279,-0.0004,-0.0158,0.016,0.0499
2.2,2.8,1.8,4.5,4.5,7.3,17.5,33.0,22.0,-0.2715,0.1692,-0.3651,-0.1093,0.3711,0.2196,-0.7192,-0.1723
2.2,1.5,2.9,4.3,1.7,12.4,14.2,35.2,22.7,-0.4087,-0.31,-0.2848,0.095,0.2902,-0.0608,-0.5771,0.4581
2.2,3.3,2.4,2.3,3.8,7.2,13.3,34.6,27.2,-0.3711,0.0633,-0.4645,0.0839,0.4984,0.1012,-0.5954,0.0843
2.2,1.7,3.0,5.0,2.5,7.6,11.9,20.2,42.0,-0.5836,0.2666,-0.373,-0.0067,0.3757,0.2943,-0.3703,-0.2698
2.2,4.9,2.8,1.6,4.6,13.0,19.6,10.1,35.1,-0.1442,0.1942,-0.3297,0.1265,0.3829,-0.0251,-0.7638,0.1978
2.2,1.4,4.9,4.8,1.5,3.0,12.5,34.4,15.9,-0.2212,0.288,-0.23,-0.1851,0.2336,0.2341,-0.7736,-0.245
2.2,4.3,4.4,4.9,1.9,5.5,19.7,38.4,5.4,-0.3628,0.5317,-0.0476,-0.0223,0.051,0.0401,-0.626,-0.414
2.2,4.5,3.1,1.8,4.5,13.5,2.5,10.1,13.5,-0.1722,0.5741,-0.0426,-0.2099,-0.4392,-0.1525,-0.5525,-0.2488
2.2,4.6,4.1,2.9,2.1,7.0,11.4,27.4,30.3,-0.3274,-0.1594,-0.4437,0.0526,0.4455,0.1212,-0.6532,0.1139
2.2,4.5,4.2,4.5,2.9,8.3,21.2,27.4,8.8,-0.2314,0.2721,0.0256,-0.0067,-0.0285,-0.0212,-0.7108,-0.5897
2.2,4.4,1.7,1.6,1.8,6.6,5.9,21.0,35.0,-0.4988,0.0254,-0.4959,0.0471,0.3574,0.4812,-0.3219,-0.1602
2.2,1.3,3.0,1.7,4.8,20.8,6.9,37.6,32.8,-0.8325,0.4686,0.0122,0.2104,0.0295,-0.1328,0.0161,0.0939
2.2,3.2,2.4,2.2,2.9,19.6,12.8,14.5,23.4,-0.9051,0.3588,-0.1131,0.0244,0.1219,0.0656,0.0176,0.0838
2.2,1.2,1.4,3.0,2.5,10.6,6.4,18.8,6.9,-0.263,0.4957,0.1559,-0.3644,-0.4599,-0.3158,-0.3634,-0.2785
2.2,1.3,4.8,2.8,2.7,12.7,20.4,33.2,14.7,-0.0289,-0.1498,-0.0195,0.0123,0.0215,-0.0012,-0.9663,0.1355
2.2,3.2,2.8,3.6,3.1,14.6,17.5,40.9,37.9,-0.9359,0.1919,0.0046,0.1251,0.0035,-0.1068,0.031,0.2271
2.2,2.9,4.6,3.1,2.1,10.0,20.7,28.1,31.0,-0.7023,-0.413,-0.0029,0.0062,0.003,-0.003,-0.2923,0.484
2.2,1.4,2.5,3.4,2.8,17.4,5.4,22.6,7.5,-0.3001,-0.1045,-0.1236,-0.6316,-0.4461,0.1868,-0.3457,0.3327
2.2,1.9,4.5,2.3,4.5,16.0,16.5,42.4,12.6,-0.1811,0.1316,-0.3723,0.1128,0.3945,-0.0695,-0.7148,0.2978
2.2,1.4,4.5,1.8,2.3,12.9,2.8,41.4,22.6,-0.5932,0.1852,-0.4119,-0.1574,0.4419,0.2231,-0.2757,0.2933
2.2,3.7,2.9,3.1,2.8,19.9,19.9,12.5,8.0,-0.9467,0.2708,0.0023,0.0375,0.0024,-0.0223,0.0253,0.1069
2.2,3.7,3.5,3.6,4.6,18.8,20.2,4.8,38.2,-0.7861,0.5482,0.0253,0.0278,-0.0167,-0.0021,-0.1558,-0.2225
2.2,1.6,4.0,3.1,2.6,18.3,6.3,29.5,26.5,-0.8473,0.001,-0.3197,0.0935,0.3272,0.0241,-0.1241,0.1889
2.2,4.9,2.3,2.4,2.7,3.0,14.1,35.1,43.3,-0.6533,0.0997,-0.1559,0.4904,0.2439,-0.2866,-0.234,0.2927
2.2,2.5,4.2,2.4,4.2,13.6,2.8,16.5,4.3,-0.3002,0.4063,0.2684,-0.3115,-0.4419,-0.2078,-0.5183,-0.2449
2.2,1.1,4.2,4.2,3.3,17.0,17.4,12.7,8.4,-0.1965,-0.091,-0.0477,-0.1113,-0.3259,0.4532,0.2146,-0.7353
2.2,2.9,3.6,3.4,3.5,19.7,16.8,40.5,42.4,-0.9087,0.3895,0.0319,0.0825,-0.0143,-0.0498,0.0259,0.0739
2.2,1.9,3.9,3.7,3.5,15.1,3.4,24.2,18.8,-0.5547,-0.3173,-0.1944,-0.2209,-0.0487,0.6237,-0.2959,0.1061
2.2,1.2,4.2,4.0,1.9,2.5,7.7,11.4,19.8,-0.1742,0.0987,-0.2776,0.1315,-0.404,0.0736,0.2671,-0.7854
2.2,2.1,1.7,2.3,4.1,14.6,8.6,24.1,6.2,-0.4257,0.057,0.067,-0.6613,-0.3254,0.2169,-0.3574,0.2865
2.2,4.6,4.7,3.6,4.3,10.6,15.1,5.1,7.7,-0.4662,0.6862,-0.2433,-0.2226,-0.2629,-0.2427,0.2549,-0.0048
2.2,1.6,1.3,3.0,3.2,10.9,4.4,36.7,5.3,-0.4438,0.1608,0.0524,-0.6168,-0.3506,0.2544,-0.2675,0.3539
2.2,4.2,4.7,1.4,3.7,11.0,13.9,15.6,17.4,-0.2307,-0.0387,-0.4472,-0.0178,0.1473,0.6318,-0.2433,-0.4914
2.2,2.1,4.8,4.9,4.4,15.4,12.4,16.8,28.2,-0.5653,0.0025,-0.1701,-0.3585,0.1469,0.5533,-0.4036,-0.1326
2.2,4.7,1.0,5.0,3.9,17.7,17.8,32.6,28.2,-0.9695,0.1396,-0.0331,0.1093,0.0388,-0.0769,0.0054,0.1173
2.2,1.3,2.2,2.2,2.4,14.9,19.2,18.9,20.3,-0.0491,-0.0134,-0.2131,0.0444,0.2109,0.1046,-0.8841,-0.2935
2.2,4.1,1.6,2.7,1.7,6.6,12.2,20.3,15.2,-0.0085,-0.0965,-0.0325,-0.1317,-0.45,0.5389,-0.4078,-0.546
2.2,2.6,2.2,3.0,4.6,14.3,8.2,41.7,30.1,-0.6711,0.0945,-0.3577,0.2414,0.3746,-0.2019,-0.2304,0.3292
2.2,4.4,3.8,3.4,3.1,9.5,10.4,28.7,6.8,-0.2647,0.2156,-0.3353,-0.6565,-0.4361,0.2773,0.0611,0.2306
2.2,3.9,3.7,1.4,1.1,13.4,14.5,31.1,22.9,-0.9009,-0.0112,-0.0349,0.2,0.0648,-0.1176,-0.0361,0.3376
2.2,2.0,2.0,4.7,3.9,14.8,3.5,31.4,30.7,-0.6739,0.0368,-0.4335,-0.0867,0.4389,0.2149,-0.311,0.0587
2.2,1.2,4.6,2.7,4.2,4.5,12.6,18.7,6.8,-0.3827,0.4879,0.2121,-0.5211,-0.4603,0.0708,-0.2593,0.0754
2.2,5.0,1.4,3.0,4.7,6.3,7.2,12.6,10.2,-0.4618,0.5695,0.0028,-0.2776,-0.2835,-0.3752,-0.2015,-0.3446
2.2,1.6,1.7,4.9,1.2,6.7,4.8,41.9,18.1,-0.3647,-0.0336,-0.3517,-0.2572,0.3523,0.2594,-0.5677,0.3867
2.2,2.7,3.5,3.6,2.5,13.5,5.6,28.1,32.2,-0.6613,-0.0553,-0.4498,0.0239,0.4533,0.132,-0.3202,0.1428
2.2,3.0,4.7,2.2,4.0,3.5,10.0,28.6,11.7,-0.1966,0.4862,-0.3835,-0.6216,-0.2791,0.2536,0.12,0.1501
2.2,3.3,3.8,1.4,2.3,7.0,11.9,34.2,38.6,-0.6523,0.0111,-0.1405,0.4653,0.2337,-0.2673,-0.2398,0.3722
2.2,4.9,1.2,2.0,3.3,15.0,3.3,21.4,35.3,-0.7064,0.2484,-0.3944,0.2159,0.4219,0.0775,-0.1961,0.0555
2.2,5.0,3.3,4.4,1.4,16.9,2.9,40.9,12.0,-0.9474,0.1625,-0.1429,-0.0178,0.1461,0.0285,0.0048,0.1653
2.2,1.9,2.9,1.1,3.8,14.4,10.1,31.2,19.2,-0.4208,0.0997,-0.5883,0.1799,0.2187,0.54,-0.1246,-0.2439
2.2,3.9,4.9,3.2,3.9,6.1,5.3,19.8,40.9,-0.5496,0.3095,-0.3515,0.1225,0.3409,0.3525,-0.3258,-0.3271
2.2,1.6,4.8,4.9,4.8,12.5,20.9,35.3,41.3,-0.9162,0.3783,-0.0163,-0.0324,0.0029,0.0076,0.0025,0.0101
2.2,4.7,1.2,4.6,2.0,17.9,15.1,4.9,33.9,-0.8841,0.3791,-0.0002,0.0547,-0.0094,0.0436,-0.0982,-0.2374
2.2,4.9,3.4,1.5,1.6,12.0,12.3,25.7,34.1,-0.8178,0.0091,-0.1359,0.354,0.1851,-0.1876,-0.1124,0.3035
2.2,3.1,1.8,1.7,2.1,13.5,4.2,23.5,34.4,-0.6767,0.129,-0.4453,0.1603,0.4386,0.1975,-0.2368,0.0434
2.2,3.4,4.6,2.2,3.0,6.1,8.6,9.0,42.9,-0.6544,0.3547,-0.167,0.2102,0.1366,0.4242,-0.1098,-0.3895
2.2,2.6,4.1,3.6,5.0,8.2,17.0,38.8,29.2,-0.6869,-0.2488,-0.1092,0.2158,0.1238,-0.1716,-0.271,0.5221
2.2,1.6,1.6,1.1,4.4,3.9,6.8,34.4,26.7,-0.2405,0.1467,-0.6358,0.1878,0.0871,0.549,-0.0218,-0.3909
2.2,2.3,3.9,3.3,4.6,4.6,14.5,32.6,30.9,-0.2864,-0.0824,-0.412,0.1664,0.4346,-0.0141,-0.6963,0.1443
2.2,3.8,4.5,1.6,5.0,18.1,11.5,19.1,4.8,-0.79,0.453,-0.2401,-0.282,0.0102,0.0733,0.0436,0.1315
2.2,2.4,3.4,3.3,1.5,9.7,2.9,11.2,31.6,-0.3426,0.2617,-0.0239,0.2009,-0.3077,0.1827,-0.4014,-0.6881
2.2,3.2,4.7,4.7,3.1,12.5,5.8,26.4,18.0,-0.587,-0.2336,-0.147,-0.3225,0.0969,0.5419,-0.3787,0.1304
2.2,3.1,4.2,1.3,4.3,18.6,5.3,11.5,17.4,-0.794,0.287,-0.3741,-0.0259,-0.1042,0.2451,0.1091,0.2067
2.2,2.2,1.1,1.4,4.9,12.7,17.5,12.9,22.9,-0.0859,-0.0729,-0.4556,-0.1879,-0.2768,0.7644,0.0068,-0.2314
2.2,2.9,1.2,4.7,4.8,2.9,18.4,38.2,37.8,-0.7167,-0.1104,-0.204,0.3186,0.2216,-0.2524,-0.2424,0.3763
2.2,1.3,1.2,3.4,4.3,13.3,11.8,21.5,9.0,-0.2098,0.3464,0.2228,-0.5038,-0.5602,-0.0577,-0.4522,0.0094
2.2,4.8,4.9,2.7,2.9,10.5,20.9,30.2,13.5,-0.2761,-0.4377,0.0014,-0.0061,-0.0031,0.0035,-0.7199,0.4352
2.2,4.0,2.0,3.7,3.2,13.9,14.9,37.4,36.1,-0.9101,0.0642,-0.0545,0.2266,0.0705,-0.177,-0.0317,0.2612
2.2,2.7,4.1,4.2,3.8,4.1,11.5,19.3,39.4,-0.5793,0.2619,-0.3532,-0.0024,0.3449,0.3403,-0.3563,-0.3144
2.2,3.6,1.7,3.0,5.0,12.1,3.1,23.0,4.1,-0.3029,0.1514,0.3349,-0.4622,-0.4748,0.0386,-0.5649,0.0594
2.2,2.4,3.3,4.6,3.3,3.1,10.4,8.2,39.4,-0.6752,-0.1244,-0.0645,-0.1216,-0.125,0.6414,-0.0873,-0.1961
2.2,1.0,3.9,1.4,3.5,13.1,15.1,21.3,8.8,-0.2673,0.6971,-0.4033,-0.4628,-0.0802,0.1613,0.1016,0.0996
2.2,2.7,3.0,4.6,4.5,19.0,9.7,10.7,22.9,-0.244,-0.2598,0.1052,-0.0968,-0.1477,0.267,-0.7285,0.3812
2.2,2.2,3.7,1.1,1.1,8.5,21.0,38.2,13.5,-0.0308,-0.0793,-0.0157,0.0193,0.0229,-0.0062,-0.93,0.3226
2.2,3.1,2.3,1.7,1.1,19.5,10.9,29.8,25.1,-0.8613,0.4827,-0.036,0.0854,0.0492,-0.0419,0.0208,0.0504
2.2,1.3,2.6,2.7,1.8,19.1,10.2,17.9,20.0,-0.8085,-0.2065,-0.2072,-0.1113,0.1645,0.303,-0.1635,0.2778
2.2,4.9,3.8,3.7,1.4,7.5,14.0,35.9,43.6,-0.8539,0.0509,-0.0539,0.3455,0.0931,-0.2272,-0.0871,0.2495
2.2,3.7,1.4,1.4,4.4,5.0,16.9,17.9,33.7,-0.3328,0.1728,-0.4291,0.2149,0.3696,0.3837,-0.427,-0.3802
2.2,1.1,1.9,3.7,2.2,6.0,19.5,13.9,9.9,0.1889,0.2845,-0.2155,-0.1316,-0.1913,0.2042,0.6681,-0.5192
2.2,4.3,4.6,3.1,4.5,10.8,12.7,19.4,29.2,-0.4402,0.0813,-0.4469,-0.0513,0.4414,0.3122,-0.5198,-0.1413
2.2,3.3,2.8,1.4,3.0,6.3,4.4,14.5,25.7,0.0701,-0.0469,-0.4222,-0.3577,-0.536,0.5898,-0.1839,-0.0018
2.2,4.2,2.6,4.2,4.1,13.4,15.5,11.2,9.8,-0.1339,0.3781,-0.3171,0.0844,-0.6498,-0.0054,0.1016,-0.525
2.2,1.0,1.9,4.6,2.1,4.6,9.1,37.4,14.9,-0.4684,0.1804,-0.1259,-0.4433,0.1326,0.4883,-0.5174,-0.0406
2.2,2.8,2.7,4.3,3.0,3.4,13.3,39.1,32.3,-0.4458,-0.1433,-0.3583,0.1789,0.3669,-0.1505,-0.5066,0.4376
2.2,4.1,4.3,1.3,1.6,7.4,21.4,13.0,35.2,-0.0094,0.0139,-0.0003,-0.0026,-0.0017,0.0021,-0.9792,0.085
2.2,1.4,5.0,1.5,4.0,12.6,9.3,4.2,42.6,-0.4707,0.4929,0.1346,0.3409,-0.0764,0.3015,-0.2827,-0.4317
2.2,3.3,4.5,2.9,3.9,3.0,3.6,6.2,35.9,-0.3018,0.3052,-0.3131,0.3035,-0.4595,0.2311,0.1269,-0.5787
2.2,4.9,3.3,1.9,4.9,14.6,16.8,32.1,42.5,-0.843,0.4484,0.1059,0.2236,-0.018,-0.0899,0.0234,0.0956
2.2,1.9,1.3,4.2,2.1,11.0,20.5,43.6,18.2,-0.5454,-0.2426,-0.0599,0.074,0.06,-0.0737,-0.3387,0.7025
2.2,2.9,1.9,4.0,2.7,19.9,3.8,17.0,7.2,-0.9528,0.1773,-0.1516,-0.0694,-0.0888,0.0387,0.026,0.0967
2.2,5.0,3.8,3.9,4.5,10.1,9.5,29.8,32.5,-0.5514,-0.0335,-0.4604,0.1922,0.4778,-0.0272,-0.4251,0.1534
2.2,3.4,3.3,3.1,4.7,16.9,6.4,21.0,40.4,-0.6546,0.0231,-0.2626,0.4507,0.3183,-0.219,-0.2812,0.2265
2.2,2.8,1.1,2.1,1.0,21.9,21.2,12.6,6.1,-0.7932,0.6002,-0.004,-0.0088,0.0008,0.0037,0.0046,0.0072
2.2,2.2,4.5,4.9,3.1,17.8,3.8,22.0,24.4,-0.8622,-0.1697,-0.1691,-0.1439,0.1424,0.2944,-0.1224,0.2095
2.2,1.3,2.2,1.5,1.4,8.1,10.7,31.5,34.4,-0.405,-0.0747,-0.4507,0.1973,0.4858,0.0469,-0.5544,0.166
2.2,3.2,2.3,2.3,4.0,16.8,3.4,36.5,24.0,-0.8234,0.2734,-0.3077,0.0605,0.3384,0.0629,-0.0824,0.1225
2.2,2.4,4.3,2.9,1.1,5.3,2.9,32.3,19.0,-0.2556,-0.1346,-0.0557,-0.3388,0.0239,0.5214,-0.7166,0.0247
2.2,4.5,1.5,3.5,2.6,19.2,10.4,41.3,31.1,-0.918,0.3738,-0.0104,0.0548,0.0133,-0.048,0.0267,0.0749
2.2,4.3,3.6,1.3,4.7,14.8,17.3,41.5,42.0,-0.7405,0.6308,0.1029,0.1339,-0.0383,-0.071,0.0516,0.0832
2.2,2.3,3.8,2.3,1.1,13.7,16.7,34.7,43.0,-0.9232,0.1947,0.0351,0.2115,0.0065,-0.1189,0.0087,0.1854
2.2,1.1,2.2,4.8,1.9,14.2,5.3,13.9,4.6,-0.5659,0.4761,0.0158,-0.2595,-0.2458,-0.406,-0.133,-0.3705
2.2,4.8,1.7,4.5,4.0,6.4,17.5,14.9,6.3,-0.427,0.683,0.1306,-0.2173,-0.4199,-0.2765,-0.1235,-0.0862
2.2,3.0,3.7,1.6,1.7,20.8,8.8,21.0,17.3,-0.7821,0.6112,-0.0355,0.0291,0.0396,0.0147,0.0119,0.0179
2.2,3.6,2.9,3.9,4.8,17.9,9.1,39.3,18.2,-0.8876,0.2131,-0.2456,0.0826,0.2562,-0.0469,-0.0421,0.1469
2.2,2.0,3.0,3.2,2.7,10.9,17.8,25.0,29.3,-0.2431,-0.3603,-0.2363,0.1544,0.2447,-0.0509,-0.7464,0.298
2.2,3.5,1.9,4.5,1.8,19.2,4.5,18.2,38.6,-0.9202,0.1234,-0.2287,0.0887,0.2332,-0.0073,-0.0491,0.0973
2.2,1.3,3.4,4.2,3.2,16.6,17.9,37.5,36.2,-0.9483,0.0082,-0.0075,0.1208,0.0165,-0.0915,-0.012,0.2609
2.2,4.2,1.9,4.0,2.4,7.5,15.1,24.3,38.2,-0.4199,-0.0401,-0.4796,0.1413,0.4876,0.0516,-0.5582,0.0605
2.2,2.8,3.9,2.8,3.0,7.2,20.5,20.5,30.7,-0.1449,-0.3804,-0.0316,0.0314,0.0349,-0.0087,-0.8465,0.2898
2.2,2.4,2.5,2.1,3.3,4.1,16.8,22.6,10.9,-0.0064,0.6867,-0.4192,-0.4286,-0.1845,0.1851,0.2879,0.002
2.2,1.5,2.2,4.9,3.0,11.6,10.0,6.1,12.1,-0.4678,0.3996,-0.3407,-0.3181,-0.3629,-0.3445,0.3053,-0.2323
2.2,1.3,1.2,4.3,1.3,4.9,16.2,17.2,14.6,-0.2756,0.0338,0.0973,0.0538,-0.3416,0.2195,-0.1773,-0.8388
2.2,2.3,4.1,4.4,1.2,21.8,17.7,41.8,7.3,-0.9179,0.3862,-0.0016,-0.0058,0.001,0.0044,0.0092,0.0254
2.2,2.3,1.4,1.8,3.2,10.6,21.3,22.3,43.3,-0.8094,0.5368,0.0764,0.1371,-0.012,-0.0387,0.0149,0.0413
2.2,3.8,1.4,3.6,3.3,20.5,10.9,26.8,38.8,-0.9117,0.3995,0.0033,0.0311,0.0011,-0.0134,0.0084,0.0223
2.2,3.0,3.3,3.7,3.2,20.8,21.6,43.6,29.1,-0.8918,0.4395,-0.0004,-0.0009,0.0003,0.0007,0.029,0.0609
2.2,4.0,4.1,4.9,1.7,7.2,9.5,12.2,25.0,-0.6039,0.178,-0.0031,0.1531,-0.1416,0.0949,-0.1855,-0.7146
2.2,4.6,3.4,3.7,3.6,5.2,3.9,4.7,36.0,-0.5585,0.1559,-0.2894,0.2998,-0.3175,0.2723,0.1663,-0.5303
2.2,4.4,2.0,1.9,4.9,10.3,16.3,15.9,26.2,-0.4796,0.0767,-0.3841,-0.0534,0.2902,0.5464,-0.3452,-0.3068
2.2,2.9,3.6,3.0,1.6,6.8,12.4,43.8,22.5,-0.3615,-0.1347,-0.2764,0.1189,0.2784,-0.1149,-0.4981,0.6374
2.2,3.5,3.4,3.2,1.7,6.4,14.6,35.4,16.6,-0.1304,0.0466,-0.3156,-0.0499,0.3256,0.1217,-0.8607,0.0236
2.2,4.4,3.6,1.3,1.9,2.7,21.9,13.3,29.7,-0.1589,0.1637,0.0086,-0.0137,-0.0157,-0.013,-0.69,-0.6742
2.2,4.2,4.8,3.8,3.3,9.9,6.5,10.2,41.7,-0.7808,0.2668,-0.1438,0.0991,0.1058,0.3851,-0.0867,-0.3341
2.2,3.0,3.6,1.4,4.6,13.5,4.0,10.8,31.8,-0.5388,0.0078,-0.4219,0.0014,0.009,0.7136,-0.0118,-0.0376
2.2,3.7,4.1,1.9,2.3,18.5,19.6,36.5,40.2,-0.8504,0.5144,0.02,0.0334,-0.0056,-0.0127,0.0297,0.0515
2.2,3.7,3.4,1.2,1.2,11.4,14.3,16.0,31.7,-0.3145,-0.1268,-0.4017,0.1416,0.4428,0.0639,-0.6521,0.2359
2.2,1.5,1.0,2.0,2.0,10.3,16.9,22.7,43.4,-0.4509,0.0908,-0.3574,0.4754,0.4433,-0.0992,-0.4421,0.1133
2.2,3.2,3.9,3.2,4.9,15.5,10.6,43.8,17.7,-0.6412,0.1752,-0.4358,0.0833,0.4428,-0.0692,-0.2334,0.3023
2.2,4.6,4.7,3.5,3.7,6.7,2.6,18.8,9.5,-0.2174,0.5069,0.1004,-0.347,-0.508,-0.285,-0.3889,-0.2589
2.2,2.5,2.7,1.3,3.7,15.6,6.6,37.9,28.1,-0.6483,0.3093,-0.3466,0.2863,0.4232,-0.1223,-0.1894,0.1966
2.2,2.4,2.2,5.0,2.0,10.2,2.3,29.3,40.8,-0.5222,0.0972,-0.4843,0.077,0.4978,0.0854,-0.4579,-0.0063
2.2,2.0,1.6,3.0,3.4,14.3,20.7,6.3,24.0,-0.7244,0.2368,0.0526,0.0614,-0.0603,0.0423,-0.1942,-0.6006
2.2,1.7,4.2,1.2,4.3,9.8,16.3,22.4,19.5,0.2037,-0.0035,-0.4345,0.1745,0.085,0.3447,-0.151,-0.7499
2.2,1.3,5.0,2.7,4.4,17.5,20.8,13.8,10.3,-0.377,0.181,0.0026,-0.0036,-0.005,-0.0049,-0.3773,-0.8084
2.2,2.5,4.0,1.5,1.1,3.6,7.8,26.0,9.8,0.2909,0.2484,-0.3266,-0.4938,-0.6032,0.3193,-0.0165,-0.1483
2.2,4.3,3.2,2.0,2.1,15.8,17.2,43.4,26.2,-0.8936,0.3714,0.0123,0.0602,-0.0068,-0.0521,0.0812,0.2057
2.2,1.6,2.2,4.3,1.6,17.0,18.5,19.1,10.0,-0.2127,0.1078,-0.2591,-0.1711,0.2454,0.2843,-0.7507,-0.3285
2.2,1.9,1.3,1.0,4.0,22.0,9.2,37.7,17.7,-0.5666,0.8159,-0.0152,0.0142,0.0203,0.0034,0.0071,0.0058
2.2,1.0,4.9,1.5,3.5,10.5,5.8,6.5,20.3,-0.1926,0.6322,-0.3987,-0.169,-0.4689,-0.1917,0.1174,-0.3134
2.2,1.9,2.0,2.0,1.3,15.6,8.0,9.4,6.8,-0.2741,0.5169,-0.1609,-0.2565,-0.4342,-0.2825,-0.3095,-0.4379
2.2,3.3,3.8,3.7,2.3,13.9,15.6,39.0,43.8,-0.9038,0.2567,0.0376,0.2366,0.0005,-0.1555,0.0014,0.1552
2.2,2.2,4.2,1.2,2.5,21.0,18.5,36.4,39.3,-0.6916,0.7145,0.0201,0.022,-0.0047,-0.0066,0.0182,0.0189
2.2,1.1,3.0,4.9,5.0,13.9,19.5,34.3,14.6,-0.1184,0.2424,-0.146,-0.0116,0.1508,0.0633,-0.8753,-0.2875
2.2,4.4,3.0,2.6,5.0,4.5,3.7,12.4,28.1,0.1522,0.1895,-0.1675,-0.2089,-0.8162,0.339,-0.2003,-0.1673
2.2,2.0,4.1,3.2,2.3,9.8,14.0,38.2,37.9,-0.8219,-0.0656,-0.0907,0.264,0.1097,-0.2118,-0.1159,0.4
2.2,1.1,1.3,1.3,2.5,21.7,2.1,33.5,29.4,-0.7514,0.6256,-0.0656,0.1114,0.0912,-0.043,0.0089,0.03
2.2,1.1,2.8,3.0,3.5,15.5,9.3,21.1,8.4,-0.1709,0.2505,0.097,-0.6239,-0.5621,0.0679,-0.3997,0.1255
2.2,3.4,4.2,1.4,1.4,16.8,18.6,22.7,26.8,-0.9367,0.2817,0.0197,0.0513,-0.0027,-0.0223,0.0445,0.1601
2.2,1.8,2.9,3.3,2.8,15.7,15.1,32.9,16.6,-0.4441,-0.2043,-0.4016,0.1173,0.4136,-0.0238,-0.5422,0.3119
2.2,3.4,3.7,1.7,1.8,9.8,17.0,26.1,18.8,-0.097,-0.2707,-0.2216,0.1434,0.2375,0.0104,-0.8709,0.1026
2.2,1.9,2.6,2.7,2.5,4.6,18.0,22.5,37.5,-0.3559,-0.2836,-0.3082,0.2851,0.332,-0.1016,-0.6218,0.2791
2.2,1.1,3.5,2.6,3.2,20.8,9.7,32.2,32.1,-0.9252,0.2744,-0.0305,0.1691,0.0499,-0.1034,0.0065,0.1029
2.2,3.0,1.1,3.6,4.0,3.3,7.5,12.7,33.4,-0.1926,-0.2203,-0.0721,-0.1653,-0.504,0.7132,-0.2118,-0.219
2.2,1.6,2.7,3.5,2.3,5.2,4.9,34.7,11.5,-0.4496,-0.0607,0.0833,-0.34,-0.1359,0.6282,-0.484,-0.1045
2.2,3.1,3.9,4.4,3.3,21.5,21.4,12.4,13.6,-0.9072,0.4085,0.0016,0.0027,-0.0003,-0.0006,0.0034,0.0098
2.2,3.5,1.2,1.9,4.9,8.1,4.2,13.7,10.5,-0.2809,0.5536,0.0793,-0.316,-0.3914,-0.3032,-0.396,-0.3164
2.2,1.1,3.9,1.2,3.8,20.7,11.9,9.8,32.5,-0.7154,0.4153,-0.307,0.0143,0.3846,0.1643,-0.1046,0.1077
2.2,4.6,2.7,1.3,4.8,18.1,5.2,27.7,27.7,-0.7316,0.5553,-0.1644,0.2512,0.2224,-0.0583,-0.0304,0.0536
2.2,3.7,3.0,4.4,1.6,6.2,9.1,36.8,12.1,-0.4198,0.1088,-0.1915,-0.4159,0.1983,0.4768,-0.5693,-0.002
2.2,1.9,1.6,1.2,4.3,16.2,5.0,6.3,10.3,-0.465,0.6577,-0.157,-0.2069,-0.2547,-0.2332,-0.2484,-0.3105
2.2,4.5,4.7,2.3,4.1,6.6,3.3,20.0,32.1,-0.5394,0.0504,-0.471,0.0392,0.167,0.5813,-0.1321,-0.2968
2.2,3.5,2.8,3.9,4.9,20.0,5.6,20.5,26.8,-0.9347,0.3193,-0.0778,0.0109,0.079,0.0442,0.006,0.0381
2.2,1.3,1.7,3.5,3.5,18.9,20.7,8.1,26.9,-0.663,0.4394,0.0251,-0.1143,-0.0205,0.1624,-0.3305,-0.4476
2.2,2.2,2.6,2.5,3.4,3.2,7.5,17.5,39.0,-0.5244,0.1971,-0.392,0.1351,0.2163,0.4843,-0.1978,-0.4277
2.2,2.4,3.3,3.2,2.2,2.7,10.9,33.0,17.9,-0.3891,0.1624,-0.2242,-0.2865,0.2165,0.4594,-0.5833,-0.2824
2.2,2.4,2.0,4.2,3.3,2.7,19.5,7.0,31.1,-0.6872,0.0787,0.0285,0.1307,-0.0927,0.0743,-0.0648,-0.6899
2.2,2.3,1.8,4.5,1.3,3.3,9.9,22.7,34.3,-0.4096,-0.0214,-0.1703,-0.3601,0.1281,0.5507,-0.5347,-0.2327
2.2,1.6,2.7,2.9,1.6,17.0,18.4,9.0,21.5,-0.4486,0.3584,0.1421,-0.0984,-0.1448,0.1906,-0.5254,-0.5392
2.2,2.9,1.1,2.3,4.5,8.2,9.9,42.9,29.3,-0.4617,0.309,-0.4786,0.0104,0.5036,0.0391,-0.3998,0.1871
2.2,4.0,4.0,1.0,3.2,4.6,3.6,21.2,10.9,-0.0463,0.3018,-0.0406,-0.6682,-0.4919,0.1081,-0.4271,0.1121
2.2,3.7,2.1,2.0,3.2,19.6,3.3,26.1,6.3,-0.8458,0.4899,-0.1496,-0.0985,-0.0336,0.006,0.0308,0.0466
2.2,3.3,3.7,1.2,1.4,11.5,7.5,13.6,35.7,-0.5919,0.0312,-0.3817,-0.0621,0.3591,0.5139,-0.2919,0.0315
2.2,3.9,3.9,4.7,4.4,10.4,5.2,19.7,29.0,-0.6683,-0.1182,-0.1998,-0.2535,0.0998,0.5905,-0.2455,-0.0702
2.2,2.5,3.7,2.1,3.9,16.3,15.3,21.9,34.9,-0.8426,-0.0003,-0.0693,0.3538,0.1189,-0.1967,-0.0978,0.286
2.2,1.7,4.0,3.3,4.6,12.1,4.2,30.0,42.0,-0.4472,0.14,-0.4276,0.3271,0.4878,-0.0331,-0.4867,0.0382
2.2,3.9,3.5,1.2,1.8,18.2,15.2,27.6,36.0,-0.7919,0.5896,0.0484,0.0938,-0.0092,-0.0388,0.0321,0.0514
2.2,1.4,1.5,2.1,2.6,7.2,8.8,35.5,30.1,-0.4662,0.1139,-0.4624,-0.0345,0.4934,0.221,-0.4983,0.0439
2.2,3.1,1.3,4.8,3.2,6.9,3.8,20.5,15.8,0.0163,0.1149,-0.0808,0.0328,-0.7269,0.2244,-0.3214,-0.531
2.2,3.1,2.9,4.1,4.5,4.3,4.5,19.3,13.9,-0.123,0.5519,0.0145,-0.3456,-0.6328,-0.2502,-0.228,-0.1902
2.2,1.7,4.4,1.9,2.2,3.0,4.5,41.2,26.2,-0.3865,0.2592,-0.4285,-0.1835,0.457,0.2462,-0.4974,0.1908
2.2,1.6,4.3,1.1,2.2,10.7,15.7,27.3,21.2,-0.0567,-0.1825,-0.2667,0.2005,0.2939,0.068,-0.8526,-0.105
2.2,2.1,2.4,1.7,3.6,6.4,12.9,25.3,27.1,-0.2994,0.0042,-0.4895,0.0709,0.3031,0.4849,-0.3856,-0.4177
2.2,4.1,2.2,1.9,4.4,20.9,4.4,27.0,40.2,-0.7687,0.633,0.0085,0.0177,-0.0014,-0.0045,0.0085,0.0112
2.2,4.5,4.0,1.8,4.4,21.3,18.2,37.5,11.2,-0.723,0.6857,-0.0036,-0.0042,0.001,0.0017,0.0073,0.0082
2.2,1.7,4.7,2.2,3.3,12.1,16.2,21.8,17.8,-0.1407,0.0508,-0.2771,0.025,0.2146,0.2693,-0.6096,-0.6242
2.2,3.9,1.9,4.8,2.6,20.1,12.4,29.3,11.2,-0.953,0.2823,-0.0418,0.0037,0.0428,0.016,0.0075,0.0347
2.2,2.1,1.5,4.5,1.6,11.0,6.5,28.0,29.7,-0.5118,-0.1858,-0.3303,-0.2762,0.3223,0.387,-0.4792,0.1513
2.2,3.3,2.1,3.8,2.6,2.8,19.0,14.8,33.1,-0.4388,0.2562,-0.1557,-0.0959,0.1331,0.2692,-0.472,-0.6164
2.2,2.1,3.6,2.9,3.8,19.5,2.6,9.0,9.9,-0.1005,0.3885,0.0289,-0.1438,-0.3345,-0.0558,-0.7879,-0.1245
2.2,4.6,4.2,3.3,1.6,16.8,13.8,37.0,21.5,-0.9632,0.178,-0.0113,0.0733,0.0173,-0.0536,0.0236,0.1574
2.2,3.6,3.9,2.6,1.1,17.1,17.1,25.4,38.7,-0.9653,0.1653,0.0104,0.1001,0.0057,-0.05,0.0168,0.1384
2.2,3.8,2.1,2.2,2.7,18.8,15.0,41.4,13.2,-0.8658,0.4352,-0.0562,0.1291,0.0662,-0.1111,0.0364,0.1175
2.2,2.0,4.2,1.2,1.8,14.4,6.0,24.4,28.3,-0.6658,0.0213,-0.4525,0.1444,0.4322,0.2429,-0.2404,0.1102
2.2,2.4,2.6,2.6,2.7,15.9,21.2,23.8,5.7,-0.0423,0.0523,-0.0312,0.011,0.0272,0.0219,-0.84,-0.4821
2.2,3.0,2.8,4.5,1.9,10.5,9.8,30.9,11.0,-0.4805,-0.0896,-0.086,-0.403,0.0637,0.5745,-0.495,-0.0155
2.2,4.0,1.8,3.3,2.3,19.8,16.5,6.1,14.5,-0.2908,0.6038,0.0437,0.0275,-0.0464,0.0212,-0.641,-0.2547
2.2,4.3,4.8,1.3,3.6,14.0,4.0,27.7,30.2,-0.6662,0.2985,-0.3692,0.3092,0.4261,0.0433,-0.1866,0.0707
2.2,1.3,3.9,4.7,4.7,2.1,19.8,40.9,40.9,-0.9493,0.2772,0.0123,0.0524,-0.0055,-0.034,0.0168,0.0755
2.2,3.8,2.1,4.7,1.8,17.6,11.1,40.6,23.0,-0.959,0.1533,-0.0514,0.0797,0.0531,-0.0745,0.0187,0.1811
2.2,1.8,3.5,1.1,3.2,12.4,16.8,43.5,22.2,-0.4285,-0.0635,-0.1333,0.2663,0.162,-0.2353,-0.3177,0.7172
2.2,4.0,4.3,2.4,2.5,9.6,10.0,9.8,41.9,-0.7086,0.3474,-0.1847,0.0752,0.2044,0.3952,-0.1677,-0.3139
2.2,1.6,1.5,1.3,3.2,13.2,12.8,27.6,41.9,-0.4981,0.1245,-0.2055,0.5832,0.3558,-0.21,-0.3441,0.2203
2.2,4.3,3.6,3.3,1.2,4.7,6.6,12.9,9.8,-0.1025,0.4135,-0.3591,-0.1835,-0.5214,-0.2405,0.254,-0.5025
2.2,3.9,1.3,1.8,1.2,5.9,15.4,35.8,21.7,-0.2402,-0.1124,-0.3793,0.004,0.4003,0.1106,-0.7428,0.2126
2.2,4.1,2.3,2.8,4.7,16.1,2.5,19.5,24.9,-0.8625,0.0595,-0.2756,-0.0007,0.1099,0.3853,-0.0316,0.0698
2.2,1.1,3.2,3.2,4.4,18.3,9.3,23.8,30.3,-0.6358,0.0321,-0.4616,0.0185,0.4543,0.2264,-0.3286,0.0079
2.2,1.3,3.7,3.8,3.7,13.2,9.7,32.7,42.2,-0.6377,-0.0219,-0.2656,0.431,0.3142,-0.2481,-0.3128,0.2563
2.2,3.6,3.6,2.0,4.7,19.6,8.5,30.9,8.6,-0.802,0.4976,-0.278,-0.017,-0.099,0.1008,0.0472,0.0243
2.2,1.4,1.1,4.3,3.5,20.9,18.9,23.1,11.2,-0.9473,0.1381,-0.1549,0.0675,0.1552,-0.0065,-0.0181,0.0895
2.2,2.2,3.6,2.4,3.8,17.4,15.2,42.7,43.2,-0.8582,0.4142,0.0653,0.1857,-0.0321,-0.1382,0.0397,0.1516
2.2,4.7,4.0,4.8,3.5,17.4,7.9,22.1,33.9,-0.8906,0.0572,-0.2493,0.1781,0.257,-0.0866,-0.0836,0.1394
2.2,3.2,4.1,3.1,4.4,5.6,7.8,11.7,30.9,-0.1323,-0.0966,0.0344,-0.0802,-0.5372,0.653,-0.2977,-0.3742
2.2,3.7,2.9,1.1,4.1,9.2,6.8,35.9,42.2,-0.5168,0.229,-0.0771,0.5763,0.2619,-0.3102,-0.2503,0.3158
2.2,1.8,4.3,5.0,3.6,4.8,8.4,4.8,14.3,-0.4567,0.4794,-0.2961,-0.3372,-0.304,-0.3483,0.3643,-0.0902
2.2,1.8,2.2,4.4,1.2,20.9,19.7,34.0,16.9,-0.9649,0.234,0.0006,0.0082,0.0002,-0.0046,0.0129,0.0619
2.2,3.8,3.1,1.1,3.8,18.6,9.2,30.6,14.5,-0.7022,0.597,-0.2159,0.1786,0.1641,0.1836,-0.0045,-0.0022
2.2,4.7,2.2,1.1,1.9,4.1,13.8,20.5,39.5,-0.2957,0.1161,-0.4037,0.3855,0.4873,0.0974,-0.5651,-0.0507
2.2,2.4,4.4,2.8,3.5,14.9,3.4,40.5,43.0,-0.7714,0.1416,-0.0567,0.3919,0.1061,-0.3007,-0.1037,0.3246
2.2,3.2,2.9,4.4,4.4,6.4,18.5,7.3,41.3,-0.8726,0.3149,-0.0736,-0.0378,0.1068,0.2685,-0.0816,-0.1678
2.2,4.2,3.2,1.4,1.8,16.4,8.9,38.6,39.3,-0.8221,0.4851,0.0526,0.2062,-0.0027,-0.1341,0.0392,0.1256
2.2,1.6,3.8,2.9,3.8,3.1,7.2,25.8,33.3,-0.5031,0.1083,-0.4151,-0.0165,0.3383,0.4382,-0.3667,-0.3329
2.2,4.3,2.2,3.0,3.2,15.2,3.8,39.6,42.3,-0.8684,0.2049,0.0046,0.298,0.0341,-0.2192,-0.0201,0.2398
2.2,3.4,3.7,1.7,2.2,21.0,6.7,21.3,34.1,-0.7662,0.6335,-0.0086,0.0389,0.0159,-0.0179,0.0092,0.0133
2.2,1.3,4.7,3.7,3.1,6.2,3.1,9.7,36.2,-0.1547,0.1324,0.08,0.2178,-0.5756,0.35,-0.3406,-0.5531
2.2,1.4,2.5,1.8,2.0,15.7,4.7,32.2,25.0,-0.7192,-0.0036,-0.3991,-0.01,0.408,0.2375,-0.233,0.1831
2.2,1.4,4.9,3.8,3.3,5.2,7.6,21.7,19.3,-0.0975,-0.1486,-0.0332,-0.1832,-0.4739,0.6212,-0.2354,-0.5029
2.2,4.1,4.7,2.3,2.3,9.0,12.9,31.3,38.6,-0.7914,-0.0674,-0.1031,0.3722,0.1514,-0.2184,-0.1552,0.3344
2.2,1.5,2.9,4.7,4.4,9.7,9.7,36.0,24.4,-0.5082,0.1541,-0.3914,-0.2341,0.4015,0.3229,-0.4801,-0.0544
2.2,4.2,3.0,2.7,4.6,13.6,8.5,5.9,13.9,-0.5574,0.5272,-0.3219,-0.189,-0.3592,-0.2155,-0.0031,-0.302
2.2,4.8,3.3,1.5,1.7,19.8,17.6,32.3,43.9,-0.7474,0.6547,0.0458,0.0547,-0.0083,-0.0131,0.0148,0.0191
2.2,1.1,1.5,2.2,2.9,6.4,20.6,31.7,30.7,-0.3969,-0.4171,-0.1065,0.1632,0.1263,-0.0826,-0.5931,0.4756
2.2,1.2,1.1,4.3,2.0,17.6,21.5,12.5,14.4,-0.4982,0.3396,-0.0307,-0.0189,0.0265,0.0551,-0.448,-0.6417
2.2,1.3,3.1,3.1,1.6,4.9,5.9,43.9,11.7,-0.4181,0.3213,-0.1612,-0.4646,0.1623,0.467,-0.4303,0.1994
2.2,4.3,3.8,2.4,1.0,3.4,6.5,14.6,14.4,0.0863,0.2325,-0.2933,-0.0062,-0.5369,0.0035,0.1266,-0.7334
2.2,3.8,3.2,3.0,3.6,3.6,12.2,35.8,14.9,-0.5585,0.1985,-0.2118,-0.2361,0.2064,0.4887,-0.394,-0.3124
2.2,4.4,1.5,2.1,2.0,5.9,17.2,37.6,37.9,-0.7527,-0.0666,-0.116,0.3285,0.1543,-0.238,-0.1708,0.4269
2.2,1.9,3.3,3.1,2.8,6.5,9.7,32.2,41.5,-0.5181,0.0314,-0.38,0.373,0.4319,-0.163,-0.4288,0.191
2.2,2.8,4.7,4.2,3.3,18.5,18.6,34.6,9.1,-0.9691,0.0624,0.0015,0.0553,0.0041,-0.035,0.0069,0.1984
2.2,3.5,4.2,4.2,2.9,6.0,13.4,25.6,25.7,-0.2705,0.0976,-0.3358,-0.1558,0.3234,0.3119,-0.6972,-0.2797
2.2,2.8,3.7,4.4,2.1,10.3,4.3,35.2,29.4,-0.5993,-0.1035,-0.4353,-0.0455,0.4434,0.1038,-0.3822,0.2731
2.2,2.6,3.6,1.7,1.9,18.4,18.0,26.8,34.9,-0.9111,0.3785,0.028,0.0725,-0.0048,-0.03,0.0346,0.0933
2.2,3.6,3.7,2.5,4.7,3.5,9.4,20.4,34.1,-0.4823,0.1388,-0.4198,0.0815,0.2617,0.4873,-0.2664,-0.4204
2.2,3.3,3.0,2.9,2.0,20.3,18.3,25.8,39.8,-0.9108,0.4002,0.0103,0.0343,-0.0017,-0.0126,0.0132,0.0333
2.2,4.7,2.3,3.1,3.2,9.3,18.2,23.7,42.7,-0.8426,0.1165,-0.0197,0.3995,0.0845,-0.2019,-0.0757,0.204
2.2,3.3,2.7,1.2,4.8,9.8,12.1,12.6,34.6,-0.4839,0.2884,-0.3521,0.1979,0.3034,0.4789,-0.237,-0.3571
2.2,2.1,5.0,1.5,3.0,6.1,4.8,7.0,37.0,0.0928,0.2015,-0.03,0.255,-0.5425,0.4649,-0.3725,-0.4511
2.2,3.2,2.5,1.3,1.1,8.3,8.7,26.0,27.9,-0.4163,-0.2078,-0.4518,-0.0251,0.3995,0.371,-0.5075,0.0923
2.2,3.6,2.5,1.8,2.7,11.7,13.7,10.3,19.9,-0.1298,0.1572,0.0537,0.1186,-0.4049,0.4105,-0.5,-0.5853
2.2,4.7,2.4,1.9,3.0,7.4,17.7,38.2,8.9,-0.4475,0.2129,-0.2464,0.0006,0.2173,0.3898,-0.3745,-0.5677
2.2,2.3,3.4,3.2,4.9,13.0,19.9,4.9,4.9,-0.5369,0.7934,-0.0547,-0.0546,-0.0733,-0.0723,0.1985,0.1175
2.2,1.6,4.0,2.8,2.8,13.6,12.3,34.7,6.8,-0.2835,-0.0161,-0.5018,-0.1506,-0.2684,0.6336,0.2027,-0.3054
2.2,2.1,4.8,2.8,3.2,13.2,21.5,40.4,41.1,-0.8761,0.4621,-0.0232,-0.0345,0.0072,0.0133,0.0212,0.047
2.2,1.1,3.6,3.4,3.0,21.6,21.8,41.0,19.4,-0.9216,0.3647,-0.0016,-0.0036,0.0006,0.0017,0.0233,0.0668
2.2,4.5,3.3,3.8,4.4,10.3,19.9,5.5,30.3,-0.8303,0.2921,0.0228,0.0469,-0.0188,0.0206,-0.1522,-0.4396
2.2,4.8,1.2,1.1,1.7,21.3,12.3,15.8,23.1,-0.5953,0.7982,-0.0018,0.0004,0.0009,0.0015,0.0067,0.0054
2.2,4.7,4.3,2.9,5.0,15.0,18.2,41.0,25.7,-0.94,0.2355,0.012,0.0646,-0.0036,-0.0477,0.0483,0.211
2.2,2.0,1.9,1.3,4.2,5.0,20.6,23.2,6.4,-0.2808,0.926,-0.1726,-0.1249,-0.0051,0.0129,0.0488,0.015
2.2,4.3,3.3,2.2,4.0,13.7,14.3,15.9,15.9,-0.4766,-0.1293,-0.3101,-0.1845,0.0905,0.7012,-0.298,-0.1273
2.2,4.1,2.3,1.8,4.2,2.4,8.1,37.4,10.9,-0.2969,0.3917,-0.3461,-0.6148,-0.2794,0.3095,0.0446,0.2671
2.2,1.2,1.7,4.6,4.3,5.2,11.1,33.4,11.6,-0.3375,-0.2256,-0.1531,-0.2018,-0.3777,0.7131,-0.0287,-0.3065
2.2,4.3,1.0,3.1,3.4,8.3,16.1,8.6,8.6,-0.4984,0.619,-0.1423,-0.2945,-0.26,-0.3656,0.0058,-0.2316
2.2,4.0,4.4,4.1,4.5,21.1,4.4,22.9,21.1,-0.8946,0.4362,0.0239,-0.0094,-0.0275,-0.0146,0.0023,0.0073
2.2,4.3,4.9,4.4,1.4,15.2,7.8,14.1,37.7,-0.6083,-0.2506,-0.05,-0.3097,0.0375,0.4684,-0.3764,0.2768
2.2,4.2,2.0,1.3,1.5,6.9,14.8,31.5,30.4,-0.4469,-0.2277,-0.3169,0.2957,0.3628,-0.1002,-0.5179,0.3641
2.2,2.7,4.8,4.0,1.3,4.6,9.3,41.7,27.0,-0.3733,-0.1959,-0.2972,0.0798,0.3004,-0.0703,-0.5561,0.5562
2.2,3.8,1.9,1.5,4.8,7.2,4.0,17.9,30.9,-0.3227,0.1922,-0.6985,0.0462,-0.0925,0.5197,0.131,-0.244
2.2,1.2,3.5,2.4,3.7,18.9,11.3,28.0,18.6,-0.7018,0.0147,-0.4327,0.0424,0.4271,0.2087,-0.2536,0.0881
2.2,4.0,4.6,2.4,4.1,15.8,16.4,16.3,38.2,-0.8722,0.0775,-0.0245,0.3188,0.073,-0.1921,-0.0542,0.2654
2.2,3.9,2.5,2.0,1.3,12.4,10.6,4.4,7.5,-0.4939,0.4369,-0.376,-0.2349,-0.3931,-0.2465,0.0919,-0.3717
2.2,4.9,4.7,4.7,5.0,2.5,10.0,23.1,21.6,-0.4342,-0.1238,-0.1648,-0.2265,-0.111,0.666,-0.1707,-0.4685
2.2,1.4,1.7,3.0,3.3,12.6,11.1,19.6,29.9,-0.5399,-0.0812,-0.3226,-0.2046,0.1845,0.6091,-0.3154,-0.1961
2.2,2.8,3.3,2.7,1.6,20.9,17.8,43.7,23.7,-0.8602,0.4977,0.0012,0.0048,-0.0009,-0.0041,0.0328,0.0585
2.2,3.6,2.5,3.1,2.3,4.1,8.7,4.0,32.6,-0.4873,0.0711,-0.309,0.2283,-0.3229,0.2154,0.2176,-0.6366
2.2,4.5,4.2,2.9,1.3,3.3,3.2,7.9,25.0,-0.3176,0.1111,-0.3722,0.0552,-0.4051,0.0339,0.2343,-0.7201
2.2,1.2,1.8,4.8,4.5,12.5,16.3,10.4,32.1,-0.582,0.2241,0.1387,0.2183,-0.2632,0.1362,-0.2516,-0.6176
2.2,2.1,1.1,4.1,1.8,11.9,2.8,25.7,26.0,-0.4974,-0.2903,-0.1466,-0.3272,0.1075,0.5034,-0.4777,0.184
2.2,2.8,1.4,1.2,3.8,15.9,17.0,6.8,38.5,-0.6951,0.4351,-0.1766,-0.0794,0.306,0.3875,-0.1515,-0.0337
2.2,4.4,1.4,1.3,1.4,13.4,7.8,20.1,29.3,-0.8032,0.0878,-0.353,0.0748,0.3223,0.2352,-0.1026,0.1847
2.2,3.8,3.3,1.9,1.4,6.1,15.3,16.8,34.6,-0.1998,0.0792,-0.3371,-0.0232,0.3299,0.2765,-0.732,-0.3188
2.2,4.8,2.1,1.6,3.7,20.0,12.6,39.2,37.1,-0.7437,0.6604,0.0239,0.0436,-0.0079,-0.0225,0.0202,0.0252
2.2,4.8,2.9,2.1,2.7,12.8,7.6,20.6,17.4,-0.6156,-0.2247,-0.3649,-0.1213,0.036,0.5863,-0.1964,0.1547
2.2,1.1,1.8,3.7,1.9,18.3,12.1,15.1,17.8,-0.1128,-0.1096,0.1475,-0.1386,-0.2549,0.3783,-0.8257,-0.0862
2.2,3.8,3.5,1.1,2.7,9.8,12.3,44.0,25.1,-0.5229,0.1186,-0.237,0.3331,0.2665,-0.3017,-0.1889,0.5731
2.2,1.3,1.8,3.3,2.3,19.9,17.1,8.0,9.9,-0.4634,0.4468,0.0716,0.1518,-0.1665,0.1153,-0.4815,-0.4972
2.2,1.7,2.4,2.9,2.5,4.1,14.1,36.3,35.4,-0.4614,-0.1408,-0.3527,0.2499,0.3774,-0.1624,-0.502,0.3793
2.2,1.1,1.0,2.9,5.0,8.6,10.1,37.9,24.5,-0.6342,0.21,-0.3116,-0.195,0.3267,0.4159,-0.3327,-0.1335
2.2,1.4,4.5,3.4,3.5,2.5,12.4,10.1,29.7,-0.3264,0.0851,0.0268,0.2301,-0.3628,0.2224,-0.0774,-0.796
2.2,3.7,1.1,2.3,1.5,15.5,10.4,17.3,27.8,-0.8091,-0.1461,-0.2411,-0.0979,0.2046,0.3011,-0.1551,0.2908
2.2,1.8,4.5,3.9,2.0,4.4,9.7,14.0,20.3,-0.2359,0.0719,-0.0416,0.1755,-0.3475,0.1604,-0.0771,-0.8629
2.2,3.0,1.4,2.7,1.6,8.0,15.1,32.0,32.7,-0.4613,-0.2379,-0.3738,0.1782,0.389,-0.0626,-0.5236,0.339
2.2,1.9,1.5,4.8,1.3,9.4,15.0,25.1,6.8,-0.2938,-0.116,0.1164,-0.1965,-0.3825,0.5727,-0.3375,-0.4924
2.2,2.4,4.9,3.1,3.0,22.0,19.0,38.3,32.9,-0.8411,0.5309,-0.0043,-0.0072,0.0011,0.0025,0.0029,0.0061
2.2,4.3,2.4,4.9,1.1,11.5,2.0,19.2,19.1,-0.1009,0.1245,0.148,-0.0121,-0.236,0.1852,-0.8525,-0.3448
2.2,3.1,1.1,1.2,3.2,15.5,13.4,33.2,13.7,-0.6367,0.2215,-0.5043,0.1409,0.1278,0.4827,-0.0123,-0.0646
2.2,1.7,4.3,2.6,2.6,21.9,4.0,22.5,9.3,-0.852,0.5101,0.0048,-0.008,-0.003,-0.007,0.0053,0.0109
2.2,1.7,2.2,4.5,3.3,17.1,21.0,31.4,7.0,-0.0827,-0.2229,-0.0475,0.0222,0.0484,-0.0038,-0.9115,0.2051
2.2,1.8,2.3,1.8,3.2,9.3,7.5,26.5,5.3,-0.2959,0.2341,0.1632,-0.642,-0.4407,0.1332,-0.4213,0.1461
2.2,2.0,1.9,2.9,4.9,15.1,5.5,16.6,11.7,-0.1149,0.3492,0.1384,-0.4088,-0.553,-0.1077,-0.5826,-0.0853
2.2,3.5,3.0,4.6,4.3,14.3,3.6,43.8,6.6,-0.8468,0.1779,-0.0693,-0.2867,0.0726,0.2955,-0.0536,0.2491
2.2,2.3,2.4,3.2,1.3,6.3,7.7,36.7,19.2,-0.3243,-0.0086,-0.3023,-0.3104,0.3114,0.3715,-0.6578,0.1642
2.2,4.1,3.1,1.4,2.3,9.1,16.4,29.8,17.9,-0.156,-0.1643,-0.3304,0.1945,0.361,0.0467,-0.8009,0.0601
2.2,1.0,1.5,3.2,3.3,21.4,9.6,21.1,14.9,-0.9457,0.2217,-0.0986,0.0139,0.0412,0.1297,0.0097,0.0652
2.2,2.8,4.8,4.9,4.5,6.7,17.0,16.0,40.5,-0.4603,0.1191,-0.4624,0.1625,0.4891,0.0175,-0.5094,0.012
2.2,1.3,1.6,1.9,3.6,21.4,10.4,33.9,35.0,-0.8401,0.5114,0.0173,0.1111,0.0067,-0.0589,0.0161,0.043
2.2,4.5,1.7,2.4,1.2,19.5,12.5,10.0,35.5,-0.9304,0.2602,-0.0691,-0.0229,0.0757,0.0777,0.0366,0.1776
2.2,1.3,2.2,3.4,2.9,5.6,4.1,42.0,34.5,-0.4682,0.1318,-0.4835,0.0659,0.4916,-0.0467,-0.4437,0.2698
2.2,1.9,3.1,4.1,2.7,13.6,16.7,5.3,37.7,-0.797,0.3038,0.0346,0.1494,-0.051,0.0856,-0.1587,-0.4546
2.2,3.1,3.2,3.9,3.7,21.1,20.2,8.4,42.4,-0.9156,0.3652,-0.0516,-0.0014,0.005,0.0284,0.0144,0.0431
2.2,3.5,2.8,1.8,1.3,17.4,4.5,43.1,23.3,-0.8565,0.4243,-0.1181,0.0975,0.1259,-0.0854,0.0553,0.1679
2.2,3.1,3.9,4.1,1.7,8.0,5.0,40.6,35.7,-0.65,-0.0818,-0.3385,0.196,0.3457,-0.1741,-0.2891,0.4167
2.2,3.3,4.9,4.3,3.2,11.2,14.1,19.5,18.1,-0.4016,0.0927,-0.1674,-0.2926,0.126,0.4952,-0.5178,-0.4154
2.2,4.1,1.9,3.9,1.3,11.3,13.9,30.6,36.7,-0.7412,-0.2367,-0.241,0.2345,0.2502,-0.1527,-0.2467,0.351
2.2,4.4,3.3,2.9,2.6,9.7,19.6,21.1,37.9,-0.8852,-0.1723,-0.0136,0.156,0.0333,-0.0859,-0.0924,0.3481
2.2,1.8,2.2,2.8,1.8,9.3,4.2,13.8,38.0,-0.6047,-0.0802,-0.3013,-0.1379,0.0801,0.6505,-0.1706,-0.2005
2.2,3.1,3.5,3.8,4.1,18.2,19.2,12.3,31.0,-0.7559,-0.2687,-0.0807,0.1472,0.0893,-0.1101,-0.2199,0.4697
2.2,2.7,3.0,2.1,3.4,3.3,10.1,17.1,26.0,-0.0474,-0.1115,-0.4246,-0.2256,-0.2679,0.7091,-0.0175,-0.4039
2.2,4.8,4.5,2.2,1.4,20.3,11.6,18.6,42.7,-0.851,0.5132,0.02,0.054,-0.0034,-0.0211,0.014,0.0271
2.2,4.9,4.0,1.8,3.6,18.1,13.5,23.3,24.3,-0.8705,0.4378,-0.0075,0.1601,0.0366,-0.0859,0.0224,0.0797
2.2,2.3,1.8,4.9,3.1,9.5,19.6,18.5,5.5,-0.1448,0.6787,-0.2584,-0.3556,-0.2217,0.1064,0.4701,0.0567
2.2,3.5,3.8,2.4,1.7,12.8,20.1,23.8,27.3,-0.7342,-0.3888,-0.0098,0.0458,0.0158,-0.0238,-0.259,0.4722
2.2,3.5,1.4,2.6,2.5,17.8,14.7,13.1,7.9,-0.6219,-0.216,-0.3424,-0.2254,-0.2736,0.3537,-0.1273,0.3858
2.2,3.8,1.2,3.7,4.8,22.0,13.7,11.8,4.3,-0.8229,0.5297,0.1406,0.0696,0.0896,0.0133,0.0205,0.0049
2.2,4.1,4.7,2.3,4.3,19.2,14.7,10.5,17.8,-0.9133,0.2712,-0.1143,-0.0366,0.1328,0.1111,0.0249,0.1726
2.2,1.2,2.9,3.2,3.5,17.1,15.1,38.0,27.4,-0.8173,-0.1197,-0.1218,0.2291,0.1357,-0.1852,-0.137,0.4053
2.2,1.1,4.8,2.4,1.8,2.4,17.6,11.5,19.7,0.0168,0.0021,-0.1135,-0.0445,-0.0425,0.2062,0.2404,-0.9331
2.2,4.0,4.2,1.8,2.2,6.9,10.0,37.5,29.3,-0.4743,-0.0931,-0.3651,0.2443,0.4056,-0.1291,-0.4643,0.4022
2.2,3.2,4.7,4.6,3.8,10.6,4.0,42.9,26.0,-0.5889,0.068,-0.4555,0.0295,0.458,-0.023,-0.3207,0.3404
2.2,1.5,2.9,4.2,3.3,22.0,12.3,24.8,36.7,-0.9127,0.3875,-0.0101,-0.0359,0.0008,0.0166,0.0027,0.0104
2.2,4.2,4.5,3.0,3.2,15.0,2.8,16.0,30.2,-0.8135,-0.0933,-0.2219,-0.1191,0.1486,0.4303,-0.1274,0.1723
2.2,3.6,1.7,4.0,2.3,8.2,21.8,39.1,4.1,-0.3986,0.5667,0.0152,0.0011,-0.019,-0.0076,-0.5803,-0.3968
2.2,3.6,3.8,2.2,1.1,7.3,7.2,17.8,31.3,-0.1986,-0.1683,-0.0669,-0.2664,-0.0666,0.6046,-0.6638,-0.172
2.2,2.0,2.1,1.2,3.2,9.2,10.3,41.9,15.6,-0.5697,0.3695,-0.2802,-0.2049,0.3679,0.4115,-0.3081,0.0223
2.2,4.8,4.5,1.4,1.4,10.8,17.6,40.0,19.6,-0.8633,-0.0147,0.0058,0.099,0.0128,-0.0696,-0.019,0.4745
2.2,2.8,1.5,1.6,3.3,8.4,5.5,24.4,8.1,-0.1885,0.2031,0.0776,-0.6718,-0.4619,0.1185,-0.4525,0.1568
2.2,1.3,3.6,1.2,3.6,20.1,16.7,29.6,33.8,-0.8305,0.5176,0.0647,0.1179,-0.0134,-0.0484,0.038,0.0775
2.2,1.3,3.2,4.0,3.4,11.3,9.1,43.9,29.9,-0.5532,-0.0434,-0.3615,0.1881,0.3626,-0.1856,-0.3435,0.4785
2.2,4.1,4.3,3.8,1.5,10.8,15.5,13.4,40.5,-0.5583,0.2444,-0.3051,-0.1953,0.3145,0.3771,-0.4209,-0.2481
2.2,2.9,2.8,3.7,3.0,8.3,4.5,11.7,14.9,-0.2416,0.4726,-0.3198,-0.1933,-0.5378,-0.2685,0.0399,-0.4557
2.2,1.3,1.8,2.6,3.5,5.3,15.6,7.4,18.5,-0.0442,0.5687,-0.3652,-0.0979,-0.4535,-0.1417,0.4615,-0.2864
2.2,3.2,3.4,4.0,1.4,11.6,10.1,34.1,7.0,-0.5797,-0.0351,-0.1485,-0.3797,0.1389,0.5518,-0.4006,0.0153
2.2,2.5,3.9,3.0,3.0,2.4,19.2,38.9,40.4,-0.9374,0.2383,0.0243,0.1069,-0.0068,-0.0704,0.0321,0.1763
2.2,3.6,4.1,3.7,4.3,14.2,16.9,17.4,25.3,-0.2028,-0.1093,-0.3706,0.0509,0.3785,0.0648,-0.7873,0.0941
2.2,2.7,2.6,1.9,3.1,13.5,21.8,10.0,8.9,-0.1389,0.0189,0.0123,-0.0171,-0.0052,-0.0231,-0.0508,-0.9717
2.2,5.0,3.9,3.8,5.0,13.2,5.9,18.5,37.4,-0.6215,0.258,-0.3933,0.0123,0.4043,0.2845,-0.3269,-0.1715
2.2,1.5,1.5,3.3,4.2,10.2,3.5,27.7,9.5,-0.2339,0.2012,0.1516,-0.6166,-0.5206,0.0869,-0.4309,0.1666
2.2,1.3,3.9,4.2,2.4,16.0,4.7,41.6,26.8,-0.7337,-0.039,-0.3328,0.1152,0.3361,-0.1057,-0.1943,0.4037
2.2,1.9,4.0,4.9,4.3,19.0,16.0,13.0,13.5,-0.3059,-0.0066,0.2048,-0.3117,-0.2202,0.4593,-0.6753,-0.0391
2.2,1.8,1.2,4.8,2.2,6.7,3.3,38.6,39.2,-0.5415,0.0102,-0.4454,0.1692,0.4557,-0.1304,-0.4169,0.264
2.2,2.5,3.9,3.6,3.5,5.2,15.8,22.5,26.5,-0.2606,0.1574,-0.2762,-0.0757,0.2518,0.2776,-0.656,-0.4894
2.2,4.6,4.6,1.1,2.7,3.9,18.2,10.0,27.8,-0.2792,0.1627,-0.1003,0.0612,0.0978,0.1751,-0.448,-0.7907
2.2,3.4,2.1,4.3,3.2,6.0,10.7,21.5,23.2,-0.3598,-0.1368,-0.0011,-0.3104,-0.1566,0.652,-0.4598,-0.2855
2.2,2.7,3.2,2.1,4.5,9.7,3.9,17.7,41.6,-0.4656,0.3421,-0.3442,0.2418,0.3224,0.382,-0.3094,-0.3644
2.2,2.5,4.9,1.0,4.7,2.3,5.1,34.1,7.8,-0.3832,0.3537,-0.1446,-0.6662,-0.2216,0.3029,-0.1858,0.281
2.2,5.0,1.4,4.6,2.8,11.7,14.7,28.1,21.7,-0.5626,-0.168,-0.4191,-0.1312,0.416,0.24,-0.4292,0.184
2.2,2.1,2.5,1.3,4.9,9.7,17.9,38.1,33.0,-0.7676,0.0263,-0.0054,0.3569,0.0837,-0.2323,-0.101,0.4359
2.2,4.2,1.3,2.2,1.3,12.3,14.0,35.3,38.1,-0.8652,0.052,-0.1012,0.2897,0.1316,-0.2002,-0.0674,0.2878
2.2,4.9,4.8,1.8,1.4,6.1,18.7,25.7,29.2,-0.2242,-0.4383,-0.0632,0.0899,0.0772,-0.03,-0.7667,0.3611
2.2,1.1,2.0,3.1,4.9,17.1,6.6,29.7,40.8,-0.526,0.038,-0.3829,0.3964,0.4348,-0.1332,-0.4161,0.1475
2.2,4.6,4.1,1.3,1.1,11.8,9.5,6.5,43.9,-0.6964,0.3984,-0.0996,-0.0215,0.2249,0.451,-0.1508,-0.132
2.2,1.8,3.1,3.0,1.2,9.2,10.7,9.5,29.6,-0.4603,0.1794,-0.0232,0.1738,-0.1822,0.1391,-0.2411,-0.7789
2.2,3.7,2.5,3.3,2.3,16.6,2.6,12.1,19.6,-0.1024,-0.1945,0.0208,-0.0542,-0.2592,0.301,-0.8317,0.2412
2.2,4.6,3.2,2.8,4.2,6.2,6.8,27.4,4.7,-0.3704,0.1982,0.247,-0.5756,-0.4424,0.1375,-0.4297,0.1564
2.2,1.1,3.8,3.8,4.9,9.3,13.4,14.8,18.2,0.1347,0.2356,-0.1194,-0.0701,-0.7397,0.2066,0.2621,-0.479
2.2,4.0,2.9,1.7,4.6,5.6,2.0,30.0,26.8,-0.4198,0.0797,-0.6095,0.0839,0.0601,0.5838,-0.0194,-0.2826
2.2,3.5,2.1,3.0,3.7,7.7,19.0,8.9,32.5,-0.5413,0.207,0.1516,-0.2041,-0.1644,0.431,-0.3924,-0.4621
2.2,1.1,3.7,1.1,2.3,19.3,8.2,41.9,28.4,-0.7786,0.4231,-0.0657,0.2702,0.1015,-0.2249,0.0406,0.2413
2.2,2.3,4.4,1.3,1.1,11.4,6.4,36.2,26.3,-0.6119,-0.0679,-0.3899,0.1453,0.4283,-0.0019,-0.3196,0.384
2.2,3.1,1.9,2.6,5.0,10.0,6.0,34.1,43.7,-0.5123,0.0956,-0.2744,0.4945,0.3748,-0.227,-0.3817,0.2401
2.2,1.1,1.1,4.1,2.3,3.6,17.6,8.9,15.8,-0.0055,0.2266,-0.3122,0.0396,-0.3979,-0.0155,0.6091,-0.5537
2.2,1.5,2.4,1.6,4.5,13.6,21.9,20.7,40.3,-0.813,0.5625,-0.0156,-0.0122,0.0027,0.0028,0.0208,0.0344
2.2,4.0,4.1,3.2,4.6,19.9,4.2,14.0,7.0,-0.9212,0.3501,-0.081,-0.0712,-0.0317,-0.001,0.026,0.0681
2.2,4.9,3.2,2.8,3.0,16.7,6.4,35.5,23.3,-0.9065,0.2507,-0.1762,0.132,0.1925,-0.0727,-0.0129,0.1317
2.2,4.0,4.1,3.4,3.2,12.4,2.2,20.3,29.2,-0.7245,-0.136,-0.2765,-0.1712,0.1759,0.5108,-0.2054,0.0741
2.2,1.9,4.2,2.4,3.4,4.5,9.3,24.7,40.5,-0.4151,0.1849,-0.4452,0.2677,0.4856,0.1399,-0.4899,-0.1225
2.2,2.6,2.4,4.5,1.1,12.8,21.6,8.6,42.6,-0.1832,0.2881,0.0687,-0.0154,-0.0769,-0.0034,-0.7968,-0.1609
2.2,1.4,4.3,3.1,2.1,10.3,19.8,39.6,20.9,-0.3942,-0.3244,-0.0265,0.0361,0.0292,-0.0289,-0.5488,0.6459
2.2,4.5,4.9,3.1,1.9,8.8,19.4,21.2,17.9,-0.0408,0.0803,-0.0517,0.0135,0.0527,0.0256,-0.9103,-0.3747
2.2,4.6,4.9,1.8,1.5,14.9,20.8,21.3,15.0,-0.9097,-0.1235,0.0007,0.009,0.0012,-0.0042,-0.0556,0.3697
2.2,2.5,3.8,1.5,3.8,7.1,14.0,17.9,34.8,-0.2981,0.1354,-0.4213,0.2205,0.459,0.214,-0.5917,-0.206
2.2,1.7,3.7,3.1,3.5,3.1,6.0,29.9,27.9,-0.5226,0.0502,-0.3518,-0.1746,0.2988,0.501,-0.3943,-0.2522
2.2,4.4,3.6,1.4,4.0,13.8,12.6,14.9,43.7,-0.4554,0.1965,-0.1704,0.5602,0.346,-0.2665,-0.3501,0.2787
2.2,4.6,2.4,4.1,4.6,20.2,17.1,9.9,10.6,-0.9403,0.3121,-0.0077,-0.0006,0.0067,0.0214,0.0198,0.0695
2.2,3.4,1.9,4.9,2.0,20.2,16.8,17.1,30.9,-0.9695,0.2029,-0.0392,0.0352,0.0404,-0.0192,0.0085,0.062
2.2,3.3,2.4,4.0,3.4,9.9,19.2,41.6,39.9,-0.9355,0.2122,0.01,0.1202,-0.0027,-0.1035,0.0307,0.2073
2.2,4.7,2.8,3.4,4.2,20.3,12.7,38.7,42.7,-0.8847,0.4587,0.0105,0.0227,-0.0022,-0.0063,0.0123,0.0255
2.2,2.8,1.8,1.0,2.1,10.7,9.5,29.5,24.4,-0.5354,0.0224,-0.4955,0.1362,0.4474,0.3578,-0.3234,0.0107
2.2,3.3,4.7,1.4,1.0,4.9,14.4,41.7,42.6,-0.8252,0.2143,0.0355,0.2802,0.0158,-0.2108,0.0163,0.3577
2.2,2.6,1.3,1.2,3.1,3.6,7.3,39.1,41.0,-0.3495,0.3356,-0.3359,0.3821,0.4737,-0.1631,-0.451,0.194
2.2,2.3,4.7,4.2,2.8,7.8,16.2,36.2,14.0,-0.1306,0.2761,-0.236,-0.0511,0.245,0.1006,-0.8575,-0.1572
2.2,1.3,2.9,2.2,2.2,14.8,18.0,37.2,35.4,-0.9104,0.0214,-0.0008,0.1604,0.0222,-0.1129,-0.015,0.3449
2.2,1.9,4.4,1.9,3.0,3.3,2.4,41.7,9.6,-0.4864,0.0216,0.0388,-0.2412,-0.089,0.7358,-0.3463,0.0322
2.2,5.0,4.2,2.6,1.1,6.5,18.5,16.4,24.8,-0.2596,0.2332,-0.0625,-0.003,0.0572,0.0746,-0.629,-0.6777
2.2,1.2,2.6,2.5,4.7,15.9,10.5,14.6,11.2,-0.1788,0.5455,0.0876,-0.3558,-0.5526,-0.1904,-0.3962,-0.161
2.2,1.7,1.6,1.4,2.4,9.5,14.9,35.1,18.7,-0.3534,0.1192,-0.4037,-0.046,0.4232,0.3622,-0.5845,-0.1597
2.2,2.1,3.7,1.4,3.1,10.9,9.7,40.5,22.1,-0.3952,0.2626,-0.462,0.0216,0.5194,0.092,-0.482,0.186
2.2,2.0,1.1,2.9,1.5,5.0,21.8,12.2,12.9,-0.0212,0.0005,-0.0391,0.0104,-0.0149,0.0411,0.2659,-0.953
2.2,4.9,2.1,2.4,1.4,4.8,4.5,43.6,23.7,-0.4396,0.0315,-0.4244,-0.1524,0.4298,0.1626,-0.445,0.4251
2.2,3.9,1.5,1.8,3.7,19.2,10.2,43.8,4.2,-0.7847,0.5323,-0.085,0.0932,0.0613,0.2356,0.0455,0.021
2.2,4.7,2.4,3.5,1.2,18.8,19.8,36.6,38.5,-0.947,0.3043,0.0046,0.0193,-0.0012,-0.0102,0.0202,0.066
2.2,2.7,1.9,3.6,3.1,11.6,11.5,11.2,22.3,-0.3361,0.2228,-0.0516,0.2292,-0.3667,0.1958,-0.2859,-0.7188
2.2,2.2,2.2,4.9,1.3,16.9,12.2,41.8,43.5,-0.9187,0.1219,-0.0243,0.1983,0.0292,-0.1857,-0.0104,0.2409
2.2,1.6,4.0,2.8,4.0,2.4,6.9,9.1,39.6,-0.5973,0.0892,-0.329,0.1314,-0.0503,0.5673,0.0903,-0.4034
2.2,3.5,2.2,1.4,4.8,18.0,21.0,15.9,36.2,-0.8417,0.5151,0.0332,0.0529,-0.0083,-0.021,0.0487,0.0864
2.2,4.4,1.5,3.3,3.5,3.4,5.9,16.2,20.8,0.113,0.3185,-0.2056,-0.1116,-0.777,0.0493,-0.1,-0.4499
2.2,2.8,3.2,1.9,1.5,4.8,10.0,32.7,6.1,-0.0842,0.3716,-0.3134,-0.6499,-0.4427,0.3076,0.0301,0.1642
2.2,4.6,4.2,2.5,4.4,12.0,20.0,4.4,4.3,-0.3496,0.8643,-0.0558,-0.0351,-0.0818,-0.0533,0.2979,0.1043
2.2,3.7,4.8,2.7,2.5,5.0,11.7,24.0,21.4,-0.27,0.0021,-0.2905,-0.1699,0.1831,0.4962,-0.5167,-0.5038
2.2,1.3,3.0,2.8,1.8,18.4,13.8,37.6,31.9,-0.9326,0.0876,-0.0365,0.1529,0.048,-0.1203,0.0005,0.2648
2.2,4.9,4.8,3.2,2.4,19.5,14.9,9.6,22.7,-0.9472,0.1545,-0.0283,-0.0256,0.0327,0.0481,0.0262,0.2265
2.2,3.8,4.1,2.0,4.2,15.0,17.1,30.8,32.1,-0.9371,0.2154,0.0332,0.1545,0.0023,-0.0798,0.0272,0.184
2.2,1.6,2.2,2.9,1.6,21.2,20.1,18.1,9.0,-0.9347,0.3238,0.003,0.0216,0.0004,-0.0093,0.0144,0.0511
2.2,1.0,1.9,2.1,1.6,18.8,8.2,19.2,43.0,-0.5244,0.0975,-0.3734,0.4283,0.4402,-0.101,-0.389,0.1142
2.2,3.9,3.4,3.2,3.5,5.9,5.8,17.5,36.0,-0.6218,0.106,-0.3512,-0.0257,0.2093,0.5232,-0.1986,-0.3323
2.2,4.5,2.1,3.1,3.1,11.6,21.6,14.3,9.9,-0.3904,0.2138,0.0026,-0.0039,-0.0065,-0.0043,-0.4225,-0.7775
2.2,4.5,1.1,2.1,2.0,20.9,16.9,35.2,22.4,-0.7998,0.5942,-0.0006,0.0056,0.0013,-0.0031,0.0093,0.0133
2.2,4.7,3.7,2.3,2.5,19.5,3.5,16.5,17.3,-0.8901,0.4301,-0.0637,0.0282,0.0096,0.0738,0.0253,0.0516
2.2,3.9,2.3,1.6,3.8,11.9,20.7,18.4,29.2,-0.744,-0.2871,-0.0132,0.131,0.0396,-0.0701,-0.2234,0.5113
2.2,4.9,4.8,3.4,2.4,6.3,13.3,12.6,35.2,-0.5154,0.0892,0.0147,-0.305,-0.0497,0.5799,-0.4105,-0.3303
2.2,3.2,4.7,3.5,4.9,3.7,14.7,36.7,33.9,-0.6167,-0.1977,-0.2107,0.3136,0.2366,-0.2256,-0.3462,0.44
2.2,3.7,1.7,1.6,4.9,21.3,5.2,33.2,43.6,-0.703,0.7053,-0.0011,0.0028,0.0001,-0.0002,0.0071,0.0076
2.2,4.1,2.8,3.3,4.0,18.8,4.0,42.8,38.5,-0.8997,0.392,0.0149,0.0991,-0.0078,-0.0856,0.0372,0.1092
2.2,2.3,4.4,4.7,2.0,18.8,13.1,17.7,35.4,-0.8526,-0.0923,-0.2875,0.1193,0.2916,-0.046,-0.1347,0.2129
2.2,3.9,3.1,1.5,1.6,21.7,15.7,41.1,14.7,-0.6767,0.7309,-0.0036,-0.0059,0.0014,0.0038,0.0064,0.0065
2.2,3.3,4.8,2.4,3.6,18.5,18.9,9.2,21.2,-0.3927,-0.2451,-0.1828,0.1106,0.1938,-0.0823,-0.5491,0.5676
2.2,3.2,3.5,2.9,3.8,6.0,16.4,22.4,7.0,-0.4092,0.6751,-0.2432,-0.4899,-0.1237,0.1387,0.1161,0.1256
2.2,3.8,1.4,1.1,2.7,20.7,10.0,20.8,26.8,-0.6374,0.7603,-0.03,0.0548,0.0452,-0.0087,0.0093,0.0107
2.2,3.6,1.4,1.2,4.0,12.9,17.7,35.3,41.3,-0.7852,0.4343,0.1327,0.3213,-0.0118,-0.1668,0.0272,0.1808
2.2,4.1,3.2,3.8,3.5,19.2,14.1,33.7,22.4,-0.943,0.3074,-0.0087,0.0609,0.0144,-0.0404,0.0161,0.0613
2.2,1.2,3.9,2.6,1.0,11.9,8.6,15.1,28.1,-0.1058,0.0373,0.1282,-0.0604,-0.2669,0.3391,-0.7217,-0.4955
2.2,3.1,2.3,1.6,3.2,15.4,6.5,13.6,40.3,-0.5005,0.3938,-0.3683,0.2037,0.4568,0.2104,-0.3622,-0.133
2.2,2.5,4.5,1.8,2.3,5.8,16.8,34.0,24.0,-0.1206,-0.2054,-0.1756,0.1354,0.2032,-0.0398,-0.8657,0.2861
2.2,2.7,3.0,2.0,3.6,13.4,21.3,24.1,39.5,-0.9068,0.3933,0.0028,0.0109,-0.0002,-0.0031,0.029,0.0738
2.2,4.2,3.2,3.1,4.5,9.7,13.9,32.2,17.2,-0.4749,0.1395,-0.3779,-0.1405,0.3686,0.4012,-0.4814,-0.2204
2.2,1.8,4.8,4.8,3.4,9.5,2.9,43.5,33.9,-0.5828,0.0229,-0.4082,0.1756,0.4099,-0.1711,-0.3284,0.3818
2.2,4.8,4.7,3.7,4.8,7.3,15.7,14.4,29.5,-0.5268,0.2288,-0.2033,-0.1694,0.185,0.4058,-0.4101,-0.4691
2.2,2.1,1.5,5.0,2.3,8.0,8.5,15.1,20.9,-0.374,0.1697,0.0001,0.1935,-0.3345,0.1484,-0.2688,-0.7607
2.2,1.6,3.1,4.4,1.4,7.9,6.4,11.6,37.5,-0.2966,0.1631,0.217,0.1113,-0.391,0.2566,-0.5249,-0.5536
2.2,3.9,4.5,3.9,3.7,21.3,9.9,28.0,36.5,-0.8832,0.4588,-0.0118,-0.0371,0.0016,0.0151,0.0026,0.0071
2.2,4.6,4.2,4.6,3.1,18.0,4.1,17.8,26.7,-0.9646,0.0628,-0.0968,-0.04,0.0854,0.1408,-0.0079,0.135
2.2,1.7,2.9,1.4,1.1,5.2,4.8,38.4,7.0,-0.0361,-0.0562,-0.2688,-0.2105,-0.4826,0.7446,-0.2014,-0.1237
2.2,2.6,3.3,3.0,1.0,17.3,20.0,42.0,15.9,-0.9414,0.1572,0.0015,0.0147,-0.0003,-0.0122,0.0447,0.2784
2.2,4.6,1.4,4.2,3.8,16.3,11.9,40.2,31.8,-0.9326,0.177,-0.059,0.166,0.0662,-0.1446,0.005,0.1905
2.2,4.2,4.7,4.9,3.6,6.6,17.5,41.9,39.6,-0.9435,0.1619,0.0042,0.1225,0.0017,-0.1076,0.0203,0.2161
2.2,4.1,4.6,2.3,3.5,15.2,11.4,34.8,42.3,-0.8752,0.3005,0.0689,0.2852,0.0029,-0.1512,0.0058,0.1637
2.2,2.1,2.6,1.1,2.1,13.4,5.1,32.2,6.0,-0.4725,0.1914,-0.2952,-0.6319,-0.1649,0.2751,-0.1254,0.352
2.2,4.9,2.7,2.9,3.6,3.6,3.9,29.6,28.5,-0.5688,0.0305,-0.3749,-0.1317,0.2954,0.5197,-0.3272,-0.2061
2.2,2.3,3.8,1.7,3.3,11.3,8.2,37.8,15.0,-0.607,0.1442,-0.3094,-0.1416,0.3175,0.5278,-0.3019,-0.0897
2.2,2.6,2.9,4.9,3.8,2.1,19.2,13.3,30.0,-0.6146,0.2223,-0.0707,-0.0573,0.0486,0.1895,-0.2654,-0.6664
2.2,4.5,1.2,3.4,4.3,21.1,9.3,8.1,26.3,-0.875,0.4719,0.0049,-0.0103,-0.0066,-0.0219,0.0111,0.024
2.2,4.3,1.7,2.3,1.5,17.1,13.4,21.7,23.6,-0.9311,0.159,-0.1751,0.0971,0.1817,-0.0044,-0.0103,0.1559
2.2,1.7,3.0,2.8,3.5,3.3,11.1,13.3,34.4,-0.4901,-0.057,-0.2904,-0.1196,0.0051,0.6781,-0.1236,-0.4097
2.2,1.7,4.9,3.8,3.6,16.7,17.9,28.6,21.5,-0.727,-0.3849,-0.0502,0.1214,0.0582,-0.0757,-0.2668,0.4523
2.2,4.3,1.8,2.2,4.6,18.9,20.6,25.5,31.8,-0.8823,0.4583,0.0146,0.034,-0.0029,-0.0116,0.0229,0.047
2.2,4.0,4.4,2.0,2.3,10.7,10.0,18.8,18.8,-0.3074,-0.2175,-0.2444,-0.2382,0.0375,0.6888,-0.484,-0.1217
2.2,3.1,4.2,2.4,3.0,21.9,13.9,22.4,37.6,-0.7887,0.6048,-0.0209,-0.0391,0.0036,0.0129,0.0025,0.0047
2.2,3.4,3.1,3.5,2.5,11.4,14.7,41.6,31.7,-0.8527,-0.0239,-0.0716,0.1777,0.0768,-0.1657,-0.0554,0.4355
2.2,4.3,1.8,1.1,4.7,2.2,9.2,17.8,25.6,-0.1098,0.4058,-0.7092,-0.3516,-0.1783,0.3321,0.2019,0.0321
2.2,4.5,4.5,1.5,1.4,3.1,16.5,20.2,15.3,0.271,-0.0103,-0.233,0.0491,0.0198,0.2064,-0.065,-0.898
2.2,3.3,4.4,1.4,2.3,21.6,15.3,27.3,17.9,-0.6693,0.7367,-0.0018,-0.0011,0.0005,0.0005,0.0047,0.0047
2.2,1.1,4.6,3.1,4.1,15.8,21.8,11.0,11.0,-0.38,-0.0002,0.0365,-0.0454,-0.0013,-0.0755,0.0289,-0.9079
2.2,2.8,2.7,3.4,2.9,20.3,6.0,36.8,12.0,-0.9197,0.3652,-0.0648,-0.0028,0.0706,0.0274,0.0146,0.0523
2.2,2.1,2.5,3.6,4.0,11.1,9.1,37.9,19.0,-0.6021,0.1648,-0.3232,-0.2953,0.3403,0.3926,-0.3715,0.0225
2.2,1.4,3.9,2.3,2.9,5.9,16.2,12.6,24.8,-0.2299,-0.0104,-0.1543,-0.1052,-0.0324,0.4455,-0.1396,-0.8238
2.2,4.7,4.3,2.9,4.1,5.9,6.4,12.6,14.5,-0.2008,0.636,-0.1627,-0.2659,-0.5187,-0.305,-0.0799,-0.2862
2.2,3.6,1.9,3.9,3.6,5.2,18.3,20.5,6.0,-0.4484,0.5929,-0.0941,-0.5534,-0.2268,0.1654,0.0688,0.1709
2.2,4.0,4.7,1.5,4.8,4.5,16.6,15.4,36.6,-0.239,0.0916,-0.3539,0.2934,0.4497,-0.0211,-0.6941,0.0889
2.2,1.6,3.5,5.0,2.2,9.9,11.8,39.8,12.8,-0.3437,0.2421,-0.3515,-0.2901,0.3558,0.3068,-0.616,0.0276
2.2,2.7,4.0,3.4,4.9,14.6,3.2,31.3,14.2,-0.626,-0.149,-0.4187,-0.1072,-0.1594,0.5982,0.0068,0.0067
2.2,1.2,4.7,4.3,4.8,7.0,19.7,28.6,11.0,-0.3609,0.0802,-0.0431,0.0146,0.0127,0.0675,-0.1848,-0.8946
2.2,2.5,2.7,2.4,4.0,13.4,4.8,25.9,25.0,-0.6628,-0.0311,-0.4137,-0.0502,0.233,0.5307,-0.1828,-0.072
2.2,4.5,2.7,3.1,3.1,3.2,18.6,13.8,18.2,-0.1221,-0.0143,-0.1641,-0.0236,-0.0582,0.2694,0.1628,-0.9157
2.2,1.8,1.6,4.2,4.2,14.3,6.7,7.0,9.0,-0.7131,0.3765,-0.0951,-0.3105,-0.1331,-0.3512,0.0044,-0.3162
2.2,2.5,1.3,4.1,3.9,11.1,3.9,41.6,4.1,-0.4119,0.0818,-0.2774,-0.4308,-0.4885,0.3605,0.0991,0.3258
2.2,2.4,3.9,4.8,1.6,11.0,11.4,15.4,36.8,-0.5094,-0.069,-0.0387,-0.3874,0.005,0.5899,-0.4482,-0.1195
2.2,4.9,3.8,1.6,4.9,2.6,19.2,7.6,26.3,-0.3741,0.0477,-0.0593,-0.0302,-0.008,0.3077,-0.1186,-0.8504
2.2,3.2,3.8,2.9,2.6,17.8,15.5,4.7,9.5,-0.7599,0.395,-0.0228,0.154,-0.0463,0.1361,-0.1852,-0.42
2.2,3.2,1.2,2.6,4.8,2.7,12.1,25.9,30.7,-0.4739,0.0687,-0.4439,0.0252,0.2131,0.5398,-0.2297,-0.4137
2.2,2.6,3.4,4.0,2.8,8.5,3.4,10.5,16.7,-0.2906,0.3633,-0.3941,-0.1058,-0.5299,-0.1745,0.1222,-0.532
2.2,4.7,4.7,1.9,3.1,15.0,15.8,15.9,30.8,-0.796,-0.0786,-0.1201,0.2947,0.157,-0.1906,-0.1421,0.3971
2.2,3.1,1.5,2.4,1.2,2.8,2.0,13.9,36.0,-0.0755,-0.0875,-0.0203,-0.1167,-0.475,0.6105,-0.4394,-0.3976
2.2,4.3,3.4,2.7,3.3,12.4,14.5,23.2,37.8,-0.7411,-0.0858,-0.1825,0.4018,0.2247,-0.2184,-0.2144,0.2999
2.2,2.5,4.8,4.4,4.6,3.7,12.2,37.1,12.4,-0.6907,0.257,-0.1303,-0.2408,0.1348,0.4138,-0.2857,-0.3149
2.2,2.2,4.4,1.2,2.7,16.6,9.6,41.4,37.9,-0.7903,0.4501,0.0635,0.2581,-0.0095,-0.1954,0.0598,0.2213
2.2,2.6,1.5,3.2,2.4,14.5,17.3,4.5,6.2,-0.4817,0.5795,-0.2957,-0.2731,-0.326,-0.301,0.1877,-0.1606
2.2,4.0,4.9,1.3,3.4,7.9,16.8,20.3,35.1,-0.6765,-0.1953,-0.0577,0.3676,0.139,-0.1942,-0.2625,0.4611
2.2,3.0,3.3,5.0,2.4,9.6,12.3,26.4,5.2,-0.0428,0.1565,-0.228,-0.5375,-0.6985,0.3161,0.124,0.0666
2.2,3.1,1.0,2.1,1.1,7.2,12.5,32.7,42.4,-0.5468,0.0078,-0.3459,0.399,0.4047,-0.1799,-0.3895,0.2426
2.2,5.0,1.5,2.0,1.2,19.5,5.5,24.2,14.2,-0.859,0.4976,-0.0465,0.0244,0.0318,0.0442,0.0165,0.0305
2.2,4.8,3.9,1.6,3.8,17.3,6.0,17.1,19.3,-0.8468,0.3509,-0.2472,0.0934,0.085,0.2574,0.0306,0.0676
2.2,2.9,1.4,1.7,4.6,7.2,6.9,20.5,18.9,-0.175,0.1707,-0.3724,-0.6744,-0.4025,0.3108,-0.1018,0.2557
2.2,1.3,4.1,4.8,3.6,17.6,12.8,11.8,33.7,-0.4559,-0.0111,0.1881,-0.341,-0.2094,0.5447,-0.5138,-0.0938
2.2,4.5,4.4,4.5,3.5,5.3,17.7,30.8,23.4,-0.0657,-0.1502,-0.1824,0.0598,0.1884,-0.0017,-0.9295,0.123
2.2,4.8,1.7,3.3,4.0,5.7,3.1,8.5,42.8,-0.6561,0.2236,-0.2091,0.2586,-0.0377,0.4509,0.0402,-0.4397
2.2,2.7,1.8,4.6,2.7,7.5,13.1,7.2,42.0,-0.8319,0.1054,-0.1283,0.0709,0.0237,0.4205,-0.0089,-0.2823
2.2,1.1,4.6,1.8,3.8,15.6,6.8,35.2,27.2,-0.5386,0.1215,-0.4668,0.1322,0.5135,0.1093,-0.4037,0.0818
2.2,2.5,2.3,1.6,4.4,17.8,9.8,14.5,23.5,-0.7876,0.1125,-0.3284,0.0349,0.1505,0.456,-0.0314,0.0922
2.2,3.1,2.1,1.6,3.9,13.5,19.2,16.5,4.6,-0.5303,0.6741,-0.2639,-0.3855,-0.0097,0.1279,0.0348,0.0996
2.2,3.3,4.4,3.3,4.9,18.1,3.2,40.0,39.6,-0.9117,0.2801,0.0226,0.1973,0.0034,-0.1411,0.0149,0.153
2.2,1.5,1.9,3.9,1.5,11.8,12.8,8.7,27.3,-0.5941,0.1656,-0.0381,0.1643,-0.1447,0.1147,-0.1599,-0.7245
2.2,4.6,3.6,4.9,4.5,9.5,16.7,20.9,5.7,-0.4362,0.5356,-0.1766,-0.5691,-0.2481,0.1544,0.1474,0.1986
2.2,1.7,3.4,2.2,4.9,19.2,17.9,17.6,33.0,-0.9156,0.0888,-0.0035,0.226,0.0385,-0.1335,-0.0162,0.248
2.2,1.4,4.8,2.2,2.7,9.8,19.1,21.6,27.0,-0.0053,-0.1901,-0.095,0.0646,0.1037,0.0101,-0.9559,-0.0561
2.2,2.6,3.5,3.1,4.1,6.6,2.8,28.1,32.5,-0.5996,0.1278,-0.401,-0.0411,0.3494,0.4256,-0.3126,-0.2255
2.2,1.0,4.1,4.4,2.3,6.6,13.1,9.1,17.8,-0.2389,-0.0161,-0.2093,0.157,-0.2807,0.108,0.3839,-0.7916
2.2,4.9,4.0,2.5,3.9,11.0,6.5,26.3,37.5,-0.5434,0.0737,-0.4156,0.3544,0.4639,-0.071,-0.391,0.1222
2.2,1.4,4.8,1.3,4.8,4.1,19.0,28.7,11.9,0.3066,0.8595,-0.2084,-0.0454,-0.0507,0.0294,0.2912,-0.1197
2.2,4.5,4.1,2.2,4.1,11.8,15.8,29.5,20.6,-0.4862,-0.2776,-0.2699,0.2979,0.3022,-0.1386,-0.49,0.3881
2.2,1.6,3.5,1.5,3.2,6.3,10.5,42.1,39.5,-0.5626,0.1567,-0.1899,0.4275,0.2475,-0.3508,-0.2351,0.4304
2.2,2.0,2.4,1.7,2.5,10.4,6.0,13.1,28.2,-0.0428,-0.1851,-0.1989,-0.1772,-0.4229,0.7086,-0.4124,-0.1484
2.2,4.1,1.1,4.5,3.5,12.0,2.1,7.0,23.9,-0.6324,0.2336,-0.3209,0.148,-0.3558,0.1147,0.0161,-0.5241
2.2,1.9,1.9,3.1,4.1,7.0,12.7,14.1,42.7,-0.6408,0.3461,-0.2337,0.1369,0.2049,0.4006,-0.1954,-0.3824
2.2,2.0,3.0,1.1,4.7,20.8,2.0,14.7,25.1,-0.7025,0.6556,-0.1374,0.114,0.065,0.158,0.025,0.0134
2.2,2.4,2.7,2.4,2.2,9.2,6.0,22.9,32.4,-0.5407,-0.0502,-0.4344,-0.099,0.3504,0.4785,-0.3636,-0.1022
2.2,2.4,4.5,1.4,1.6,11.6,15.7,21.7,18.4,-0.0527,-0.1703,-0.2728,0.1216,0.2785,0.0945,-0.867,-0.1356
2.2,4.4,2.2,1.7,4.3,3.4,7.1,20.1,16.3,-0.0634,0.3052,-0.1462,-0.6893,-0.5079,0.2093,-0.2444,0.1838
2.2,1.7,3.6,4.9,4.3,10.9,8.1,9.9,21.8,-0.3742,0.1559,-0.3519,0.1788,-0.4576,0.1045,0.2244,-0.6322
2.2,4.5,3.0,3.2,1.6,5.8,15.3,16.7,41.4,-0.4495,0.2316,-0.4068,0.0098,0.4192,0.2721,-0.5041,-0.2394
2.2,3.1,1.3,3.4,3.0,10.0,12.6,32.4,11.0,-0.5442,-0.1529,-0.1605,-0.2484,-0.0366,0.6981,-0.2689,-0.1264
2.2,3.6,4.5,4.9,2.0,10.9,17.9,32.1,27.7,-0.6994,-0.3961,-0.0467,0.0866,0.0506,-0.0618,-0.2941,0.4885
2.2,2.9,2.8,4.6,4.7,18.4,2.4,31.2,34.8,-0.8958,0.0899,-0.1564,0.2591,0.1714,-0.1705,-0.0673,0.1554
2.2,2.5,3.8,1.9,1.0,19.5,2.1,13.1,8.0,-0.92,0.1821,-0.1926,-0.0769,-0.0845,0.0721,0.0444,0.2012
2.2,1.5,4.4,4.6,1.5,14.8,21.1,7.8,18.7,-0.7366,0.1557,0.0028,-0.0009,-0.003,-0.0086,-0.1339,-0.6395
2.2,4.5,2.0,4.6,4.9,20.1,12.7,32.9,22.9,-0.9353,0.342,-0.0137,0.0248,0.0151,-0.0155,0.0087,0.0277
2.2,1.8,4.7,1.7,3.3,3.3,17.3,43.3,14.9,-0.1532,0.6306,-0.1622,-0.0267,0.1835,0.0594,-0.6954,-0.1185
2.2,4.2,1.4,2.5,4.2,5.6,5.2,38.1,5.8,-0.4916,0.2047,0.0443,-0.5989,-0.2819,0.2958,-0.2412,0.3504
2.2,4.1,4.4,2.7,2.2,16.5,9.0,15.0,22.4,-0.8138,-0.183,-0.1477,-0.1215,0.1271,0.2915,-0.1533,0.3524
2.2,3.2,3.6,3.5,1.4,12.8,19.1,43.1,39.5,-0.9372,0.173,0.0041,0.0557,-0.0017,-0.0505,0.0456,0.273
2.2,3.4,4.4,4.2,5.0,21.9,6.2,29.4,14.0,-0.8592,0.4875,0.0756,-0.0306,-0.0884,-0.0413,-0.0088,-0.003
2.2,3.2,3.2,3.3,4.7,5.1,10.4,12.3,34.5,-0.5888,-0.07,-0.2422,-0.1039,-0.0274,0.6778,-0.0755,-0.3117
2.2,3.8,4.3,3.5,4.5,16.9,4.7,33.4,10.0,-0.8775,0.0824,-0.2334,0.0144,0.0385,0.3927,0.0012,0.0345
2.2,3.6,2.1,3.6,2.9,9.5,15.1,28.3,9.9,-0.4183,-0.1257,-0.2475,-0.2101,-0.0635,0.6882,-0.1767,-0.4177
2.2,2.6,2.8,2.6,3.7,9.1,7.3,34.1,17.3,-0.5947,-0.0272,-0.2694,-0.2094,0.1816,0.618,-0.2921,-0.1243
2.2,1.2,4.1,2.6,2.1,5.6,10.6,41.9,13.5,-0.3813,0.4489,-0.2762,-0.3063,0.2896,0.338,-0.5208,-0.0316
2.2,3.5,4.2,4.2,2.7,4.3,5.9,23.1,36.8,-0.5996,0.1337,-0.3696,-0.1093,0.3336,0.4136,-0.3414,-0.2546
2.2,3.5,2.0,4.4,1.7,21.7,12.8,39.9,12.0,-0.9048,0.4159,0.0134,-0.0284,-0.0153,0.024,0.0035,0.0114
2.2,3.5,2.9,3.9,3.8,11.6,7.0,22.0,7.7,-0.1737,0.1806,0.1375,-0.5829,-0.564,0.0478,-0.4739,0.1454
2.2,2.8,4.1,3.6,4.8,2.9,13.3,33.5,8.6,-0.3083,0.5494,-0.3543,-0.5142,-0.256,0.1805,0.2724,0.1472
2.2,3.8,4.5,3.0,2.9,11.2,13.3,26.7,28.5,-0.5098,-0.284,-0.337,0.2339,0.3505,-0.0961,-0.4762,0.3401
2.2,1.8,3.7,2.7,2.7,10.2,10.0,24.0,35.9,-0.4421,0.0342,-0.4894,0.104,0.4899,0.189,-0.5098,-0.0647
2.2,2.0,3.3,4.7,4.0,12.2,15.3,4.0,40.9,-0.8557,0.2678,0.0106,0.2093,-0.0321,0.1607,-0.0653,-0.3365
2.2,4.8,2.5,4.2,3.2,6.3,14.2,12.4,15.0,-0.1137,0.1518,-0.2339,0.1639,-0.5104,0.1002,0.2588,-0.7287
2.2,1.1,4.6,4.4,4.0,3.2,13.2,8.6,10.0,-0.5321,0.6897,-0.1394,-0.2286,-0.2115,-0.2909,0.1844,0.0002
2.2,4.9,4.6,1.9,4.4,20.4,15.3,38.6,6.4,-0.7701,0.6249,-0.0202,0.0672,0.0319,-0.0434,0.0125,0.0223
2.2,3.0,4.7,3.7,4.9,21.9,16.4,38.7,36.8,-0.8407,0.5281,-0.0232,-0.0427,0.0058,0.0149,0.0014,0.0038
2.2,2.6,4.0,3.0,2.0,3.7,19.9,9.2,16.3,-0.0845,-0.0279,-0.0462,0.0067,-0.0173,0.0603,0.3599,-0.9193
2.2,4.0,3.1,1.8,1.5,15.0,10.1,43.8,13.2,-0.781,0.2568,-0.2857,0.1408,0.2963,-0.1247,-0.0258,0.3263
2.2,3.9,4.8,4.5,3.1,6.7,4.2,10.8,7.9,-0.576,0.4783,-0.0903,-0.3297,-0.2034,-0.4144,0.0003,-0.3247
2.2,2.9,3.3,3.6,3.5,15.8,15.8,21.1,34.5,-0.7662,-0.1856,-0.1977,0.3057,0.2151,-0.1839,-0.2144,0.321
2.2,4.4,1.9,4.7,2.8,10.8,8.3,29.3,28.6,-0.6193,-0.0911,-0.4291,-0.1243,0.4292,0.239,-0.371,0.1378
2.2,2.7,3.5,1.0,3.5,15.5,2.2,8.5,10.6,-0.1394,0.6168,-0.0477,-0.2157,-0.4098,-0.1178,-0.564,-0.1963
2.2,2.8,1.6,3.7,2.8,21.5,2.6,14.5,29.1,-0.8965,0.4292,0.0137,-0.0058,-0.0161,-0.0195,0.0043,0.012
2.2,3.7,2.5,3.7,4.2,18.2,7.7,20.1,30.3,-0.898,0.1673,-0.2587,0.0347,0.2632,0.0945,-0.0589,0.0819
2.2,2.2,3.2,4.3,1.8,17.4,7.0,30.3,40.7,-0.8536,-0.0325,-0.1539,0.3116,0.1725,-0.2056,-0.1186,0.2298
2.2,2.3,4.4,2.7,1.1,4.6,22.0,7.1,23.9,-0.4216,-0.0305,0.0114,-0.0159,0.0002,-0.026,0.0706,-0.8989
2.2,1.8,3.9,4.8,3.5,21.2,18.1,31.4,36.8,-0.9525,0.2848,0.0016,0.0141,4.5978e-05,-0.0061,0.0082,0.0333
2.2,2.2,3.6,1.4,3.2,11.2,9.5,38.6,25.2,-0.4348,0.1702,-0.4567,0.1452,0.5225,0.0096,-0.4664,0.2142
2.2,4.8,4.5,4.5,4.1,18.1,21.8,30.1,42.1,-0.4917,0.264,-0.2454,0.0763,0.1876,0.23,-0.3307,-0.3766
2.2,1.3,2.8,3.5,1.6,4.5,12.1,42.8,25.0,-0.2461,-0.0677,-0.3424,0.0428,0.3438,-0.0394,-0.6429,0.5172
2.2,3.7,4.6,1.3,2.9,12.8,10.9,26.3,13.7,-0.3824,-0.0017,-0.6163,0.087,0.1687,0.5855,-0.1309,-0.2379
2.2,1.8,4.4,3.3,3.9,14.8,4.0,28.9,38.6,-0.5301,0.071,-0.4502,0.2745,0.4843,-0.0328,-0.4255,0.077
2.2,2.9,2.7,2.6,4.0,2.2,20.3,36.5,33.5,-0.8532,-0.1519,-0.0075,0.1052,0.022,-0.0694,-0.0969,0.4488
2.2,5.0,3.2,1.6,3.9,4.2,14.9,28.1,17.1,0.1343,0.0836,-0.5907,0.0157,-0.041,0.4668,0.1028,-0.609
2.2,2.0,4.5,3.7,2.1,13.2,17.5,13.6,11.5,-0.4454,0.0915,-0.0691,-0.1167,0.0038,0.2994,-0.2392,-0.7829
2.2,3.6,3.4,2.5,3.4,19.5,16.8,14.5,16.4,-0.9188,0.3092,-0.0739,0.1218,0.0868,-0.0739,0.0161,0.1088
2.2,4.7,2.6,3.3,4.7,6.4,19.9,41.8,14.7,-0.0015,0.1964,-0.1516,0.0265,0.1589,-0.0088,-0.922,0.1754
2.2,2.0,3.5,2.4,1.6,17.9,8.5,38.3,43.3,-0.8803,0.259,0.0302,0.2723,0.0157,-0.1835,0.0006,0.1991
2.2,3.0,4.8,4.7,5.0,6.9,3.4,32.7,14.3,-0.5147,-0.23,-0.1151,-0.2183,-0.1894,0.7151,-0.1895,-0.1481
2.2,3.4,1.6,1.4,1.8,15.6,19.7,35.8,36.8,-0.8847,0.4155,0.0426,0.0979,-0.011,-0.0512,0.0552,0.1338
2.2,4.5,2.9,2.4,3.0,8.9,10.3,37.9,28.7,-0.5801,-0.039,-0.3841,0.2269,0.4131,-0.1423,-0.3589,0.3609
2.2,1.6,4.8,1.2,1.4,11.8,16.0,33.6,36.7,-0.8719,-0.0106,0.0232,0.2168,0.0289,-0.1261,-0.0396,0.3956
2.2,3.6,2.9,2.7,3.9,9.4,5.2,23.7,41.4,-0.4359,0.2424,-0.4326,0.2559,0.4785,0.1541,-0.4647,-0.133
2.2,1.4,4.7,3.9,2.8,17.0,2.3,14.4,40.7,-0.7529,0.2308,-0.2437,-0.0141,0.2133,0.3984,-0.1651,-0.275
2.2,2.5,4.9,2.5,1.7,15.3,5.9,18.6,11.2,-0.1852,-0.3642,-0.22,-0.2046,-0.3938,0.5359,-0.4953,0.1741
2.2,4.5,2.5,4.8,2.5,16.4,4.6,43.9,28.2,-0.9302,0.1865,-0.0837,0.1167,0.0837,-0.1165,0.0228,0.2276
2.2,1.4,2.8,2.6,4.7,14.4,14.2,39.0,35.6,-0.7714,-0.004,-0.1293,0.3503,0.1653,-0.262,-0.1531,0.365
2.2,2.9,4.2,3.4,1.5,17.7,8.2,23.6,32.3,-0.9168,0.009,-0.2242,0.1053,0.228,-0.0191,-0.0591,0.178
2.2,2.9,2.1,3.0,3.5,20.2,16.0,16.3,32.7,-0.9236,0.3296,-0.0467,0.1091,0.0569,-0.0653,0.0112,0.068
2.2,1.4,2.8,3.8,5.0,11.9,15.6,19.5,27.9,-0.5053,0.1127,-0.2788,-0.1711,0.2157,0.48,-0.3826,-0.4334
2.2,3.0,2.3,4.3,1.4,20.1,18.1,19.1,12.0,-0.9735,0.1737,-0.0216,0.0442,0.0233,-0.0273,0.0098,0.0798
2.2,5.0,3.7,1.3,3.6,8.5,21.9,32.1,16.7,-0.3386,-0.4189,0.006,-0.04,-0.0202,0.0178,-0.65,0.5045
2.2,1.8,1.4,2.5,2.9,8.4,3.9,40.1,12.8,-0.6032,0.0804,-0.0573,-0.3974,0.0879,0.5478,-0.3445,0.1716
2.2,4.1,3.6,1.7,4.1,19.4,2.4,36.8,25.2,-0.7867,0.5777,-0.0899,0.1137,0.1161,-0.055,0.0111,0.0451
2.2,4.6,3.2,1.6,1.2,11.1,21.4,25.9,9.2,-0.128,-0.3977,-0.008,0.009,0.0088,-0.0006,-0.8548,0.2547
2.2,1.3,1.5,2.1,4.3,12.1,6.7,7.1,12.4,-0.5279,0.5372,-0.1456,-0.3281,-0.2191,-0.3684,-0.0519,-0.3363
2.2,1.6,3.2,1.1,1.3,12.2,14.4,30.3,22.2,-0.2994,-0.2786,-0.2991,0.236,0.3387,-0.0398,-0.673,0.3106
2.2,4.3,5.0,4.2,2.8,5.6,13.4,26.0,8.5,-0.139,-0.0763,-0.3142,-0.183,-0.2584,0.5798,0.2004,-0.6127
2.2,4.0,2.9,2.0,1.3,6.4,11.9,6.6,19.6,-0.2503,0.075,-0.2663,0.1663,-0.3091,0.1483,0.1935,-0.818
2.2,3.1,1.2,4.3,1.8,5.6,7.5,25.4,19.6,-0.2268,-0.0693,0.1382,-0.2717,-0.2292,0.5071,-0.6766,-0.2671
2.2,1.0,4.8,3.2,1.2,2.7,9.5,37.3,6.4,-0.5867,0.2078,-0.0217,-0.3389,0.0197,0.5384,-0.3845,-0.2129
2.2,2.4,2.7,4.2,3.0,6.8,20.4,14.4,39.6,-0.6959,-0.3233,-0.0808,0.1713,0.0916,-0.1103,-0.2891,0.4356
2.2,3.9,1.1,3.9,3.3,16.3,19.5,25.7,37.2,-0.9498,0.0554,-0.0228,0.1959,0.0397,-0.1136,-0.0169,0.1769
2.2,3.1,1.1,4.6,1.3,5.0,15.2,16.1,5.6,-0.162,0.6353,-0.1623,-0.2366,-0.5328,-0.3298,0.1877,-0.2168
2.2,4.6,2.6,4.5,3.1,6.6,20.1,41.5,12.7,-0.031,-0.0247,-0.0927,0.0288,0.0947,-0.0229,-0.9124,0.3465
2.2,3.3,2.5,4.6,3.4,8.2,20.4,14.6,5.2,-0.0186,0.7696,-0.1257,-0.0884,-0.0783,0.0123,0.5836,-0.015
2.2,2.3,1.8,4.4,4.5,10.1,21.9,20.0,32.8,-0.5807,-0.4536,0.0207,-0.0768,-0.0319,0.0438,-0.4136,0.4806
2.2,4.6,1.7,3.7,4.2,6.3,15.9,12.4,28.3,-0.2914,0.0511,0.2178,-0.0072,-0.4247,0.4353,-0.4326,-0.5393
2.2,3.3,2.5,2.7,2.4,5.1,13.2,35.9,22.2,-0.26,0.0939,-0.4006,-0.0986,0.4189,0.2012,-0.7224,0.0304
2.2,3.8,1.4,4.3,3.7,9.4,12.0,14.1,38.7,-0.7601,0.1721,-0.2248,-0.0525,0.1648,0.4444,-0.1473,-0.2873
2.2,4.7,4.8,1.9,1.8,19.6,20.7,43.2,42.6,-0.7911,0.6043,0.0043,0.0064,-0.0017,-0.0029,0.0271,0.0364
2.2,1.7,1.0,4.1,2.1,7.1,18.1,42.9,28.7,-0.5378,-0.1989,-0.2004,0.1567,0.2012,-0.1546,-0.3609,0.6298
2.2,3.6,3.2,4.2,3.9,9.3,16.8,38.5,36.3,-0.8978,-0.0122,-0.039,0.2048,0.052,-0.1663,-0.0478,0.3278
2.2,2.6,3.6,3.2,4.0,12.0,9.0,39.8,16.4,-0.6039,0.2316,-0.3454,-0.2747,0.3661,0.3457,-0.3442,0.0646
2.2,2.0,3.5,3.7,2.3,21.9,2.1,32.6,33.3,-0.8918,0.4371,0.0072,-0.0401,-0.0136,0.0249,0.0027,0.0098
2.2,3.8,4.1,2.1,1.2,15.0,11.4,11.7,42.7,-0.5994,0.3654,-0.3542,0.0023,0.4154,0.2571,-0.3283,-0.1198
2.2,4.7,3.0,3.7,2.5,14.4,9.2,10.9,29.3,-0.2743,0.3727,0.1976,0.0532,-0.2477,0.1685,-0.6966,-0.3879
2.2,2.0,4.4,4.2,4.4,4.4,14.4,19.0,7.8,-0.3872,0.5594,0.1041,-0.5433,-0.4229,0.1148,-0.0536,0.1544
2.2,2.7,1.6,1.6,3.4,8.9,14.3,25.7,29.7,-0.3853,0.0437,-0.4923,0.1634,0.4669,0.2797,-0.4987,-0.1412
2.2,3.5,1.9,4.3,4.3,17.2,2.3,14.5,6.9,-0.1693,-0.0808,0.1548,-0.3889,-0.379,0.0623,-0.7293,0.259
2.2,1.5,2.8,1.6,1.9,3.4,13.8,41.3,13.6,-0.3422,0.5146,-0.2665,-0.2012,0.3025,0.276,-0.5579,-0.1085
2.2,2.3,1.5,1.4,1.3,14.2,4.9,25.4,7.9,-0.3426,-0.1059,-0.4068,-0.5787,-0.3301,0.2876,-0.209,0.3462
2.2,4.5,4.4,2.8,4.5,18.7,4.7,36.9,31.6,-0.8955,0.3971,-0.0134,0.1349,0.0304,-0.0929,0.0174,0.0745
2.2,1.6,3.1,3.8,3.6,15.0,8.8,25.2,43.6,-0.4667,0.0637,-0.396,0.3967,0.4553,-0.1019,-0.4688,0.1036
2.2,4.2,1.8,3.7,4.8,10.0,14.8,16.3,8.2,-0.2683,0.5613,0.1803,-0.325,-0.5274,-0.2173,-0.352,-0.1222
2.2,4.1,3.3,2.7,3.6,19.3,20.9,18.1,42.1,-0.8593,0.4926,0.0105,0.023,-0.0018,-0.0056,0.0095,0.0208
2.2,3.8,1.1,4.3,2.0,3.3,13.5,5.5,38.8,-0.6829,0.109,-0.1269,0.2786,-0.1829,0.2264,0.0365,-0.5785
2.2,4.7,3.0,3.5,3.0,6.5,5.7,10.5,29.4,-0.3801,0.2252,-0.0748,0.2608,-0.3909,0.2165,-0.1879,-0.6977
2.2,1.1,4.5,2.7,1.2,5.4,5.1,37.2,7.4,-0.4299,0.0447,0.0936,-0.3233,-0.1383,0.6316,-0.5085,-0.0873
2.2,4.3,3.6,1.6,4.2,21.8,15.4,26.4,22.8,-0.6701,0.7365,-0.0125,-0.0223,0.0018,0.0087,0.003,0.0033
2.2,3.5,4.7,1.8,3.3,11.6,8.0,14.5,36.8,-0.5849,0.2602,-0.3817,0.0772,0.3953,0.3744,-0.3002,-0.1983
2.2,3.1,1.6,3.1,2.3,7.5,20.3,16.5,28.4,-0.1907,0.2193,-0.1284,-0.0147,0.1223,0.1182,-0.744,-0.546
2.2,3.5,4.5,2.4,3.0,17.4,4.3,31.2,4.5,-0.8495,0.2711,-0.2396,-0.3191,-0.033,0.0678,0.038,0.1754
2.2,2.0,3.5,3.6,5.0,5.0,14.5,30.3,5.2,-0.6889,0.3566,-0.0445,-0.5373,-0.133,0.2108,-0.0629,0.1827
2.2,3.7,4.7,4.1,4.6,9.9,3.2,17.2,17.9,0.0877,0.177,-0.1358,-0.1599,-0.8142,0.1714,-0.3572,-0.2831
2.2,3.4,3.6,1.4,3.9,14.0,10.4,15.6,22.4,-0.5695,-0.0137,-0.4538,6.6485e-08,0.2066,0.6155,-0.1641,-0.0593
2.2,4.7,2.8,2.2,2.8,13.7,15.7,39.8,16.3,-0.8155,0.0132,-0.1305,0.2511,0.1507,-0.2075,-0.0864,0.4078
2.2,4.5,4.1,1.1,4.5,4.4,19.8,16.5,29.3,-0.0387,-0.1205,-0.1014,0.1291,0.1496,-0.0078,-0.9427,0.0906
2.2,2.3,2.2,1.6,1.5,4.4,4.8,14.5,26.6,0.1884,0.0409,-0.1869,-0.0672,-0.6126,0.3719,-0.3589,-0.517
2.2,1.7,3.5,4.3,1.4,2.8,3.8,19.5,20.7,-0.2432,0.1295,0.0734,0.1055,-0.3455,0.1947,-0.4213,-0.7505
2.2,2.7,3.4,4.1,1.9,8.7,19.9,39.7,36.0,-0.908,-0.069,-0.0048,0.0456,0.0076,-0.0378,-0.0352,0.3932
2.2,2.9,1.5,1.5,4.7,5.7,7.1,4.4,18.0,-0.4522,0.6413,-0.2802,-0.2807,-0.2907,-0.2867,0.0279,-0.2343
2.2,1.4,4.7,3.3,2.5,3.0,18.1,20.5,33.9,-0.0442,-0.0511,-0.2021,0.0571,0.2068,0.0499,-0.9248,-0.151
2.2,4.8,1.5,1.5,3.9,6.0,17.7,38.1,10.9,0.007,0.2378,-0.6179,-0.0323,-0.1577,0.4687,0.2939,-0.4254
2.2,1.9,1.5,4.1,4.0,10.8,14.4,10.6,22.5,-0.3516,0.1416,-0.2041,0.2476,-0.3954,0.1663,0.0539,-0.7453
2.2,1.1,2.4,3.7,4.5,2.6,4.9,11.3,22.5,-0.244,0.5539,-0.3333,-0.1699,-0.5319,-0.257,0.1921,-0.3167
2.2,5.0,1.2,1.4,1.5,4.1,13.2,30.0,10.2,0.1817,0.1402,-0.5017,-0.4809,-0.4495,0.4821,0.0725,-0.0726
2.2,4.9,5.0,3.4,4.2,4.2,21.6,14.7,26.5,-0.3565,0.3257,0.034,-0.016,-0.0434,-0.0441,-0.5872,-0.6348
2.2,3.1,3.2,2.3,3.5,21.9,9.2,23.7,20.0,-0.7767,0.619,0.0309,-0.0406,-0.0418,0.0053,0.0007,0.004
2.2,1.6,3.4,2.6,2.9,18.4,18.4,34.2,7.9,-0.4759,-0.2805,-0.2152,0.2481,0.2395,-0.1492,-0.4982,0.4444
2.2,3.7,3.3,2.8,4.7,16.9,14.9,22.2,32.1,-0.8909,0.0707,-0.0887,0.2957,0.1182,-0.1733,-0.0564,0.2145
2.2,1.8,2.3,4.5,1.2,19.0,17.0,25.7,28.4,-0.9561,-0.0932,-0.0423,0.0893,0.0448,-0.06,-0.033,0.2181
2.2,2.9,2.3,3.8,4.9,8.7,2.6,42.5,32.4,-0.5172,0.2086,-0.4856,0.0415,0.497,-0.0126,-0.3969,0.1885
2.2,1.1,2.1,3.4,1.1,4.5,10.2,18.6,24.5,-0.1855,0.0547,0.1274,-0.0627,-0.2992,0.3258,-0.5226,-0.6804
2.2,2.7,3.4,3.3,4.2,20.9,14.7,38.7,28.0,-0.8924,0.4407,0.0013,0.0135,0.0004,-0.0086,0.014,0.0312
2.2,3.7,3.8,3.7,4.7,3.4,6.1,43.7,31.5,-0.4148,0.2157,-0.4902,0.0422,0.496,-0.0297,-0.4718,0.2394
2.2,1.6,4.8,4.7,2.8,5.6,12.9,19.5,16.6,-0.338,-0.0448,0.0713,-0.1738,-0.2715,0.4863,-0.2153,-0.6923
2.2,3.9,2.6,3.7,4.3,12.4,17.0,41.9,42.9,-0.8937,0.2983,0.0342,0.2155,-0.0085,-0.1657,0.0134,0.1667
2.2,2.4,2.0,2.7,3.9,5.4,18.6,15.4,6.2,-0.4604,0.597,0.0223,-0.5294,-0.2652,0.1944,-0.0551,0.1447
2.2,3.6,4.5,1.1,1.4,18.2,3.9,8.9,33.3,-0.8636,0.2924,-0.0843,0.0197,0.0973,0.1945,0.0829,0.2866
2.2,3.8,1.1,3.3,3.2,7.5,22.0,6.5,24.5,-0.6938,0.1161,-0.0044,0.0004,-0.0033,0.0169,-0.1115,-0.6944
2.2,2.0,3.0,4.3,3.4,5.6,12.0,7.8,33.6,-0.5899,0.147,-0.0479,0.2772,-0.2225,0.1849,-0.0618,-0.6748
2.2,3.0,4.5,4.6,4.8,17.7,2.9,26.3,13.3,-0.8869,-0.0658,-0.2207,-0.0257,-0.0115,0.3697,-0.016,0.1007
2.2,4.8,2.3,1.5,2.5,17.9,13.5,24.5,7.4,-0.7517,0.4389,-0.398,0.0821,-0.0477,0.2447,0.0546,0.0023
2.2,2.3,3.7,2.9,2.6,19.3,8.1,41.2,31.5,-0.914,0.3303,-0.0226,0.1128,0.0291,-0.099,0.0389,0.1476
2.2,4.6,2.4,2.7,4.3,4.4,5.4,19.9,36.6,-0.55,0.178,-0.4037,0.1036,0.223,0.493,-0.1969,-0.3875
2.2,2.8,3.0,2.2,2.2,16.6,10.1,35.9,29.7,-0.8978,0.1712,-0.1005,0.226,0.1237,-0.1612,-0.013,0.2285
2.2,3.6,4.3,2.7,3.3,20.6,16.7,33.0,19.1,-0.8674,0.4891,0.0027,0.0107,-0.0003,-0.0048,0.0121,0.023
2.2,4.3,4.4,4.7,3.6,12.2,8.7,22.5,43.6,-0.4375,0.1077,-0.4223,0.3398,0.4784,-0.0546,-0.5016,0.0585
2.2,3.6,3.2,2.0,1.2,4.5,16.6,42.0,26.5,-0.3402,-0.2281,-0.1313,0.1262,0.1414,-0.107,-0.5523,0.6676
2.2,2.9,1.8,3.0,2.2,16.3,14.2,8.1,19.4,-0.5238,0.4365,0.0286,0.149,-0.1323,0.1146,-0.4248,-0.5377
2.2,4.1,2.2,4.3,3.8,5.2,4.3,41.0,35.9,-0.5148,0.0874,-0.4557,0.1625,0.4665,-0.1323,-0.4142,0.2741
2.2,4.8,3.9,3.1,5.0,11.5,3.3,22.6,18.4,-0.4774,-0.1788,-0.5073,-0.2526,-0.3093,0.546,0.0001,0.1051
2.2,2.0,3.7,4.4,4.2,16.0,17.4,39.7,20.2,-0.8319,-0.1713,-0.0531,0.1357,0.0585,-0.1184,-0.1232,0.4584
2.2,3.1,2.0,2.0,1.1,19.8,14.5,26.9,40.8,-0.8768,0.4553,0.0225,0.1016,0.0016,-0.0457,0.0172,0.0455
2.2,4.3,3.4,4.9,1.0,5.6,6.8,21.0,12.8,-0.3313,0.1732,0.118,0.0905,-0.2919,0.1626,-0.4397,-0.7237
2.2,3.6,3.4,1.4,4.2,20.6,18.5,34.1,34.6,-0.7061,0.7018,0.0133,0.017,-0.0029,-0.005,0.0141,0.0151
2.2,1.4,2.3,1.8,3.8,10.7,20.3,21.4,27.9,-0.0861,-0.291,-0.1371,0.1333,0.1587,-0.0151,-0.8887,0.1438
2.2,4.1,2.2,3.8,2.1,11.7,16.0,15.0,26.8,-0.3226,0.1254,0.0109,-0.3342,-0.034,0.491,-0.6452,-0.3065
2.2,4.2,1.4,1.9,4.4,15.5,6.4,13.3,6.8,-0.1745,0.0783,0.1449,-0.4788,-0.4111,0.1374,-0.6501,0.2789
2.2,2.4,3.2,4.9,3.2,15.9,20.1,18.7,28.0,-0.403,-0.4778,-0.0463,0.0525,0.0484,-0.0302,-0.5942,0.4642
2.2,2.5,2.7,3.6,4.2,2.0,7.6,4.6,42.1,-0.3962,-0.0978,0.0023,0.0583,-0.4245,0.6598,-0.0751,-0.1709
2.2,2.7,2.1,4.6,4.2,19.8,11.6,27.4,41.7,-0.9563,0.2107,0.0245,0.1462,0.0004,-0.0618,0.0059,0.0795
2.2,1.6,3.3,2.7,4.1,7.4,8.6,11.9,31.6,-0.1716,-0.1392,-0.0765,-0.1537,-0.4504,0.7368,-0.2197,-0.3258
2.2,4.3,1.0,2.1,3.5,9.2,11.7,32.3,39.9,-0.5516,0.079,-0.3147,0.4522,0.3925,-0.1954,-0.3565,0.2315
2.2,3.9,1.4,3.2,4.5,19.3,2.8,4.1,8.9,-0.8,0.5385,-0.0682,-0.0555,-0.0741,-0.0619,-0.1144,-0.187
2.2,4.6,1.2,1.1,4.1,18.5,7.1,33.6,16.2,-0.6871,0.6536,-0.1818,0.1431,0.0852,0.1743,0.0151,0.0006
2.2,4.3,2.7,3.0,4.7,16.3,5.0,41.0,41.0,-0.8876,0.2818,0.028,0.2368,0.0038,-0.1758,0.0135,0.194
2.2,3.2,1.5,2.4,2.6,19.8,15.1,17.6,24.0,-0.907,0.3716,-0.0983,0.0564,0.1061,0.0052,0.0134,0.0642
2.2,1.9,3.4,2.1,2.3,2.0,19.8,32.4,31.3,-0.3438,-0.4112,-0.0601,0.0993,0.0752,-0.0506,-0.6463,0.4985
2.2,2.8,4.0,1.2,3.7,3.8,10.7,10.8,41.1,-0.4399,0.4058,-0.2449,0.2866,0.2768,0.4168,-0.2589,-0.4115
2.2,1.3,3.1,4.8,2.5,6.2,7.7,43.4,42.5,-0.7116,0.0334,-0.215,0.3259,0.2168,-0.321,-0.1988,0.3736
2.2,2.3,3.9,3.2,1.7,21.5,18.7,20.9,41.9,-0.8988,0.4249,-0.0024,0.0004,0.0007,-3.1567e-05,0.0063,0.0156
2.2,2.9,3.2,1.4,3.4,16.7,20.6,6.4,19.4,-0.4418,0.6187,-0.0311,-0.0083,0.049,0.0447,-0.5182,-0.3656
2.2,2.4,4.0,3.0,2.4,7.2,5.0,34.1,38.3,-0.5065,0.0632,-0.4583,0.2098,0.4927,-0.0488,-0.4525,0.1539
2.2,2.9,2.1,4.2,1.6,4.6,10.1,36.6,39.6,-0.5541,-0.0996,-0.3846,0.2365,0.3998,-0.1715,-0.4157,0.3227
2.2,2.5,2.4,2.2,3.5,12.7,15.9,27.5,15.0,-0.3596,0.0112,-0.4228,-0.0484,0.281,0.5074,-0.412,-0.4015
2.2,2.2,2.2,2.8,2.2,11.3,19.1,39.9,12.4,-0.0778,-0.0181,-0.2125,0.0698,0.2218,-0.0466,-0.8529,0.371
2.2,4.0,4.1,3.9,3.2,5.8,20.4,40.5,31.9,-0.8852,-0.0874,-0.0021,0.0158,0.0031,-0.0127,-0.0474,0.4405
2.2,4.8,4.8,3.7,3.0,8.5,8.2,27.9,42.8,-0.5191,0.0391,-0.3598,0.4266,0.4195,-0.1605,-0.417,0.1678
2.2,3.7,4.5,2.8,1.4,6.3,2.2,15.5,43.3,-0.6113,0.2605,-0.3012,0.1424,0.1813,0.4575,-0.1598,-0.4071
2.2,2.1,3.8,1.2,2.9,8.3,9.7,33.5,26.0,-0.3591,0.0928,-0.4559,0.1523,0.4999,0.2248,-0.5571,-0.0637
2.2,5.0,3.4,2.7,4.1,10.7,16.1,7.0,12.0,-0.0707,0.351,-0.3974,0.0918,-0.4832,0.0481,0.4494,-0.4959
2.2,2.6,3.8,4.4,4.0,15.8,9.3,39.7,10.6,-0.7733,0.1668,-0.2428,-0.2871,0.2553,0.3365,-0.1825,0.1116
2.2,3.1,2.5,2.3,2.9,20.6,4.7,31.1,24.1,-0.8523,0.5086,-0.0422,0.038,0.0488,-0.0079,0.0118,0.0259
2.2,4.0,3.8,3.3,3.4,4.2,8.5,10.4,23.4,-0.1253,0.2249,-0.2947,0.1675,-0.5305,0.112,0.1605,-0.6991
2.2,3.4,1.8,2.0,2.7,9.8,19.9,43.7,37.9,-0.8776,0.312,0.0236,0.115,-0.0148,-0.1027,0.0886,0.2953
2.2,1.4,1.3,2.1,1.5,14.2,19.4,40.6,36.4,-0.8843,0.0788,-0.0106,0.1507,0.0229,-0.1281,0.0105,0.3987
2.2,2.2,4.1,2.7,3.3,3.3,17.6,13.1,30.7,-0.4042,0.2022,-0.1587,-0.0424,0.1277,0.2688,-0.4274,-0.6952
2.2,3.0,4.0,2.8,1.1,15.3,7.6,19.0,23.4,-0.6272,-0.3714,-0.1586,-0.1733,0.1247,0.3308,-0.3564,0.3779
2.2,3.4,3.8,1.1,1.9,7.2,11.6,4.4,11.6,-0.094,0.7078,-0.3778,-0.1844,-0.4028,-0.1928,0.22,-0.2392
2.2,3.3,2.2,3.8,1.6,10.4,7.9,8.0,6.6,-0.5244,0.4267,-0.2129,-0.3457,-0.2811,-0.3996,0.0909,-0.3549
2.2,2.6,3.7,4.8,1.0,5.8,13.8,7.5,19.3,-0.5525,-0.095,-0.0814,0.1041,-0.0984,0.0869,0.1689,-0.7854
2.2,2.6,3.5,2.5,3.9,5.8,14.3,20.7,23.9,-0.2727,0.0009,-0.3554,-0.0672,0.1505,0.5164,-0.3241,-0.6205
2.2,2.8,1.9,3.3,1.2,21.2,12.7,7.3,30.1,-0.9344,0.3074,-0.0019,-0.0003,0.0006,0.0057,0.0244,0.0964
2.2,1.1,5.0,3.6,2.1,19.4,6.1,31.5,9.3,-0.8564,-0.0677,-0.2092,-0.13,0.1703,0.345,-0.1093,0.1571
2.2,4.9,1.4,1.1,3.5,11.2,8.8,39.5,33.9,-0.6139,0.3067,-0.2092,0.4329,0.305,-0.2857,-0.1656,0.287
2.2,3.2,2.4,3.8,4.9,8.5,6.1,36.1,22.8,-0.6691,0.1488,-0.3042,-0.2472,0.3158,0.4137,-0.3076,-0.0442
2.2,2.5,2.6,3.7,1.7,11.2,6.8,4.6,17.4,-0.5182,0.0774,-0.3797,0.0428,-0.3907,0.0313,0.2014,-0.6154
2.2,4.5,2.2,1.9,4.6,4.8,7.5,39.1,11.3,-0.2973,0.3222,-0.4896,-0.5051,-0.3078,0.3502,0.167,0.2166
2.2,3.9,1.7,1.7,3.9,17.6,17.1,41.6,12.0,-0.734,0.3801,-0.2637,0.2409,0.2976,-0.1832,-0.0635,0.2122
2.2,1.7,4.9,1.7,2.0,8.7,5.3,10.7,19.5,0.0931,0.373,-0.3594,-0.0376,-0.6118,-0.0142,-0.0737,-0.5755
2.2,1.8,3.9,2.9,3.5,20.3,20.4,17.3,37.9,-0.9485,0.2843,0.0061,0.0207,-0.0011,-0.0079,0.0218,0.0816
2.2,4.2,4.9,1.8,1.5,12.6,11.5,17.1,29.4,-0.4896,-0.152,-0.4275,-0.0253,0.4424,0.209,-0.485,0.2461
2.2,3.3,3.5,2.9,3.4,7.8,17.3,21.4,5.3,-0.466,0.7073,-0.2309,-0.4198,-0.077,0.1039,0.1043,0.1044
2.2,4.5,2.9,2.3,3.1,6.0,13.0,38.9,34.3,-0.6158,-0.0667,-0.2482,0.3314,0.2826,-0.2515,-0.3029,0.4426
2.2,2.9,5.0,3.6,4.1,4.5,10.9,36.5,21.3,-0.3858,0.2697,-0.3548,-0.1795,0.3716,0.2927,-0.5979,-0.1624
2.2,2.8,1.3,4.8,2.1,9.8,14.7,15.4,35.6,-0.5448,-0.0488,-0.0599,-0.3643,0.0099,0.6005,-0.3995,-0.1619
2.2,4.8,4.6,2.9,1.6,7.4,3.8,23.2,10.3,0.1436,0.0333,-0.1793,-0.2281,-0.7412,0.2831,-0.4097,-0.2848
2.2,2.9,2.4,3.3,1.1,2.9,3.6,5.3,34.7,-0.482,0.0614,-0.3171,0.1729,-0.3384,0.154,0.1963,-0.6711
2.2,4.4,1.9,4.9,1.7,18.4,12.2,37.1,16.2,-0.9686,0.1742,-0.0585,0.0606,0.061,-0.0496,0.0117,0.11
2.2,2.1,4.3,5.0,1.2,9.2,20.1,14.7,14.9,-0.5624,0.1754,-0.011,-0.0015,0.006,0.0224,-0.2393,-0.7668
2.2,1.9,2.0,3.5,4.6,9.0,15.6,40.1,7.8,-0.7128,0.0206,-0.1294,-0.1083,0.0133,0.5724,-0.0795,-0.3044
2.2,3.0,3.8,1.5,3.4,20.0,13.2,38.7,15.7,-0.777,0.6016,0.0017,0.1142,0.0205,-0.0792,0.0295,0.0554
2.2,3.9,2.5,1.8,4.7,12.4,15.3,40.4,31.6,-0.817,0.16,-0.042,0.3163,0.0847,-0.2432,-0.0325,0.3537
2.2,4.3,2.0,3.5,5.0,16.6,10.9,11.1,40.3,-0.743,0.3999,-0.2044,-0.0478,0.2469,0.2982,-0.2009,-0.202
2.2,4.9,4.3,1.0,2.7,4.4,20.0,28.9,24.0,-0.1089,-0.3617,-0.042,0.0868,0.0689,-0.0158,-0.8718,0.2372
2.2,3.9,3.9,1.4,1.0,2.5,2.3,7.4,40.2,-0.1035,0.3458,-0.2075,0.2995,-0.4923,0.3158,-0.1266,-0.6003
2.2,4.4,3.4,4.6,1.0,10.2,19.8,25.6,41.3,-0.9032,-0.2141,-0.0162,0.0957,0.0226,-0.0561,-0.0881,0.303
2.2,2.9,4.9,4.3,3.9,10.9,10.9,9.7,22.9,-0.5414,0.1577,-0.0678,0.2424,-0.2189,0.1696,-0.1045,-0.723
2.2,4.6,4.0,1.1,2.7,8.8,6.5,8.8,31.4,-0.0358,0.2085,0.0605,0.144,-0.4004,0.5608,-0.559,-0.3512
2.2,3.8,1.8,3.7,4.7,20.6,7.1,40.1,9.1,-0.8936,0.4403,-0.0098,-0.0048,0.0107,0.0116,0.0122,0.0268
2.2,3.4,3.3,4.6,4.7,9.0,18.0,17.1,16.0,-0.4738,0.0573,-0.1316,-0.0788,0.0186,0.339,-0.153,-0.7703
2.2,4.0,1.7,1.5,3.7,19.3,9.7,22.5,18.0,-0.7898,0.5649,-0.1315,0.0897,0.0925,0.1146,0.0135,0.0227
2.2,3.0,4.9,4.9,4.2,8.9,14.0,39.8,21.5,-0.3157,-0.1652,-0.3309,0.1229,0.3372,-0.1005,-0.6436,0.4373
2.2,4.3,3.0,4.1,4.9,16.9,19.5,37.2,15.5,-0.9682,0.1203,0.0036,0.049,0.0018,-0.0323,0.0195,0.1885
2.2,2.2,3.2,4.9,3.9,19.8,12.3,35.0,25.0,-0.9659,0.1702,-0.0366,0.0959,0.0415,-0.0726,0.0075,0.1056
2.2,4.0,2.5,2.0,2.8,19.5,5.6,42.2,18.3,-0.8196,0.5452,-0.0817,0.0501,0.0893,-0.038,0.0316,0.0655
2.2,2.1,1.1,1.5,3.3,17.4,14.5,15.5,6.4,-0.4593,0.0593,-0.1364,-0.6327,-0.2356,0.2594,-0.253,0.397
2.2,3.8,3.2,2.7,4.7,15.5,2.6,36.2,27.3,-0.7722,0.2146,-0.3683,0.1127,0.399,0.0142,-0.1543,0.1302
2.2,1.7,1.3,2.2,4.9,5.0,21.3,20.9,40.0,-0.9185,0.2051,0.0412,0.1976,0.0052,-0.0883,0.0068,0.1652
2.2,4.9,4.3,2.6,1.9,4.2,18.8,39.6,9.9,-0.1426,0.4036,-0.1001,-0.0032,0.1131,0.0459,-0.8401,-0.2625
2.2,3.5,1.6,3.3,3.7,15.2,10.9,19.9,28.1,-0.7729,-0.0223,-0.3327,-0.1175,0.3017,0.3644,-0.1907,0.0811
2.2,2.7,2.5,3.2,2.8,21.1,16.6,39.9,16.6,-0.8848,0.4558,-0.0004,0.0058,0.0008,-0.0043,0.0158,0.0331
2.2,5.0,1.8,4.0,2.3,7.9,6.3,19.7,9.7,0.0315,0.3581,-0.1604,-0.2107,-0.766,-0.0803,-0.2377,-0.3706
2.2,4.3,4.4,2.6,1.0,13.9,21.9,10.7,16.2,-0.4461,0.4523,0.0084,-0.0026,-0.0127,-0.0117,-0.5468,-0.5349
2.2,4.8,4.7,2.5,3.3,12.9,17.1,34.0,22.5,-0.9123,-0.0692,-0.0087,0.136,0.0267,-0.0859,-0.0429,0.3505
2.2,4.9,1.8,2.2,3.9,20.4,21.9,6.2,35.2,-0.8808,0.2395,-0.0018,-0.0016,0.0014,0.0015,0.0657,0.3343
2.2,1.4,1.7,2.4,2.3,9.4,6.1,4.0,12.0,-0.4545,0.4187,-0.2053,-0.4174,-0.225,-0.4329,0.1677,-0.3623
2.2,1.5,1.2,2.1,2.5,8.2,8.4,38.5,21.2,-0.5145,0.147,-0.3379,-0.2831,0.3677,0.4109,-0.4391,0.1023
2.2,4.6,2.9,2.3,4.9,11.6,18.2,36.2,37.9,-0.9147,0.2763,0.0463,0.1863,-0.0041,-0.1044,0.0275,0.1694
2.2,2.3,1.4,3.4,2.8,19.2,4.5,38.6,30.1,-0.9252,0.2456,-0.1047,0.1359,0.1129,-0.111,0.007,0.1434
2.2,2.8,4.6,1.3,2.2,14.8,19.2,23.5,37.3,-0.9223,0.3148,0.0417,0.0826,-0.0072,-0.0332,0.0477,0.1573
2.2,5.0,1.0,2.9,2.0,15.1,8.0,38.2,7.7,-0.8966,0.138,-0.1618,-0.131,0.1817,0.2598,-0.0478,0.1507
2.2,3.2,1.8,1.2,4.8,13.6,19.0,37.4,41.3,-0.772,0.5543,0.1313,0.2054,-0.0326,-0.0965,0.0465,0.1116
2.2,3.5,2.7,4.1,4.5,10.6,16.7,37.0,4.2,-0.5945,0.521,-0.2579,-0.4422,-0.1408,0.1017,0.1605,0.1887
2.2,3.8,3.3,2.1,3.8,13.7,18.6,20.8,17.9,-0.2834,-0.3542,-0.2047,0.2061,0.2291,-0.0724,-0.7018,0.3514
2.2,3.6,3.1,1.3,2.8,14.7,12.0,7.3,17.8,-0.2254,0.4312,-0.0623,0.2684,-0.3194,0.3166,-0.4745,-0.4938
2.2,1.9,3.2,3.2,4.1,20.0,16.9,34.1,27.5,-0.9499,0.2682,0.0071,0.0686,0.0026,-0.0398,0.0213,0.0933
2.2,2.3,1.9,1.9,3.8,11.3,2.1,17.7,16.4,-0.0032,0.1325,-0.1046,-0.5806,-0.5975,0.1356,-0.4763,0.1356
2.2,3.1,1.1,1.3,2.3,8.1,12.9,41.9,33.5,-0.5168,0.1531,-0.3319,0.3213,0.3741,-0.2614,-0.2758,0.4431
2.2,3.9,2.7,2.4,3.1,15.5,16.6,33.8,15.8,-0.8535,-0.0365,-0.1167,0.26,0.1413,-0.1757,-0.0931,0.3355
2.2,2.7,2.2,1.6,4.9,9.0,21.4,28.0,15.4,0.0451,-0.0492,-0.0493,0.0372,0.0395,0.042,-0.7267,-0.6471
2.2,4.9,2.4,3.8,4.4,13.6,2.0,19.1,13.5,-0.3247,-0.2502,-0.2537,-0.4615,-0.4684,0.2712,-0.3232,0.3716
2.2,2.8,4.6,3.9,3.6,20.8,15.2,27.7,20.6,-0.9259,0.3641,-0.0007,0.0136,0.0019,-0.0068,0.0085,0.0247
2.2,4.1,3.7,2.6,1.8,9.7,18.2,33.8,40.4,-0.9451,0.1111,0.0204,0.1596,0.0076,-0.0898,0.0068,0.2156
2.2,3.6,2.2,1.5,3.8,21.0,20.9,20.8,27.6,-0.7161,0.6913,0.0023,0.0034,-0.0004,-0.0007,0.01,0.0111
2.2,4.5,4.1,4.1,3.1,17.9,4.1,30.8,36.2,-0.941,0.1873,-0.0572,0.1915,0.0719,-0.1236,-0.0093,0.1102
2.2,1.9,2.6,2.9,2.5,3.6,2.4,32.9,5.9,-0.2219,0.3337,0.1635,-0.5599,-0.5513,0.0866,-0.3935,0.154
2.2,5.0,3.9,2.9,1.8,6.7,6.6,38.3,6.2,-0.5401,-0.1416,-0.0618,-0.2465,-0.0741,0.7128,-0.2806,-0.0986
2.2,4.4,4.2,1.5,3.9,14.5,4.6,15.1,35.7,-0.6134,0.3589,-0.3768,0.1612,0.4344,0.2471,-0.2447,-0.0671
2.2,1.6,2.1,3.8,2.1,3.4,5.5,36.2,36.5,-0.4651,0.0574,-0.4848,0.0271,0.5011,0.0496,-0.5077,0.1474
2.2,4.2,2.8,4.3,3.7,3.6,19.5,10.5,21.8,-0.5152,-0.011,-0.046,-0.0251,-0.0239,0.1741,0.0158,-0.8299
2.2,2.9,4.1,2.7,4.9,21.7,11.0,33.4,9.7,-0.8148,0.5666,0.0453,-0.0339,-0.0585,-0.0064,0.0002,0.006
2.2,3.2,4.6,3.3,4.2,17.9,4.1,16.7,18.6,-0.8841,-0.0728,-0.2064,-0.0224,-0.0071,0.3343,-0.0274,0.2012
2.2,4.0,3.9,2.1,4.6,19.8,13.7,36.8,29.1,-0.8329,0.542,0.0157,0.0502,-0.003,-0.0274,0.0216,0.0372
2.2,1.2,2.7,3.2,3.8,6.2,8.8,39.3,26.7,-0.444,0.219,-0.4351,-0.1579,0.4547,0.2292,-0.5187,0.0265
2.2,1.5,1.8,3.5,1.9,12.7,12.8,29.7,29.0,-0.4398,-0.1983,-0.4393,-0.0011,0.4422,0.112,-0.5511,0.2197
2.2,4.9,3.7,1.1,5.0,19.7,3.5,34.9,13.7,-0.6355,0.7394,-0.1501,0.0815,-0.0143,0.1072,0.021,0.0032
2.2,1.5,3.2,2.2,3.6,21.7,12.3,22.1,27.0,-0.8453,0.516,-0.0128,0.045,0.0183,-0.0215,0.0097,0.0211
2.2,3.7,4.7,3.5,1.7,21.2,7.6,10.4,23.9,-0.9092,0.4016,0.0019,-0.0021,-0.0029,-0.0058,0.0116,0.0308
2.2,4.8,3.1,2.8,2.9,21.4,9.1,7.6,28.5,-0.8412,0.5293,0.0077,-0.0067,-0.0134,-0.0225,0.0132,0.0246
2.2,4.1,4.5,2.8,3.7,8.3,20.5,35.7,14.4,-0.0591,-0.1649,-0.0189,0.013,0.0211,-0.0037,-0.9296,0.28
2.2,4.9,2.9,1.5,1.8,19.6,13.3,23.0,8.0,-0.7743,0.6044,-0.0924,0.0734,0.0926,0.0561,0.0096,0.02
2.2,2.8,3.4,4.5,1.9,3.9,4.5,34.3,39.3,-0.4899,0.0507,-0.4843,0.0919,0.5014,0.0146,-0.4887,0.1094
2.2,2.0,3.4,1.7,1.1,11.3,2.3,4.6,20.8,-0.4272,0.251,-0.3866,-0.0475,-0.4038,-0.0564,-0.0096,-0.6554
2.2,1.1,1.6,3.4,4.8,4.2,16.4,35.1,10.0,-0.2038,0.4514,-0.4266,-0.4868,-0.3368,0.2442,0.355,0.0851
2.2,1.9,1.9,1.8,1.9,19.4,5.3,24.5,13.8,-0.8965,0.2584,-0.2291,0.0607,0.0551,0.2194,0.0223,0.0801
2.2,1.5,1.8,3.9,2.3,17.9,18.9,43.7,8.2,-0.6544,-0.1241,-0.1676,0.1872,0.1679,-0.1862,-0.2278,0.5872
2.2,4.2,3.3,1.7,4.5,9.5,15.6,23.2,6.4,-0.5528,0.542,-0.2726,-0.5089,-0.0468,0.177,0.0075,0.1524
2.2,2.7,3.3,1.6,3.5,3.6,6.0,20.3,30.7,-0.2599,0.0233,-0.6349,0.0442,0.0384,0.6043,-0.0226,-0.3817
2.2,1.5,2.0,1.6,2.7,15.6,11.9,21.6,12.0,-0.1873,0.023,-0.5823,-0.5097,-0.371,0.4316,-0.0034,0.1506
2.2,3.3,3.8,3.6,1.7,6.2,3.8,7.2,20.1,-0.3724,0.1271,-0.4015,0.0096,-0.4304,-0.0137,0.2444,-0.6574
2.2,2.2,3.1,1.7,2.1,19.2,13.8,14.9,9.8,-0.8526,0.1445,-0.2716,0.033,0.167,0.3364,-0.0245,0.1079
2.2,3.9,2.9,4.2,4.1,15.7,6.1,34.6,38.2,-0.8729,0.058,-0.0987,0.3086,0.1229,-0.2184,-0.0786,0.2288
2.2,1.3,2.4,1.3,2.0,20.8,19.8,22.5,19.8,-0.8556,0.4905,0.0201,0.0387,-0.0039,-0.0139,0.0339,0.066
2.2,4.0,4.3,1.4,2.9,8.5,6.4,14.3,42.0,-0.4241,0.4065,-0.3062,0.2764,0.3771,0.3328,-0.3527,-0.308
2.2,4.7,2.6,1.7,2.1,5.9,8.2,32.9,16.6,-0.3958,-0.1394,-0.349,-0.1757,0.1794,0.6649,-0.3908,-0.1679
2.2,4.8,4.6,2.2,2.3,7.7,11.9,7.9,9.3,-0.1821,0.6789,-0.3312,-0.2052,-0.4226,-0.2439,0.2422,-0.2193
2.2,3.2,1.3,2.1,3.4,20.8,11.3,7.0,31.3,-0.8711,0.4534,-0.013,0.004,0.0185,0.0388,0.0491,0.1069
2.2,4.1,4.4,4.8,3.3,20.7,3.9,6.7,21.7,-0.9521,0.2316,0.0001,-0.0013,-0.0015,-0.0021,0.0196,0.12
2.2,3.8,1.5,4.8,3.2,15.1,9.6,43.8,10.7,-0.7942,0.1947,-0.2751,-0.2271,0.2756,0.2287,-0.1036,0.239
2.2,2.2,1.2,1.6,2.9,18.0,20.7,5.1,19.8,-0.5741,0.5902,0.0697,0.0594,-0.0389,0.0477,-0.3898,-0.3815
2.2,4.0,3.5,2.2,4.8,2.6,12.5,10.2,8.2,-0.4722,0.7013,-0.0013,-0.2346,-0.2694,-0.3092,-0.136,-0.1963
2.2,1.6,3.5,4.5,4.3,7.4,12.1,21.9,16.2,-0.1153,-0.1476,-0.1333,-0.2185,-0.4776,0.6332,0.0157,-0.5015
2.2,3.2,4.3,1.5,4.8,18.6,10.1,37.0,38.6,-0.804,0.5437,0.0822,0.165,-0.021,-0.0833,0.0354,0.0828
2.2,3.4,1.7,3.7,3.8,12.2,3.0,33.6,32.0,-0.6484,0.0841,-0.4588,0.0418,0.4763,0.0912,-0.321,0.1095
2.2,2.9,3.6,2.3,3.5,16.2,4.6,15.7,13.1,-0.3594,-0.2096,-0.3119,-0.4574,-0.3908,0.296,-0.2977,0.4091
2.2,4.7,3.0,4.8,2.7,14.0,19.8,7.0,36.2,-0.8115,0.3704,0.1032,-0.0675,-0.098,0.1202,-0.184,-0.3506
2.2,3.6,3.7,1.5,1.5,12.4,10.5,29.0,36.7,-0.7927,0.0309,-0.1412,0.3895,0.1993,-0.2078,-0.1296,0.2938
2.2,1.3,2.4,2.6,3.4,21.9,16.4,11.7,40.3,-0.8821,0.4412,0.002,0.0485,0.004,-0.0258,0.0142,0.0407
2.2,3.7,3.3,3.0,4.9,2.6,21.1,7.5,20.8,-0.3127,-0.0781,0.0012,-0.0042,-0.002,-0.0054,0.249,-0.9035
2.2,4.3,3.8,1.3,2.8,6.8,8.0,36.0,42.1,-0.562,0.1784,-0.1184,0.5444,0.265,-0.3032,-0.2529,0.3182
2.2,2.9,1.4,5.0,3.8,10.4,18.7,4.2,14.4,-0.2294,-0.0004,-0.3371,0.105,-0.3418,0.0981,0.5905,-0.5717
2.2,2.6,2.8,1.4,1.9,20.6,12.0,42.9,14.4,-0.7353,0.6599,-0.019,0.0701,0.0267,-0.0604,0.0381,0.0513
2.2,5.0,3.8,1.3,1.5,20.5,19.5,4.0,43.9,-0.5869,0.7973,0.0204,0.0128,-0.0009,0.0066,-0.0949,-0.0711
2.2,4.2,3.5,1.2,4.3,10.5,9.6,28.0,39.4,-0.5661,0.1494,-0.1312,0.581,0.2884,-0.2535,-0.2628,0.2652
2.2,1.7,2.9,4.4,5.0,3.1,9.4,4.8,37.9,-0.6142,0.0922,-0.2498,0.3188,-0.2654,0.2988,0.1927,-0.4963
2.2,2.0,2.1,4.7,1.3,12.8,9.6,37.3,18.3,-0.5435,-0.2168,-0.3636,-0.0719,0.3675,0.093,-0.433,0.4196
2.2,1.4,2.1,2.3,3.7,16.4,13.9,36.1,12.6,-0.6488,0.1157,-0.3118,-0.1429,0.2895,0.504,-0.2722,-0.1362
2.2,4.7,4.4,2.6,4.9,21.4,15.5,14.8,14.8,-0.8038,0.5853,0.024,-0.0419,-0.0333,0.021,0.0029,0.0077
2.2,1.3,1.2,3.4,1.3,12.3,6.2,12.6,31.6,-0.2309,0.1952,0.11,0.1045,-0.337,0.229,-0.583,-0.6045
2.2,1.9,4.5,2.8,3.4,2.1,14.5,9.0,18.6,0.1601,0.4174,-0.2375,0.0434,-0.4216,-4.3286e-05,0.5746,-0.4705
2.2,4.9,2.3,1.4,2.9,4.5,16.7,27.6,8.4,-0.17,0.7247,-0.4406,-0.4271,-0.0822,0.1535,0.1376,0.0718
2.2,2.4,3.3,3.6,3.1,8.4,6.7,23.3,25.3,-0.4691,-0.1556,-0.2067,-0.2982,0.0752,0.6502,-0.3986,-0.1575
2.2,1.4,1.7,3.4,2.4,14.8,6.3,11.9,17.6,-0.2476,0.2861,-0.2466,0.1153,-0.5199,0.075,-0.2183,-0.6686
2.2,4.9,2.9,4.0,3.9,14.6,17.1,38.8,44.0,-0.8937,0.3285,0.065,0.2247,-0.0103,-0.1184,0.011,0.1149
2.2,2.2,2.9,3.5,1.7,15.6,15.4,34.2,24.1,-0.8514,-0.1922,-0.0898,0.1512,0.0973,-0.1145,-0.1242,0.3966
2.2,4.1,4.1,2.3,4.9,3.9,2.3,36.1,33.9,-0.5159,0.3093,-0.4141,0.0665,0.4692,0.2143,-0.4165,-0.1098
2.2,3.0,4.5,1.0,4.2,16.5,8.7,25.2,20.9,-0.6206,0.3329,-0.4122,0.2921,0.3782,0.2559,-0.1497,-0.037
2.2,3.2,2.8,1.5,3.6,12.0,2.1,28.3,21.1,-0.5571,0.0281,-0.6192,-0.011,-0.0298,0.5385,0.0234,-0.0188
2.2,3.6,3.8,5.0,3.0,9.8,11.0,13.8,31.3,-0.3389,0.0339,0.2646,-0.2056,-0.3305,0.4615,-0.5873,-0.2927
2.2,4.6,1.2,4.7,4.7,8.1,2.8,43.6,10.5,-0.7636,0.1585,-0.0478,-0.3773,0.0527,0.3916,-0.145,0.2504
2.2,4.4,1.4,2.2,1.8,5.6,7.6,33.1,41.6,-0.4752,0.1042,-0.4072,0.3516,0.4735,-0.0995,-0.4525,0.1471
2.2,2.8,2.6,1.5,2.5,19.4,12.7,38.0,12.0,-0.791,0.5145,-0.161,0.1439,0.1961,-0.0718,0.0017,0.0868
2.2,2.8,4.8,1.9,3.5,13.1,20.3,38.3,32.2,-0.935,0.2263,0.0085,0.0246,-0.002,-0.014,0.0571,0.2451
2.2,1.6,2.7,2.4,4.3,14.8,11.5,30.3,28.0,-0.5086,0.0283,-0.4855,0.1231,0.5017,0.1361,-0.4501,0.043
2.2,3.3,2.0,2.1,1.7,10.5,17.3,41.5,43.4,-0.8537,0.3188,0.0436,0.2503,-0.0073,-0.1955,0.0246,0.2286
2.2,1.7,1.4,3.7,1.4,20.4,18.3,4.1,19.5,-0.7907,0.4812,0.0057,0.0285,-0.0077,0.017,-0.187,-0.3069
2.2,1.6,2.9,4.6,2.9,21.0,18.6,28.3,43.1,-0.9544,0.2574,0.0293,0.0987,-0.0041,-0.0309,0.0081,0.0479
2.2,1.9,3.7,2.6,1.8,7.4,7.8,35.1,25.5,-0.3695,-0.0289,-0.4287,-0.1199,0.444,0.2313,-0.6102,0.1694
2.2,2.5,1.3,3.6,1.1,19.2,14.3,36.6,32.6,-0.9622,0.2041,-0.0228,0.0726,0.0272,-0.0568,0.0194,0.1218
2.2,2.8,2.2,4.2,2.8,5.6,17.2,13.8,23.7,-0.4238,0.0537,0.1185,-0.1324,-0.2329,0.3848,-0.2768,-0.7034
2.2,2.4,5.0,3.5,1.6,4.6,20.5,36.4,24.7,-0.2263,-0.3303,-0.0066,0.0057,0.007,-0.0033,-0.7557,0.502
2.2,1.8,1.6,2.7,1.9,2.4,5.2,16.7,6.6,-0.3006,0.5432,0.0968,-0.3811,-0.3461,-0.4208,-0.1987,-0.3436
2.2,1.9,1.4,2.3,4.3,18.6,11.3,20.2,41.6,-0.6683,0.0587,-0.1815,0.4966,0.2623,-0.2407,-0.2402,0.2501
2.2,1.4,1.3,2.5,2.9,19.3,11.0,37.2,28.8,-0.8885,0.191,-0.1505,0.2138,0.1695,-0.1558,-0.027,0.1982
2.2,1.0,4.6,4.2,4.0,14.4,5.3,23.9,13.4,0.0298,-0.0672,-0.2046,-0.3601,-0.7578,0.4339,-0.1811,-0.0849
2.2,2.7,2.9,1.9,3.8,2.7,4.3,37.3,15.3,-0.2639,-0.0987,-0.4308,-0.1612,-0.2218,0.7651,0.0112,-0.2122
2.2,1.7,2.6,1.0,1.2,12.9,3.6,27.2,30.0,-0.6559,-0.0375,-0.457,0.0963,0.3866,0.3402,-0.2294,0.1299
2.2,2.8,1.2,2.5,2.4,18.0,19.0,6.6,32.9,-0.3101,0.5358,0.1825,0.0196,-0.1653,0.0926,-0.653,-0.3085
2.2,4.1,2.2,4.8,4.9,2.0,7.0,30.2,25.9,-0.6496,0.055,-0.2314,-0.2525,0.184,0.5281,-0.2912,-0.2257
2.2,3.1,2.8,3.1,4.5,21.9,9.0,29.3,36.1,-0.823,0.5543,-0.0295,-0.0695,0.0044,0.0243,0.0017,0.0058
2.2,2.9,1.5,1.5,3.1,10.6,8.6,19.5,28.2,-0.503,-0.0343,-0.5352,0.0192,0.1755,0.6061,-0.1546,-0.1502
2.2,4.4,2.2,3.9,2.6,2.9,14.2,9.0,12.9,-0.1015,0.5536,-0.3367,-0.1574,-0.4248,-0.2128,0.5047,-0.2331
2.2,2.7,2.5,1.8,3.6,7.5,3.7,6.3,10.0,-0.466,0.504,-0.097,-0.3761,-0.1808,-0.4139,-0.0668,-0.4064
2.2,3.4,3.2,3.1,2.4,20.2,16.3,42.3,7.7,-0.8935,0.4299,-0.0028,0.0403,0.0049,-0.0358,0.0314,0.0716
2.2,3.1,4.8,4.4,4.2,15.1,4.7,43.7,31.0,-0.8309,0.0935,-0.1795,0.2306,0.1815,-0.2257,-0.0653,0.3438
2.2,2.1,4.5,3.7,3.1,10.7,9.5,17.8,4.0,-0.4023,0.5006,0.2603,-0.2724,-0.4442,-0.2513,-0.371,-0.2013
2.2,4.3,3.2,2.6,2.2,17.0,18.7,5.7,24.4,-0.7289,0.5431,0.0301,0.0311,-0.0193,0.0136,-0.2428,-0.3263
2.2,4.2,3.0,3.5,4.3,7.5,19.8,33.8,8.3,-0.4369,0.2686,-0.0902,0.0076,0.0779,0.1385,-0.4373,-0.6964
2.2,1.6,4.8,3.7,3.0,20.2,20.5,39.2,19.1,-0.9566,0.2398,0.0001,0.0013,3.0554e-05,-0.0007,0.0296,0.1282
2.2,1.1,4.6,1.5,3.8,21.6,2.6,35.3,15.6,-0.7862,0.5719,-0.104,0.0682,0.0983,0.1087,0.0104,0.0194
2.2,3.3,2.7,1.6,3.8,6.5,14.6,23.5,38.4,-0.4091,0.0342,-0.3583,0.4566,0.4501,-0.091,-0.494,0.1439
2.2,1.2,1.6,3.7,3.7,7.8,8.2,25.6,41.9,-0.5069,0.2659,-0.4146,0.1132,0.4289,0.2488,-0.4209,-0.2323
2.2,1.3,3.4,4.8,4.5,8.5,2.1,32.4,28.8,-0.6679,0.1015,-0.3084,-0.2419,0.3044,0.4204,-0.3131,-0.1183
2.2,3.7,4.8,4.7,3.9,6.9,12.0,22.0,32.5,-0.4638,0.1281,-0.3911,-0.1454,0.3782,0.354,-0.5047,-0.2428
2.2,2.4,1.8,1.9,1.7,20.0,4.0,7.4,24.2,-0.8622,0.0194,-0.0725,-0.0025,-0.0116,0.1462,-0.0143,0.4206
2.2,1.7,3.2,3.3,4.3,9.8,8.0,29.8,15.3,-0.2759,-0.1839,-0.3919,-0.2305,-0.3009,0.7166,0.0066,-0.245
2.2,3.4,1.5,2.3,2.5,16.7,6.0,20.3,10.2,-0.7641,-0.0448,-0.4176,-0.2619,-0.1925,0.216,0.011,0.2686
2.2,1.6,3.5,4.9,4.6,20.0,14.8,30.5,40.9,-0.9584,0.1392,0.0133,0.1778,0.0094,-0.0921,-0.0032,0.1117
2.2,4.5,1.2,1.9,1.8,18.0,20.9,36.0,16.6,-0.8907,0.4353,0.0109,0.0289,-0.0029,-0.0141,0.0378,0.0807
2.2,2.4,4.3,3.1,1.2,6.7,17.5,25.5,11.4,-0.1978,0.1505,-0.1244,-0.011,0.0989,0.1381,-0.614,-0.7093
2.2,3.5,1.1,4.5,4.4,13.2,13.0,33.0,25.1,-0.6475,0.0054,-0.4479,-0.0615,0.4553,0.1704,-0.3353,0.1279
2.2,3.9,1.2,2.6,5.0,21.5,9.1,8.8,35.6,-0.8059,0.5772,0.0307,-0.0005,-0.0504,-0.0388,0.003,0.0108
2.2,2.4,1.9,3.7,3.5,11.6,19.8,24.4,43.4,-0.9005,0.2693,0.0396,0.2633,0.0127,-0.1119,-0.0098,0.0924
2.2,3.4,1.3,3.7,1.3,15.7,3.1,17.7,8.0,-0.1439,-0.3206,-0.1299,-0.2074,-0.4542,0.3214,-0.6492,0.2359
2.2,4.6,2.8,3.4,4.6,5.5,3.2,41.3,28.5,-0.5431,0.2842,-0.4488,-0.125,0.4658,0.1704,-0.3766,0.0969
2.2,3.0,2.5,3.2,1.5,15.3,3.2,7.5,22.0,-0.6446,0.3734,-0.1283,0.1373,-0.187,0.1063,-0.2528,-0.5405
2.2,1.0,2.6,4.7,1.5,19.7,10.4,18.3,26.7,-0.7406,-0.3362,-0.135,-0.1739,0.1215,0.2626,-0.2512,0.3351
2.2,2.8,4.2,4.3,4.5,16.3,6.6,9.6,36.0,-0.5493,-0.1341,0.1223,-0.2762,-0.1603,0.598,-0.3931,0.1111
2.2,2.8,4.3,1.3,2.1,4.5,9.8,24.7,9.5,-0.0298,0.4592,-0.3236,-0.6703,-0.3558,0.2722,-0.0288,0.1446
2.2,3.0,4.2,2.9,4.3,4.7,6.3,5.2,40.8,-0.2468,0.1039,0.1715,0.2051,-0.5314,0.5208,-0.2669,-0.3648
2.2,3.6,3.7,3.5,4.8,7.0,9.9,38.8,29.7,-0.4372,0.0669,-0.4707,0.1112,0.493,-0.0355,-0.5155,0.2165
2.2,3.1,1.5,3.0,2.0,21.4,20.6,35.4,12.5,-0.8677,0.4889,-0.0011,-0.0019,0.0003,0.0008,0.0069,0.0136
2.2,4.2,3.4,3.9,4.3,12.5,21.4,24.5,17.3,-0.3768,-0.4806,0.0187,-0.0403,-0.0247,0.0203,-0.6197,0.4613
2.2,3.7,2.0,1.2,2.4,5.6,13.0,8.0,32.9,-0.0974,0.1269,0.054,0.0959,-0.3985,0.5784,-0.3839,-0.5498
2.2,1.9,2.8,3.2,3.6,16.9,20.0,9.7,21.8,-0.555,0.4216,-0.0475,-0.043,0.052,0.1008,-0.4304,-0.5454
2.2,4.1,2.0,4.2,1.2,7.0,14.0,43.8,25.7,-0.6249,-0.2165,-0.1691,0.1245,0.1694,-0.1236,-0.2884,0.6161
2.3,4.4,1.9,3.3,4.0,18.0,17.7,18.5,32.5,-0.9367,0.3072,0.0044,0.0991,0.0095,-0.0546,0.0189,0.0804
2.3,4.4,1.4,1.4,4.9,9.6,19.7,34.5,11.2,-0.1299,0.1094,-0.2646,0.1743,0.1898,0.2958,-0.4754,-0.674
2.3,3.8,1.3,2.4,1.5,14.9,10.4,39.7,19.8,-0.8834,0.2217,-0.1646,0.1326,0.1722,-0.1182,0.0165,0.2702
2.3,2.0,2.8,4.6,2.7,4.2,18.0,17.8,37.5,-0.3453,-0.2323,-0.3407,0.2241,0.3542,-0.0931,-0.6409,0.2518
2.3,2.3,4.9,4.5,4.2,12.1,17.8,28.2,18.9,-0.2002,-0.3712,-0.1,0.0789,0.1058,-0.0379,-0.7962,0.3652
2.3,2.4,4.1,1.4,1.8,7.4,4.3,19.0,8.5,0.0541,0.364,-0.0361,-0.5635,-0.5785,-0.0571,-0.4384,-0.0785
2.3,4.1,1.5,3.1,3.6,4.8,14.5,7.0,30.2,-0.4763,0.18,-0.115,0.2943,-0.2471,0.2364,-0.0602,-0.7149
2.3,4.5,1.9,1.3,2.6,6.9,11.4,32.5,13.6,-0.2738,-0.0582,-0.5649,-0.0144,0.0675,0.6927,-0.0944,-0.293
2.3,4.2,4.6,4.4,2.0,4.6,16.5,22.7,16.2,-0.2913,0.2453,-0.107,-0.037,0.0944,0.1317,-0.6111,-0.6567
2.3,1.7,4.6,4.5,4.3,9.3,13.6,34.8,43.5,-0.8339,0.2806,0.0391,0.3746,0.0468,-0.1974,-0.0331,0.1625
2.3,3.8,1.8,3.7,4.7,20.6,7.1,40.1,9.1,-0.8412,0.5271,0.0568,0.0033,-0.0653,-0.0201,-0.0009,0.0075
2.3,2.1,4.8,2.2,3.5,12.3,15.1,22.8,38.8,-0.8485,0.0982,0.0111,0.3793,0.0663,-0.1972,-0.0634,0.249
2.3,4.0,2.5,4.2,4.8,20.3,21.6,29.7,9.1,-0.88,0.4676,0.0062,0.0088,-0.0003,-0.0006,0.003,0.0066
2.3,1.2,1.0,3.2,3.2,19.9,12.7,17.1,39.2,-0.8734,0.1225,-0.0695,0.3234,0.1047,-0.1857,-0.0633,0.1818
2.3,1.4,2.7,3.6,4.5,8.2,8.2,8.7,24.5,-0.2418,0.2934,-0.4041,0.132,-0.5312,0.066,0.2536,-0.561
2.3,4.4,3.4,3.2,4.4,9.5,16.9,30.0,37.8,-0.9227,0.1661,0.0272,0.2397,0.0155,-0.1305,-0.0037,0.1829
2.3,1.3,4.8,1.1,3.1,5.7,8.9,39.0,21.2,-0.3221,0.3973,-0.3671,-0.0053,0.4646,0.207,-0.5709,-0.0353
2.3,4.9,3.3,2.7,2.5,12.9,12.8,34.0,32.5,-0.9203,0.1246,-0.0285,0.2123,0.0528,-0.1483,-0.0047,0.2429
2.3,4.1,3.7,2.9,4.3,20.4,18.9,24.9,43.1,-0.8226,0.5626,0.0103,0.0205,-0.0018,-0.0057,0.0046,0.0076
2.3,2.0,3.2,2.5,4.4,16.1,18.6,9.3,16.3,-0.5542,0.3716,-0.0643,-0.0734,0.0747,0.1966,-0.4109,-0.5605
2.3,2.6,3.2,4.5,2.4,18.8,6.4,25.5,15.9,-0.9664,0.1698,-0.0913,-0.0068,0.0909,0.0593,0.0043,0.0862
2.3,4.5,3.0,3.7,3.3,13.9,16.5,15.9,38.8,-0.7126,-0.0586,-0.2048,0.3974,0.2446,-0.2411,-0.2406,0.3016
2.3,3.8,4.0,3.0,1.2,15.3,2.9,30.5,31.3,-0.9174,0.0992,-0.208,0.1165,0.2191,-0.0397,-0.0368,0.182
2.3,1.9,1.6,1.7,3.4,8.4,2.9,27.5,37.9,-0.4111,0.2706,-0.4157,0.3195,0.4773,0.1807,-0.4367,-0.139
2.3,2.0,4.1,3.6,3.8,17.1,7.0,20.3,13.5,-0.7218,-0.2353,-0.2619,-0.1189,-0.0144,0.5225,-0.1392,0.1673
2.3,3.9,1.9,3.5,1.9,11.3,18.4,18.0,10.7,-0.2612,0.2082,-0.1784,-0.0793,0.1566,0.2302,-0.6514,-0.5728
2.3,2.3,2.8,4.6,3.1,9.4,8.6,35.1,36.6,-0.6408,-0.0638,-0.3215,0.301,0.34,-0.2339,-0.3184,0.3294
2.3,2.4,4.7,3.1,4.1,7.2,18.2,24.3,15.2,-0.1706,0.1445,-0.0874,0.0245,0.0745,0.0889,-0.6343,-0.7126
2.3,3.3,2.6,3.6,2.5,4.4,20.9,20.0,14.8,-0.258,0.1677,0.0261,-0.0158,-0.0246,-0.0341,-0.5143,-0.7907
2.3,1.3,2.0,2.0,2.2,17.3,7.8,6.0,36.1,-0.2248,0.3529,0.2535,0.0912,-0.2896,0.3414,-0.6657,-0.2678
2.3,3.9,1.1,3.9,3.3,16.3,19.5,25.7,37.2,-0.9603,0.1842,0.0121,0.1292,0.0061,-0.0656,0.0116,0.117
2.3,2.8,1.9,2.0,1.6,16.7,20.1,8.0,11.4,-0.273,0.514,-0.0504,-0.0106,0.0611,0.0448,-0.7075,-0.3549
2.3,1.7,1.9,3.0,4.9,11.4,11.1,26.0,30.3,-0.52,0.1322,-0.4509,0.0181,0.4342,0.3263,-0.4136,-0.1755
2.3,3.4,4.0,3.5,3.3,12.1,20.7,34.9,20.2,-0.8694,-0.1569,-0.0026,-0.0345,-0.0036,0.0223,-0.0849,0.4464
2.3,4.8,2.0,1.2,1.0,14.3,12.6,34.5,21.2,-0.8571,0.4171,-0.0378,0.1808,0.071,-0.1199,0.0477,0.1597
2.3,1.9,3.8,1.1,1.9,13.1,18.3,17.0,15.3,0.0117,-0.1315,-0.1079,0.1062,0.1355,0.033,-0.9339,-0.1985
2.3,4.8,3.6,4.1,3.2,20.8,20.8,26.9,16.5,-0.8577,0.5077,0.0035,0.0053,-0.0003,-0.0005,0.0008,0.0018
2.3,3.5,3.0,2.5,2.4,2.6,6.1,5.0,39.4,-0.2659,0.2625,0.0359,0.3452,-0.4778,0.3832,-0.1622,-0.543
2.3,4.4,1.8,4.9,1.3,4.0,13.4,14.9,5.7,-0.0636,0.5562,-0.2588,-0.1509,-0.5571,-0.2398,0.3607,-0.2914
2.3,2.9,4.5,4.5,3.9,13.0,8.0,42.2,33.8,-0.8452,0.1,-0.0967,0.235,0.098,-0.2321,-0.0333,0.3715
2.3,3.1,2.6,1.1,2.7,12.2,12.7,24.8,25.2,-0.5361,0.0146,-0.3732,0.3883,0.4524,-0.0755,-0.3702,0.2358
2.3,3.1,2.2,2.1,3.5,16.6,6.6,22.8,39.4,-0.7923,0.1811,-0.0262,0.4474,0.1164,-0.2295,-0.0872,0.2245
2.3,4.8,1.7,5.0,1.1,2.5,18.8,29.1,22.7,-0.0506,0.1284,-0.1008,-0.0129,0.1013,0.0452,-0.9393,-0.2472
2.3,1.1,2.3,2.6,1.4,6.9,20.3,7.2,14.8,-0.0969,-0.03,-0.0173,0.0065,-0.0076,0.0205,0.3284,-0.9326
2.3,1.5,1.9,4.0,4.2,21.4,15.8,15.3,24.6,-0.8535,0.4886,0.0687,-0.0657,-0.0833,0.0212,-0.0071,0.004
2.3,3.6,1.2,1.3,2.6,19.3,20.5,36.6,4.8,-0.7002,0.7023,0.0253,0.0358,-0.0076,-0.0152,0.0292,0.0322
2.3,4.2,3.2,3.5,2.6,8.2,15.3,10.9,6.8,-0.0358,0.706,-0.1607,-0.1556,-0.5374,-0.1807,0.2967,-0.1545
2.3,3.3,4.7,1.3,1.7,3.4,13.0,16.0,39.4,-0.2938,0.1743,-0.3767,0.3333,0.4934,0.049,-0.6013,-0.0249
2.3,4.3,3.0,4.5,2.2,15.1,15.4,15.2,36.3,-0.5723,-0.1189,-0.429,0.1546,0.4407,-0.0485,-0.4113,0.2481
2.3,4.9,2.0,4.8,4.2,18.3,18.7,32.2,17.1,-0.9527,0.2875,0.0022,0.019,0.0002,-0.0105,0.0155,0.0554
2.3,1.1,1.6,1.0,3.7,6.8,8.1,18.3,28.7,-0.0998,0.2308,-0.7729,0.0625,-0.0588,0.4757,0.1367,-0.2695
2.3,4.3,1.2,1.6,3.5,18.7,3.1,40.0,39.8,-0.7343,0.6623,0.0543,0.0767,-0.0228,-0.0423,0.0378,0.0497
2.3,3.9,2.6,1.4,4.0,6.2,4.8,36.6,39.3,-0.4104,0.27,-0.2631,0.4733,0.4065,-0.2562,-0.3821,0.2729
2.3,1.1,4.4,1.6,3.2,8.8,6.1,7.8,38.5,-0.5606,0.1962,-0.3168,0.2066,0.0753,0.5761,0.0308,-0.3839
2.3,1.6,3.8,3.1,4.9,20.9,18.8,39.0,8.2,-0.8537,0.5096,-0.0016,-0.0017,0.0007,0.0008,0.0103,0.0201
2.3,2.6,4.6,3.9,3.4,3.1,19.7,40.9,32.5,-0.9043,0.0468,-0.0014,-0.0012,0.0012,0.0012,0.0175,0.4085
2.3,4.5,2.0,1.9,2.1,5.9,13.9,4.8,35.6,-0.6264,0.2989,-0.0207,0.2812,-0.0967,0.2557,-0.1535,-0.5765
2.3,2.6,2.7,4.9,4.6,16.4,19.5,32.1,13.8,-0.9153,-0.1567,-0.0047,0.0353,0.0074,-0.0228,-0.0652,0.3397
2.3,4.5,2.9,1.8,4.1,2.4,21.5,6.6,6.9,-0.0723,0.9273,0.0879,0.0243,0.0501,0.0008,0.3362,0.0174
2.3,5.0,3.0,2.3,3.4,14.4,2.7,9.0,20.3,-0.1966,0.5021,-0.0913,0.128,-0.3892,0.1722,-0.6071,-0.3446
2.3,2.1,3.3,2.5,3.5,15.5,12.9,39.8,30.1,-0.8759,0.1773,-0.0344,0.212,0.0488,-0.1871,0.0169,0.3276
2.3,2.3,1.6,3.5,2.7,8.0,20.4,8.0,34.4,-0.608,0.4278,-0.0277,-0.021,0.0297,0.0627,-0.3791,-0.5295
2.3,1.0,1.9,4.0,2.2,8.3,11.6,26.6,10.2,-0.2687,-0.1586,-0.0065,-0.2306,-0.3203,0.6681,-0.2976,-0.4417
2.3,1.7,2.1,4.3,4.0,10.3,8.4,22.2,12.1,0.093,0.1499,-0.1475,-0.4201,-0.8189,0.2304,-0.1563,-0.0698
2.3,2.8,3.2,2.2,4.1,5.2,16.6,25.4,11.5,0.2786,0.5097,-0.488,-0.1403,-0.1594,0.2127,0.4322,-0.3451
2.3,3.2,1.5,2.2,1.0,15.2,13.3,14.5,36.9,-0.6792,0.0296,-0.4304,0.0582,0.4503,0.1286,-0.2751,0.1881
2.3,4.0,3.5,1.1,3.8,16.9,4.2,40.3,12.3,-0.6816,0.6621,-0.1324,0.0356,0.2218,0.1257,0.0125,0.0488
2.3,2.9,3.3,1.1,4.5,11.3,12.2,8.4,7.4,-0.2428,0.78,-0.0417,-0.2084,-0.373,-0.1817,-0.2885,-0.1584
2.3,1.4,4.7,3.8,4.3,7.3,19.4,19.2,12.9,-0.2146,0.022,-0.0129,0.005,-0.0005,0.0173,-0.0787,-0.9636
2.3,3.3,1.0,3.8,3.2,18.8,12.8,39.7,21.0,-0.9143,0.3724,-0.0314,0.0593,0.0337,-0.0537,0.0324,0.0939
2.3,1.9,3.9,4.0,1.8,19.1,16.0,37.4,37.2,-0.949,0.2739,0.0069,0.0481,-0.002,-0.0354,0.0294,0.1129
2.3,1.3,2.9,2.2,2.2,14.8,18.0,37.2,35.4,-0.9262,0.1793,0.0199,0.1138,-0.0016,-0.0815,0.0411,0.2773
2.3,3.2,3.8,4.9,2.5,6.8,3.2,21.0,8.2,-0.0106,0.4266,-0.1194,-0.2477,-0.7536,-0.1538,-0.2085,-0.3072
2.3,3.3,3.7,3.4,4.9,9.2,11.2,12.6,14.5,0.024,0.5478,-0.2256,-0.1283,-0.7052,-0.106,0.071,-0.3229
2.3,1.3,2.2,1.2,3.9,15.3,14.6,41.9,8.9,-0.6446,0.4388,-0.1913,-0.0535,0.3122,0.3965,-0.2037,-0.1428
2.3,4.5,1.0,4.8,2.4,7.2,13.8,35.8,13.4,-0.4625,0.1123,-0.307,-0.3585,0.315,0.408,-0.5192,0.0551
2.3,2.0,3.5,4.4,2.9,16.4,2.7,4.5,12.9,-0.7291,0.2847,-0.3163,-0.0999,-0.3282,-0.1133,0.0084,-0.3885
2.3,1.9,2.6,2.3,2.8,14.2,14.4,22.6,7.4,-0.1505,0.2998,-0.5665,-0.5295,-0.3259,0.3383,0.194,0.0665
2.3,3.1,1.4,3.4,3.8,11.2,15.5,5.3,21.9,-0.5853,0.1167,-0.1931,0.2408,-0.2162,0.2214,0.0354,-0.6652
2.3,1.9,1.6,3.6,2.7,18.2,7.8,38.8,8.3,-0.8942,0.2303,-0.1716,-0.1353,0.1821,0.1655,-0.0169,0.1727
2.3,2.4,2.4,1.6,3.5,3.0,21.6,9.7,40.3,-0.668,0.717,-0.0889,-0.0733,0.0106,0.0133,0.0145,0.0185
2.3,1.5,2.6,1.4,2.3,9.1,9.0,8.6,5.4,-0.3169,0.6099,-0.0132,-0.3568,-0.2981,-0.3791,-0.2145,-0.3401
2.3,1.9,4.5,1.7,2.9,10.3,8.9,17.5,27.9,-0.4233,-0.027,-0.4467,-0.0338,0.3198,0.5522,-0.3687,-0.2482
2.3,3.4,2.7,3.8,2.0,6.4,15.7,7.3,11.5,-0.0589,0.0863,-0.2501,0.1149,-0.3152,0.0754,0.5466,-0.7042
2.3,4.7,4.3,2.9,5.0,15.0,18.2,41.0,25.7,-0.9157,0.3396,0.0103,0.0338,-0.0058,-0.0263,0.0657,0.182
2.3,2.4,2.6,2.2,1.4,11.7,15.5,9.4,32.9,-0.3345,0.2095,0.1211,-0.2455,-0.1249,0.4682,-0.625,-0.3542
2.3,4.3,3.4,5.0,2.4,19.0,3.0,43.9,6.2,-0.9086,0.3855,-0.0434,-0.0202,0.0435,0.0204,0.0449,0.1113
2.3,3.3,3.2,1.7,1.3,13.7,7.5,35.6,37.9,-0.8353,0.2475,-0.0435,0.3253,0.0958,-0.2261,-0.0209,0.25
2.3,3.5,2.5,3.6,3.6,19.2,2.8,33.3,25.5,-0.9094,0.3956,-0.0429,0.0493,0.048,-0.0303,0.0133,0.0419
2.3,4.8,4.0,3.8,1.3,14.0,6.5,41.7,43.1,-0.8804,0.234,0.034,0.2489,-0.0038,-0.2,0.0071,0.2383
2.3,1.7,1.7,1.2,2.1,7.0,7.9,23.8,11.4,0.0575,0.2402,-0.3002,-0.6668,-0.5052,0.2598,-0.2215,0.1442
2.3,4.9,3.3,4.3,1.6,6.4,7.5,32.4,40.4,-0.5943,-0.0423,-0.3461,0.3503,0.3782,-0.2108,-0.3687,0.2567
2.3,2.8,3.5,4.0,4.2,12.4,20.5,16.3,43.4,-0.3809,0.8568,-0.0866,-0.0636,-0.0348,-0.0086,0.2086,0.0657
2.3,4.3,1.1,1.7,1.1,2.1,2.1,8.7,32.5,-0.1339,0.28,-0.304,0.1583,-0.5204,0.17,-0.0503,-0.6888
2.3,1.6,3.6,2.6,2.9,12.0,17.2,17.6,40.9,-0.8416,0.1566,0.0078,0.3849,0.0669,-0.2013,-0.0616,0.2059
2.3,4.6,1.4,3.0,2.4,11.2,9.4,7.3,41.6,-0.7433,0.3682,-0.0924,0.1482,0.1069,0.3531,-0.1173,-0.3492
2.3,1.3,4.8,2.8,4.8,5.4,3.9,27.9,15.2,-0.1467,0.2056,-0.4149,-0.6219,-0.4598,0.3465,0.0718,0.1644
2.3,4.8,1.5,3.2,2.2,16.3,19.4,5.8,9.0,-0.7839,0.4706,0.0328,0.0484,-0.0242,0.0246,-0.1996,-0.3361
2.3,4.7,3.5,2.4,2.2,2.4,17.8,12.7,25.3,-0.3119,0.1056,-0.0913,0.0135,0.0432,0.1583,-0.2961,-0.8701
2.3,3.2,4.6,4.1,1.4,5.2,18.8,41.3,23.0,-0.5359,-0.2727,-0.0148,0.0234,0.0153,-0.0222,-0.3642,0.7007
2.3,1.8,4.1,4.1,3.3,21.3,18.0,37.6,31.2,-0.8607,0.4946,-0.0073,-0.0147,0.0023,0.0062,0.0005,0.0025
2.3,3.0,2.3,3.1,1.0,21.8,21.4,12.7,27.3,-0.7912,0.6032,0.0048,0.0059,-0.0001,-0.0002,0.0002,0.0001
2.3,3.2,4.0,1.3,4.9,11.8,12.9,4.1,24.4,-0.4808,0.2848,-0.1236,0.3501,-0.1313,0.3468,-0.0749,-0.6275
2.3,2.6,3.0,2.9,2.6,7.7,7.2,24.7,42.0,-0.4115,0.2043,-0.4072,0.3625,0.4906,0.0081,-0.4873,-0.0052
2.3,1.6,2.7,1.5,2.8,18.5,22.0,19.6,26.0,-0.9153,0.3515,-0.0286,-0.0362,0.0041,0.0107,0.048,0.1349
2.3,4.2,2.6,4.2,4.1,13.4,15.5,11.2,9.8,-0.221,0.1969,-0.0657,0.2466,-0.5162,0.2288,-0.1816,-0.6863
2.3,2.5,4.5,1.5,4.2,8.4,6.7,42.9,20.7,-0.4153,0.5248,-0.417,-0.1295,0.4464,0.1642,-0.3192,0.1422
2.3,3.6,1.2,1.4,1.3,14.3,6.5,27.9,31.5,-0.8203,0.2693,-0.2527,0.2433,0.2945,-0.0633,-0.0576,0.1642
2.3,4.7,3.1,4.7,3.0,11.9,15.3,37.2,23.4,-0.8854,-0.097,-0.0576,0.1391,0.0627,-0.1224,-0.0686,0.3894
2.3,4.2,2.3,3.1,4.3,4.0,22.0,28.7,11.2,-0.1874,0.2213,0.1072,-0.0846,-0.1386,-0.1097,-0.7142,-0.5776
2.3,1.3,1.2,1.7,3.9,21.5,14.9,13.3,22.0,-0.6976,0.703,0.0153,-0.0181,-0.028,-0.0041,0.004,0.0064
2.3,1.9,4.1,1.8,3.4,21.8,18.7,18.9,14.5,-0.6494,0.7524,-0.01,-0.0111,0.0014,0.0022,0.0002,0.0004
2.3,1.8,2.9,4.2,3.4,8.1,16.2,26.9,33.5,-0.4931,-0.3093,-0.2782,0.266,0.2935,-0.1508,-0.4956,0.37
2.3,1.4,2.3,3.1,4.9,13.1,3.4,25.9,29.4,-0.6434,0.1019,-0.3966,-0.0302,0.3138,0.4569,-0.2474,-0.1972
2.3,4.4,4.7,3.0,2.4,11.2,18.5,7.0,30.3,-0.7085,0.415,0.0771,-0.037,-0.0692,0.0846,-0.2856,-0.4672
2.3,3.3,2.9,2.2,1.2,20.6,10.2,20.6,29.6,-0.7929,0.6016,0.0021,-0.0099,-0.0048,0.0049,0.0053,0.0079
2.3,1.2,3.4,3.7,4.4,14.5,8.9,30.0,23.9,-0.5497,0.0485,-0.4369,-0.1233,0.4399,0.3151,-0.4281,-0.0311
2.3,4.8,3.9,4.0,1.5,18.7,21.8,13.5,29.1,-0.9647,0.2151,-0.0044,-0.0111,0.0006,0.0035,0.0213,0.1085
2.3,2.8,3.2,2.7,3.0,8.9,2.3,9.2,20.8,-0.1944,0.4148,-0.3671,-0.0125,-0.5756,-0.0495,-0.0856,-0.5529
2.3,4.4,4.4,4.2,3.9,6.5,16.7,5.7,28.9,-0.7868,0.1689,0.0058,0.1083,-0.0313,0.0788,-0.1078,-0.5621
2.3,1.5,4.7,3.9,3.4,19.4,3.6,13.8,37.2,-0.7521,0.2013,-0.3791,0.0111,0.3997,0.1461,-0.2064,0.0164
2.3,2.9,1.4,4.1,3.1,13.0,3.1,34.5,31.2,-0.7074,0.0209,-0.4027,0.1453,0.4176,-0.0791,-0.2504,0.2505
2.3,4.0,4.0,3.8,4.4,17.4,2.9,35.8,11.3,-0.9252,0.2845,-0.1157,-0.0496,0.1306,0.129,0.0022,0.0843
2.3,3.7,3.6,2.9,2.2,11.8,7.8,30.7,14.3,-0.6368,-0.089,-0.3496,-0.1947,0.3464,0.3915,-0.3365,0.1679
2.3,3.2,2.1,3.8,2.8,21.3,8.9,32.1,13.1,-0.8327,0.5325,0.0701,-0.0531,-0.0842,0.0123,-0.0071,0.0019
2.3,1.8,1.8,1.2,4.8,9.8,3.8,22.3,12.6,-0.297,0.1891,-0.2073,-0.7061,-0.2923,0.2735,-0.2525,0.3158
2.3,4.5,1.9,3.4,2.8,20.4,10.6,26.5,15.3,-0.8528,0.5135,0.0269,-0.0205,-0.0321,-0.0003,0.0026,0.0067
2.3,4.6,3.3,2.3,4.8,20.2,14.8,29.0,40.0,-0.7692,0.6327,-0.0167,-0.0158,0.0021,0.0025,0.006,0.0079
2.3,4.5,2.6,4.9,1.9,12.4,7.9,20.4,11.4,-0.2387,-0.2755,0.101,-0.2332,-0.209,0.4858,-0.7028,0.0984
2.3,1.1,4.8,1.2,1.4,9.2,12.6,31.4,40.3,-0.7663,0.1202,0.033,0.436,0.0854,-0.245,-0.0888,0.3334
2.3,1.5,1.5,3.2,2.0,20.0,12.8,33.6,6.4,-0.9193,0.3274,-0.11,-0.0099,0.1192,0.0679,0.0057,0.063
2.3,3.2,4.4,4.4,4.8,4.8,20.5,9.3,32.4,-0.6339,0.4779,0.0346,-0.0007,-0.0543,-0.0657,-0.358,-0.4679
2.3,2.7,4.6,4.4,1.5,11.7,13.2,17.8,17.2,-0.2567,0.1236,0.0085,-0.2973,-0.0307,0.4191,-0.6943,-0.3964
2.3,1.7,4.9,3.1,1.1,20.9,4.6,11.7,32.7,-0.8885,0.4402,0.0009,-0.0017,-0.0037,-0.002,0.008,0.0207
2.3,4.9,4.8,3.2,2.4,19.5,14.9,9.6,22.7,-0.9101,0.3909,-0.0077,-0.003,0.0087,0.0078,0.0291,0.0757
2.3,2.3,4.7,3.2,4.6,14.4,12.7,22.1,37.7,-0.6892,-0.0525,-0.206,0.4439,0.259,-0.2363,-0.2581,0.278
2.3,3.9,2.6,4.5,3.2,14.3,16.5,29.3,37.4,-0.9457,0.0687,-0.01,0.203,0.0304,-0.1253,-0.0159,0.1856
2.3,1.2,3.6,4.7,1.3,7.2,11.6,38.7,28.9,-0.5337,-0.2579,-0.2112,0.1314,0.2137,-0.1236,-0.4066,0.5897
2.3,3.5,1.9,3.9,1.1,15.2,10.0,24.7,12.1,-0.8212,-0.2224,-0.2077,-0.1222,0.1955,0.2305,-0.1676,0.2932
2.3,1.2,1.5,2.8,3.7,14.2,13.5,38.2,33.1,-0.7042,-0.0052,-0.2282,0.324,0.2535,-0.2636,-0.2111,0.3947
2.3,2.9,4.7,1.8,4.2,7.9,7.8,13.9,27.6,-0.3359,-0.0857,-0.4521,-0.0795,-0.0085,0.7471,-0.0925,-0.2927
2.3,2.7,3.3,1.5,4.5,17.4,6.9,10.3,40.2,-0.3946,0.547,-0.3046,0.1737,0.455,0.0918,-0.4233,-0.0684
2.3,4.8,1.8,2.6,4.6,19.3,16.5,30.8,17.4,-0.8351,0.5424,0.0005,0.0277,0.0042,-0.0149,0.0121,0.0204
2.3,3.4,1.1,4.3,2.7,9.2,13.9,18.6,14.8,-0.1542,-0.049,0.1472,-0.0854,-0.4379,0.4774,-0.5478,-0.458
2.3,4.4,1.9,3.3,2.0,4.5,16.4,33.5,28.9,-0.3729,-0.3038,-0.2505,0.1655,0.2642,-0.1035,-0.6104,0.4564
2.3,2.6,3.6,2.2,4.2,12.6,12.1,36.8,22.3,-0.5019,0.0031,-0.3928,0.2452,0.4324,-0.1474,-0.4178,0.3644
2.3,2.1,1.9,3.8,1.8,16.5,7.6,26.7,5.0,-0.6071,-0.2046,-0.4257,-0.2056,-0.3023,0.4737,-0.0046,0.1713
2.3,2.7,3.9,3.6,3.9,12.3,18.3,21.0,33.2,-0.8511,-0.245,-0.0252,0.1467,0.0403,-0.0853,-0.1344,0.3823
2.3,1.6,2.6,4.7,1.4,2.8,17.0,15.3,21.7,-0.4827,0.1345,-0.018,-0.1112,-0.0262,0.2326,-0.2696,-0.7749
2.3,4.6,4.6,5.0,3.4,14.3,10.7,25.9,10.6,-0.7474,-0.0817,-0.2866,-0.2181,0.2704,0.3935,-0.2335,0.1048
2.3,1.2,5.0,3.7,2.9,11.7,10.3,30.5,21.8,-0.3086,-0.0155,-0.4275,-0.0908,0.4342,0.2158,-0.6804,0.0232
2.3,4.5,2.5,1.1,1.4,14.0,16.7,31.5,31.1,-0.8543,0.4711,0.0499,0.1061,-0.0104,-0.054,0.064,0.132
2.3,3.2,2.2,3.9,4.2,20.5,10.8,24.6,41.7,-0.8688,0.48,-0.0462,-0.0553,-0.0033,-0.0009,0.0049,0.0085
2.3,4.8,4.9,1.7,3.5,19.7,8.8,37.0,31.9,-0.714,0.6947,0.0073,0.0166,-0.0019,-0.0088,0.0147,0.016
2.3,1.8,4.0,4.9,2.0,10.6,15.1,22.1,38.1,-0.5392,-0.2494,-0.3316,0.2869,0.3441,-0.1561,-0.448,0.2963
2.3,1.3,1.4,3.9,1.6,11.8,17.2,17.5,4.2,-0.0715,0.5278,-0.0252,-0.5453,-0.6052,0.1038,0.0857,0.0844
2.3,4.8,1.9,4.4,2.0,21.3,4.1,24.2,30.7,-0.8502,0.5025,0.0598,-0.0837,-0.0731,0.034,-0.0066,0.0034
2.3,3.2,2.7,4.7,3.2,4.2,8.1,23.1,30.4,-0.5663,0.0598,-0.3157,-0.2385,0.2814,0.4845,-0.3873,-0.2124
2.3,4.1,5.0,4.9,3.4,12.1,7.2,34.7,19.3,-0.6666,-0.0595,-0.4233,-0.0093,0.4327,0.0609,-0.3055,0.2785
2.3,2.9,2.3,4.8,3.6,12.5,4.1,22.7,39.4,-0.4951,0.2154,-0.452,0.1137,0.4758,0.1524,-0.4617,-0.1227
2.3,3.2,4.5,1.7,1.6,2.1,16.6,37.9,25.6,-0.1412,-0.1606,-0.109,0.1046,0.1296,-0.0665,-0.7804,0.5316
2.3,3.0,2.9,3.6,1.4,14.9,4.8,10.6,38.1,-0.6437,-0.1385,-0.0573,-0.2808,0.0233,0.5711,-0.3095,0.1488
2.3,3.5,2.0,4.2,2.1,17.3,10.5,39.3,30.1,-0.9451,0.2414,-0.026,0.087,0.0284,-0.0809,0.0318,0.1606
2.3,3.8,4.8,4.8,4.4,18.5,9.7,35.4,27.1,-0.9487,0.2877,-0.0074,0.0602,0.012,-0.0449,0.0173,0.0707
2.3,4.1,4.3,4.1,3.6,11.8,6.5,35.9,15.7,-0.6853,0.08,-0.3735,-0.205,0.3884,0.2738,-0.2759,0.1761
2.3,2.0,2.7,4.4,1.1,4.9,11.0,42.8,17.6,-0.259,-0.1,-0.305,0.025,0.3049,-0.025,-0.6066,0.5936
2.3,4.7,2.3,4.7,1.4,7.0,12.7,29.9,29.6,-0.3876,-0.2987,-0.3591,0.0554,0.3631,0.0074,-0.6077,0.336
2.3,3.8,3.3,2.9,2.5,14.2,15.1,5.6,23.6,-0.743,0.4102,0.0175,0.0928,-0.0231,0.0709,-0.2388,-0.4499
2.3,1.3,2.7,4.7,1.3,13.6,14.4,31.6,32.7,-0.7264,-0.3063,-0.1567,0.1729,0.1626,-0.1339,-0.2609,0.4464
2.3,1.3,2.7,4.9,2.8,15.3,6.5,24.2,28.5,-0.6256,-0.1013,-0.3691,-0.2217,0.3587,0.3689,-0.3608,0.0771
2.3,4.4,2.6,4.0,1.8,17.2,7.0,27.6,12.0,-0.9607,0.1544,-0.1164,-0.013,0.1169,0.0825,0.0006,0.1073
2.3,2.4,2.4,4.5,2.4,18.1,16.3,7.4,17.2,-0.492,0.5213,0.0731,0.0519,-0.0766,0.022,-0.498,-0.4446
2.3,3.3,1.7,4.9,1.4,10.1,7.7,8.7,8.3,-0.4231,0.2418,-0.4176,-0.1044,-0.4758,-0.1531,0.2148,-0.5225
2.3,2.7,1.9,2.9,2.0,4.9,7.3,20.0,30.8,-0.4415,-0.1053,-0.3038,-0.2383,0.171,0.6248,-0.411,-0.208
2.3,4.5,2.1,1.8,3.3,7.5,6.0,26.0,25.1,-0.5457,0.0039,-0.483,0.0209,0.3036,0.5333,-0.2496,-0.1311
2.3,3.2,2.2,1.3,2.5,6.1,20.6,6.8,40.7,-0.7981,0.4133,0.0402,0.1072,-0.0118,-0.0742,0.0745,0.2581
2.3,3.8,1.3,2.9,3.2,16.8,9.1,20.2,38.9,-0.831,0.1234,-0.0887,0.3917,0.1397,-0.2161,-0.0911,0.2099
2.3,4.2,2.2,4.0,1.6,2.2,8.2,10.3,25.0,-0.3933,0.0542,-0.1687,0.1846,-0.284,0.1364,0.0768,-0.8172
2.3,4.7,4.6,4.8,1.9,13.5,12.2,34.0,25.1,-0.9301,-0.0744,-0.0588,0.1244,0.0642,-0.0985,-0.043,0.2955
2.3,1.3,3.3,2.4,2.0,19.2,2.1,20.4,38.4,-0.7925,0.1855,-0.2214,0.3622,0.2651,-0.169,-0.1247,0.1464
2.3,3.8,2.2,1.5,2.1,12.4,13.5,28.2,18.4,-0.615,-0.0522,-0.4037,0.2427,0.4433,-0.0183,-0.3279,0.2738
2.3,3.0,5.0,1.9,1.5,15.0,13.1,17.7,18.8,-0.6177,-0.2408,-0.3244,0.1632,0.3447,-0.0383,-0.3577,0.3952
2.3,4.3,3.3,4.5,1.3,21.6,20.4,11.4,32.0,-0.8579,0.5055,0.0022,0.0035,-0.0003,-0.0006,0.0002,0.0001
2.3,3.2,3.9,3.2,4.8,21.6,15.4,27.9,24.5,-0.7628,0.6354,-0.0267,-0.0607,0.0029,0.0201,0.0007,0.0027
2.3,4.5,1.6,1.9,2.0,2.3,18.3,17.7,24.7,-0.0948,0.043,-0.202,0.0345,0.1217,0.2349,-0.5197,-0.7688
2.3,3.8,2.0,1.7,3.9,16.5,16.7,41.8,19.9,-0.8207,0.491,0.0208,0.1272,-0.0084,-0.1123,0.0949,0.1909
2.3,2.4,1.4,4.4,3.6,11.7,10.6,10.2,11.7,-0.3813,0.5099,-0.3123,-0.2267,-0.454,-0.3102,0.0801,-0.3592
2.3,4.1,4.7,4.7,1.1,13.4,14.6,28.0,25.1,-0.8441,-0.2921,-0.0571,0.0974,0.0602,-0.0686,-0.1494,0.3852
2.3,4.1,4.4,2.0,3.3,14.8,12.5,29.0,8.5,-0.6198,0.1298,-0.4469,0.0771,0.2726,0.4944,-0.1647,-0.1622
2.3,2.1,2.3,2.8,3.0,8.5,5.2,26.6,16.4,-0.2778,-0.2608,-0.2699,-0.2356,-0.2235,0.7496,-0.2801,-0.144
2.3,2.0,4.0,4.5,1.1,6.2,16.1,6.4,31.6,-0.7241,0.065,-0.0121,0.0801,-0.0352,0.0596,-0.0513,-0.6723
2.3,3.3,2.6,2.4,3.1,5.9,7.7,22.2,7.5,-0.162,0.3548,0.119,-0.6119,-0.5342,0.0467,-0.3952,0.0826
2.3,3.3,3.0,1.9,4.4,19.9,18.0,28.0,11.1,-0.7704,0.6294,0.008,0.0178,-0.0015,-0.0065,0.0129,0.0171
2.3,3.7,1.4,2.2,1.6,13.3,22.0,35.3,33.4,-0.9429,0.2382,-0.0258,-0.0443,0.0047,0.0181,0.0474,0.1984
2.3,4.2,1.2,3.6,3.5,5.1,20.7,27.2,12.5,-0.2087,0.2247,-0.0355,0.003,0.03,0.0373,-0.6951,-0.6278
2.3,3.7,2.7,2.0,2.9,6.0,21.5,10.5,6.5,0.2894,0.7272,0.1196,-0.0018,0.065,-0.0307,0.5394,-0.2362
2.3,3.3,4.1,1.6,4.5,10.5,13.3,18.7,15.2,0.0497,0.1553,-0.6894,-0.1157,-0.1471,0.5169,0.2008,-0.362
2.3,3.2,4.1,1.1,4.4,20.9,12.3,39.2,11.1,-0.5217,0.8473,-0.0054,-0.0266,-0.0038,0.0199,0.0065,0.005
2.3,4.8,2.2,3.9,1.4,6.6,16.0,27.6,12.8,-0.176,0.1244,-0.2488,-0.1364,0.2406,0.2495,-0.7924,-0.3304
2.3,1.9,3.5,3.8,3.8,20.5,21.9,30.2,21.7,-0.9062,0.4089,0.0002,-0.0013,-4.0845e-05,0.0001,0.0079,0.0205
2.3,4.0,4.9,4.5,2.2,8.8,8.5,35.1,23.5,-0.5363,-0.2112,-0.3684,0.0925,0.3767,-0.0501,-0.439,0.4169
2.3,4.3,2.8,2.2,2.6,6.4,21.7,15.0,39.6,-0.8112,0.5341,-0.1009,-0.1193,0.0107,0.023,0.0208,0.0447
2.3,2.2,4.3,3.7,1.9,2.8,9.0,26.2,32.2,-0.3541,0.0185,-0.4288,-0.114,0.4234,0.2962,-0.6225,-0.1015
2.3,4.2,3.6,2.7,4.7,17.0,19.3,40.2,6.8,-0.9172,0.3104,0.0097,0.0342,-0.0043,-0.0248,0.0647,0.2057
2.3,4.7,4.9,1.4,1.2,12.7,15.7,15.8,15.0,-0.2728,-0.2725,-0.2044,0.1679,0.2379,-0.0672,-0.7017,0.4434
2.3,1.5,2.1,2.8,3.9,3.0,2.7,29.5,6.6,-0.2841,0.3161,0.2463,-0.5296,-0.5051,0.0577,-0.453,0.0861
2.3,2.9,4.3,4.2,4.1,15.4,6.3,25.9,6.2,-0.63,0.0227,-0.2879,-0.5592,-0.2441,0.1677,-0.0282,0.3261
2.3,1.9,1.4,3.6,1.4,15.8,6.5,16.0,40.9,-0.5616,0.2465,-0.4147,0.0466,0.4272,0.2574,-0.3853,-0.1814
2.3,1.4,1.6,3.3,2.6,2.5,18.0,31.1,13.5,-0.3709,0.2807,-0.1756,-0.0776,0.1661,0.2401,-0.5642,-0.5717
2.3,4.9,3.3,4.3,3.1,6.3,8.4,4.8,38.9,-0.7321,0.234,-0.019,0.326,-0.1455,0.2367,-0.0395,-0.4626
2.3,3.8,1.3,1.2,2.7,4.0,7.4,28.5,41.6,-0.2953,0.2895,-0.2961,0.5113,0.4848,-0.0047,-0.4796,0.0188
2.3,1.2,3.1,4.6,2.6,11.8,14.5,32.6,12.2,-0.337,0.2605,-0.2946,-0.2173,0.3013,0.2997,-0.656,-0.2397
2.3,3.8,2.5,4.7,3.4,15.7,18.2,13.5,28.9,-0.3968,-0.3127,-0.2812,0.118,0.2877,-0.0636,-0.5944,0.4115
2.3,4.1,2.8,2.9,3.3,13.2,9.9,17.5,30.2,-0.662,0.0469,-0.4235,-0.0581,0.4213,0.3093,-0.2979,0.0507
2.3,3.0,1.2,3.8,4.3,12.8,20.9,30.8,21.9,-0.8297,-0.2729,-0.0056,0.0084,0.0049,-0.0043,-0.1529,0.4417
2.3,1.6,2.2,3.7,3.7,12.2,13.9,4.9,17.5,-0.3,0.1243,-0.4174,0.1102,-0.4319,0.0958,0.4169,-0.5712
2.3,3.2,1.7,1.5,2.7,17.2,18.0,27.3,36.9,-0.8303,0.5219,0.0645,0.1242,-0.0134,-0.0509,0.0363,0.0738
2.3,4.1,4.0,4.0,4.1,21.8,7.4,33.2,21.3,-0.7891,0.5855,0.0174,-0.1345,-0.0444,0.0772,-0.0038,0.0132
2.3,2.1,4.6,3.2,4.1,7.6,8.9,12.6,33.3,-0.6255,0.0063,-0.2454,-0.118,0.0956,0.6255,-0.1621,-0.3068
2.3,3.3,2.9,4.5,4.0,16.4,11.9,7.8,31.7,-0.475,0.5008,0.1587,0.1228,-0.1671,0.0664,-0.5011,-0.426
2.3,3.5,1.3,3.0,1.4,13.1,13.0,15.3,4.4,-0.0304,0.349,0.016,-0.4225,-0.6601,-0.0816,-0.4787,-0.1018
2.3,2.7,4.4,1.3,1.1,18.7,16.7,24.3,28.9,-0.8037,0.5824,0.0176,0.0284,-0.0038,-0.0102,0.0314,0.0458
2.3,3.8,2.8,1.7,2.2,19.8,7.1,21.3,30.4,-0.7509,0.6511,-0.0151,0.0446,0.0241,-0.0191,0.0114,0.0159
2.3,3.3,4.6,1.7,1.5,3.8,8.5,37.8,20.0,-0.219,0.1575,-0.3885,-0.086,0.4248,0.1859,-0.7163,0.1609
2.3,4.5,2.9,1.8,3.0,8.4,6.7,35.9,23.4,-0.5642,0.1637,-0.4551,0.0182,0.5079,0.1436,-0.3588,0.1676
2.3,3.5,1.3,1.4,2.2,3.9,8.7,26.5,21.5,-0.184,-0.1807,-0.5198,-0.1206,0.0116,0.7128,-0.2367,-0.2614
2.3,1.5,1.0,2.0,2.0,10.3,16.9,22.7,43.4,-0.5324,0.1553,-0.1737,0.592,0.3213,-0.2244,-0.3005,0.2113
2.3,3.9,4.2,3.2,2.4,14.1,15.6,42.5,22.8,-0.9064,0.2017,-0.0032,0.0695,0.0044,-0.0672,0.0695,0.3392
2.3,4.3,2.1,2.4,1.7,9.9,2.8,6.9,31.9,-0.5623,0.3567,-0.1236,0.254,-0.2313,0.2191,-0.2102,-0.5697
2.3,4.1,2.0,1.1,1.8,21.3,17.6,42.0,13.5,-0.5043,0.8588,-0.0093,-0.0096,0.0051,0.0068,0.0035,0.0025
2.3,1.0,2.4,2.2,4.3,8.7,20.6,29.8,30.6,-0.8883,-0.167,-0.0041,0.0002,0.002,0.0006,-0.0814,0.3902
2.3,3.6,1.9,3.9,3.6,5.2,18.3,20.5,6.0,-0.2778,0.7579,-0.2526,-0.3853,-0.1406,0.0926,0.2709,0.0941
2.3,2.3,4.9,2.1,3.3,11.0,14.8,18.5,43.5,-0.7003,0.3489,0.0697,0.506,0.091,-0.2374,-0.0748,0.1861
2.3,4.4,4.9,3.3,4.8,7.8,8.4,11.0,12.0,-0.2948,0.6782,-0.1716,-0.2387,-0.451,-0.3124,-0.032,-0.2393
2.3,4.3,2.6,1.5,4.0,13.1,4.5,6.7,22.2,-0.2463,0.5963,-0.2982,0.1495,-0.4559,0.1403,-0.2946,-0.3856
2.3,2.6,2.7,1.5,4.0,13.1,9.7,35.3,40.9,-0.7203,0.288,0.0644,0.4608,0.0685,-0.2801,-0.0609,0.288
2.3,4.1,1.5,3.4,2.8,9.6,9.1,43.9,37.6,-0.7663,0.1711,-0.1211,0.2905,0.1208,-0.2909,-0.0376,0.417
2.3,3.1,4.4,4.2,4.7,9.3,3.0,23.7,4.9,-0.2997,0.2787,0.3348,-0.4063,-0.5076,-0.0422,-0.5361,-0.0195
2.3,1.6,2.9,3.0,2.1,7.6,6.6,40.1,21.0,-0.3781,0.1315,-0.4413,-0.1789,0.4478,0.1926,-0.5059,0.3269
2.3,2.0,1.9,1.8,4.4,4.3,7.4,36.9,24.6,-0.5507,0.2955,-0.3547,-0.0627,0.4098,0.3713,-0.3772,-0.1364
2.3,3.7,2.4,4.8,1.3,13.0,19.4,35.3,41.7,-0.9483,0.2544,0.0167,0.0803,-0.0043,-0.0459,0.0106,0.0746
2.3,3.8,1.8,4.0,1.1,5.0,19.9,13.0,25.1,-0.5342,0.198,-0.0196,-0.0014,0.0111,0.0413,-0.2839,-0.7651
2.3,4.7,1.6,1.6,4.1,12.8,12.7,37.3,34.8,-0.7992,0.3335,0.0142,0.3412,0.0529,-0.2397,0.0012,0.2512
2.3,1.3,3.3,1.6,4.3,4.3,19.7,24.8,44.0,-0.5309,0.8315,0.0592,0.0543,-0.003,-0.0051,0.0044,0.0029
2.3,1.8,3.3,2.8,2.6,7.7,20.5,6.4,39.6,-0.64,-0.1207,0.0254,-0.1293,-0.0424,0.1047,-0.267,0.5148
2.3,2.4,3.6,2.9,4.9,6.5,17.1,20.4,4.8,-0.6246,0.6692,-0.1622,-0.3313,-0.0184,0.0925,0.03,0.0704
2.3,3.9,2.3,4.0,1.4,12.6,13.8,21.6,33.1,-0.5786,-0.2743,-0.3788,0.1188,0.3814,-0.0158,-0.413,0.3163
2.3,1.3,2.0,1.4,4.6,2.5,10.6,7.2,23.2,-0.0696,0.7423,-0.3389,-0.1023,-0.4791,-0.1225,0.1272,-0.2254
2.3,2.9,3.2,4.0,1.2,16.0,5.7,22.4,42.2,-0.6619,-0.0709,-0.2453,0.4394,0.2898,-0.2247,-0.2939,0.251
2.3,3.0,1.0,2.9,3.7,17.0,11.7,36.3,33.0,-0.901,0.2662,-0.0391,0.2163,0.0607,-0.1624,0.0082,0.1752
2.3,3.6,4.8,1.6,2.4,3.4,2.8,39.3,8.3,-0.1487,-0.011,-0.3376,-0.2114,-0.4052,0.7788,-0.0773,-0.0008
2.3,3.9,2.7,2.8,2.1,3.6,2.2,7.9,38.8,-0.4717,-0.064,-0.2518,-0.0684,-0.2102,0.7496,0.0031,-0.2395
2.3,2.9,4.4,2.1,1.8,6.4,9.9,28.0,10.7,-0.1207,-0.1251,-0.3903,-0.1773,-0.1016,0.701,-0.1674,-0.4858
2.3,4.3,3.4,1.9,1.9,7.9,10.4,36.2,23.2,-0.4924,-0.1048,-0.3754,0.1835,0.4089,-0.0914,-0.4438,0.4296
2.3,4.2,3.6,4.5,4.0,4.7,6.1,24.5,5.2,-0.3118,0.3669,0.305,-0.4284,-0.5312,-0.0529,-0.446,0.0052
2.3,3.0,3.9,3.5,3.2,15.8,14.9,37.6,32.8,-0.9419,0.2026,0.0041,0.1118,0.0059,-0.0887,0.0331,0.2082
2.3,1.6,1.6,4.2,1.2,3.6,18.3,33.8,32.6,-0.4389,-0.3742,-0.1335,0.1192,0.1394,-0.0918,-0.544,0.5413
2.3,3.8,1.8,1.5,3.5,4.0,14.6,15.4,35.2,-0.3773,0.2383,-0.3967,0.2087,0.3881,0.3677,-0.4237,-0.3457
2.3,3.0,1.6,2.7,3.6,18.8,17.8,32.1,33.8,-0.8969,0.4231,0.0176,0.0622,-0.0033,-0.0309,0.024,0.0579
2.3,1.9,1.4,2.3,4.3,18.6,11.3,20.2,41.6,-0.8444,0.1935,0.0629,0.383,0.0368,-0.1789,-0.0367,0.2123
2.3,2.4,1.8,3.9,4.0,8.7,18.8,37.5,6.1,-0.6953,0.4235,-0.0979,-0.0873,0.1155,0.2195,-0.2833,-0.3945
2.3,3.3,3.5,1.2,1.7,6.5,13.8,32.6,10.6,-0.1124,0.0071,-0.4082,0.0967,0.2151,0.4571,-0.3739,-0.6233
2.3,2.0,4.3,2.5,3.6,11.7,20.4,13.1,4.2,-0.0243,0.9223,0.0505,0.0175,0.0212,-0.0025,0.3524,0.0006
2.3,3.2,2.2,1.2,2.8,17.4,9.9,9.1,37.5,-0.5614,0.546,-0.3255,0.1383,0.4412,0.069,-0.2054,0.043
2.3,2.3,4.8,2.5,1.4,11.2,9.7,20.8,8.6,0.0092,-0.1892,-0.2147,-0.2352,-0.4249,0.6769,-0.2669,-0.3635
2.3,1.2,1.7,3.2,2.4,10.6,16.1,30.8,37.0,-0.6993,-0.1611,-0.2034,0.3461,0.233,-0.2231,-0.2689,0.3623
2.3,1.4,3.3,2.5,1.5,21.9,10.5,31.2,9.5,-0.7561,0.6345,0.041,-0.076,-0.0611,0.03,-0.0046,0.0025
2.3,4.5,2.6,4.6,1.3,21.6,17.0,8.1,5.4,-0.8752,0.4744,0.0142,-0.0058,-0.0235,-0.0412,-0.0018,-0.0026
2.3,1.4,2.0,2.7,3.6,17.2,5.0,38.4,4.8,-0.6883,0.271,-0.2982,-0.4332,-0.1477,0.169,0.087,0.3187
2.3,3.6,1.6,2.2,4.5,20.5,21.0,22.2,7.1,-0.7623,0.6408,0.0003,-0.0001,-4.2186e-05,8.7422e-06,0.0056,0.0073
2.3,4.3,4.8,5.0,1.1,17.2,16.1,12.2,5.7,-0.2187,-0.1749,0.0767,-0.2799,-0.0756,0.3308,-0.7737,0.2527
2.3,3.7,3.0,1.0,3.5,5.5,12.6,11.1,42.2,-0.3011,0.5693,-0.1802,0.312,0.4314,0.2064,-0.4169,-0.1978
2.3,4.3,2.3,3.2,4.1,11.4,3.1,19.9,8.7,-0.1903,0.036,0.0738,-0.598,-0.4796,0.1175,-0.5327,0.2414
2.3,4.7,2.9,3.5,3.9,4.5,12.2,30.9,43.9,-0.6377,0.1821,-0.114,0.5452,0.2398,-0.2706,-0.2076,0.2462
2.3,4.6,3.9,2.4,1.8,17.2,5.6,5.2,41.9,-0.7728,0.4927,-0.0441,-0.0593,0.1299,0.2606,-0.1256,-0.1203
2.3,2.5,1.8,3.6,4.7,15.7,6.0,26.1,13.9,-0.6976,-0.1482,-0.3981,-0.0951,-0.132,0.5343,-0.0124,0.0752
2.3,4.7,4.0,4.9,3.7,12.0,6.5,43.1,18.2,-0.7082,0.0737,-0.3691,0.0987,0.369,-0.0986,-0.1676,0.4026
2.3,1.6,4.0,2.0,2.2,8.0,20.8,28.1,15.2,0.0043,-0.028,0.0204,-0.0212,-0.0282,-0.0055,-0.957,-0.2514
2.3,4.0,4.0,4.6,1.2,6.6,17.7,25.3,15.7,-0.0735,0.1518,-0.0815,-0.0058,0.0811,0.0442,-0.901,-0.3607
2.3,2.2,3.6,3.4,1.2,21.7,14.5,4.4,24.8,-0.8194,0.5623,-0.0021,-0.0126,-0.0072,-0.0186,-0.0003,-0.001
2.3,3.1,1.5,4.5,3.8,17.9,9.8,35.0,42.8,-0.9322,0.2441,0.0634,0.1921,-0.0061,-0.0772,0.0168,0.131
2.3,3.9,1.2,3.3,2.8,3.7,9.2,15.1,39.7,-0.6167,0.272,-0.2923,0.1121,0.1952,0.4446,-0.1917,-0.4063
2.3,2.5,3.7,2.7,4.7,4.8,7.0,15.6,19.5,0.1588,0.3469,-0.1632,-0.4097,-0.7695,0.1859,-0.0999,-0.0952
2.3,1.7,4.8,1.7,1.5,7.9,4.4,7.2,6.8,-0.2944,0.5326,-0.1238,-0.4188,-0.2201,-0.4502,-0.0351,-0.4256
2.3,1.7,1.2,3.2,2.4,15.9,18.9,41.8,18.6,-0.8545,0.0469,-0.0279,0.1011,0.0288,-0.0993,0.0101,0.4816
2.3,3.6,3.4,4.7,2.1,13.0,19.5,13.0,19.8,-0.3957,0.4027,-0.015,-0.0054,0.0151,0.0183,-0.5878,-0.5675
2.3,1.8,3.1,1.3,2.6,16.7,19.8,23.9,40.3,-0.7578,0.6345,0.0451,0.0513,-0.008,-0.0126,0.0251,0.0343
2.3,3.0,2.0,4.2,2.3,15.2,12.7,23.7,25.3,-0.7648,-0.1786,-0.3452,0.0646,0.3469,0.0274,-0.2241,0.2749
2.3,2.5,4.7,3.6,3.8,17.5,14.8,25.6,22.0,-0.9551,0.0324,-0.026,0.1452,0.0383,-0.0896,-0.0115,0.2051
2.3,4.8,1.9,2.5,3.5,6.1,19.0,21.1,6.5,-0.059,0.8602,-0.2946,-0.2266,-0.0873,0.0497,0.2827,-0.0039
2.3,2.9,2.6,3.4,1.6,14.4,7.6,42.4,5.1,-0.7583,0.247,-0.1953,-0.3099,0.1963,0.3121,-0.0878,0.2785
2.3,4.9,2.0,3.9,3.4,21.5,15.6,32.3,12.2,-0.8202,0.5578,0.0046,-0.0858,-0.02,0.0492,-0.0019,0.005
2.3,1.3,2.8,2.9,4.4,21.9,3.7,37.4,18.3,-0.76,0.6099,0.0807,-0.1121,-0.1085,0.0646,-0.0144,0.0091
2.3,3.6,3.8,1.6,4.8,9.5,13.0,9.0,22.2,0.008,0.1646,-0.0337,0.2024,-0.4988,0.4394,-0.2192,-0.6495
2.3,4.7,4.5,4.4,1.7,11.4,19.2,21.9,4.7,-0.2243,0.2522,-0.0357,0.0006,0.0336,0.0334,-0.7052,-0.6028
2.3,1.5,4.3,2.2,2.7,19.4,3.1,27.4,39.7,-0.8777,0.335,0.0516,0.2642,0.0122,-0.1273,0.0033,0.1175
2.3,1.8,3.6,4.6,3.3,10.3,3.1,12.0,27.2,-0.3308,0.225,0.0235,0.2297,-0.4089,0.2123,-0.3411,-0.6681
2.3,1.9,1.6,3.4,1.3,16.5,5.2,24.6,25.6,-0.8587,-0.1443,-0.2425,-0.0627,0.2349,0.1721,-0.1259,0.2574
2.3,1.3,2.9,4.7,3.7,11.6,15.2,16.9,43.5,-0.5134,0.3706,-0.3858,0.2204,0.4683,0.1125,-0.3771,-0.0949
2.3,4.7,2.7,1.1,4.3,12.4,21.1,32.8,7.1,-0.0143,-0.1069,0.0186,-0.0476,-0.0449,0.0052,-0.9524,0.0101
2.3,4.8,4.5,3.3,3.1,4.0,9.2,11.5,6.7,-0.4582,0.6637,-0.0442,-0.2786,-0.2828,-0.3676,-0.0595,-0.2152
2.3,3.7,4.4,1.2,1.5,7.2,20.8,32.9,35.0,-0.9254,0.1885,-0.0102,-0.0147,0.002,0.0071,0.0559,0.2948
2.3,2.4,2.1,1.3,2.2,14.9,3.5,42.8,25.0,-0.656,0.4472,-0.3222,0.1544,0.33,-0.1468,0.0167,0.3138
2.3,4.8,2.7,3.1,1.5,13.9,4.7,23.5,32.8,-0.8411,0.0068,-0.3312,0.0757,0.3359,0.0641,-0.1281,0.1844
2.3,4.9,3.1,3.3,4.1,12.2,14.6,17.1,19.6,-0.4655,0.0116,-0.3344,-0.2484,0.3161,0.4851,-0.4988,-0.0893
2.3,5.0,4.5,4.9,1.5,9.1,10.8,14.0,38.0,-0.675,0.0721,-0.1394,-0.3063,0.1234,0.5285,-0.2932,-0.1562
2.3,4.9,4.6,2.9,3.7,8.9,18.5,24.7,16.8,-0.0494,-0.2412,-0.0816,0.0605,0.0902,-0.0057,-0.938,0.1249
2.3,4.2,3.0,2.7,4.6,13.6,8.5,5.9,13.9,-0.5189,0.5297,-0.3653,-0.1152,-0.4078,-0.142,-0.018,-0.3324
2.3,4.1,4.1,3.8,2.4,20.9,7.4,11.1,5.5,-0.8544,0.495,0.0871,-0.0409,0.0518,-0.0746,0.0073,-0.0015
2.3,3.8,2.3,2.8,1.2,4.3,10.2,15.8,11.9,0.1197,0.1662,-0.1909,0.0251,-0.5851,0.1415,0.0403,-0.7378
2.3,3.1,4.5,3.7,2.1,12.0,16.8,22.8,40.7,-0.9243,0.1305,0.0168,0.2569,0.0238,-0.1297,-0.0188,0.1556
2.3,1.4,4.0,1.5,2.3,5.8,19.3,17.6,40.7,-0.8364,0.5014,0.0616,0.0943,-0.0126,-0.0315,0.0314,0.0697
2.3,3.5,2.6,4.5,3.2,10.9,10.9,18.0,33.2,-0.6125,0.0911,-0.3654,-0.1804,0.3495,0.4131,-0.3563,-0.138
2.3,2.7,4.8,4.7,4.8,16.2,12.5,31.1,38.5,-0.9267,0.1014,-0.0053,0.2565,0.0352,-0.1555,-0.0258,0.1772
2.3,3.2,1.5,1.6,2.3,18.6,18.1,29.3,27.2,-0.8129,0.5688,0.022,0.0517,-0.0043,-0.0231,0.0291,0.0455
2.3,4.4,3.5,4.8,4.0,18.7,6.4,43.0,37.4,-0.9104,0.3872,0.0066,0.0381,-0.0066,-0.0379,0.0418,0.1025
2.3,1.1,4.7,1.2,1.7,10.5,18.6,15.4,38.2,-0.856,-0.067,0.0332,0.1724,0.0177,-0.0945,-0.0663,0.4196
2.3,2.0,3.2,2.9,2.4,12.0,14.6,8.8,33.7,-0.3632,0.1506,0.2406,-0.2017,-0.2572,0.4723,-0.5815,-0.3107
2.3,4.9,1.4,1.3,4.6,11.2,18.2,34.7,17.8,-0.4163,-0.0122,-0.3097,0.3739,0.3988,-0.1685,-0.4852,0.3624
2.3,1.0,1.7,3.7,2.8,4.5,19.4,38.2,4.3,-0.7434,0.4197,-0.057,-0.0499,0.0716,0.1474,-0.2359,-0.3992
2.3,1.4,3.8,4.0,1.7,16.8,12.5,12.9,21.0,-0.1292,0.1206,0.1863,-0.1134,-0.2107,0.2477,-0.8469,-0.2638
2.3,2.2,1.5,4.4,2.5,2.8,19.5,4.5,27.2,-0.6467,-0.0673,-0.0264,0.0798,-0.042,0.0645,0.0919,-0.7397
2.3,3.6,5.0,3.1,1.4,4.4,16.3,6.8,32.3,-0.6684,0.1437,0.0057,0.0912,-0.0373,0.0673,-0.1392,-0.7012
2.3,3.6,2.4,4.6,1.0,8.1,18.3,9.1,38.2,-0.6934,0.2787,0.1445,-0.1394,-0.1501,0.2584,-0.2756,-0.4691
2.3,3.5,3.2,2.8,3.2,13.7,21.8,29.6,30.1,-0.9624,0.1323,-0.0337,-0.074,0.0035,0.0268,0.0232,0.1982
2.3,1.7,4.4,3.5,3.9,8.5,14.5,25.7,7.9,-0.0747,0.5867,-0.4402,-0.4045,-0.254,0.1906,0.4099,-0.0176
2.3,3.4,3.7,2.0,4.8,6.0,4.2,26.5,14.1,-0.3061,0.2432,-0.3591,-0.6805,-0.2972,0.28,-0.0587,0.2735
2.3,3.8,3.3,1.3,1.9,12.4,19.5,7.3,36.1,-0.1901,0.6168,-0.0799,0.0019,0.1104,0.0435,-0.7085,-0.1939
2.3,2.4,3.6,1.3,2.6,4.2,17.5,7.7,35.3,-0.4302,0.4151,-0.1888,-0.0249,0.2657,0.2663,-0.5273,-0.4089
2.3,4.7,2.1,2.2,4.2,3.0,19.6,32.0,12.4,-0.1523,0.0924,-0.1124,0.0585,0.0701,0.1394,-0.4574,-0.8271
2.3,4.7,3.5,1.0,4.0,14.9,20.9,33.6,13.2,-0.8443,0.4907,-0.0095,-0.0081,0.0024,0.0034,0.0868,0.1542
2.3,3.4,3.4,4.5,2.4,19.9,9.8,40.6,10.3,-0.912,0.3992,-0.004,0.002,0.0039,-0.0018,0.0196,0.0472
2.3,5.0,1.1,3.1,3.0,5.9,19.7,5.3,15.5,-0.2321,-0.0729,-0.1212,0.1232,-0.1421,0.1082,0.4272,-0.8231
2.3,3.0,2.0,3.0,2.8,15.1,12.4,4.3,33.3,-0.75,0.4231,0.0028,0.1659,-0.037,0.1383,-0.198,-0.407
2.3,2.1,2.3,2.1,2.9,6.0,6.3,22.6,21.3,-0.1436,-0.2061,-0.4431,-0.2333,-0.2255,0.7349,-0.1645,-0.2301
2.3,2.3,4.2,2.6,1.5,11.9,4.3,24.3,10.0,-0.1223,-0.3033,-0.2409,-0.2435,-0.4247,0.6192,-0.4402,0.0146
2.3,3.4,3.4,5.0,1.1,2.8,6.7,8.0,18.3,-0.4119,-0.0625,-0.2405,0.1062,-0.2611,0.086,0.2957,-0.7669
2.3,3.9,4.7,3.8,1.4,12.0,6.0,35.7,38.9,-0.8362,0.004,-0.1418,0.3014,0.1631,-0.2307,-0.1118,0.2979
2.3,1.8,3.3,1.3,4.6,5.3,9.3,21.1,19.9,-0.0406,0.423,-0.6865,-0.3935,-0.1883,0.3239,0.1998,0.0137
2.3,1.5,4.0,2.3,4.2,5.9,2.3,23.1,35.4,-0.4863,0.2044,-0.436,0.1793,0.3003,0.4419,-0.2611,-0.3675
2.3,1.5,2.3,3.4,2.3,4.3,18.7,25.4,7.2,0.083,0.0627,-0.2194,0.0165,-0.0637,0.206,0.3138,-0.8722
2.3,3.4,1.6,1.0,1.7,8.4,16.8,10.5,23.3,-0.2134,0.0897,-0.1749,-0.094,0.1111,0.5231,-0.5513,-0.5459
2.3,3.2,4.1,4.4,4.2,19.1,9.3,16.4,25.2,-0.9508,0.2578,-0.0809,0.0021,0.0835,0.0413,0.0082,0.0628
2.3,5.0,4.0,4.5,2.6,4.6,6.5,17.7,13.3,-0.0423,0.165,-0.1485,0.1108,-0.6318,0.1612,-0.0586,-0.7037
2.3,3.4,2.8,3.5,3.2,12.3,15.1,14.9,41.0,-0.4478,0.2461,-0.429,0.2465,0.4945,0.0321,-0.4788,-0.0205
2.3,4.8,3.8,3.0,1.7,18.7,7.0,18.3,28.7,-0.919,0.371,-0.0544,0.0198,0.058,0.016,0.0171,0.0528
2.3,2.6,1.2,3.5,4.5,16.1,6.4,17.5,23.3,-0.7767,-0.1746,-0.2175,-0.1178,0.0524,0.4884,-0.1322,0.1759
2.3,2.4,4.0,3.0,2.4,7.2,5.0,34.1,38.3,-0.5293,0.0701,-0.3962,0.3146,0.4418,-0.172,-0.4067,0.2383
2.3,3.1,1.8,1.3,4.6,18.2,16.9,5.7,6.5,-0.3203,0.8227,-0.1528,-0.069,-0.2844,-0.0917,-0.2554,-0.1587
2.3,4.0,1.8,1.0,1.1,13.1,17.5,43.6,17.1,-0.7962,0.4249,0.0227,0.1099,-0.0165,-0.1046,0.1674,0.3446
2.3,4.9,3.8,4.7,3.2,20.7,11.0,41.7,6.1,-0.8763,0.4594,0.0631,-0.0645,-0.0649,0.0609,-0.0012,0.0163
2.3,4.8,2.7,2.0,3.3,5.3,19.8,18.7,8.0,0.4189,0.6799,-0.1239,-0.0183,-0.0471,0.0318,0.4667,-0.3088
2.3,3.3,4.3,3.2,4.6,5.4,16.6,38.5,28.4,-0.7159,-0.1891,-0.0708,0.1904,0.0849,-0.1587,-0.207,0.5644
2.3,2.1,4.5,3.3,4.0,14.1,21.8,42.1,16.1,-0.8322,-0.0257,-0.008,-0.0768,-0.0018,0.0634,-0.0259,0.5317
2.3,2.9,3.5,4.5,2.6,20.5,18.4,10.9,23.4,-0.9145,0.3894,-0.0011,-0.0102,-0.0005,0.0063,0.0058,0.0175
2.3,4.3,2.2,4.0,2.3,7.5,14.0,21.2,39.5,-0.4447,0.0821,-0.4695,0.2132,0.496,0.0331,-0.5155,0.0146
2.3,1.4,3.0,3.8,3.3,11.6,5.1,35.6,28.6,-0.5401,0.0439,-0.477,-0.0044,0.4936,0.0725,-0.4263,0.1924
2.3,4.0,2.9,4.2,1.4,11.6,11.7,41.9,12.2,-0.6903,-0.1061,-0.2564,0.1353,0.2572,-0.1334,-0.209,0.5362
2.3,3.9,1.4,2.9,3.3,16.5,8.7,37.7,40.0,-0.8919,0.3277,0.0407,0.2055,-0.0063,-0.1408,0.0251,0.1608
2.3,1.3,3.1,3.7,3.5,11.8,9.1,7.2,17.6,-0.2733,0.2886,-0.4533,0.0016,-0.5127,-0.04,0.331,-0.503
2.3,4.8,2.2,4.2,2.6,2.7,8.2,8.7,29.9,-0.4894,0.1108,-0.1652,0.2582,-0.298,0.1913,0.0412,-0.7211
2.3,2.1,2.0,4.0,4.4,3.9,19.4,38.0,40.4,-0.9107,0.3652,0.0312,0.108,-0.0107,-0.0627,0.0149,0.067
2.3,2.4,1.1,1.1,5.0,10.5,9.1,36.5,24.5,-0.5067,0.3415,-0.3822,0.1993,0.4153,0.3766,-0.2797,-0.178
2.3,2.9,2.7,1.4,4.2,10.3,12.2,42.7,25.4,-0.3897,0.2264,-0.3766,0.2892,0.4039,-0.2596,-0.3184,0.4703
2.3,3.4,3.7,2.3,4.2,20.2,9.3,17.5,18.0,-0.8011,0.5904,-0.0038,-0.0004,0.0018,0.0038,0.0099,0.0147
2.3,4.1,3.9,5.0,1.3,19.8,8.1,13.6,36.8,-0.957,0.2685,-0.006,-0.0031,0.0052,0.007,0.0109,0.0457
2.3,1.2,2.4,2.8,1.6,5.9,19.0,39.8,28.2,-0.5398,-0.2487,-0.041,0.0718,0.0441,-0.0657,-0.345,0.7057
2.3,3.1,2.8,3.7,2.4,10.0,7.3,32.8,18.0,-0.542,-0.0481,-0.3607,-0.2615,0.3708,0.3607,-0.4413,0.1791
2.3,2.1,2.7,3.3,2.7,2.9,19.9,25.6,4.8,0.2171,0.7364,-0.0674,-0.0256,-0.0353,0.0109,0.5723,-0.1916
2.3,4.1,4.2,4.4,1.6,6.4,3.0,18.7,36.1,-0.647,-0.0446,-0.2408,-0.2533,0.1736,0.5611,-0.2841,-0.1233
2.3,4.4,3.0,4.2,1.8,3.7,17.8,31.4,43.8,-0.7696,0.5375,0.0945,0.2473,0.0078,-0.0728,0.02,0.0562
2.3,1.4,2.5,3.4,2.8,17.4,5.4,22.6,7.5,-0.4941,-0.1549,-0.3475,-0.5148,-0.356,0.2481,-0.1269,0.3463
2.3,3.1,4.2,4.2,1.0,10.8,14.4,39.0,6.1,-0.1713,0.0177,-0.3568,-0.0014,0.3626,0.0206,-0.7765,0.2904
2.3,1.2,4.1,2.5,2.9,20.3,16.1,23.4,17.9,-0.9171,0.3631,0.0074,0.0534,0.0025,-0.0256,0.0198,0.0624
2.3,3.1,3.9,5.0,4.5,6.1,8.5,23.0,10.2,0.0093,0.3248,-0.0642,-0.5185,-0.7635,0.1271,-0.0578,0.0485
2.3,2.6,4.6,5.0,4.4,3.2,9.7,11.4,32.1,-0.3719,-0.0391,0.2413,-0.0865,-0.4318,0.5327,-0.3819,-0.3939
2.3,1.7,4.7,2.7,3.1,9.1,9.1,15.0,39.3,-0.5698,0.3233,-0.3265,0.1053,0.3389,0.3557,-0.3123,-0.3212
2.3,4.1,2.7,3.0,2.2,11.1,20.2,31.8,28.3,-0.9178,-0.1162,-0.0009,0.0084,0.0017,-0.0046,-0.0489,0.362
2.3,4.7,3.2,1.4,4.1,16.5,10.6,31.5,22.3,-0.7802,0.5021,-0.0651,0.2716,0.1235,-0.1542,0.0039,0.1085
2.3,2.3,1.7,4.7,3.4,21.9,17.0,37.8,35.2,-0.6246,0.663,-0.1033,-0.1324,-0.0394,0.0175,0.1599,0.0791
2.3,2.1,1.4,4.5,1.8,7.4,14.6,32.8,19.4,-0.2263,-0.0167,-0.3666,-0.1491,0.3723,0.1975,-0.7643,0.1215
2.3,1.3,1.0,3.7,2.0,6.3,19.6,24.6,10.5,-0.3265,0.1273,-0.141,-0.0303,0.0736,0.2213,-0.3657,-0.8048
2.3,3.6,3.4,1.4,4.2,20.6,18.5,34.1,34.6,-0.6209,0.7783,-0.0032,-0.0019,0.0006,0.0005,0.0067,0.0058
2.3,3.0,3.8,3.7,1.2,20.3,17.2,40.8,37.4,-0.8946,0.4368,-0.0008,-0.0006,0.0005,0.0005,0.0185,0.0403
2.3,2.3,4.4,2.7,4.2,9.6,20.2,16.7,21.0,-0.1226,0.1867,0.0147,-0.0098,-0.0194,-0.0098,-0.8154,-0.5158
2.3,2.8,1.4,4.5,1.2,11.7,5.2,33.1,20.3,-0.6446,-0.2388,-0.31,-0.1497,0.3144,0.1889,-0.3419,0.3833
2.3,4.5,1.3,3.2,4.0,7.0,9.0,30.0,26.0,-0.5853,0.0936,-0.4114,-0.1226,0.4066,0.378,-0.3773,-0.0602
2.3,2.7,2.4,2.2,3.7,13.8,19.6,24.9,26.7,-0.9049,-0.1286,0.0034,0.0855,0.0126,-0.0442,-0.0616,0.3666
2.3,4.0,4.1,3.4,3.2,12.4,2.2,20.3,29.2,-0.7556,-0.0323,-0.3234,-0.1251,0.27,0.4301,-0.1921,0.0518
2.3,2.2,2.3,1.9,3.4,5.4,19.3,22.7,8.3,0.2193,0.8544,-0.2285,-0.0879,-0.0666,0.0349,0.3442,-0.1098
2.3,4.1,4.2,4.1,4.1,20.3,14.1,31.6,36.1,-0.8744,0.4758,-0.0146,-0.0315,0.0035,0.0112,0.0032,0.0076
2.3,2.0,4.8,2.2,3.5,19.6,16.9,6.3,11.0,-0.0552,0.3582,0.1215,-0.0456,-0.1029,0.0942,-0.837,0.0742
2.3,1.2,4.6,4.4,2.5,7.9,10.3,33.5,41.6,-0.7153,0.0161,-0.1908,0.4245,0.2369,-0.279,-0.2274,0.2685
2.3,3.5,4.3,1.4,3.2,21.8,20.3,20.1,32.6,-0.5283,0.8425,-3.0273e-05,-0.0005,-2.224e-06,3.6388e-05,-8.0547e-06,-5.5475e-07
2.3,2.0,1.4,2.6,4.9,13.5,11.5,10.2,17.0,-0.1873,0.5932,-0.3069,-0.1271,-0.5713,-0.1741,-0.0792,-0.3596
2.3,3.8,2.3,2.1,2.0,15.4,2.9,37.1,17.8,-0.8711,0.2959,-0.2235,0.0112,0.2467,0.0465,-0.0027,0.1796
2.3,1.6,1.3,1.1,4.0,20.4,6.3,32.8,5.2,-0.6419,0.7439,-0.1286,-0.0678,-0.0067,0.0045,0.0263,0.024
2.3,2.6,3.2,1.5,3.2,21.8,17.5,18.7,18.7,-0.5771,0.8097,-0.0212,-0.0253,0.0035,0.0075,0.0003,0.0006
2.3,1.8,4.4,4.1,4.8,4.9,13.8,34.4,39.9,-0.8376,0.075,-0.0582,0.3678,0.1021,-0.2441,-0.0963,0.2482
2.3,2.8,1.1,1.6,1.2,12.2,11.0,5.2,29.2,-0.5555,0.3954,-0.0828,0.2247,-0.1502,0.2089,-0.2923,-0.5642
2.3,2.1,2.7,3.0,1.3,21.6,16.4,8.9,38.5,-0.7766,0.5813,0.0722,-0.1385,-0.1023,0.0836,-0.0153,0.0136
2.3,2.0,4.7,3.6,2.4,6.1,19.3,18.5,16.2,-0.2775,0.1689,-0.0151,0.0036,0.0106,0.0196,-0.4894,-0.8019
2.3,1.9,2.1,3.5,2.6,9.9,20.3,13.5,40.0,-0.9432,0.2408,0.0051,0.0445,0.0011,-0.0195,0.0129,0.0962
2.3,4.3,2.0,3.5,4.8,2.2,11.1,25.0,28.3,-0.5335,0.0925,-0.3642,-0.0832,0.2636,0.5029,-0.322,-0.3611
2.3,4.9,2.3,3.0,1.2,14.1,17.3,42.8,15.9,-0.922,0.2068,-0.0033,0.0512,0.0038,-0.0502,0.0636,0.2997
2.3,3.9,1.3,1.5,4.8,7.3,13.5,33.6,14.4,-0.176,0.3599,-0.7179,-0.2634,-0.2071,0.3658,0.2377,-0.0423
2.3,1.9,3.6,1.0,2.5,11.8,18.1,25.5,11.4,0.1784,-0.1308,-0.1947,0.1728,0.1275,0.1593,-0.5583,-0.7018
2.3,4.6,2.6,4.4,4.9,16.9,13.0,12.9,28.9,-0.8951,0.0226,-0.1694,-0.1411,0.176,0.2537,-0.073,0.1897
2.3,3.0,4.5,4.4,3.8,5.1,7.2,38.1,25.4,-0.3972,0.1191,-0.4757,-0.0656,0.486,0.0985,-0.5485,0.1953
2.3,4.4,1.1,2.4,2.0,21.2,21.6,31.7,11.5,-0.7552,0.6501,0.0025,0.0022,-0.0002,-0.0002,0.0016,0.0022
2.3,4.2,3.2,3.7,4.9,6.2,6.7,14.9,31.2,-0.6192,-0.0559,-0.2881,-0.1018,0.0296,0.6524,-0.0999,-0.2659
2.3,4.6,1.2,4.5,2.3,11.9,7.3,8.4,11.3,-0.5715,0.2944,-0.367,-0.0147,-0.4261,-0.0607,0.0154,-0.5096
2.3,2.4,1.3,1.8,3.1,8.9,11.3,24.2,21.7,-0.3791,-0.1197,-0.504,-0.0739,0.1332,0.6649,-0.2324,-0.2312
2.3,1.2,1.3,2.8,1.2,17.0,8.1,35.2,13.3,-0.7941,-0.0268,-0.3025,-0.0985,0.3152,0.1529,-0.1541,0.3277
2.3,2.1,2.2,3.1,2.5,12.5,2.1,32.7,20.7,-0.6924,-0.0516,-0.3133,-0.2232,0.3244,0.3584,-0.2808,0.2179
2.3,4.4,3.8,4.5,2.0,6.3,3.1,37.6,5.7,-0.5925,-0.0149,0.0963,-0.4086,-0.0813,0.531,-0.3836,0.1618
2.3,3.2,4.5,4.9,3.2,19.9,9.9,9.4,40.7,-0.9475,0.2902,-0.0019,0.0114,0.0013,-0.0038,0.0135,0.0563
2.3,4.5,2.3,2.9,4.7,5.6,10.3,28.3,6.4,-0.4677,0.2346,0.0411,-0.6591,-0.3112,0.2422,-0.2399,0.2628
2.3,1.2,3.9,4.7,3.2,14.5,3.8,40.7,41.2,-0.7671,0.0564,-0.1325,0.3452,0.1445,-0.3184,-0.1459,0.3443
2.3,3.3,2.5,1.8,4.4,21.6,11.6,25.7,17.5,-0.6329,0.754,0.0305,-0.1214,-0.0678,0.0468,-0.0063,0.0054
2.3,2.7,2.3,4.4,3.2,4.0,13.1,6.9,32.6,-0.6143,0.152,-0.0568,0.2644,-0.1853,0.1865,-0.0659,-0.6671
2.3,3.5,2.2,3.5,1.2,8.0,21.7,42.5,22.9,-0.7383,-0.142,0.0032,-0.0384,-0.0065,0.0348,-0.1267,0.6358
2.3,4.9,2.4,1.3,2.3,18.3,15.9,4.2,36.3,-0.545,0.8084,0.0413,0.0317,-0.0002,0.0246,-0.1667,-0.1144
2.3,1.3,4.7,1.5,4.2,7.1,11.0,22.1,37.0,-0.345,0.1375,-0.3813,0.4247,0.4887,0.014,-0.5293,0.0028
2.3,3.2,4.5,3.7,2.8,21.4,12.6,39.0,13.6,-0.8288,0.5495,-0.0067,-0.0485,-0.0015,0.0341,0.0001,0.0034
2.3,2.5,1.1,1.6,3.6,20.9,17.8,33.4,37.9,-0.6722,0.7331,-0.0106,-0.0081,0.0023,0.0023,0.0059,0.0061
2.3,2.4,3.9,4.8,1.6,11.0,11.4,15.4,36.8,-0.6163,0.0417,-0.2451,-0.2989,0.2271,0.5023,-0.3534,-0.1531
2.3,2.0,1.8,4.6,3.3,8.9,19.6,32.1,12.3,-0.1165,0.2829,-0.1033,-0.0107,0.1076,0.0495,-0.8788,-0.2913
2.3,4.5,2.9,4.2,1.1,20.7,20.3,35.8,6.0,-0.8975,0.4342,0.0002,0.0001,-0.0001,-4.2437e-05,0.004,0.0092
2.3,4.4,1.6,3.7,2.3,17.8,15.3,16.7,26.7,-0.9518,0.1731,-0.1282,0.0608,0.1332,-0.013,0.0016,0.1261
2.3,2.1,3.0,4.8,3.3,10.4,7.6,32.0,19.9,-0.5375,0.0261,-0.3347,-0.3121,0.3409,0.409,-0.4525,0.046
2.3,4.0,4.5,3.4,4.2,4.6,5.6,35.1,15.1,-0.6436,0.1027,-0.1671,-0.3031,0.1699,0.5545,-0.3173,-0.0839
2.3,4.5,3.7,1.5,2.9,9.5,16.3,25.4,7.0,0.1577,0.6779,-0.5574,-0.1896,-0.1227,0.1532,0.2905,-0.1342
2.3,1.0,4.2,2.5,4.0,14.6,4.3,9.1,43.6,-0.6236,0.4076,-0.098,0.2557,0.1339,0.3921,-0.1309,-0.4154
2.3,2.2,3.5,1.2,1.5,14.6,5.8,41.9,5.4,-0.6906,0.3843,-0.1798,-0.2123,0.2697,0.3801,-0.0457,0.2438
2.3,4.2,3.1,4.2,1.2,11.1,9.3,30.5,14.6,-0.5487,-0.2691,-0.3458,-0.1441,0.3475,0.2159,-0.4446,0.329
2.3,4.2,3.2,2.8,3.8,8.7,14.1,16.0,10.5,0.1284,0.3315,-0.2661,-0.5072,-0.6208,0.3407,0.1419,-0.0402
2.3,2.6,2.8,2.8,1.5,12.5,10.3,43.4,33.0,-0.8152,0.1568,-0.0863,0.1919,0.0863,-0.1917,0.0333,0.4591
2.3,1.6,2.2,3.4,4.3,13.0,10.6,11.9,32.9,-0.6116,-0.087,-0.1318,-0.2123,-0.0061,0.6833,-0.2239,-0.1419
2.3,2.7,2.3,4.7,4.2,4.3,19.4,26.2,43.9,-0.7242,0.649,0.0628,0.1268,0.0062,-0.0116,0.0328,0.0323
2.3,3.2,2.3,1.1,3.7,14.2,19.4,43.0,7.2,-0.0235,0.6425,-0.2158,0.032,0.2514,0.0017,-0.648,0.0824
2.3,1.9,2.8,2.3,1.6,13.2,4.7,6.4,32.7,-0.4558,0.3754,-0.0677,0.2545,-0.2186,0.2219,-0.3387,-0.6004
2.3,2.9,2.1,4.1,4.5,3.5,21.7,14.2,21.9,-0.4844,0.2617,0.0504,-0.0516,-0.0631,-0.1134,-0.3806,-0.719
2.3,4.9,3.8,3.4,4.3,16.6,15.2,41.9,20.3,-0.9105,0.3606,0.0047,0.0599,-0.0023,-0.0555,0.0574,0.156
2.3,2.5,3.2,2.0,4.1,14.7,6.0,4.5,27.9,-0.5735,0.3929,-0.2002,0.3032,-0.2264,0.2889,-0.0944,-0.4827
2.3,1.8,2.0,3.5,1.4,10.8,3.4,8.4,12.4,-0.3543,0.266,-0.3819,-0.1212,-0.4619,-0.1652,0.0917,-0.622
2.3,1.5,2.4,1.6,4.5,13.6,21.9,20.7,40.3,-0.5919,0.7776,-0.1223,-0.0836,-0.0006,0.0028,0.0085,0.006
2.3,2.9,1.6,1.9,1.3,11.0,18.3,12.8,4.3,-0.0133,0.6461,-0.308,-0.5027,-0.2972,0.2455,0.2267,0.0502
2.3,3.2,2.5,4.0,4.5,2.3,19.4,8.1,16.7,-0.0287,-0.009,-0.0547,-0.026,-0.091,0.1248,0.5872,-0.7774
2.3,2.3,4.6,3.3,2.7,14.0,13.8,26.6,43.0,-0.8193,0.2279,0.0524,0.4291,0.0551,-0.1935,-0.0517,0.1743
2.3,3.0,2.4,2.4,4.8,20.2,9.3,42.3,19.3,-0.7897,0.6057,-0.0058,0.0094,0.0063,-0.0081,0.0237,0.0326
2.3,4.6,2.4,3.5,4.7,7.0,5.8,32.3,38.1,-0.4907,0.1144,-0.4153,0.3221,0.4694,-0.1197,-0.4474,0.1516
2.3,1.4,3.5,2.6,3.5,16.0,5.7,38.6,41.1,-0.7798,0.175,-0.0311,0.3871,0.0851,-0.2956,-0.0827,0.3133
2.3,3.6,2.7,1.3,1.1,15.5,3.0,30.5,15.3,-0.8707,0.3417,-0.1927,0.0773,0.1804,0.1512,0.0211,0.1239
2.3,3.3,2.0,2.0,1.6,16.3,16.8,24.2,5.3,-0.6102,0.0955,-0.4617,0.0681,0.397,0.3613,-0.2758,-0.0748
2.3,1.5,1.6,1.8,1.7,9.7,9.1,42.0,10.0,-0.4642,0.3594,-0.2217,-0.4274,0.2296,0.4382,-0.2914,0.2852
2.3,1.0,1.4,2.9,3.3,2.3,13.1,32.1,29.8,-0.3835,0.1256,-0.4447,-0.0356,0.4632,0.2279,-0.5928,-0.0859
2.3,3.6,4.6,2.0,2.1,16.8,11.1,12.8,18.6,-0.8728,0.0194,-0.1741,-0.0698,0.1871,0.2152,-0.0544,0.3129
2.3,3.1,3.9,5.0,4.5,9.6,16.9,29.7,24.7,-0.4271,-0.4006,-0.1676,0.1605,0.1758,-0.1042,-0.5668,0.4677
2.3,2.2,2.2,1.2,1.1,6.0,15.5,13.4,18.5,0.1536,-0.0667,-0.2382,-0.0928,-0.0702,0.4653,-0.1838,-0.797
2.3,3.3,2.2,3.5,2.0,18.8,10.4,31.4,36.2,-0.9343,0.3255,-0.0002,0.0837,0.0103,-0.0518,0.0164,0.0639
2.3,2.2,3.7,4.3,1.0,9.3,11.4,34.1,14.2,-0.2198,-0.1421,-0.3366,-0.0788,0.3416,0.1164,-0.7676,0.2763
2.3,4.7,1.9,1.0,4.5,10.4,15.3,23.7,12.7,-0.164,0.5519,-0.7127,-0.2453,-0.0975,0.207,0.1741,0.0151
2.3,3.5,3.5,3.0,3.3,12.5,2.2,37.5,36.9,-0.7305,0.1096,-0.2056,0.3601,0.2373,-0.2907,-0.1649,0.3228
2.3,3.2,3.1,3.3,3.7,17.8,10.3,36.4,43.5,-0.8874,0.3576,0.1109,0.2052,-0.0088,-0.0679,0.0342,0.1271
2.3,5.0,2.5,4.7,1.9,3.7,11.5,34.2,17.6,-0.2573,0.1247,-0.314,-0.2546,0.3201,0.3078,-0.736,-0.0541
2.3,4.1,1.6,2.2,4.9,13.6,18.4,26.9,17.9,-0.5925,-0.2163,-0.2422,0.3362,0.2798,-0.166,-0.3713,0.39
2.3,1.6,4.1,2.1,4.7,6.7,20.8,6.2,19.4,-0.3304,-0.0451,0.0216,-0.0408,0.0051,-0.0535,0.1531,-0.9186
2.3,4.2,1.2,3.9,2.1,9.5,19.8,32.1,33.5,-0.8987,-0.156,-0.0195,0.1048,0.0278,-0.0711,-0.0766,0.363
2.3,4.8,2.0,3.5,1.3,12.9,9.2,36.7,33.9,-0.9134,0.0526,-0.1038,0.1853,0.1138,-0.1547,-0.0303,0.2702
2.3,1.5,3.0,4.9,1.1,7.8,11.8,33.1,26.3,-0.3036,-0.2756,-0.3045,0.0213,0.3084,0.009,-0.6861,0.398
2.3,4.3,4.2,3.6,3.3,9.8,6.0,21.5,16.1,-0.3233,-0.2979,-0.128,-0.2441,-0.2107,0.7026,-0.4197,-0.0359
2.3,2.4,2.6,1.3,3.1,18.1,11.9,38.0,5.6,-0.5529,0.5257,-0.5158,0.0204,-0.1645,0.2636,0.1697,-0.009
2.3,3.9,3.1,1.1,2.2,10.4,12.9,17.7,38.1,-0.5035,0.1075,-0.2093,0.5334,0.3563,-0.2348,-0.3433,0.2948
2.3,4.4,2.0,1.3,3.0,4.9,14.7,7.1,14.7,0.0698,0.7278,-0.3147,-0.1118,-0.4796,-0.1126,0.199,-0.2477
2.3,4.1,4.4,3.6,4.7,2.1,15.6,30.2,30.8,-0.4024,-0.2854,-0.2613,0.2622,0.2859,-0.1438,-0.5809,0.3949
2.3,4.3,3.6,3.2,4.3,13.9,2.8,5.4,9.8,-0.6994,0.4756,-0.1703,-0.2042,-0.2034,-0.2306,-0.103,-0.3242
2.3,3.5,3.3,2.0,3.7,10.4,3.3,37.4,39.7,-0.6057,0.1792,-0.167,0.4657,0.2499,-0.3318,-0.2254,0.3473
2.3,4.2,2.8,4.3,3.7,3.6,19.5,10.5,21.8,-0.5706,0.0865,-0.0221,0.0064,0.0048,0.0521,-0.1172,-0.8001
2.3,2.8,2.2,4.0,3.9,11.0,3.5,23.3,33.0,-0.6488,0.1361,-0.3956,-0.0717,0.3733,0.3692,-0.3028,-0.1475
2.3,4.8,4.4,4.2,3.5,12.9,18.3,26.5,31.6,-0.9638,-0.0348,0.0019,0.0631,0.0058,-0.0344,-0.0133,0.2357
2.3,2.2,3.0,2.8,4.3,10.0,19.2,20.7,31.8,-0.6873,-0.3752,-0.0418,0.1416,0.059,-0.0781,-0.3004,0.4832
2.3,4.8,2.1,4.8,3.9,9.4,6.7,20.7,43.0,-0.4237,0.3455,-0.3757,0.1743,0.4439,0.193,-0.4898,-0.2048
2.3,4.4,1.1,2.0,4.0,4.4,12.4,13.7,18.7,0.1959,0.4345,-0.1697,-0.3428,-0.7457,0.0875,-0.1677,-0.1459
2.3,1.4,1.6,2.5,4.8,7.2,21.9,27.4,32.2,-0.944,0.0912,-0.066,-0.1483,0.0036,0.0535,0.0067,0.2169
2.3,1.5,2.8,4.3,4.0,19.9,3.6,36.1,14.8,-0.9413,0.2728,-0.1006,-0.0142,0.1063,0.04,0.008,0.0761
2.3,4.1,2.5,3.2,3.9,21.7,8.5,22.6,38.2,-0.7452,0.6352,-0.1027,-0.1443,0.0034,0.0158,0.0113,0.016
2.3,4.1,1.2,3.4,3.1,7.7,12.0,8.2,36.4,-0.3378,-0.0043,0.2381,-0.0767,-0.3977,0.594,-0.4665,-0.2231
2.3,1.2,2.9,3.7,4.5,21.5,11.1,17.4,41.7,-0.8466,0.4943,-0.0929,-0.0964,-0.0145,-0.0049,0.0102,0.0113
2.3,4.2,2.0,2.0,4.3,4.5,20.5,42.5,24.1,-0.6489,-0.0965,-0.008,0.0325,0.0102,-0.0292,-0.1208,0.7269
2.3,4.7,2.3,2.1,1.5,16.3,21.0,23.0,39.8,-0.8829,0.4521,-0.0115,-0.0132,0.0021,0.0034,0.0261,0.0547
2.3,1.8,1.5,2.0,3.2,12.0,5.9,22.1,11.1,-0.1347,0.0912,-0.1601,-0.6863,-0.4904,0.2115,-0.344,0.247
2.3,4.4,4.5,2.6,3.3,20.5,4.9,15.8,28.1,-0.7965,0.5952,0.0301,-0.0216,-0.0397,-0.0087,0.0035,0.0074
2.3,3.1,4.8,4.7,3.4,19.2,13.7,34.6,10.8,-0.9458,0.3018,-0.0074,0.042,0.0104,-0.0304,0.0157,0.0586
2.3,3.9,2.8,2.6,4.4,2.4,15.9,7.5,28.5,-0.3697,0.1205,-0.0093,0.2634,-0.2537,0.232,-0.08,-0.8008
2.3,4.2,2.9,4.5,1.6,19.9,8.4,20.6,42.3,-0.9324,0.3502,-0.0055,-0.0037,0.0005,0.0006,0.007,0.0209
2.3,3.6,3.2,3.3,4.9,9.2,3.4,42.6,26.8,-0.5265,0.275,-0.4824,0.0046,0.4881,0.0058,-0.3216,0.2479
2.3,4.8,4.2,3.3,3.9,15.5,20.1,9.3,6.7,-0.5361,0.4994,0.0095,-0.0008,-0.015,-0.0136,-0.4574,-0.4864
2.3,1.5,2.2,1.4,3.9,20.5,13.3,19.9,29.8,-0.7407,0.645,0.018,0.1163,0.0137,-0.0585,0.0163,0.0317
2.3,3.3,3.7,4.8,1.3,19.3,20.5,27.0,35.8,-0.965,0.2434,-0.0013,-0.0037,0.0003,0.0011,0.0112,0.0488
2.3,3.9,3.6,1.3,4.0,8.6,11.8,4.7,28.0,-0.3948,0.313,-0.1053,0.3577,-0.1632,0.344,-0.1542,-0.6538
2.3,4.6,3.7,2.3,2.5,3.6,20.4,8.4,31.6,-0.5835,0.3686,0.0027,-0.0041,-0.0078,-0.009,-0.3803,-0.6066
2.3,2.2,3.4,1.4,3.9,16.8,9.6,11.0,35.4,-0.5699,0.4494,-0.3398,0.1009,0.4503,0.2165,-0.2814,-0.0591
2.3,1.4,2.6,4.1,4.8,3.8,20.8,22.8,35.6,-0.968,0.0899,-0.029,-0.0889,0.0031,0.0331,0.0045,0.1461
2.3,2.8,2.7,4.5,3.5,20.5,8.1,34.7,24.2,-0.8998,0.4251,0.0059,-0.0294,-0.0095,0.0213,0.0042,0.0122
2.3,2.5,1.0,4.9,2.1,2.4,6.8,30.9,33.7,-0.478,0.0729,-0.4518,-0.1411,0.4594,0.2425,-0.5108,0.0112
2.3,1.6,2.2,2.6,2.5,2.3,16.7,16.7,28.4,-0.2625,0.1011,-0.2508,-0.0595,0.177,0.3517,-0.5053,-0.6551
2.3,1.8,2.5,3.4,3.6,13.7,8.1,5.2,6.1,-0.6965,0.4123,-0.0827,-0.3162,-0.1178,-0.349,-0.0129,-0.3144
2.3,1.4,3.3,3.7,1.6,6.6,12.5,5.4,6.1,-0.4228,0.654,-0.2129,-0.3081,-0.243,-0.3363,0.2629,-0.0712
2.3,1.1,2.3,1.8,2.8,11.8,16.6,33.5,41.1,-0.8282,0.3002,0.0817,0.3479,0.0142,-0.1937,-0.0098,0.2044
2.3,2.8,4.0,3.3,1.7,18.7,19.1,29.3,12.9,-0.9549,0.2664,0.0021,0.0083,-0.0004,-0.0034,0.0219,0.0848
2.3,1.2,3.7,1.0,4.0,9.0,12.9,27.4,39.0,-0.5828,0.1483,-0.0051,0.5925,0.2045,-0.283,-0.217,0.3123
2.3,1.1,3.2,4.3,1.5,3.3,5.4,40.6,4.1,-0.603,0.2049,0.1303,-0.451,-0.1257,0.464,-0.3063,0.2012
2.3,1.1,1.7,2.9,2.0,10.0,14.3,31.3,27.0,-0.3142,-0.1596,-0.4064,0.0688,0.4206,0.037,-0.6733,0.242
2.3,1.3,1.5,4.0,4.9,4.5,18.2,31.2,31.9,-0.4356,-0.2625,-0.3026,0.259,0.3211,-0.1441,-0.5499,0.3575
2.3,4.9,4.4,3.1,4.1,8.7,15.8,36.6,21.4,-0.6272,-0.2605,-0.118,0.2036,0.1348,-0.1587,-0.3206,0.5657
2.3,4.7,2.1,2.0,4.8,20.4,13.2,29.3,23.7,-0.7245,0.6835,-0.0065,-0.0257,-0.0018,0.0131,0.0051,0.0063
2.3,1.5,3.1,3.5,3.6,6.6,4.3,15.3,37.3,-0.6468,0.1641,-0.3141,0.0672,0.1458,0.4973,-0.1212,-0.3979
2.3,4.9,3.9,3.2,2.4,6.7,18.5,32.5,22.8,-0.4621,-0.4227,-0.042,0.0688,0.0491,-0.0425,-0.5265,0.5504
2.3,2.8,4.9,3.8,1.5,10.1,20.2,8.6,24.5,-0.6671,0.236,0.0039,-0.0018,-0.0049,-0.0104,-0.2336,-0.6624
2.3,1.8,4.7,2.5,4.3,19.6,18.5,16.6,7.2,-0.9421,0.2052,0.013,0.0694,0.001,-0.0351,0.0228,0.1643
2.3,3.0,4.7,2.2,4.0,3.5,10.0,28.6,11.7,-0.0886,0.4807,-0.5049,-0.526,-0.2756,0.2892,0.2257,0.0631
2.3,3.2,1.7,2.2,1.8,19.6,21.9,20.1,22.6,-0.8525,0.5123,-0.004,-0.0051,0.0004,0.0008,0.0167,0.0297
2.3,2.4,4.6,1.9,2.0,5.3,6.9,24.0,17.8,-0.0713,-0.2069,-0.3318,-0.2114,-0.1553,0.7197,-0.3183,-0.3719
2.3,4.2,3.5,5.0,3.6,9.4,14.6,21.7,19.6,-0.3387,0.1399,-0.2834,-0.2292,0.2689,0.3794,-0.6299,-0.3227
2.3,3.5,3.0,3.0,4.2,6.7,18.7,34.5,35.8,-0.9451,0.1625,0.0218,0.1207,-0.0002,-0.0724,0.0237,0.2141
2.3,3.5,2.3,1.3,3.8,21.1,5.6,22.7,28.0,-0.566,0.8154,-0.0038,-0.0659,-0.0205,0.0311,0.0013,0.0036
2.3,2.3,4.4,1.7,4.0,11.5,4.6,18.7,26.5,-0.4777,-0.0006,-0.5567,0.0383,0.1124,0.6237,-0.0807,-0.1951
2.3,2.5,4.8,2.7,1.9,14.3,10.1,34.3,26.0,-0.8541,-0.0497,-0.1319,0.2149,0.1489,-0.1588,-0.0877,0.3719
2.3,3.4,1.0,2.0,2.7,10.7,10.5,19.2,30.7,-0.5975,0.0517,-0.4518,0.003,0.385,0.4273,-0.2979,-0.0622
2.3,3.6,1.6,3.6,1.8,17.1,2.5,11.7,19.2,-0.5582,-0.372,-0.0359,-0.0687,-0.0678,0.2295,-0.4075,0.5274
2.3,2.7,1.5,3.5,3.2,9.0,9.4,14.8,31.6,-0.563,-0.1347,-0.1902,-0.2425,0.0303,0.6774,-0.2775,-0.1324
2.3,4.7,2.2,4.9,2.7,2.3,7.6,24.2,41.0,-0.5244,0.3169,-0.3878,0.0725,0.4147,0.2431,-0.4162,-0.2317
2.3,2.2,2.3,4.7,3.4,2.9,8.2,14.2,19.0,-0.0857,0.2025,-0.2314,0.1363,-0.5976,0.0851,0.1216,-0.6992
2.3,1.3,1.5,3.5,4.1,20.0,7.2,38.0,36.6,-0.9244,0.3252,0.0098,0.1111,0.0028,-0.0799,0.0214,0.0965
2.3,4.1,1.5,4.0,3.6,4.4,18.2,42.2,39.6,-0.8857,0.2544,-0.0005,0.1972,0.0046,-0.189,0.0256,0.2498
2.3,1.1,3.6,2.7,1.1,4.2,17.3,43.8,13.2,0.0878,0.201,-0.1224,0.0286,0.1218,-0.0292,-0.8307,0.4608
2.3,4.3,2.2,4.9,4.6,4.4,9.3,14.4,19.9,-0.0707,0.2168,-0.1845,0.1551,-0.6543,0.1304,0.001,-0.6569
2.3,2.4,3.4,2.5,2.3,11.7,7.8,33.8,14.4,-0.5737,0.0319,-0.3435,-0.2432,0.3619,0.4237,-0.3913,0.1299
2.3,4.4,2.9,4.2,3.4,18.1,3.3,34.0,43.3,-0.929,0.3171,0.0725,0.132,0.0031,-0.0197,0.0241,0.0806
2.3,1.7,4.1,3.6,1.4,2.4,9.8,28.2,43.0,-0.5123,0.125,-0.3669,0.4187,0.4406,-0.14,-0.4055,0.1232
2.3,1.2,1.5,1.1,2.9,8.6,12.1,34.1,6.4,-0.3866,0.4205,-0.2681,-0.621,-0.1547,0.3069,-0.0752,0.2867
2.3,4.0,4.5,1.7,1.6,19.9,8.3,41.5,22.6,-0.7246,0.6829,0.0004,0.0136,0.0015,-0.0109,0.0228,0.0252
2.3,4.1,3.2,1.8,3.4,16.2,7.8,28.3,10.0,-0.7504,0.3027,-0.4604,0.0615,-0.0621,0.328,0.0735,0.0168
2.3,1.6,1.0,1.6,3.0,2.4,3.0,21.7,43.9,-0.2725,0.3705,-0.3262,0.4245,0.3694,0.3293,-0.3721,-0.326
2.3,3.4,1.5,1.2,3.5,9.2,16.3,28.3,17.0,-0.22,0.0289,-0.516,0.1816,0.3027,0.4734,-0.3632,-0.4206
2.3,3.9,2.1,3.5,2.6,15.4,3.7,25.8,26.7,-0.8873,0.062,-0.2808,0.0151,0.2839,0.11,-0.0794,0.1504
2.3,2.5,2.3,4.0,1.1,20.9,15.8,7.7,12.4,-0.9079,0.4008,0.0046,-0.0017,-0.0072,-0.0133,0.0071,0.0219
2.3,4.2,1.8,2.1,1.5,13.8,9.6,20.3,41.0,-0.6336,0.0702,-0.2295,0.4944,0.3122,-0.225,-0.2691,0.2445
2.3,3.0,2.6,2.9,2.7,15.6,18.2,13.5,4.7,-0.2333,-0.0023,-0.3537,-0.0481,-0.057,0.5309,0.0481,-0.6814
2.3,1.9,1.2,4.6,4.0,20.4,20.3,25.8,10.2,-0.933,0.342,-0.0004,0.0015,0.0002,-0.0005,0.0067,0.0226
2.3,1.2,4.5,3.7,4.8,10.2,14.3,41.7,30.4,-0.7531,-0.0918,-0.1063,0.2322,0.1124,-0.2194,-0.1508,0.5122
2.3,1.2,1.2,4.4,4.1,3.7,21.5,32.8,12.8,-0.2352,0.3697,0.0642,-0.0121,-0.078,-0.0405,-0.7534,-0.4518
2.3,2.9,2.1,3.4,3.2,21.1,7.4,35.3,14.7,-0.8267,0.5455,0.0567,-0.0472,-0.0682,0.0215,-0.0033,0.0049
2.3,3.0,1.7,2.5,1.1,12.2,21.2,42.9,31.4,-0.886,0.1875,-0.0026,-0.0075,0.0024,0.0072,0.0843,0.4028
2.3,1.6,2.4,2.7,1.9,21.5,7.6,35.0,41.7,-0.7879,0.5938,-0.0671,-0.0717,0.0018,0.0072,0.0071,0.0087
2.3,2.1,2.2,1.1,4.5,2.4,4.9,39.9,26.6,-0.4869,0.4808,-0.3195,0.0348,0.4511,0.2576,-0.3651,-0.0949
2.3,4.3,3.6,4.0,1.9,11.3,5.2,38.0,24.6,-0.7866,-0.0617,-0.2934,0.1138,0.3003,-0.0916,-0.1579,0.382
2.3,4.1,3.2,1.3,3.3,17.7,9.8,19.2,9.3,-0.714,0.5567,-0.3706,0.0135,-0.0807,0.1395,0.0704,0.0342
2.3,2.2,3.0,3.6,3.2,6.3,18.6,19.4,35.6,-0.6017,-0.3832,-0.1173,0.2213,0.1349,-0.1276,-0.3869,0.4498
2.3,2.1,3.7,1.2,4.6,14.8,19.6,23.5,14.9,-0.2193,-0.3924,-0.0437,0.1053,0.0737,-0.0317,-0.765,0.3744
2.3,3.4,5.0,3.7,1.3,16.2,6.5,28.0,34.1,-0.9284,0.044,-0.1497,0.1788,0.1594,-0.1084,-0.04,0.1862
2.3,1.7,1.2,1.9,2.1,15.2,8.3,36.2,33.6,-0.7511,0.1543,-0.2331,0.3224,0.2726,-0.2365,-0.1258,0.3093
2.3,2.8,3.8,1.2,4.4,16.2,2.1,10.5,26.7,-0.6785,0.1155,-0.3997,0.0489,0.0222,0.5511,0.0522,0.1865
2.3,3.3,2.8,3.8,3.5,4.2,3.3,32.5,21.8,-0.5937,0.0568,-0.249,-0.3254,0.2524,0.504,-0.3855,-0.0161
2.3,1.2,1.0,3.2,1.7,13.7,9.0,17.7,27.6,-0.3221,-0.2635,-0.0618,-0.3056,-0.0465,0.5938,-0.5969,0.0321
2.3,1.5,4.2,2.5,1.6,6.2,19.0,14.2,8.7,0.3181,0.1978,-0.0836,0.01,-0.0286,0.0576,0.462,-0.7855
2.3,3.9,3.7,4.3,1.7,15.6,5.8,21.7,34.8,-0.8313,-0.0164,-0.3455,0.0752,0.3496,0.0392,-0.1491,0.1639
2.3,1.6,1.1,1.1,2.8,6.8,19.8,6.0,41.9,-0.4666,0.7306,-0.1169,0.0782,0.2952,0.1621,-0.2687,-0.1445
2.3,4.1,1.3,1.5,3.9,12.7,22.0,31.7,30.6,-0.8835,0.4278,-0.0398,-0.0442,0.0074,0.0147,0.0598,0.1298
2.3,2.1,2.3,1.6,3.3,12.1,16.1,32.0,14.9,-0.2706,0.1289,-0.3942,0.0768,0.4207,0.2569,-0.6557,-0.2255
2.3,4.1,4.8,4.2,4.5,2.8,12.1,5.4,23.6,-0.2905,0.0188,-0.3058,0.1906,-0.3237,0.1727,0.4247,-0.6784
2.3,1.7,4.3,2.5,2.8,3.7,4.9,12.2,27.8,0.095,0.0923,-0.0897,0.0515,-0.6494,0.3907,-0.2658,-0.5577
2.3,1.2,1.6,3.0,2.1,9.0,6.4,21.5,32.7,-0.5442,-0.0289,-0.3875,-0.1576,0.3053,0.514,-0.3619,-0.1662
2.3,3.9,1.9,3.2,4.6,16.2,12.0,36.1,22.5,-0.8823,0.205,-0.166,0.213,0.1839,-0.1587,-0.0305,0.1931
2.3,1.5,2.9,2.5,4.7,16.1,6.3,32.3,38.1,-0.6819,0.0659,-0.1863,0.4644,0.2596,-0.265,-0.2306,0.2748
2.3,3.6,3.4,4.0,1.9,21.6,13.8,8.5,43.8,-0.7947,0.4677,-0.2518,0.0737,-0.1827,0.1549,0.0553,-0.0404
2.3,1.9,4.5,2.3,4.5,16.0,16.5,42.4,12.6,-0.513,-0.1046,-0.1527,0.2328,0.1624,-0.2184,-0.31,0.6642
2.3,5.0,4.1,3.3,2.2,10.1,3.2,18.5,34.5,-0.6816,0.0405,-0.357,-0.1334,0.3189,0.4497,-0.2634,-0.0488
2.3,3.6,2.7,3.6,4.1,5.6,18.6,41.7,27.2,-0.767,-0.1009,-0.0309,0.1024,0.0331,-0.0981,-0.0982,0.5953
2.3,1.5,1.9,4.1,1.8,9.0,9.3,24.7,38.7,-0.4866,0.0922,-0.4833,0.0744,0.4928,0.1463,-0.485,-0.0572
2.3,1.4,4.2,3.6,2.9,14.2,15.6,34.6,27.4,-0.8041,-0.2204,-0.0625,0.1623,0.0736,-0.1247,-0.1627,0.4629
2.3,2.9,1.8,3.0,2.2,16.3,14.2,8.1,19.4,-0.3906,0.487,0.0874,0.1006,-0.1319,0.101,-0.5828,-0.4563
2.3,4.0,4.3,4.2,3.5,19.5,4.7,27.9,10.7,-0.9182,0.3856,-0.0138,0.0008,0.0121,0.0163,0.0085,0.0224
2.3,4.5,1.6,3.6,2.5,2.0,17.0,34.5,15.3,-0.2839,0.3437,-0.2325,-0.1365,0.2433,0.2226,-0.7076,-0.323
2.3,2.9,1.8,3.5,2.1,19.6,2.3,32.1,10.8,-0.9192,0.3772,-0.0314,-0.0018,0.0339,0.0273,0.014,0.0397
2.3,1.5,1.5,1.5,1.2,11.0,4.2,39.3,12.7,-0.4925,0.0966,-0.2335,-0.3607,0.2684,0.4296,-0.3631,0.4009
2.3,2.9,1.2,4.5,4.4,12.9,4.0,11.0,27.5,-0.3133,0.3081,0.0331,0.2475,-0.3818,0.211,-0.4526,-0.5785
2.3,2.5,2.2,4.9,4.6,16.7,15.0,19.3,31.0,-0.6538,-0.0682,-0.4404,0.1198,0.4477,0.0043,-0.3303,0.1729
2.3,5.0,1.7,3.3,3.1,19.0,7.0,6.6,7.2,-0.3003,-0.1561,-0.007,-0.0699,-0.0827,0.0435,-0.592,0.5909
2.3,1.2,4.8,3.7,1.3,20.0,14.3,35.5,28.6,-0.9532,0.2616,0.0009,0.0291,0.0019,-0.02,0.024,0.0995
2.3,2.3,1.6,1.1,1.6,7.2,14.2,32.9,18.2,-0.2589,0.0514,-0.4041,0.0222,0.4425,0.2812,-0.6827,-0.0792
2.3,4.1,4.4,3.3,4.9,19.4,20.6,23.3,5.4,-0.8867,0.4526,-0.0023,-0.0044,0.0003,0.0008,0.0107,0.0227
2.3,1.7,3.4,1.1,3.8,17.0,11.2,31.7,7.6,-0.5163,0.5851,-0.4937,-0.3115,-0.0317,0.1129,0.1031,0.1245
2.3,1.0,1.1,4.3,1.7,11.2,5.7,33.2,6.6,-0.4687,-0.1207,0.1507,-0.3274,-0.1959,0.5936,-0.4807,0.0149
2.3,1.1,4.1,2.9,4.1,8.5,19.1,39.5,20.5,-0.2692,-0.2688,-0.0395,0.0455,0.0438,-0.0361,-0.662,0.6218
2.3,2.4,2.0,4.3,1.7,14.6,12.3,31.6,42.6,-0.8215,0.0399,-0.0569,0.3972,0.1101,-0.242,-0.1145,0.2582
2.3,4.3,5.0,4.6,4.2,9.0,21.6,23.5,29.5,-0.8465,-0.2686,-0.0069,-0.1484,-0.0242,0.0689,-0.1403,0.3843
2.3,3.8,1.4,4.4,1.5,21.4,15.3,6.0,30.6,-0.8632,0.4941,0.0059,-0.0133,-0.0144,-0.0361,-0.0012,-0.0023
2.3,2.6,2.9,2.6,4.8,14.0,18.4,40.2,19.8,-0.8458,-0.0236,-0.0121,0.1212,0.0228,-0.1018,-0.0341,0.4905
2.3,3.9,3.0,4.5,2.7,16.7,3.8,14.5,28.0,-0.889,-0.1352,-0.1068,-0.1067,0.0852,0.2473,-0.0879,0.2771
2.3,3.2,3.8,3.8,2.4,21.3,21.0,6.0,6.5,-0.8483,0.5207,0.0082,0.0128,-0.0016,-0.0032,0.0014,0.0036
2.3,2.2,5.0,2.8,4.8,3.5,4.3,42.6,15.6,-0.6405,0.4058,-0.1934,-0.3605,0.2074,0.3859,-0.215,0.1009
2.3,1.1,1.9,1.9,4.8,9.6,21.0,31.0,20.6,-0.1256,-0.3277,0.0041,-0.0171,-0.0111,0.0084,-0.8656,0.2962
2.3,2.5,4.6,2.9,1.7,20.7,8.8,42.1,21.6,-0.8328,0.5445,-0.0007,-0.0072,0.0002,0.0067,0.0224,0.0364
2.3,3.8,3.2,4.4,3.2,19.2,8.3,37.0,30.0,-0.9263,0.3633,-0.0033,0.0289,0.0053,-0.0229,0.0169,0.0475
2.3,2.9,1.4,3.2,3.4,15.8,16.6,9.0,42.6,-0.6348,0.5371,-0.1442,0.0603,0.2433,0.2583,-0.2653,-0.2731
2.3,3.1,4.4,4.6,4.2,18.6,15.3,7.7,27.6,-0.0781,0.1427,0.1546,-0.0817,-0.1484,0.126,-0.8879,0.098
2.3,2.7,3.6,4.9,2.8,4.2,9.0,19.5,15.0,-0.1668,-0.0071,0.121,0.0101,-0.5022,0.3889,-0.3091,-0.6673
2.3,4.9,2.6,1.9,3.6,5.7,8.1,24.6,24.8,-0.432,-0.0233,-0.5002,0.0062,0.2492,0.5864,-0.2651,-0.2701
2.3,3.8,1.8,4.8,1.6,3.1,13.8,26.3,42.4,-0.4954,0.1086,-0.4272,0.3213,0.4726,-0.0789,-0.4486,0.081
2.3,3.2,2.3,5.0,2.4,9.4,13.8,38.9,32.6,-0.8117,-0.1028,-0.1237,0.1977,0.1271,-0.1881,-0.1247,0.4468
2.3,2.5,2.0,1.5,1.3,13.8,16.4,19.5,13.7,-0.2604,-0.1724,-0.4162,0.0813,0.4191,0.1717,-0.6949,0.0781
2.3,3.7,1.3,3.6,2.9,18.8,6.3,11.2,32.0,-0.9504,0.2298,-0.0586,-0.0201,0.0598,0.0957,0.0198,0.1192
2.3,2.6,2.8,4.6,3.0,8.1,8.8,40.2,32.4,-0.6586,-0.0578,-0.2833,0.2382,0.2862,-0.2309,-0.2516,0.4651
2.3,3.0,2.3,1.7,2.2,3.9,20.2,43.3,40.3,-0.7696,0.6013,0.0217,0.0355,-0.0187,-0.0321,0.0915,0.127
2.3,4.2,2.5,3.8,3.8,4.6,14.0,15.7,17.5,-0.0215,-0.0458,-0.0104,-0.0795,-0.5425,0.4899,-0.0592,-0.6601
2.3,4.3,3.6,4.2,1.2,17.2,21.0,36.2,24.6,-0.968,0.2052,-0.0023,-0.0067,0.0007,0.0031,0.0247,0.1212
2.3,1.6,4.7,4.1,4.9,10.2,18.9,21.3,18.1,-0.2365,0.2426,-0.037,0.0037,0.0349,0.0365,-0.6747,-0.6395
2.3,1.2,1.9,1.6,3.9,19.0,3.5,31.0,38.5,-0.7971,0.3253,0.0464,0.3937,0.0553,-0.2106,-0.0297,0.1882
2.3,2.9,2.4,4.9,4.2,9.9,3.3,12.4,39.8,-0.7643,0.2443,-0.1683,0.0989,0.0962,0.3951,-0.0894,-0.3698
2.3,4.3,4.5,4.2,1.5,10.5,18.6,24.2,26.1,-0.4423,-0.4912,-0.0292,0.0403,0.0316,-0.0225,-0.5555,0.4825
2.3,1.2,2.4,3.8,1.4,10.8,10.6,8.8,13.9,-0.3126,0.0762,-0.2645,0.1468,-0.351,0.1015,0.1586,-0.798
2.3,3.1,3.7,4.5,4.4,12.8,10.9,25.6,43.1,-0.6451,0.031,-0.162,0.5276,0.2562,-0.2501,-0.2617,0.2594
2.3,4.1,3.6,4.5,2.0,7.3,20.1,17.5,28.5,-0.12,0.2323,0.0077,-0.0028,-0.0093,-0.0027,-0.8599,-0.4173
2.3,2.9,4.3,3.5,4.5,8.6,17.0,42.7,15.5,-0.0914,-0.0204,-0.2007,0.0941,0.2024,-0.0908,-0.7612,0.5354
2.3,1.3,2.7,4.2,1.8,17.7,16.7,20.5,32.8,-0.8244,-0.2722,-0.1098,0.1824,0.1162,-0.1195,-0.1675,0.3529
2.3,1.9,1.2,1.3,2.9,21.7,14.7,33.8,8.8,-0.5614,0.8128,0.0426,-0.0681,-0.0799,-0.0004,-0.0055,0.0014
2.3,2.3,4.4,3.3,1.8,12.3,16.4,29.2,38.5,-0.9358,0.0073,-0.0022,0.1921,0.0267,-0.1129,-0.0253,0.244
2.3,1.5,2.5,3.7,3.6,12.9,10.8,41.3,28.6,-0.6541,-0.0332,-0.2848,0.2366,0.2887,-0.2283,-0.2374,0.4791
2.3,4.8,3.5,1.6,1.6,3.6,9.3,31.9,43.6,-0.4897,0.2108,-0.1259,0.5946,0.3125,-0.2697,-0.2996,0.2608
2.3,4.4,4.7,4.0,4.5,12.8,18.3,41.3,32.2,-0.9369,0.2468,0.0063,0.0352,-0.0042,-0.031,0.0563,0.2215
2.3,1.7,2.6,3.7,3.8,17.0,9.4,17.2,19.4,-0.589,-0.2975,-0.135,-0.2333,0.0141,0.554,-0.3407,0.2136
2.3,2.4,4.7,1.0,3.2,20.6,21.4,15.8,29.7,-0.5625,0.8195,-0.0029,-0.0019,0.0003,0.0002,0.0106,0.008
2.3,1.7,4.3,2.7,3.0,18.2,6.3,38.4,23.2,-0.8825,0.245,-0.1527,0.1763,0.1663,-0.1456,-0.001,0.2156
2.3,3.7,3.6,4.9,4.2,11.4,16.2,8.5,22.0,-0.7135,0.2387,0.06,0.1257,-0.0975,0.0629,-0.1957,-0.5969
2.3,2.1,2.3,3.8,4.5,20.0,10.5,32.7,4.3,-0.9071,0.3709,-0.1224,0.0133,-0.0675,0.0825,0.022,0.029
2.3,1.1,2.4,2.5,1.2,15.8,7.8,28.9,22.2,-0.6763,-0.2081,-0.3576,-0.0418,0.3602,0.1688,-0.3053,0.3215
2.3,4.2,1.6,1.1,2.4,14.3,17.3,12.6,28.8,-0.5918,0.0626,-0.281,0.3483,0.3558,-0.202,-0.2598,0.4258
2.3,3.4,1.9,4.4,4.2,4.5,11.2,32.3,19.4,-0.5704,0.1482,-0.2443,-0.3113,0.2441,0.4816,-0.4111,-0.1594
2.3,1.3,3.0,3.5,3.2,3.4,16.1,10.0,13.8,0.1671,0.4771,-0.1451,-0.0183,-0.454,-0.0095,0.6082,-0.3625
2.3,3.2,1.2,4.2,4.0,2.3,21.3,11.8,4.1,-0.3722,0.866,0.0653,0.0456,0.0311,0.0072,0.2642,0.1
2.3,3.6,1.2,4.4,3.2,8.4,7.1,12.9,33.7,-0.5613,-0.1897,-0.0453,-0.2532,-0.1121,0.6777,-0.2911,-0.0592
2.3,3.9,3.8,3.2,2.6,20.7,19.6,14.0,11.8,-0.8414,0.5328,-0.001,-0.0021,0.0002,0.0006,0.0039,0.0071
2.3,1.4,4.8,2.2,2.7,9.8,19.1,21.6,27.0,-0.1297,-0.3782,-0.0405,0.0486,0.0484,-0.0129,-0.8588,0.2665
2.3,2.2,2.5,2.4,3.6,15.7,17.3,33.9,34.0,-0.9315,0.2135,0.0256,0.1596,0.0038,-0.098,0.0273,0.2014
2.3,3.6,2.4,1.4,4.3,2.3,3.0,12.3,28.9,-0.0963,0.177,-0.5932,-0.4015,-0.3492,0.525,0.1326,0.1133
2.3,2.4,2.6,3.1,1.2,14.0,18.7,12.2,18.6,-0.2841,0.3352,-0.0714,-0.035,0.0721,0.087,-0.6879,-0.5468
2.3,3.9,3.5,2.0,3.3,2.5,5.4,12.5,14.0,-0.09,0.6493,-0.1094,-0.3423,-0.5099,-0.2854,-0.1604,-0.2589
2.3,3.3,2.9,2.1,3.3,4.1,4.3,39.4,10.2,-0.6033,0.1268,-0.0211,-0.3331,0.075,0.6132,-0.311,0.099
2.3,2.8,1.5,1.9,3.9,12.4,16.8,29.6,15.2,-0.3902,0.0939,-0.4439,0.0367,0.4063,0.3879,-0.4898,-0.245
2.3,2.9,2.5,1.0,2.8,7.2,14.8,28.4,25.0,-0.2186,-0.0619,-0.3632,0.3089,0.442,0.0418,-0.7055,0.0622
2.3,1.2,2.0,4.5,4.3,18.5,11.9,35.8,12.7,-0.8098,0.0956,-0.3142,-0.1555,0.3259,0.2262,-0.1582,0.1299
2.3,3.4,1.3,2.3,2.7,14.5,12.5,38.6,25.0,-0.8371,0.1886,-0.1703,0.2316,0.1876,-0.197,-0.0251,0.3099
2.3,3.2,4.3,1.2,3.8,8.9,19.9,10.4,23.5,-0.2004,0.3226,-0.0163,0.0146,0.0272,0.0192,-0.7775,-0.4815
2.3,5.0,2.0,2.3,5.0,2.6,4.8,21.9,22.9,-0.1669,0.1245,-0.6457,-0.4041,-0.338,0.4667,0.1759,-0.0061
2.3,3.5,4.5,3.2,3.4,15.8,10.8,35.5,27.1,-0.9284,0.1709,-0.0403,0.1764,0.0554,-0.1352,0.0099,0.2161
2.3,2.6,3.8,1.3,2.1,11.1,12.3,34.4,8.1,-0.2185,0.0726,-0.5659,0.0647,0.0415,0.6318,-0.0145,-0.4318
2.3,2.8,2.1,2.1,1.5,6.8,5.3,35.7,18.2,-0.4497,-0.0112,-0.3037,-0.3003,0.3288,0.4233,-0.5128,0.2295
2.3,4.8,4.2,4.7,1.7,4.4,10.0,34.8,24.7,-0.2728,-0.1778,-0.3632,-0.0027,0.3696,0.0436,-0.7147,0.3139
2.3,1.5,2.9,1.5,4.3,3.3,18.9,43.1,30.2,-0.7494,0.0579,0.0032,0.1439,0.0095,-0.1303,0.014,0.6111
2.3,2.3,3.2,3.1,2.9,20.1,15.4,43.9,10.2,-0.8325,0.5286,-0.0001,0.0158,0.0002,-0.0157,0.0667,0.1057
2.3,1.4,1.6,3.8,2.9,2.5,5.5,43.1,19.6,-0.4287,0.3298,-0.3484,-0.3475,0.3484,0.3476,-0.4162,0.1979
2.3,3.0,3.6,2.7,2.1,8.2,4.5,38.5,8.5,-0.5965,0.1001,-0.0642,-0.4047,0.0972,0.5375,-0.3402,0.2004
2.3,1.7,2.2,4.7,4.1,8.3,16.1,12.0,34.4,-0.7045,0.0873,-0.111,-0.2309,0.0733,0.5231,-0.2239,-0.2947
2.3,4.0,2.6,1.4,2.4,14.6,15.1,13.2,40.1,-0.6272,0.1798,-0.0957,0.5059,0.2193,-0.302,-0.1919,0.334
2.3,4.9,4.7,2.9,3.9,13.6,4.3,28.3,36.9,-0.7692,0.0813,-0.1616,0.4237,0.2165,-0.2394,-0.1561,0.2384
2.3,2.2,2.1,4.1,1.6,10.8,19.7,37.3,36.6,-0.94,0.0149,-0.0015,0.0464,0.0046,-0.0373,-0.0004,0.3175
2.3,4.1,4.7,1.4,1.4,6.8,17.9,5.2,9.0,0.267,0.3114,-0.1018,0.0637,-0.1271,0.0555,0.6346,-0.6163
2.3,1.5,2.3,1.5,3.5,9.8,6.6,40.8,5.4,-0.4489,0.384,-0.1792,-0.5494,-0.1514,0.3534,-0.0305,0.3941
2.3,2.6,4.6,5.0,1.2,17.3,20.6,7.8,20.4,-0.7068,0.442,0.0055,0.0028,-0.0073,-0.0107,-0.2898,-0.4588
2.3,1.5,4.0,1.6,4.5,15.1,7.3,19.0,31.4,-0.5117,0.2224,-0.446,0.2024,0.4389,0.3213,-0.3314,-0.17
2.3,3.9,1.6,4.3,1.4,15.8,4.3,10.3,8.2,-0.4382,0.4652,-0.1376,0.0727,-0.3219,0.0205,-0.4396,-0.5044
2.3,4.4,3.3,2.9,2.6,9.7,19.6,21.1,37.9,-0.9625,0.1325,0.012,0.0589,0.0004,-0.0261,0.0166,0.1739
2.3,4.8,2.0,3.2,2.5,9.7,14.5,40.7,6.2,-0.6691,0.3741,-0.2094,-0.3342,0.2235,0.3671,-0.2452,0.0168
2.3,3.4,4.1,2.0,4.2,21.3,18.7,41.6,42.4,-0.7149,0.6902,0.0303,0.0464,-0.0146,-0.0281,0.0131,0.0176
2.3,2.0,1.7,1.4,3.0,20.4,2.6,11.4,34.5,-0.7152,0.6694,-0.0876,0.0663,0.1175,0.0061,0.0098,0.0267
2.3,2.3,3.8,3.0,3.4,13.5,10.0,21.7,30.2,-0.5251,-0.0125,-0.4863,0.0657,0.4917,0.1701,-0.4427,0.0518
2.3,2.0,1.8,3.3,4.2,12.8,15.0,40.7,37.3,-0.8443,0.1359,-0.0528,0.2797,0.0684,-0.249,-0.0359,0.3315
2.3,2.6,3.4,3.9,3.1,17.1,8.1,23.5,6.8,-0.7395,-0.09,-0.4363,-0.1391,-0.2282,0.3788,0.0467,0.1389
2.3,4.4,1.9,2.9,2.7,3.9,16.9,4.7,27.4,-0.5471,-0.002,-0.103,0.1924,-0.1238,0.1775,0.0948,-0.767
2.3,3.1,4.0,2.1,1.9,10.2,15.9,42.6,7.2,-0.1204,0.5719,-0.3053,-0.0719,0.3136,0.0837,-0.6558,0.0488
2.3,2.4,2.1,3.2,4.7,15.1,9.4,10.8,29.0,-0.1951,-0.0275,0.2114,-0.095,-0.3523,0.5342,-0.6807,-0.0761
2.3,2.1,1.0,3.3,2.4,17.7,17.3,5.1,13.6,-0.733,0.4159,-0.0215,0.1298,-0.0563,0.1058,-0.2278,-0.4417
2.3,4.5,4.9,1.9,2.1,4.4,13.7,31.1,5.0,-0.2213,0.7471,-0.3983,-0.3975,-0.0937,0.1343,0.1743,0.0706
2.3,4.9,4.9,3.5,4.4,19.5,2.6,22.4,37.9,-0.8818,0.4639,0.0019,0.0115,-0.0001,-0.0035,0.0079,0.0163
2.3,2.9,4.7,1.6,4.6,13.3,4.8,29.0,12.4,-0.5196,0.3138,-0.5724,-0.4222,-0.1433,0.2119,0.1048,0.1972
2.3,3.5,3.3,4.0,3.8,5.2,4.8,11.0,30.6,-0.1511,0.0741,0.1195,0.1203,-0.5659,0.4167,-0.4037,-0.5157
2.3,2.9,1.2,2.1,2.2,3.0,10.4,15.9,43.9,-0.3953,0.4302,-0.2808,0.3164,0.3216,0.3714,-0.3163,-0.355
2.3,4.2,1.8,1.6,1.3,10.1,15.3,12.2,11.2,-0.0171,0.0419,-0.0419,-0.0006,-0.4206,0.5079,-0.3928,-0.6221
2.3,3.5,4.1,1.7,4.3,12.5,6.6,20.5,5.9,-0.4658,0.1232,-0.0748,-0.6657,-0.2402,0.2674,-0.2624,0.3318
2.3,1.6,2.4,3.6,4.5,3.3,19.9,39.0,22.0,-0.2275,-0.2629,-0.0361,0.0314,0.0386,-0.0239,-0.7191,0.574
2.3,2.7,4.1,4.2,2.6,20.3,10.4,29.6,38.3,-0.9136,0.395,-0.0059,-0.0089,0.0018,0.0038,0.0065,0.0174
2.3,3.0,2.3,1.9,2.9,16.3,4.3,9.3,10.1,-0.0006,0.2991,-0.0217,-0.2455,-0.4522,0.0106,-0.7837,0.014
2.3,3.5,1.7,4.4,1.4,16.2,13.2,11.4,9.1,-0.2352,0.3536,0.1155,0.0839,-0.2201,0.1305,-0.7293,-0.4171
2.3,3.0,3.3,1.3,4.8,17.2,10.2,5.6,30.7,-0.4242,0.7323,0.1066,0.1537,-0.0137,0.1419,-0.3911,-0.2546
2.3,1.5,4.7,1.6,4.2,20.8,5.0,31.6,37.1,-0.7341,0.6658,0.0284,0.0503,-0.0059,-0.0179,0.0126,0.0175
2.3,4.7,3.4,2.2,1.0,2.9,14.7,41.3,31.9,-0.5211,-0.208,-0.125,0.1652,0.1346,-0.1483,-0.3567,0.6773
2.3,1.1,4.6,3.0,4.7,4.0,21.2,26.8,31.4,-0.9038,-0.1533,-0.0262,-0.1321,-0.0099,0.0588,-0.0718,0.3331
2.3,2.3,4.1,4.0,1.9,17.6,16.7,4.9,14.0,-0.8059,0.3856,0.0067,0.0365,-0.0057,0.0255,-0.1872,-0.3963
2.3,3.4,1.5,2.6,2.6,18.0,5.7,7.4,4.3,-0.1456,0.4959,0.0923,-0.1202,-0.2787,-0.0699,-0.7467,-0.1401
2.3,3.2,1.8,1.4,3.2,16.8,9.3,34.0,42.7,-0.7716,0.5211,0.1653,0.2521,-0.0339,-0.1114,0.0435,0.1316
2.3,3.6,3.8,2.7,4.2,18.5,17.3,41.3,23.7,-0.8633,0.4863,0.0075,0.0204,-0.0049,-0.0162,0.0492,0.0897
2.3,3.7,3.0,3.3,3.0,14.1,16.5,7.1,24.2,-0.6561,0.437,0.0841,0.0818,-0.0832,0.0531,-0.3298,-0.489
2.3,2.1,4.3,1.5,1.5,21.6,10.3,16.7,30.0,-0.6257,0.7697,0.0012,-0.0509,-0.0183,0.026,-0.0001,0.0019
2.3,3.4,1.5,3.9,1.1,19.1,6.8,42.9,28.1,-0.912,0.3809,-0.0118,0.0262,0.0117,-0.0263,0.0456,0.1125
2.3,4.4,3.2,3.1,2.0,15.6,18.3,37.8,33.2,-0.9438,0.2779,0.0083,0.0355,-0.0029,-0.0242,0.0422,0.1493
2.3,2.9,1.6,3.5,4.9,14.7,7.9,17.2,11.6,-0.1251,-0.0147,-0.0573,-0.551,-0.5603,0.1505,-0.4944,0.2734
2.3,2.4,4.7,2.3,1.6,16.4,16.7,8.8,20.3,-0.1973,0.3459,0.1122,-0.1917,-0.0995,0.2527,-0.7919,-0.2542
2.3,4.8,4.6,1.5,4.2,9.9,6.2,23.0,12.3,-0.4161,0.2409,-0.5257,-0.5547,-0.1816,0.2658,0.0254,0.2639
2.3,2.1,1.3,1.9,1.7,17.1,20.9,35.4,30.7,-0.9191,0.3421,0.005,0.0136,-0.0013,-0.0069,0.0572,0.1584
2.3,2.0,3.4,3.5,4.0,9.6,20.1,30.9,24.8,-0.6095,-0.4198,0.0002,-0.0096,-0.0024,0.0063,-0.3807,0.5358
2.3,1.9,4.5,3.2,3.8,2.1,11.5,8.8,6.5,-0.5821,0.66,-0.0414,-0.2366,-0.1895,-0.3201,-0.0309,-0.1551
2.3,1.3,3.4,1.8,2.1,2.4,20.5,11.9,4.3,-0.1425,0.9665,0.006,-0.0002,0.0014,-0.0007,0.187,0.0255
2.3,3.6,3.6,4.8,1.1,21.9,4.7,41.0,37.6,-0.8015,0.5438,-0.0283,-0.0972,-0.0051,0.0574,0.0443,0.0434
2.3,4.3,1.6,4.1,2.2,10.8,2.2,31.2,21.7,-0.7227,-0.1353,-0.3048,-0.2002,0.3091,0.2966,-0.2632,0.2541
2.3,2.8,1.2,2.8,1.1,8.4,14.3,5.1,11.2,-0.1875,0.1676,-0.4107,0.0014,-0.4367,-0.0168,0.4194,-0.6249
2.3,1.5,3.6,1.4,1.2,18.2,16.3,32.7,12.0,-0.9172,0.2486,0.0233,0.126,0.0052,-0.075,0.0467,0.2285
2.3,2.4,3.4,2.8,4.2,13.2,6.9,37.4,41.3,-0.7536,0.1475,-0.0496,0.4241,0.1173,-0.2999,-0.1174,0.3163
2.3,4.3,1.5,1.3,4.8,19.9,8.4,26.7,43.5,-0.6318,0.769,0.0285,0.0218,-0.0011,-0.0014,0.0103,0.0091
2.3,2.4,4.4,3.2,4.8,8.5,7.4,43.7,21.2,-0.4132,0.3746,-0.4615,-0.1505,0.4631,0.1533,-0.4113,0.1841
2.3,3.4,3.7,4.1,1.4,9.0,6.4,24.7,31.6,-0.4951,-0.1617,-0.3902,-0.2047,0.3797,0.3499,-0.491,0.1185
2.3,3.0,2.0,4.4,3.6,7.6,5.0,43.0,24.4,-0.4884,0.1576,-0.4794,-0.0449,0.4794,0.0449,-0.3642,0.3583
2.3,2.9,2.3,2.8,2.9,16.8,16.8,17.4,29.3,-0.9005,-0.0223,-0.0901,0.2252,0.1091,-0.1416,-0.0591,0.2784
2.3,1.7,2.1,2.5,2.0,9.2,16.5,28.0,39.2,-0.7808,-0.0605,-0.0961,0.3939,0.1492,-0.2261,-0.1641,0.3203
2.3,3.5,3.5,1.1,1.7,5.2,17.3,14.4,34.7,-0.0783,-0.0267,-0.2122,0.1899,0.2845,0.0004,-0.8915,0.0743
2.3,3.3,3.7,3.0,2.1,12.9,6.6,39.3,41.1,-0.8209,0.1783,-0.0338,0.3332,0.0667,-0.2733,-0.0497,0.3026
2.3,3.3,1.2,2.2,4.2,8.8,4.7,23.6,19.6,-0.3044,-0.0724,-0.6135,-0.3268,-0.3171,0.5475,0.0394,0.0551
2.3,4.5,3.6,4.0,1.6,13.7,19.4,41.5,41.5,-0.901,0.4047,0.012,0.0339,-0.0078,-0.0259,0.0196,0.0588
2.3,3.4,2.0,1.6,3.4,13.9,19.2,25.5,38.6,-0.8555,0.4625,0.0783,0.1444,-0.0153,-0.0551,0.0379,0.0947
2.3,2.6,1.3,4.2,3.1,6.3,3.5,37.3,31.4,-0.5155,0.1052,-0.4845,-0.0038,0.4969,0.0458,-0.4302,0.2085
2.3,4.5,1.7,3.5,1.1,14.1,8.7,25.8,18.4,-0.8694,-0.1585,-0.2174,-0.0501,0.2138,0.1361,-0.1165,0.2852
2.3,4.7,4.6,3.4,2.6,7.0,17.5,5.2,39.6,-0.7466,0.5129,0.0976,0.1182,-0.0556,0.041,-0.208,-0.2984
2.3,3.2,3.1,3.9,3.9,22.0,10.2,22.6,34.1,-0.7497,0.617,-0.0768,-0.1894,-0.0021,0.0533,0.0123,0.0286
2.3,2.9,1.9,3.4,1.6,6.6,13.3,21.6,37.7,-0.4097,0.0437,-0.4807,0.0638,0.4832,0.1805,-0.5559,-0.0686
2.3,1.9,2.4,2.2,1.5,12.6,12.7,36.3,21.9,-0.6105,-0.1595,-0.2731,0.1901,0.2915,-0.1414,-0.3164,0.5204
2.3,1.2,1.2,4.4,1.6,11.2,10.1,10.1,38.1,-0.5165,-0.1498,0.0791,-0.2532,-0.2052,0.6473,-0.3489,-0.1196
2.3,1.4,4.5,4.8,4.9,18.5,17.8,13.9,5.8,-0.6143,0.1991,-0.1126,-0.0805,0.0708,0.2895,-0.2421,-0.606
2.3,2.7,1.3,3.0,2.1,18.9,4.1,30.7,22.0,-0.9242,0.3372,-0.0897,0.0353,0.0968,0.0063,0.0144,0.0682
2.3,2.3,2.6,2.9,4.9,6.3,16.4,8.2,6.6,-0.5732,0.7309,-0.0458,-0.1616,-0.1919,-0.2397,-0.0274,-0.0887
2.3,4.2,4.7,3.6,4.8,9.7,15.6,40.7,6.3,-0.6742,0.5556,-0.1419,-0.1704,0.1627,0.2228,-0.2484,-0.1905
2.3,1.7,1.1,3.9,1.1,11.9,12.8,17.5,41.7,-0.5413,0.2565,-0.3987,0.0393,0.4033,0.285,-0.3997,-0.2467
2.3,3.8,4.0,1.7,2.7,2.3,19.2,42.9,12.9,0.0405,0.5924,-0.0563,0.0045,0.061,0.0011,-0.7867,0.0624
2.3,4.9,3.9,2.0,2.8,7.1,18.6,15.0,20.2,-0.1775,0.1951,-0.0718,0.0281,0.0754,0.0743,-0.7123,-0.6252
2.3,2.3,4.9,4.9,3.2,11.6,5.7,21.9,6.6,-0.0887,0.3317,0.0947,-0.4742,-0.6851,-0.0651,-0.4013,0.0005
2.3,4.1,3.0,3.8,1.7,15.1,12.9,23.1,21.1,-0.8567,-0.164,-0.2293,0.1109,0.2326,-0.042,-0.1295,0.2984
2.3,4.2,2.8,1.5,4.0,21.5,7.3,26.1,38.3,-0.5769,0.8058,-0.0738,-0.0628,0.0081,0.0098,0.0034,0.0038
2.3,4.8,1.9,1.8,3.7,16.7,8.4,13.0,41.3,-0.6779,0.158,-0.0302,0.4857,0.1487,-0.2931,-0.1521,0.3456
2.3,2.6,3.8,1.9,1.2,18.8,17.3,11.9,18.9,-0.9263,0.2917,-0.0018,0.0683,0.0117,-0.0467,0.0435,0.1673
2.3,1.7,4.1,3.6,2.5,16.9,6.1,36.2,25.9,-0.867,0.04,-0.2162,0.1728,0.2267,-0.137,-0.0736,0.2899
2.3,3.8,2.4,2.9,2.5,10.8,16.9,39.0,9.5,-0.1644,0.1541,-0.3793,0.0174,0.3935,0.0154,-0.7557,0.2248
2.3,4.8,1.2,2.2,1.1,20.7,7.1,43.4,30.9,-0.759,0.6456,0.0007,-0.0152,-0.0006,0.0152,0.0119,0.015
2.3,2.8,4.8,4.1,1.6,18.0,20.0,42.8,39.0,-0.9152,0.3585,-0.0019,-0.0039,0.0018,0.0038,0.0585,0.1506
2.3,4.3,1.2,3.8,2.5,16.9,11.3,42.3,41.5,-0.9025,0.3453,0.0288,0.1277,-0.0245,-0.1194,0.0439,0.1617
2.3,1.8,1.1,3.0,4.8,8.6,7.8,35.6,32.2,-0.4981,0.2229,-0.4657,0.0559,0.5041,0.1082,-0.4525,0.0247
2.3,4.0,1.3,2.9,2.3,18.5,20.7,27.5,16.6,-0.9203,0.3766,0.0015,0.0053,-0.0002,-0.0017,0.0212,0.0547
2.3,1.4,3.8,2.4,1.9,2.0,5.5,31.8,38.8,-0.4406,0.1552,-0.4493,0.2382,0.5078,0.0065,-0.4994,0.0557
2.3,1.1,4.5,1.2,4.9,7.5,17.5,36.7,23.7,-0.1695,-0.1819,-0.1338,0.2079,0.1965,-0.0979,-0.7823,0.4302
2.3,4.4,4.1,4.7,4.2,6.8,7.2,35.6,14.2,-0.6507,0.1598,-0.1959,-0.3678,0.21,0.4648,-0.329,-0.0058
2.3,1.4,3.8,3.0,2.7,20.0,10.9,28.6,31.9,-0.9292,0.3267,-0.0051,0.0948,0.017,-0.0542,0.0153,0.0665
2.3,4.9,4.4,4.0,4.3,10.5,9.3,35.4,19.3,-0.5492,0.0262,-0.4715,-0.0031,0.4882,0.0765,-0.4165,0.2114
2.3,2.5,4.3,2.8,2.7,21.9,2.2,42.4,20.5,-0.7323,0.6528,0.0439,-0.0949,-0.0601,0.0788,-0.0004,0.0102
2.3,2.2,4.8,3.3,4.1,3.5,17.8,23.8,19.9,-0.1733,0.1687,-0.1013,0.0188,0.0927,0.0942,-0.6882,-0.6509
2.3,1.1,2.7,1.7,1.0,15.3,12.2,7.5,9.5,-0.0475,0.2864,-0.35,0.1189,-0.5153,0.1082,-0.0239,-0.6949
2.3,3.2,1.5,4.7,2.0,6.6,9.8,4.2,41.1,-0.5355,0.0402,0.188,0.1096,-0.3838,0.4752,-0.2054,-0.2868
2.3,1.8,1.5,4.6,3.6,16.6,10.5,19.3,36.2,-0.615,0.1315,-0.4517,-0.0046,0.4563,0.2123,-0.358,-0.0608
2.3,3.9,1.4,3.5,3.6,7.7,20.0,4.5,20.8,-0.666,-0.0017,-0.017,0.0698,-0.0277,0.0602,0.0154,-0.7321
2.3,4.9,2.1,1.6,4.7,10.4,3.3,21.0,41.3,-0.3271,0.2424,-0.3172,0.4905,0.4803,-0.0317,-0.4933,0.0435
2.3,3.5,1.3,4.0,2.7,4.1,6.6,42.3,31.1,-0.4848,0.0591,-0.4358,0.1252,0.4363,-0.1239,-0.3756,0.4437
2.3,3.3,2.4,4.0,1.5,5.9,13.2,7.6,25.6,-0.6014,0.0488,-0.0714,0.1548,-0.1247,0.1215,-0.013,-0.7554
2.3,2.7,4.9,2.3,2.1,4.1,16.5,4.1,38.9,-0.7048,0.4727,0.0394,0.1294,0.0112,0.1121,-0.253,-0.4142
2.3,3.0,4.5,2.4,3.7,5.4,14.9,12.5,18.4,0.0369,-0.0226,-0.2079,-0.1354,-0.209,0.513,0.1483,-0.7673
2.3,2.5,2.4,2.3,2.1,15.4,7.8,32.3,33.2,-0.8418,0.1224,-0.1702,0.2988,0.2036,-0.1966,-0.0774,0.2487
2.3,5.0,4.9,2.8,3.3,3.2,21.5,39.1,42.4,-0.1444,0.702,-0.2934,-0.0453,-0.1808,0.0507,0.402,-0.108
2.3,4.9,4.0,4.1,2.8,10.8,19.6,39.3,25.0,-0.924,-0.0061,-0.0006,0.006,0.0009,-0.0048,-0.0041,0.3718
2.3,2.3,4.1,3.6,4.3,3.7,9.9,31.2,28.6,-0.3884,0.1408,-0.4433,-0.0373,0.4607,0.2176,-0.5909,-0.1012
2.3,1.5,4.2,4.4,1.5,20.8,20.0,31.9,15.9,-0.9339,0.3393,2.2979e-05,-1.8874e-05,-7.4294e-06,5.0338e-06,0.0074,0.0254
2.3,2.5,4.9,4.2,4.3,17.9,8.8,8.6,23.0,-0.3909,0.5178,0.095,0.1077,-0.1274,0.0772,-0.5809,-0.4112
2.3,3.5,3.5,1.3,4.1,17.8,21.8,21.1,33.2,-0.7509,0.6504,-0.0348,-0.0277,0.0043,0.005,0.0315,0.038
2.3,3.0,4.5,1.7,3.0,19.3,12.8,39.3,18.4,-0.7686,0.6264,0.0138,0.0476,-0.004,-0.0345,0.0393,0.0526
2.3,3.7,3.0,3.1,3.5,19.3,13.3,39.5,25.1,-0.8718,0.4787,0.0019,0.0228,0.0002,-0.0186,0.027,0.0518
2.3,3.8,2.4,3.1,1.4,17.0,20.0,11.1,13.7,-0.3014,-0.3333,-0.0234,0.022,0.0254,-0.0135,-0.6755,0.5304
2.3,4.4,2.7,3.1,4.4,2.8,17.0,13.0,11.4,0.0127,0.7112,-0.0931,-0.4069,-0.4098,0.1728,0.3172,0.0364
2.3,2.0,4.5,2.5,3.9,19.3,10.5,40.3,27.2,-0.874,0.4505,0.007,0.0809,0.0013,-0.0669,0.045,0.1031
2.3,4.1,4.9,3.8,3.3,5.7,2.8,6.1,39.7,-0.7097,-0.0135,-0.21,0.1243,-0.0852,0.5624,0.1041,-0.2419
2.3,1.3,1.8,4.7,1.6,7.5,17.4,26.5,10.0,-0.4197,0.2569,-0.1458,-0.1532,0.1259,0.2841,-0.5109,-0.5844
2.3,4.9,2.8,1.4,4.8,7.3,3.3,13.0,15.5,0.0123,0.4485,-0.0181,-0.4228,-0.5755,0.0022,-0.5265,-0.0011
2.3,4.4,4.0,1.8,3.4,10.4,8.3,18.1,7.6,-0.2198,0.1967,-0.0623,-0.6873,-0.4191,0.2247,-0.3529,0.2724
2.3,3.5,4.7,4.3,1.8,3.6,19.8,35.9,7.1,-0.2311,0.4795,0.0026,-0.0009,-0.0034,1.3955e-05,-0.7574,-0.3589
2.3,4.9,4.4,3.0,4.2,17.5,6.5,31.1,25.1,-0.9028,0.3633,-0.0701,0.143,0.0866,-0.0871,0.0083,0.0746
2.3,2.6,2.3,1.1,3.8,21.8,3.0,40.7,39.7,-0.458,0.8778,-0.0773,-0.0417,0.01,0.008,0.0071,0.0042
2.3,3.6,1.6,3.9,3.4,7.4,9.7,18.8,29.9,-0.5959,-0.053,-0.2682,-0.2379,0.1708,0.5942,-0.3037,-0.165
2.3,3.4,1.8,1.9,1.3,15.2,11.9,38.5,41.1,-0.85,0.3755,0.049,0.2387,-0.0063,-0.1758,0.0332,0.1903
2.3,1.4,1.5,2.2,1.7,13.6,7.2,42.2,39.9,-0.6951,0.2149,-0.1414,0.3485,0.1465,-0.3413,-0.0743,0.4166
2.3,1.3,4.2,2.1,2.6,16.5,9.2,11.9,6.2,-0.1422,0.5468,0.046,-0.3381,-0.5301,-0.1794,-0.4529,-0.1776
2.3,4.5,4.4,1.1,2.3,8.2,10.2,38.9,17.9,-0.3423,0.1793,-0.4353,0.1572,0.514,-0.0217,-0.5134,0.2988
2.3,2.7,3.4,1.6,1.1,19.3,18.6,30.4,38.4,-0.7989,0.5924,0.0145,0.0213,-0.0032,-0.0064,0.0213,0.0303
2.3,1.2,2.0,3.5,4.4,3.5,18.0,34.9,11.0,-0.5626,0.2349,-0.1457,-0.0452,0.118,0.293,-0.3078,-0.6222
2.3,2.0,2.6,1.9,4.4,15.3,21.8,41.4,31.9,-0.858,0.4664,-0.0432,-0.0533,0.0153,0.0274,0.0802,0.1545
2.3,3.9,2.0,4.0,1.9,11.0,13.0,30.4,34.8,-0.7619,-0.1699,-0.2237,0.269,0.2383,-0.1856,-0.2168,0.3452
2.3,1.9,3.3,1.2,4.7,13.6,16.6,12.9,8.4,-0.2471,0.7235,-0.3635,-0.4341,-0.0621,0.2182,0.0896,0.1322
2.3,3.9,4.6,1.6,2.3,21.1,6.0,20.8,30.6,-0.6417,0.7583,0.0016,-0.0589,-0.0204,0.0282,0.001,0.0034
2.3,5.0,3.7,5.0,3.1,21.6,20.9,10.7,40.1,-0.903,0.407,-0.0324,-0.076,0.0055,0.0193,0.0053,0.0191
2.3,1.3,5.0,1.6,2.8,8.0,9.9,16.4,39.2,-0.399,0.302,-0.3811,0.2772,0.464,0.2178,-0.454,-0.2111
2.3,3.5,4.2,4.1,3.0,16.1,10.4,35.8,41.8,-0.9102,0.227,0.0497,0.2469,-0.0008,-0.1439,0.0021,0.1688
2.3,1.6,1.9,1.4,2.4,9.2,14.0,31.8,23.3,-0.2875,0.019,-0.4329,0.119,0.4792,0.1413,-0.6679,0.0437
2.3,1.8,2.0,3.8,4.2,11.3,19.5,18.6,5.5,-0.177,0.8618,-0.1768,-0.1619,-0.0775,0.0122,0.3506,0.0459
2.3,4.3,4.0,4.9,2.4,18.7,20.8,5.3,33.6,-0.7824,0.5275,0.0057,0.0044,-0.0097,-0.0141,-0.1783,-0.2599
2.3,1.7,1.6,2.8,3.5,12.7,20.2,8.6,9.4,0.1386,0.1487,-0.1233,-0.0077,-0.0735,0.1115,0.5957,-0.7258
2.3,2.5,3.5,1.5,4.9,10.5,3.0,27.1,22.7,-0.3513,0.1794,-0.7389,-0.004,-0.0937,0.489,0.1217,-0.1472
2.3,1.3,1.7,2.7,2.9,16.1,5.8,37.9,25.7,-0.7149,0.1011,-0.3968,0.0961,0.4153,-0.048,-0.1992,0.2927
2.3,3.6,2.3,2.8,1.4,6.0,4.5,38.8,31.6,-0.5536,-0.0268,-0.4212,0.0943,0.4343,-0.0624,-0.3652,0.411
2.3,1.1,3.8,1.7,4.2,11.6,21.4,34.2,6.7,0.0603,0.0262,0.1,-0.107,-0.0265,-0.1336,-0.1367,-0.9366
2.3,2.8,1.5,2.4,4.1,21.1,5.8,36.9,11.9,-0.7532,0.6453,0.0476,-0.0212,-0.0669,-0.0205,-0.0019,0.0034
2.3,2.9,3.8,2.3,1.8,17.6,3.7,9.9,18.7,-0.6086,-0.2942,-0.0834,-0.0364,-0.0765,0.2459,-0.3113,0.5685
2.3,3.1,3.0,1.3,4.9,16.7,5.0,14.5,12.1,-0.7328,0.2573,-0.3786,-0.3267,-0.0608,0.1525,0.0659,0.3131
2.3,3.0,2.6,3.2,3.9,9.7,14.7,17.2,9.8,0.0512,0.3927,-0.1872,-0.5653,-0.6265,0.2531,0.0898,0.0484
2.3,3.7,4.0,1.6,3.7,14.9,9.1,38.7,22.3,-0.7613,0.3196,-0.1771,0.3023,0.2171,-0.2404,-0.0325,0.2776
2.3,3.4,4.9,4.1,1.3,12.8,14.7,10.0,20.0,-0.6241,0.3413,0.0531,0.0598,-0.0663,0.0324,-0.3334,-0.6034
2.3,4.0,3.2,5.0,5.0,10.1,14.9,37.8,31.5,-0.855,-0.067,-0.0864,0.2254,0.0963,-0.1944,-0.0936,0.3752
2.3,3.9,1.2,1.5,4.0,16.7,15.0,41.7,36.9,-0.7561,0.6013,0.067,0.1408,-0.0372,-0.1093,0.0745,0.1243
2.3,1.1,2.6,3.5,4.9,10.2,13.4,38.9,12.0,-0.7066,0.3044,-0.1563,-0.2689,0.1828,0.4082,-0.2665,-0.1669
2.3,2.9,4.2,3.7,1.8,3.8,15.5,8.8,31.3,-0.58,0.1721,0.0831,0.1167,-0.1406,0.0909,-0.2167,-0.728
2.3,3.3,2.0,2.6,3.4,14.9,17.3,40.7,39.4,-0.8716,0.4015,0.0414,0.1481,-0.0235,-0.1212,0.0553,0.1699
2.3,2.0,2.6,2.7,1.3,3.5,18.1,4.9,13.5,0.115,0.155,-0.1091,0.0565,-0.1373,0.0401,0.6982,-0.6551
2.3,2.1,2.2,2.6,4.7,15.7,4.0,10.7,18.3,-0.1138,0.4968,-0.2068,-0.0736,-0.6009,-0.0357,-0.4377,-0.3495
2.3,1.5,3.5,1.9,1.3,8.4,17.0,32.2,15.7,-0.0301,-0.0378,-0.1485,0.0665,0.1675,0.0134,-0.9607,0.0434
2.3,3.4,2.4,2.8,2.0,18.4,9.9,7.5,12.8,-0.1187,-0.0997,0.0347,-0.0206,-0.1207,0.1731,-0.8068,0.4218
2.3,1.1,1.9,1.5,4.2,5.4,14.4,5.8,38.9,-0.6229,0.1639,-0.1738,0.0779,0.1094,0.6528,-0.0356,-0.2686
2.3,3.7,4.7,2.7,3.7,11.3,15.5,5.9,11.2,-0.0957,0.1144,-0.2585,0.1981,-0.3132,0.1681,0.3977,-0.7513
2.3,1.8,2.3,3.0,1.8,8.2,14.0,15.1,41.0,-0.5133,0.3069,-0.3828,0.1045,0.4115,0.2738,-0.4038,-0.2502
2.3,3.7,1.9,4.8,4.8,21.6,7.0,20.0,33.7,-0.8153,0.5164,-0.0452,-0.2214,-0.0153,0.0852,0.0018,0.0363
2.3,3.9,3.3,2.9,2.4,17.1,10.3,24.6,32.2,-0.9303,0.2275,-0.0629,0.1894,0.0816,-0.1111,0.0005,0.1246
2.3,4.6,2.3,3.8,3.4,7.0,11.4,38.9,7.1,-0.7402,0.2003,-0.0664,-0.3542,0.0921,0.462,-0.2195,0.0306
2.3,1.6,2.9,1.4,4.5,10.6,6.4,18.8,6.7,-0.1834,0.3457,0.1666,-0.569,-0.4938,0.0308,-0.4904,0.0334
2.3,2.1,4.8,2.2,3.7,20.9,9.1,35.9,18.2,-0.7725,0.6264,-0.0024,-0.0159,-0.0019,0.0108,0.0078,0.011
2.3,2.6,2.0,2.9,2.0,19.0,13.2,18.7,41.5,-0.9205,0.2893,0.0509,0.1947,-0.0022,-0.0805,0.0114,0.1001
2.3,1.6,3.2,1.9,3.7,17.1,8.0,34.1,4.9,-0.7316,0.3545,-0.268,-0.4228,-0.0234,0.1564,0.0291,0.2325
2.3,2.6,2.4,1.6,2.3,12.3,11.1,11.5,41.7,-0.419,0.4681,-0.2838,0.2324,0.419,0.2423,-0.4116,-0.2308
2.3,4.1,3.0,4.8,1.3,10.4,10.5,13.1,16.5,-0.5449,0.2853,0.0471,0.1179,-0.1442,0.0806,-0.3474,-0.6709
2.3,1.4,5.0,2.3,2.1,8.7,13.8,37.0,14.7,-0.0955,0.2343,-0.2859,-0.0036,0.3097,0.0706,-0.8566,0.0441
2.3,2.5,2.6,3.5,3.1,19.3,18.5,36.9,11.3,-0.9251,0.3576,0.0041,0.0197,-0.0014,-0.013,0.0279,0.0778
2.3,2.9,1.1,1.3,1.8,17.0,3.8,26.0,20.6,-0.8373,0.4268,-0.1975,0.108,0.1672,0.1454,0.0167,0.0753
2.3,4.6,1.0,2.8,4.7,8.1,18.0,34.1,33.0,-0.7595,-0.0503,-0.1385,0.3515,0.177,-0.2373,-0.1741,0.3786
2.3,4.0,2.6,1.6,2.6,3.0,2.5,9.6,29.4,0.1315,0.339,-0.2374,0.0135,-0.7105,0.266,-0.1915,-0.4303
2.3,1.3,3.1,4.2,2.6,8.4,6.1,20.2,15.5,-0.0604,-0.0188,0.0539,-0.0097,-0.5662,0.419,-0.3947,-0.5718
2.3,2.8,2.2,1.2,3.0,20.6,3.1,32.9,12.3,-0.5979,0.795,-0.0128,0.0113,0.0069,0.0151,0.0081,0.0064
2.3,4.9,3.5,1.6,1.8,18.9,13.0,43.4,23.1,-0.7213,0.6842,0.0071,0.0205,-0.005,-0.0183,0.0419,0.0452
2.3,4.9,1.8,2.6,3.7,8.2,13.0,23.3,15.9,-0.3208,-0.1702,-0.4208,-0.1792,-0.0739,0.7312,-0.1623,-0.2737
2.3,4.7,3.4,3.1,2.6,7.3,7.8,21.4,18.1,-0.2527,-0.2059,-0.0966,-0.2663,-0.1523,0.691,-0.5041,-0.2113
2.3,3.7,3.8,4.7,4.2,14.5,6.6,34.1,10.5,-0.8441,0.0539,-0.1847,-0.219,0.1943,0.3552,-0.1278,0.12
2.3,2.0,2.2,3.9,2.4,10.9,17.3,36.0,4.3,-0.727,0.3408,-0.1187,-0.1635,0.1342,0.3265,-0.2488,-0.3299
2.3,3.5,1.7,1.8,2.8,5.5,7.9,11.3,31.6,-0.2198,-0.148,-0.2821,-0.1696,-0.2389,0.8129,-0.2144,-0.1896
2.3,1.8,4.2,4.9,2.1,15.5,16.7,25.1,40.8,-0.9395,0.0771,0.0008,0.2354,0.0268,-0.1264,-0.0238,0.1482
2.3,2.2,2.0,1.6,3.9,16.2,6.5,33.9,9.0,-0.643,0.3686,-0.4876,-0.3363,-0.115,0.1548,0.1176,0.1942
2.3,5.0,2.6,3.3,4.3,9.3,11.1,27.9,37.0,-0.5959,-0.0088,-0.328,0.4079,0.3763,-0.1948,-0.3504,0.236
2.3,2.4,4.8,3.2,4.7,20.2,21.8,42.2,9.0,-0.8582,0.5025,-0.0015,-0.0031,0.0004,0.0011,0.0253,0.0459
2.3,1.1,4.0,1.4,1.1,5.9,2.9,6.8,33.2,-0.0701,0.3013,-0.3132,0.2214,-0.4584,0.2181,-0.1694,-0.6779
2.3,3.2,3.5,1.6,4.9,18.4,21.3,13.9,40.4,-0.5486,0.7947,-0.1268,-0.0735,-0.001,0.0053,0.0119,0.0056
2.3,4.6,1.5,2.2,1.6,11.2,13.1,27.2,39.2,-0.7567,0.0275,-0.149,0.4313,0.2093,-0.2348,-0.1687,0.2805
2.3,1.9,2.3,4.0,4.5,5.9,15.4,30.8,17.0,-0.4885,0.2089,-0.2432,-0.1746,0.2205,0.4069,-0.4485,-0.4456
2.3,4.2,2.2,4.0,4.5,4.2,13.4,27.3,16.1,-0.4648,-0.0568,-0.2355,-0.1972,0.0148,0.6423,-0.2211,-0.4576
2.3,1.2,4.9,2.9,1.2,20.8,9.7,29.6,40.1,-0.8985,0.4185,0.0087,0.0467,0.0002,-0.0202,0.0106,0.0294
2.3,3.6,1.1,3.5,3.4,14.2,15.1,9.4,11.6,-0.2981,0.3827,-0.292,0.1484,-0.5163,0.0857,-0.1849,-0.577
2.3,4.5,4.1,2.8,3.1,16.2,3.8,24.8,14.8,-0.9203,0.1736,-0.1932,0.0233,0.1144,0.231,-0.0006,0.0978
2.3,3.7,4.0,3.5,2.5,6.2,21.5,31.8,11.2,-0.027,0.1121,0.0743,-0.0452,-0.0923,-0.011,-0.9667,-0.1329
2.3,2.1,3.1,3.0,1.8,2.3,14.0,28.7,14.7,-0.308,0.1668,-0.2124,-0.142,0.1777,0.3533,-0.5838,-0.5491
2.3,3.1,2.9,1.5,2.8,15.3,13.1,5.4,37.6,-0.5029,0.1773,0.0491,-0.3317,0.0564,0.6091,-0.3692,0.2003
2.3,3.8,4.2,2.2,1.5,4.6,11.9,12.9,23.4,-0.1581,0.0457,0.0715,-0.0046,-0.2742,0.3485,-0.361,-0.7935
2.3,2.1,4.1,1.0,3.3,8.8,15.3,21.1,14.2,0.4586,0.3184,-0.5515,0.0529,-0.0589,0.2623,0.2235,-0.4837
2.3,4.5,2.5,4.9,3.7,17.8,4.5,8.3,43.0,-0.4625,0.5535,-0.1423,0.0085,0.2066,0.1466,-0.4937,-0.3244
2.3,2.5,3.3,3.5,2.5,18.5,10.4,34.5,38.6,-0.934,0.2887,0.0176,0.1321,0.0013,-0.0848,0.0199,0.108
2.3,2.7,3.8,3.1,4.3,2.3,17.6,14.1,13.3,0.2598,0.5163,-0.257,-0.0966,-0.1325,0.1282,0.6302,-0.3717
2.3,2.6,1.4,2.4,2.4,2.3,2.9,17.1,14.2,0.0695,0.4815,-0.1315,-0.379,-0.6412,-0.2083,-0.2083,-0.3094
2.3,4.2,4.2,2.8,2.9,16.4,2.2,43.5,14.6,-0.8362,0.4072,-0.2025,-0.0195,0.2037,0.0214,0.0491,0.2032
2.3,2.4,4.3,4.4,4.2,9.6,16.7,20.7,4.6,-0.5033,0.724,-0.1938,-0.349,-0.0798,0.0593,0.1566,0.1131
2.3,1.5,2.9,2.9,3.1,16.4,20.8,9.8,17.6,-0.469,0.411,0.0135,-0.0055,-0.0207,-0.0208,-0.5103,-0.5785
2.3,1.7,3.8,2.1,2.6,12.7,6.1,20.5,14.7,-0.0476,-0.2063,-0.4046,-0.334,-0.4764,0.614,-0.2402,-0.0068
2.3,3.9,1.4,4.7,2.6,19.4,8.8,10.7,6.5,-0.957,0.2429,-0.0446,-0.0061,-0.0319,0.0208,0.0188,0.0841
2.3,3.6,2.0,3.8,4.9,15.1,10.3,30.9,7.7,-0.6314,0.123,-0.5101,-0.3394,-0.3006,0.2357,0.1527,0.1606
2.3,2.9,4.9,1.5,4.0,6.5,8.0,43.4,35.0,-0.5056,0.2316,-0.2087,0.3995,0.2332,-0.3748,-0.1685,0.4988
2.3,1.9,2.6,3.0,3.8,16.0,11.4,40.8,27.0,-0.8299,0.1131,-0.1365,0.2403,0.1446,-0.2248,-0.0415,0.3705
2.3,3.1,3.6,3.0,2.4,10.8,15.5,4.9,21.4,-0.6863,0.1285,-0.0291,0.1313,-0.0503,0.1164,-0.0998,-0.6794
2.3,1.9,3.6,1.9,3.2,2.0,6.6,39.0,26.2,-0.3856,0.3467,-0.431,-0.0976,0.4741,0.1856,-0.5078,0.0784
2.3,3.1,2.8,2.1,4.5,4.6,8.4,27.8,24.5,-0.4079,0.0221,-0.4882,0.0319,0.2044,0.5851,-0.2158,-0.3857
2.3,1.4,1.5,1.2,2.0,12.7,12.0,30.5,30.7,-0.5378,0.0231,-0.3802,0.3483,0.4548,-0.0973,-0.3785,0.2616
2.3,3.9,1.6,3.3,4.7,6.4,10.8,9.0,20.4,-0.1826,0.4801,-0.4214,-0.0407,-0.5594,-0.1037,0.2043,-0.4271
2.3,2.8,4.1,3.6,4.8,2.9,13.3,33.5,8.6,-0.063,0.3712,-0.5086,-0.3049,-0.3288,0.3171,0.4906,-0.144
2.3,4.8,4.6,1.5,4.5,8.0,17.2,7.4,28.9,-0.5288,0.4331,-0.0262,-0.1622,0.0859,0.3518,-0.4442,-0.4038
2.3,1.0,2.8,1.5,2.8,21.5,18.0,27.8,30.9,-0.6994,0.7017,0.0009,0.0042,-4.955e-05,-0.001,0.006,0.0075
2.3,2.6,3.0,3.9,4.6,15.7,17.3,24.5,35.9,-0.9419,0.0455,-0.0037,0.2122,0.0293,-0.118,-0.0206,0.1974
2.3,5.0,2.7,1.5,2.6,2.3,5.9,21.1,39.0,-0.3375,0.2729,-0.4133,0.3434,0.3846,0.3402,-0.3818,-0.3175
2.3,2.6,3.4,4.1,3.1,16.7,21.3,18.1,30.1,-0.9431,-0.1092,-0.0127,-0.067,-0.0034,0.029,-0.039,0.2782
2.3,2.5,2.1,2.5,3.8,7.2,2.9,39.5,33.4,-0.4721,0.2612,-0.4676,0.1333,0.4997,-0.0696,-0.4031,0.2095
2.3,3.9,1.2,4.7,1.9,2.3,13.8,31.5,42.6,-0.5535,0.0764,-0.3496,0.3974,0.4032,-0.2053,-0.3806,0.2009
2.3,1.1,2.0,1.6,2.4,6.7,17.8,23.2,22.5,-0.0219,-0.0432,-0.2507,0.0971,0.2179,0.1784,-0.7482,-0.5159
2.3,3.3,1.9,3.8,3.3,5.9,21.8,43.7,7.1,0.0286,0.4571,0.1572,-0.0223,-0.1552,0.0265,-0.8328,0.1296
2.3,2.9,3.0,2.2,4.0,7.8,6.9,6.7,8.2,-0.5203,0.5545,-0.0912,-0.3321,-0.1875,-0.3793,-0.0829,-0.3366
2.3,1.2,4.7,2.8,1.2,11.4,13.6,26.9,10.1,-0.2197,0.1162,-0.2634,-0.1092,0.235,0.3103,-0.6898,-0.4613
2.3,1.8,3.3,2.7,1.9,16.8,10.9,33.9,18.6,-0.8617,0.0075,-0.1988,0.1861,0.2141,-0.1301,-0.079,0.3169
2.3,3.4,1.3,3.4,4.9,15.1,20.5,33.4,11.2,-0.8205,-0.2323,-0.0167,0.0687,0.023,-0.0435,-0.1487,0.4595
2.3,3.2,3.5,2.6,2.5,17.2,6.0,29.8,34.3,-0.9022,0.264,-0.059,0.2372,0.088,-0.1461,-0.006,0.1371
2.3,2.4,1.5,4.7,2.4,10.0,12.0,7.1,28.1,-0.6742,0.1609,-0.0795,0.1974,-0.1446,0.149,-0.0921,-0.6457
2.3,1.3,3.5,2.4,3.8,8.5,18.5,10.0,16.1,0.0689,0.0506,-0.1445,0.0195,-0.0532,0.1602,0.3899,-0.8777
2.3,3.6,4.0,2.0,1.5,19.8,19.3,19.6,38.5,-0.8091,0.5801,0.0039,0.0065,-0.0007,-0.0016,0.0129,0.0192
2.3,2.6,2.0,1.5,3.1,8.8,12.3,42.2,23.0,-0.3045,0.2799,-0.4693,0.1056,0.4869,-0.0853,-0.4157,0.4044
2.3,4.1,3.6,1.2,4.0,12.8,19.2,35.0,35.1,-0.7875,0.5945,0.0418,0.0492,-0.0119,-0.0202,0.0624,0.0873
2.3,3.6,1.4,3.1,1.0,13.0,18.3,31.0,36.5,-0.9394,-0.0348,-0.017,0.1395,0.0305,-0.0903,-0.027,0.2767
2.3,3.3,3.8,2.3,2.1,2.7,17.6,27.1,11.1,-0.0204,0.0122,-0.1537,0.0532,0.0523,0.1703,-0.2891,-0.9149
2.3,4.4,1.8,3.8,1.3,13.1,6.6,39.4,26.2,-0.8995,0.0414,-0.1549,0.1222,0.1582,-0.1135,-0.0292,0.3228
2.3,1.1,4.4,4.0,3.3,5.0,11.9,21.7,30.8,-0.4066,0.1271,-0.3571,-0.1354,0.332,0.3783,-0.5337,-0.3498
2.3,4.6,4.1,1.3,1.1,11.8,9.5,6.5,43.9,-0.5747,0.6348,0.0085,0.1699,0.2051,0.2586,-0.2132,-0.2637
2.3,1.8,1.5,2.7,1.0,12.9,9.1,10.0,10.0,-0.2163,0.2866,-0.3306,0.0167,-0.5181,-0.016,-0.1094,-0.6852
2.3,2.3,1.3,4.8,4.7,15.1,10.4,22.3,14.0,-0.4636,-0.3465,-0.1945,-0.2039,-0.2729,0.6527,-0.2403,0.0858
2.3,1.1,3.7,1.9,2.5,3.2,17.6,39.0,30.5,-0.5816,-0.2123,-0.057,0.1585,0.0747,-0.1298,-0.2987,0.6751
2.3,4.0,4.0,1.4,3.1,7.7,8.4,17.2,33.2,-0.4365,0.1967,-0.4468,0.2001,0.4447,0.346,-0.3943,-0.211
2.3,4.8,2.6,3.5,2.8,7.4,9.4,26.6,42.1,-0.4766,0.0963,-0.3507,0.4489,0.4332,-0.1506,-0.4354,0.1574
2.3,4.8,3.3,1.7,1.8,9.9,6.7,36.6,28.4,-0.7366,0.0884,-0.2917,0.2646,0.3325,-0.1719,-0.1547,0.3452
2.3,4.1,3.5,1.6,4.4,10.9,21.8,41.3,18.1,-0.845,0.1465,-0.0298,-0.0708,0.009,0.0518,0.0756,0.4839
2.3,3.4,3.3,3.0,2.6,20.9,9.8,27.9,28.0,-0.8184,0.5645,-0.001,-0.0482,-0.0092,0.0255,0.0016,0.0051
2.3,1.7,4.9,1.4,1.4,17.2,5.7,19.5,8.1,-0.6405,-0.0239,-0.5461,-0.2454,-0.184,0.3155,0.019,0.2726
2.3,4.6,3.6,2.0,2.1,15.2,11.5,25.7,15.2,-0.8598,0.1455,-0.2593,0.1936,0.2823,-0.045,-0.0659,0.1909
2.3,4.5,1.3,1.6,1.6,12.8,14.7,16.9,16.1,-0.5606,-0.1652,-0.3429,-0.1406,0.2834,0.4767,-0.3708,0.2374
2.3,3.3,2.3,4.6,4.3,2.2,17.6,7.2,25.2,-0.5454,-0.0328,-0.061,0.1763,-0.1274,0.129,0.1102,-0.7817
2.3,2.3,2.9,3.7,3.8,15.9,7.0,16.7,32.5,-0.7323,0.0907,-0.3477,-0.1177,0.3338,0.3795,-0.2279,-0.0354
2.3,4.4,2.7,1.7,1.9,15.9,18.5,37.7,30.0,-0.8621,0.4816,0.0178,0.0349,-0.0069,-0.0202,0.0593,0.1094
2.3,3.9,1.5,4.0,2.2,6.7,13.6,17.7,5.6,-0.177,0.6101,0.0735,-0.3552,-0.586,-0.2478,-0.1812,-0.1273
2.3,3.9,1.4,1.8,1.3,19.1,21.1,26.0,26.7,-0.8122,0.5755,0.0005,0.0013,-0.0001,-0.0003,0.0179,0.0264
2.3,2.4,2.4,1.9,1.1,15.1,20.5,41.1,39.3,-0.8689,0.4459,0.0045,0.0107,-0.0025,-0.0077,0.0824,0.1652
2.3,2.2,2.4,1.8,4.2,9.7,10.9,16.4,7.8,-0.1749,0.4486,0.1609,-0.5179,-0.5224,-0.0072,-0.4379,0.0121
2.3,2.6,4.7,3.0,1.8,13.4,8.7,23.9,15.2,-0.5061,-0.2385,-0.3012,-0.2423,0.261,0.4673,-0.4599,0.1564
2.3,3.3,3.3,3.9,3.5,3.0,2.6,26.4,43.1,-0.4251,0.3469,-0.3837,0.2305,0.4678,0.1549,-0.4691,-0.1551
2.3,3.2,2.1,1.4,2.5,3.5,14.8,26.6,30.2,-0.2199,-0.0502,-0.4039,0.2413,0.4437,0.1029,-0.7077,-0.0285
2.3,3.0,3.2,3.1,4.4,6.2,14.5,6.2,21.8,-0.2218,0.0804,-0.2821,0.2139,-0.3297,0.1833,0.3524,-0.7347
2.3,1.9,1.7,2.7,3.7,13.9,5.9,40.4,9.9,-0.7583,0.1982,-0.1315,-0.3166,0.1647,0.4052,-0.1402,0.2156
2.3,1.3,1.9,4.4,2.1,5.3,9.2,30.5,6.2,-0.1,-0.1609,-0.0943,-0.1935,-0.6268,0.6336,-0.0598,-0.3013
2.3,1.2,3.9,2.0,1.6,17.6,9.1,26.4,42.5,-0.784,0.1587,0.0233,0.4704,0.0916,-0.2283,-0.0914,0.2327
2.3,3.4,2.8,1.9,2.7,14.7,6.7,25.3,40.4,-0.7355,0.1485,-0.0449,0.5005,0.1548,-0.2526,-0.1341,0.2563
2.3,2.3,4.1,2.8,2.6,4.1,18.2,17.1,19.0,-0.1823,0.0844,-0.0797,0.0204,0.0453,0.1002,-0.4087,-0.8722
2.3,2.3,2.6,2.7,4.8,18.3,11.2,20.6,22.5,-0.8642,0.2062,-0.2844,0.0705,0.2929,0.1089,-0.0671,0.0951
2.3,4.9,4.8,2.4,4.5,15.0,4.6,41.1,42.2,-0.8352,0.4151,0.0935,0.2244,-0.0374,-0.1541,0.0482,0.19
2.3,2.2,2.8,3.7,4.0,15.7,4.8,33.4,38.5,-0.784,0.0304,-0.1413,0.3868,0.1814,-0.2622,-0.1554,0.2795
2.3,3.8,2.3,3.8,4.0,10.1,2.8,21.5,15.9,-0.1603,-0.2796,-0.2648,-0.2891,-0.5364,0.5853,-0.3004,0.0698
2.3,4.0,3.5,4.5,1.1,7.3,6.1,42.8,19.8,-0.5834,-0.1525,-0.2911,0.061,0.2913,-0.0604,-0.3111,0.5924
2.3,1.2,4.3,2.3,2.2,8.0,19.2,34.5,34.1,-0.8973,-0.0788,0.0036,0.0515,0.0055,-0.0323,-0.0427,0.4079
2.3,3.9,2.0,2.6,1.8,7.0,11.2,9.1,38.3,-0.6273,0.0878,-0.1651,-0.1378,0.0685,0.6414,-0.2071,-0.264
2.3,1.3,4.4,3.4,3.7,7.4,3.5,17.9,25.7,-0.2016,-0.2357,-0.1662,-0.2297,-0.3674,0.7368,-0.2708,-0.2369
2.3,1.1,4.0,1.7,4.4,12.7,13.1,30.6,37.7,-0.739,0.0848,-0.0361,0.477,0.1428,-0.2604,-0.1451,0.3045
2.3,2.8,2.9,4.4,3.7,15.7,17.3,25.4,5.8,-0.5065,0.1694,-0.2968,-0.1189,0.2471,0.4103,-0.3973,-0.4334
2.3,4.3,3.2,4.7,4.1,21.7,5.5,30.0,7.9,-0.8303,0.5183,0.0923,-0.0312,-0.1155,-0.1092,-0.0225,-0.0206
2.3,2.3,3.6,3.6,4.7,14.2,18.9,41.3,5.4,-0.3549,0.6616,-0.1,-0.0491,0.1067,0.0647,-0.5556,-0.2611
2.3,1.9,3.2,4.5,1.4,3.8,3.3,14.3,29.0,-0.3417,0.1951,0.066,0.1536,-0.2994,0.1652,-0.4029,-0.7267
2.3,4.0,3.2,2.0,4.2,11.9,12.2,20.2,11.5,-0.2318,0.1826,-0.6372,-0.4609,-0.3038,0.3932,0.1395,0.1005
2.3,2.2,1.5,4.4,2.7,17.0,11.9,12.7,24.7,-0.2808,-0.3048,0.094,-0.2015,-0.1322,0.372,-0.7003,0.3052
2.3,2.2,4.4,4.8,3.0,10.3,19.0,14.9,10.8,-0.4783,0.1018,-0.0237,0.0053,0.0078,0.0441,-0.1763,-0.8457
2.3,5.0,2.4,2.9,2.7,11.8,9.9,39.2,7.4,-0.7741,0.2073,-0.202,-0.2797,0.2318,0.3652,-0.1566,0.1327
2.3,1.6,4.8,3.7,2.0,17.5,11.7,29.6,30.5,-0.9356,-0.023,-0.0639,0.1698,0.0745,-0.1159,-0.0354,0.2446
2.3,2.8,2.1,5.0,3.0,9.0,6.4,35.5,28.0,-0.5504,-0.0313,-0.4625,-0.0012,0.4711,0.0399,-0.4174,0.2709
2.3,4.6,4.8,3.7,3.8,18.6,5.3,11.1,30.0,-0.9452,0.2701,-0.0441,-0.0141,0.0487,0.0775,0.024,0.106
2.3,3.2,3.4,1.9,3.8,10.3,2.5,13.8,40.3,-0.4682,0.3911,-0.2933,0.2533,0.307,0.3881,-0.2924,-0.3688
2.3,1.7,1.3,3.4,4.6,13.0,9.3,12.8,23.9,-0.0396,0.161,-0.0432,0.129,-0.6416,0.3243,-0.3905,-0.5164
2.3,2.6,1.3,3.7,3.3,13.6,10.4,6.8,41.4,-0.7976,0.3023,-0.0827,0.1471,0.0747,0.3405,-0.0709,-0.3275
2.3,4.9,4.1,1.6,3.8,20.9,8.0,33.4,39.9,-0.6319,0.7682,-0.0421,-0.0341,0.0053,0.0054,0.0043,0.0042
2.3,2.5,4.2,2.3,3.4,10.7,5.1,5.1,16.9,-0.378,0.4923,-0.4182,-0.1863,-0.4496,-0.2046,0.1101,-0.378
2.3,3.0,3.4,1.9,2.4,21.1,12.5,35.2,20.1,-0.7048,0.7025,-0.0082,-0.0241,0.0004,0.014,0.0034,0.0044
2.3,3.4,4.5,1.8,3.2,17.6,21.8,24.0,16.3,-0.9005,0.4082,-0.0183,-0.024,0.0028,0.0063,0.0409,0.0948
2.3,2.8,1.5,2.4,1.6,15.3,16.4,32.2,15.3,-0.8583,-0.0623,-0.1386,0.212,0.1563,-0.1463,-0.0922,0.3543
2.3,4.5,1.6,4.4,2.0,6.7,10.5,6.5,22.9,-0.6117,0.0209,-0.1981,0.1781,-0.2218,0.1564,0.0969,-0.6825
2.3,1.8,3.0,4.8,3.1,15.4,12.6,10.7,28.9,-0.3971,0.3157,0.2506,0.0414,-0.2907,0.169,-0.5621,-0.482
2.3,3.7,2.0,1.1,1.9,18.3,11.3,43.2,10.2,-0.6357,0.7259,-0.137,0.0761,0.1456,-0.0687,0.0493,0.0783
2.3,2.4,1.8,1.9,1.7,20.0,4.0,7.4,24.2,-0.8627,0.4659,-0.0297,0.0186,0.0043,0.05,0.05,0.1031
2.3,2.5,2.5,4.4,2.7,6.0,14.7,39.2,23.0,-0.3384,-0.1707,-0.2934,0.12,0.2967,-0.1115,-0.5864,0.5431
2.3,2.6,4.2,3.6,2.5,15.2,6.5,12.3,32.6,-0.6048,-0.2471,-0.0683,-0.2712,0.0327,0.5297,-0.3575,0.2483
2.3,1.6,4.6,4.4,4.6,20.1,19.0,41.3,31.5,-0.9283,0.3512,0.0009,0.0036,-0.0006,-0.0028,0.0273,0.0772
2.3,2.1,4.5,4.7,2.9,19.6,12.4,27.0,36.3,-0.9612,0.2376,0.0023,0.071,0.0054,-0.0381,0.0102,0.0602
2.3,4.6,1.4,4.2,3.4,16.5,11.5,29.9,15.6,-0.9293,0.1521,-0.2051,0.0042,0.2115,0.0725,-0.029,0.1147
2.3,1.3,4.8,2.8,2.1,10.1,2.9,33.3,9.9,-0.3789,-0.1795,-0.0784,-0.2401,-0.1822,0.7354,-0.4106,-0.0239
2.3,4.5,3.9,2.4,2.5,2.5,11.1,33.3,16.7,-0.3508,0.173,-0.2925,-0.1568,0.2892,0.4061,-0.594,-0.3485
2.3,3.3,3.5,2.6,4.9,3.9,13.8,11.4,18.8,0.2327,0.4569,-0.1607,-0.0946,-0.6772,0.1167,0.2828,-0.3655
2.3,1.1,3.1,1.6,4.9,19.2,5.5,33.2,37.0,-0.8077,0.3552,0.0553,0.3572,0.0379,-0.2,-0.013,0.1777
2.3,4.0,3.4,4.6,2.5,19.2,21.0,40.5,25.3,-0.9247,0.3672,-0.0011,-0.0026,0.0005,0.0015,0.0244,0.0635
2.3,3.8,1.1,4.8,4.5,14.5,5.9,25.8,24.2,-0.8341,-0.003,-0.2806,-0.1391,0.2671,0.3113,-0.1441,0.0959
2.3,4.1,2.1,4.2,1.6,15.6,6.3,7.0,16.5,-0.7685,0.39,-0.0663,0.1093,-0.0986,0.0849,-0.1944,-0.4246
2.3,1.4,4.6,3.8,4.8,12.3,19.7,15.6,17.8,-0.4246,0.2457,0.0025,-0.0022,-0.0045,-0.0037,-0.433,-0.7473
2.3,1.9,4.8,2.4,4.3,18.0,6.4,26.6,21.1,-0.8284,0.1928,-0.3271,0.0934,0.336,0.1311,-0.0991,0.0884
2.3,4.5,1.5,1.2,2.3,10.8,16.3,7.4,22.4,-0.3762,0.4202,0.1169,0.1601,-0.15,0.2734,-0.5099,-0.5226
2.3,1.2,2.1,1.3,3.5,19.3,9.4,32.8,9.8,-0.6466,0.4385,-0.5233,0.0236,-0.1157,0.2633,0.1138,0.0106
2.3,2.5,1.4,1.1,2.4,20.2,12.3,14.1,36.2,-0.6363,0.754,0.0273,0.0984,0.0056,-0.0533,0.0154,0.0214
2.3,2.8,3.2,2.1,2.1,11.0,22.0,17.2,40.6,-0.7508,0.6122,-0.1252,-0.1243,0.003,0.011,0.0142,0.0221
2.3,4.5,1.6,4.8,4.6,11.4,14.7,42.8,12.7,-0.5266,0.292,-0.4348,-0.2087,0.4354,0.2103,-0.3485,0.1853
2.3,3.1,2.9,4.4,4.2,14.4,10.8,26.4,8.7,-0.5392,-0.2063,-0.3881,-0.1616,-0.2356,0.6422,-0.001,-0.0397
2.3,1.9,3.5,1.1,3.5,12.4,12.7,11.5,15.4,0.247,0.2456,-0.398,-0.382,-0.521,0.5249,0.0328,-0.0638
2.3,2.7,1.6,4.8,2.5,16.1,11.9,4.0,15.7,-0.8263,0.2134,-0.1274,0.1453,-0.1351,0.1357,-0.0644,-0.4325
2.3,1.1,1.0,2.9,5.0,8.6,10.1,37.9,24.5,-0.585,0.285,-0.3595,-0.1817,0.3911,0.3271,-0.3741,-0.0635
2.3,2.7,2.9,1.9,3.8,2.7,4.3,37.3,15.3,-0.5453,0.0065,-0.2135,-0.1652,0.1132,0.7112,-0.2487,-0.1602
2.3,1.6,1.2,4.1,3.1,3.7,21.8,21.4,20.1,-0.2187,0.2358,0.0648,-0.0327,-0.0758,-0.0625,-0.6928,-0.6198
2.3,3.8,2.0,3.5,2.5,12.0,4.2,28.8,9.3,-0.5569,-0.2979,-0.2417,-0.1728,-0.141,0.6492,-0.2038,0.1204
2.3,1.3,4.0,3.5,4.0,16.7,7.8,19.5,33.7,-0.586,0.1192,-0.4585,0.0195,0.4627,0.2407,-0.3748,-0.0698
2.3,3.1,1.9,2.7,2.7,20.3,21.0,29.9,18.0,-0.8384,0.537,0.0001,-7.475e-06,-1.8149e-05,-3.6467e-07,0.0082,0.014
2.3,4.9,2.3,2.1,1.1,7.6,5.0,31.6,36.2,-0.6249,-0.0123,-0.4104,0.243,0.4469,-0.0648,-0.328,0.2406
2.3,1.8,2.4,2.5,1.1,4.8,13.6,12.4,23.0,-0.1585,0.0432,0.053,0.0401,-0.2797,0.2535,-0.2611,-0.8648
2.3,2.0,1.5,4.2,4.7,4.2,11.7,7.1,31.8,-0.4762,0.1429,-0.2601,0.2984,-0.336,0.2378,0.1484,-0.6295
2.3,4.6,3.0,3.4,3.2,7.6,4.1,32.1,27.1,-0.5892,0.0539,-0.4475,-0.0925,0.4647,0.2409,-0.3865,0.0879
2.3,3.4,3.4,3.2,3.0,8.0,19.4,43.8,30.9,-0.8623,0.1632,0.0005,0.0264,-0.0004,-0.0264,0.0843,0.4579
2.3,1.6,4.0,3.0,3.1,12.7,13.1,17.0,42.6,-0.4401,0.2537,-0.382,0.3795,0.4844,-0.0333,-0.4443,0.0227
2.3,4.6,4.6,1.1,2.7,3.9,18.2,10.0,27.8,-0.2895,0.2643,-0.0619,0.0532,0.0914,0.1041,-0.6015,-0.6658
2.3,3.3,2.0,2.6,4.7,17.2,10.5,13.7,19.8,-0.8689,-0.0007,-0.1898,-0.0297,0.0738,0.3626,-0.0335,0.2257
2.3,5.0,3.6,2.1,3.1,13.9,14.3,24.2,5.8,-0.3395,0.332,-0.6944,-0.2937,-0.2227,0.2921,0.2151,-0.0044
2.3,2.8,3.4,3.0,3.9,13.5,9.7,28.0,22.8,-0.6008,-0.0062,-0.4658,0.0155,0.475,0.1881,-0.3697,0.1061
2.3,4.9,1.8,1.2,1.8,3.7,13.6,14.0,26.5,-0.066,-0.0519,-0.3087,-0.0938,-0.0307,0.6576,-0.3376,-0.5702
2.3,3.5,3.6,2.0,4.2,3.4,8.9,7.7,43.4,-0.5654,0.4632,-0.0908,0.3071,0.1195,0.4159,-0.112,-0.3924
2.3,3.3,1.2,3.1,1.8,17.0,3.5,17.8,7.9,-0.8483,-0.0949,-0.3014,-0.1497,-0.1628,0.1925,-0.0129,0.2763
2.3,3.6,3.7,1.7,2.8,16.7,14.4,22.1,37.7,-0.8643,0.4193,0.0706,0.2027,-0.0063,-0.0938,0.0289,0.1096
2.3,3.6,1.2,3.0,3.6,15.2,12.8,22.6,24.8,-0.8022,0.0503,-0.3699,0.032,0.3696,0.1587,-0.1586,0.1353
2.3,4.1,4.7,2.1,2.2,20.9,7.4,26.6,9.6,-0.7365,0.668,0.0314,-0.0309,-0.04,-0.0193,0.0012,0.0029
2.3,1.5,3.7,2.7,3.3,18.8,10.6,8.4,7.9,-0.2196,0.5526,-0.1722,-0.0636,-0.5064,-0.0679,-0.4559,-0.329
2.3,2.9,1.9,3.7,5.0,20.2,9.0,7.9,13.0,-0.9067,0.3904,0.0089,-0.0084,0.0035,-0.0129,0.0232,0.0682
2.3,4.6,1.5,1.2,1.2,9.7,9.5,12.6,13.6,0.084,0.1935,-0.2199,-0.0477,-0.5894,0.2985,-0.5809,-0.3397
2.3,3.4,4.8,5.0,3.2,9.6,13.2,11.4,8.2,-0.0116,0.4101,-0.32,0.0213,-0.5629,-0.0771,0.4391,-0.4402
2.3,4.3,2.0,3.5,5.0,16.6,10.9,11.1,40.3,-0.5372,0.4701,-0.3058,0.013,0.371,0.2031,-0.3946,-0.1952
2.3,4.2,4.0,4.5,1.2,7.6,16.4,15.4,32.1,-0.3931,0.3225,-0.1043,-0.1354,0.0982,0.2206,-0.5714,-0.5617
2.3,2.0,1.6,1.2,3.9,12.5,19.6,20.9,34.8,-0.8849,0.1836,0.0772,0.2416,0.005,-0.119,0.0177,0.2786
2.3,3.6,1.2,3.7,3.1,9.1,13.3,21.4,20.7,-0.4269,-0.1596,-0.1568,-0.3232,0.0469,0.6443,-0.4683,-0.1148
2.3,4.8,3.8,3.6,4.9,15.7,18.7,25.4,43.0,-0.4567,0.752,0.2057,0.195,0.0502,-0.0106,0.1307,0.0292
2.3,2.6,4.3,1.9,3.6,16.2,16.3,29.9,11.7,-0.6845,-0.1936,-0.1304,0.3255,0.1771,-0.1887,-0.2666,0.4419
2.3,3.7,4.9,1.9,4.0,11.2,15.7,20.2,4.1,-0.5509,0.6863,-0.2581,-0.3592,-0.0027,0.1058,0.0344,0.0829
2.3,4.8,2.1,1.6,3.7,20.0,12.6,39.2,37.1,-0.6776,0.7305,0.0033,0.0063,-0.0011,-0.0029,0.014,0.0136
2.3,4.9,2.9,2.3,3.0,11.2,8.8,25.7,25.2,-0.652,-0.0011,-0.4522,0.087,0.462,0.1583,-0.3034,0.1429
2.3,2.2,3.8,1.6,2.8,11.1,18.5,12.5,6.1,0.0917,0.9025,-0.2268,-0.1085,-0.0548,0.038,0.2956,-0.0439
2.3,3.0,2.5,1.1,3.8,12.5,4.5,14.5,29.7,-0.5265,0.2323,-0.5095,0.2083,0.1925,0.5317,-0.051,-0.1691
2.3,1.9,2.0,4.8,1.7,12.1,10.5,6.6,29.3,-0.7352,0.1706,-0.0562,0.1582,-0.1018,0.1209,-0.1047,-0.601
2.3,2.0,2.1,1.6,4.9,4.4,12.1,19.3,9.3,-0.2277,0.425,0.0769,-0.6363,-0.447,0.1531,-0.3227,0.1409
2.3,4.5,4.1,3.9,4.4,7.4,12.3,29.1,43.0,-0.7338,0.1547,-0.0567,0.5054,0.1596,-0.2555,-0.1427,0.2317
2.3,3.7,2.2,3.6,1.8,10.0,11.9,41.5,30.2,-0.8051,-0.0163,-0.1307,0.1869,0.1322,-0.1839,-0.0759,0.4825
2.3,3.4,2.3,3.5,3.9,5.6,20.5,39.9,21.4,-0.548,-0.2707,0.0013,-0.0106,-0.0024,0.0095,-0.3548,0.6926
2.3,2.9,2.7,3.5,2.5,8.4,14.5,14.0,29.7,-0.424,0.0876,-0.1205,-0.3019,0.0776,0.5486,-0.4975,-0.372
2.3,4.6,1.3,1.1,2.7,19.1,2.7,37.9,26.3,-0.6051,0.7841,-0.0245,0.0739,0.0445,-0.0489,0.0177,0.0202
2.3,1.3,4.3,2.2,4.0,6.0,4.6,34.6,17.7,-0.5244,-0.0293,-0.3062,-0.1324,0.1367,0.6767,-0.2287,-0.2576
2.3,1.7,1.3,4.4,3.7,18.1,12.2,5.4,31.5,-0.8223,0.369,-0.0105,0.1329,-0.0369,0.1065,-0.1426,-0.3605
2.3,3.8,1.2,4.0,3.8,12.7,14.4,31.8,22.4,-0.6582,-0.0686,-0.4252,0.0938,0.4375,-0.0011,-0.3163,0.2608
2.3,1.5,3.7,1.7,1.5,14.9,15.0,32.4,7.8,-0.2628,0.1508,-0.3831,0.0325,0.4134,0.2331,-0.6895,-0.176
2.3,3.0,3.6,3.7,3.6,6.1,21.7,30.5,12.4,-0.0681,0.1825,0.1004,-0.0575,-0.1272,-0.0332,-0.9196,-0.2581
2.3,1.3,3.8,2.5,2.0,21.0,13.0,11.6,32.7,-0.86,0.489,-0.02,0.0071,0.0209,0.0024,0.0121,0.0273
2.3,3.6,3.1,1.3,2.0,9.9,6.8,26.5,15.0,-0.393,-0.1718,-0.5665,-0.0775,0.0218,0.6683,-0.1576,-0.0085
2.3,3.1,4.7,2.6,4.8,9.5,21.4,27.7,22.7,-0.6657,-0.3881,0.0051,-0.1203,-0.0349,0.059,-0.3202,0.5135
2.3,3.1,2.8,1.6,1.1,12.2,6.2,14.0,39.5,-0.575,0.2731,-0.4024,0.1124,0.4293,0.3274,-0.306,-0.1296
2.3,2.4,2.3,1.3,4.3,18.9,16.0,14.0,35.4,-0.7799,0.528,0.0724,0.2351,-0.0018,-0.1394,0.0354,0.1219
2.3,3.4,4.4,3.3,3.7,8.6,2.8,31.9,5.1,-0.4472,0.124,0.057,-0.6303,-0.3372,0.2474,-0.3032,0.3302
2.3,5.0,1.1,2.3,1.0,10.2,2.8,27.7,14.4,-0.6319,-0.3245,-0.2055,-0.1666,0.1251,0.4298,-0.3254,0.326
2.3,3.6,4.1,4.8,4.8,6.6,8.7,41.7,9.7,-0.7337,0.3342,-0.109,-0.3696,0.1134,0.3807,-0.1741,0.0767
2.3,2.9,4.3,3.5,4.9,18.6,19.1,14.1,31.6,-0.9612,0.2041,0.0045,0.0231,-0.0004,-0.0119,0.0257,0.1405
2.3,2.4,3.5,2.0,3.3,17.7,21.9,15.4,4.7,-0.4306,-0.3576,0.041,-0.1903,-0.0931,0.0901,-0.5403,0.5063
2.3,2.2,2.4,2.4,4.3,3.0,10.1,6.3,30.0,-0.1891,0.315,-0.3824,0.2275,-0.4795,0.1845,0.2403,-0.5796
2.3,2.0,1.6,3.0,3.4,14.3,20.7,6.3,24.0,-0.7267,0.3366,-0.0028,-0.0019,0.0013,0.0133,-0.2471,-0.5379
2.3,4.1,2.6,1.3,4.2,15.6,5.7,27.6,34.6,-0.7332,0.3967,-0.0135,0.4359,0.1256,-0.2303,-0.0471,0.1768
2.3,3.0,2.6,3.5,4.9,2.5,10.8,10.1,21.8,-0.0567,0.4903,-0.3676,-0.015,-0.5822,-0.087,0.3117,-0.4087
2.3,1.0,3.9,1.8,2.6,12.2,17.9,16.0,43.7,-0.6918,0.6375,0.1456,0.2391,-0.0166,-0.0804,0.0088,0.0469
2.3,2.5,3.4,1.3,4.6,4.4,5.4,13.7,12.8,-0.0762,0.5933,0.0286,-0.4165,-0.524,-0.1296,-0.3942,-0.1151
2.3,3.1,1.3,1.5,4.6,19.4,18.1,31.7,38.0,-0.7276,0.6745,0.0465,0.0612,-0.0103,-0.0192,0.0203,0.0253
2.3,4.1,3.6,2.7,4.7,14.2,12.3,41.5,17.1,-0.7009,0.1446,-0.2972,0.2515,0.3088,-0.2314,-0.1397,0.3901
2.3,3.8,2.3,3.2,4.4,5.2,4.8,20.5,42.5,-0.459,0.3843,-0.3298,0.2148,0.3803,0.3008,-0.3876,-0.3015
2.3,1.6,2.4,3.4,3.0,20.0,14.8,42.9,36.3,-0.8858,0.4314,0.0068,0.0392,-0.0066,-0.0388,0.0542,0.1177
2.3,4.3,3.5,4.5,3.2,12.7,9.9,23.2,36.2,-0.6165,-0.064,-0.4007,0.2879,0.4197,-0.1233,-0.3584,0.1982
2.3,1.1,1.4,3.9,4.6,21.7,20.3,9.0,8.4,-0.8599,0.4895,0.0061,-0.0445,-0.012,0.0306,-0.0001,0.0059
2.3,2.5,4.2,1.4,2.0,16.9,17.3,14.6,34.4,-0.9111,0.2869,0.043,0.1336,-0.0045,-0.0746,0.0502,0.2086
2.3,2.6,3.6,2.9,4.4,20.2,6.5,13.5,30.4,-0.8729,0.4726,-0.0234,0.0039,0.0243,0.0107,0.0146,0.0314
2.3,4.1,1.4,3.3,4.0,20.8,5.1,38.5,12.8,-0.8152,0.5656,0.0603,-0.0166,-0.0708,-0.0045,-0.0023,0.0052
2.3,4.9,3.2,4.6,4.3,15.1,20.1,30.7,13.8,-0.9667,-0.0155,-0.0021,-0.0068,0.0004,0.0037,-0.0065,0.2362
2.3,4.0,2.7,4.1,3.3,13.7,13.7,24.0,40.2,-0.7935,-0.0047,-0.1118,0.4217,0.1601,-0.2353,-0.1534,0.2515
2.3,4.0,2.0,2.3,4.0,12.5,13.8,35.3,25.4,-0.7435,0.0371,-0.231,0.319,0.2671,-0.2246,-0.1662,0.3577
2.3,1.2,3.6,3.9,2.6,12.2,13.9,20.0,20.1,-0.3333,0.1026,-0.1989,-0.2466,0.1575,0.4452,-0.574,-0.4599
2.3,4.9,1.5,4.7,5.0,9.2,12.0,26.5,41.9,-0.4932,0.0491,-0.3675,0.4159,0.428,-0.1557,-0.4424,0.1696
2.3,3.4,2.0,3.7,3.6,3.1,20.8,31.1,23.8,-0.209,-0.3548,0.0199,-0.031,-0.0257,0.0173,-0.7844,0.4306
2.3,4.2,2.5,4.0,2.4,19.3,16.2,41.2,35.2,-0.9037,0.4166,0.0019,0.0112,-0.0015,-0.0102,0.026,0.0583
2.3,2.6,3.9,2.2,2.8,9.2,2.1,32.6,9.0,-0.2337,0.0678,-0.3816,-0.5794,-0.4541,0.3768,-0.1007,0.2936
2.3,1.4,4.1,1.2,2.0,20.2,8.4,12.4,38.8,-0.726,0.5594,-0.0022,0.2926,0.0753,-0.1854,-0.0037,0.1023
2.3,1.4,2.2,2.6,2.3,20.8,6.7,42.4,18.5,-0.83,0.542,-0.0157,0.0158,0.0158,-0.0154,0.0371,0.0616
2.3,2.2,3.1,1.4,1.4,19.8,2.3,12.7,14.7,-0.7929,0.5823,-0.0898,0.0275,-0.0226,0.0614,0.0363,0.0468
2.3,1.7,1.5,3.4,1.1,6.1,8.6,7.0,18.5,-0.2922,0.0573,-0.316,0.075,-0.3591,0.0475,0.2549,-0.7762
2.3,2.6,4.7,1.3,1.0,17.0,13.2,18.5,21.6,-0.9125,0.2343,-0.0307,0.1798,0.0614,-0.1072,0.0276,0.2143
2.3,3.8,4.9,2.0,4.5,6.7,19.8,11.2,12.4,0.2978,0.1669,-0.0165,0.0039,-0.0078,0.0112,0.4289,-0.8209
2.3,3.5,3.1,2.3,4.6,21.6,6.4,21.5,12.0,-0.6927,0.6894,0.0959,-0.0973,-0.0517,-0.1237,-0.0073,-0.0166
2.3,3.9,4.6,1.1,1.2,13.0,17.8,20.3,42.3,-0.7521,0.6138,0.1075,0.1259,-0.0224,-0.0422,0.0375,0.0633
2.3,4.5,1.5,2.3,4.7,6.9,2.6,37.4,9.7,-0.4318,0.2399,-0.3712,-0.558,-0.2878,0.3042,0.0491,0.3376
2.3,4.7,4.0,4.3,2.1,12.8,15.6,37.8,28.9,-0.9467,0.0316,-0.0109,0.0819,0.0156,-0.0682,0.0023,0.2904
2.3,3.0,4.5,3.8,1.4,21.2,6.5,34.9,16.0,-0.8634,0.4928,0.0247,-0.0382,-0.0306,0.0228,-4.9786e-05,0.004
2.3,2.0,4.3,1.5,3.3,12.9,9.6,28.9,37.8,-0.6691,0.1116,-0.0963,0.5205,0.2167,-0.2695,-0.1963,0.295
2.3,4.4,3.1,2.1,4.4,11.0,9.8,13.1,27.0,-0.5683,-0.0748,-0.2859,-0.1493,0.1321,0.6867,-0.2461,-0.041
2.3,3.2,2.1,4.7,4.1,19.2,9.0,22.5,6.7,-0.9449,0.2684,-0.1073,0.0183,-0.0482,0.0946,0.0175,0.039
2.3,1.5,4.9,3.6,4.9,11.0,5.1,24.1,38.3,-0.4879,0.252,-0.4279,0.1431,0.4554,0.2123,-0.4412,-0.1917
2.3,3.2,4.0,3.0,1.5,7.5,15.3,30.4,27.0,-0.382,-0.3983,-0.1611,0.1425,0.1724,-0.0796,-0.6101,0.474
2.3,3.5,3.6,2.4,2.8,6.1,21.9,12.6,39.7,-0.79,0.5576,-0.122,-0.1433,0.0074,0.0224,0.0202,0.0399
2.3,4.0,3.9,4.1,4.8,19.2,12.0,29.6,39.0,-0.9182,0.3838,0.0149,0.0433,-0.003,-0.0138,0.0107,0.0294
2.3,1.5,1.7,1.7,3.8,2.8,12.4,28.1,43.2,-0.3909,0.2402,-0.2578,0.5586,0.4362,-0.1379,-0.4115,0.1286
2.3,2.0,3.3,3.6,1.5,18.1,19.1,8.0,11.0,-0.4318,0.497,-0.0377,-0.0768,0.0407,0.0983,-0.5615,-0.4501
2.3,3.4,1.7,3.2,3.0,8.6,18.8,18.5,31.7,-0.1885,-0.2353,-0.2856,0.1456,0.2983,-0.0211,-0.7994,0.2092
2.3,3.7,4.7,4.3,1.0,4.6,20.1,13.2,39.4,-0.08,0.1713,0.0296,-0.0103,-0.0338,-0.0027,-0.9111,-0.184
2.3,4.1,3.2,3.6,2.9,11.0,9.2,25.1,9.3,-0.3347,-0.271,-0.3084,-0.235,-0.295,0.7245,-0.1622,-0.0857
2.3,1.4,2.5,2.7,3.6,18.6,10.5,36.0,35.1,-0.9056,0.2474,-0.0082,0.2221,0.0359,-0.159,0.0066,0.1786
2.3,1.8,2.5,5.0,2.4,4.5,4.6,36.4,37.5,-0.5274,0.0083,-0.4384,0.1923,0.451,-0.1476,-0.4312,0.2644
2.3,4.9,2.5,1.6,4.5,7.8,16.0,41.6,34.7,-0.803,0.3144,0.0374,0.267,-0.0003,-0.224,0.0567,0.3425
2.3,4.3,2.2,4.3,1.6,18.9,10.7,35.6,21.4,-0.9425,0.3185,-0.0127,0.0257,0.0143,-0.0202,0.0165,0.0536
2.3,3.0,1.4,2.9,3.8,19.1,6.5,37.4,25.7,-0.8824,0.4386,-0.0432,0.0859,0.0515,-0.0657,0.0228,0.0666
2.3,4.4,1.7,1.7,1.5,6.3,19.4,11.3,42.0,-0.5528,0.1046,-0.1535,0.4568,0.2531,-0.278,-0.2907,0.366
2.3,2.2,2.9,1.4,2.3,9.5,12.4,7.3,27.2,-0.1813,0.2052,0.0422,0.2211,-0.2896,0.3443,-0.425,-0.6911
2.3,3.6,3.6,3.8,1.2,21.5,16.6,35.0,8.1,-0.8527,0.5148,-0.0069,-0.0238,0.0011,0.0115,0.0004,0.0015
2.3,1.8,3.1,1.6,4.8,12.2,18.8,22.4,27.9,-0.636,-0.3425,-0.0422,0.2197,0.0873,-0.1121,-0.3368,0.5115
2.3,1.7,3.4,3.5,3.8,16.3,18.3,11.7,18.1,-0.4435,0.386,-0.0872,-0.0565,0.0905,0.1389,-0.532,-0.5604
2.3,2.4,2.9,1.4,3.3,18.1,17.2,19.0,5.1,-0.2471,0.4808,-0.7109,-0.0597,-0.1494,0.2665,0.1909,-0.1206
2.3,2.4,4.6,3.3,2.0,15.8,11.4,40.3,38.8,-0.906,0.2454,0.002,0.1713,0.0081,-0.1518,0.0352,0.2399
2.3,4.0,4.6,4.8,4.7,12.5,12.9,4.9,33.8,-0.8525,0.2848,0.0002,0.1488,-0.0221,0.1241,-0.102,-0.3736
2.3,1.3,3.3,1.3,1.3,14.7,17.3,17.3,25.8,-0.3084,-0.4004,-0.1203,0.1731,0.1516,-0.0693,-0.6795,0.4255
2.3,1.2,4.7,3.6,1.9,17.7,14.9,21.8,19.1,-0.6611,-0.3884,-0.1651,0.1592,0.1703,-0.0948,-0.3322,0.4249
2.3,2.8,1.9,1.5,1.1,11.9,11.1,10.3,17.8,-0.1242,0.2208,-0.0209,0.1332,-0.3231,0.2995,-0.6271,-0.562
2.3,2.3,1.2,4.9,5.0,16.7,16.6,16.0,11.2,-0.1577,-0.2244,0.0506,-0.1161,-0.5069,0.5721,-0.5249,-0.0704
2.3,2.9,2.5,3.6,4.9,13.8,3.8,40.2,13.5,-0.8057,0.2161,-0.1953,-0.2646,0.2142,0.3183,-0.1109,0.1702
2.3,3.3,3.0,2.2,1.8,5.0,21.7,35.8,10.0,-0.0354,0.2365,0.0556,-0.0397,-0.0795,-0.0078,-0.9488,-0.1143
2.3,2.9,2.4,1.2,4.9,18.5,13.5,9.0,41.3,-0.3034,0.3593,-0.2463,0.4195,0.381,-0.2814,-0.3998,0.3189
2.3,1.1,2.7,1.8,4.4,20.5,8.9,6.3,39.7,-0.6937,0.58,-0.1548,-0.0826,0.2333,0.2215,-0.1326,-0.054
2.3,4.3,3.6,2.9,2.8,16.8,7.7,32.7,39.7,-0.9087,0.3152,0.044,0.2001,-0.0014,-0.1086,0.0161,0.119
2.3,2.4,3.3,1.7,2.5,2.9,17.1,42.8,42.6,-0.7278,0.6094,0.0928,0.1688,-0.0658,-0.1431,0.0612,0.1286
2.3,3.6,3.1,3.4,4.8,6.3,20.7,15.3,43.8,-0.4997,0.8385,-0.0657,-0.0558,-0.017,-0.0067,0.0956,0.0468
2.3,1.2,4.9,2.3,4.6,12.6,6.7,7.3,30.2,-0.3503,0.2889,-0.1785,0.3426,-0.3658,0.2941,-0.0494,-0.6412
2.3,1.4,4.8,2.9,4.7,10.2,14.6,17.0,5.2,-0.5536,0.4716,0.0036,-0.5661,-0.222,0.2287,-0.0971,0.167
2.3,3.8,4.2,1.7,3.7,3.8,5.2,40.4,26.2,-0.4054,0.4105,-0.4472,-0.0489,0.4933,0.1219,-0.4174,0.1409
2.3,3.9,1.7,3.8,3.4,15.7,15.1,12.2,19.0,-0.3067,-0.2586,0.0842,-0.2389,-0.1118,0.4233,-0.6705,0.3146
2.3,2.4,4.9,4.1,3.5,20.7,15.6,8.1,32.1,-0.8934,0.4271,0.024,0.0069,-0.0314,-0.0238,0.0049,0.0194
2.3,1.4,1.6,2.4,2.9,15.6,3.0,28.9,27.4,-0.7251,0.0627,-0.4092,-0.0016,0.4103,0.2537,-0.2268,0.0875
2.3,2.4,1.8,1.8,4.9,9.8,13.8,18.0,40.7,-0.3603,0.3359,-0.3602,0.3544,0.4876,0.1043,-0.4793,-0.094
2.3,4.9,3.4,1.5,1.6,12.0,12.3,25.7,34.1,-0.8622,0.1313,-0.0415,0.3292,0.1005,-0.184,-0.0372,0.2685
2.3,3.4,2.3,1.7,2.9,15.2,13.0,14.3,30.1,-0.6702,0.158,-0.4222,0.1282,0.4688,0.1026,-0.2444,0.1582
2.3,2.4,4.8,2.6,2.9,6.5,14.7,9.7,22.5,-0.2656,0.0537,0.1057,0.0846,-0.2701,0.2432,-0.1965,-0.8518
2.3,1.4,3.4,2.7,3.9,18.7,15.1,18.3,37.4,-0.8826,0.1007,-0.026,0.3208,0.0727,-0.1827,-0.0498,0.2186
2.3,2.6,4.7,2.7,2.3,2.2,2.7,23.1,20.0,0.0205,-0.1739,-0.1435,-0.1945,-0.4804,0.6268,-0.3877,-0.35
2.3,2.9,3.1,2.9,2.1,3.5,19.0,16.9,22.1,-0.218,0.1451,-0.0548,0.012,0.0408,0.0664,-0.5345,-0.7903
2.3,4.6,3.2,4.4,1.0,20.9,2.3,13.0,18.9,-0.9011,0.4236,0.0117,-0.0108,-0.0036,-0.0251,0.0027,0.0066
2.3,1.9,2.4,1.6,3.7,21.8,9.4,22.8,12.6,-0.6076,0.7733,0.0632,-0.0869,-0.0751,-0.063,-0.0075,-0.0057
2.3,3.6,2.7,2.2,5.0,20.7,17.3,35.9,42.2,-0.7155,0.6655,-0.1429,-0.0372,-0.0473,0.0159,0.0175,0.0037
2.3,3.1,2.8,3.1,4.5,21.9,9.0,29.3,36.1,-0.7138,0.6655,-0.1046,-0.1519,0.005,0.0247,0.0145,0.0197
2.3,4.9,3.4,3.5,2.5,10.7,8.4,16.9,7.8,0.066,0.2959,-0.1163,-0.3171,-0.7749,0.0264,-0.3754,-0.1886
2.3,3.0,4.3,5.0,4.3,19.2,8.2,26.4,38.2,-0.9546,0.2624,0.0133,0.0853,-0.0002,-0.0382,0.0093,0.0523
2.3,1.3,1.5,5.0,4.7,13.2,11.4,24.8,13.1,-0.1658,-0.2386,-0.1927,-0.2584,-0.5611,0.6581,-0.1184,-0.1669
2.3,1.2,3.2,2.6,2.5,2.3,11.0,14.2,16.9,0.2711,0.3206,-0.1766,-0.115,-0.6646,0.1465,0.2183,-0.5054
2.3,1.3,1.3,4.9,4.0,6.9,9.9,40.9,30.8,-0.4751,0.03,-0.4583,0.1055,0.462,-0.0949,-0.4535,0.3338
2.3,3.0,2.3,2.9,2.3,6.9,18.8,37.2,38.3,-0.9305,0.1844,0.018,0.1286,-0.0009,-0.0939,0.0305,0.2419
2.3,3.8,1.1,4.6,3.1,3.0,4.3,19.7,18.2,-0.0193,0.0537,-0.0125,0.0578,-0.6461,0.3135,-0.3147,-0.6041
2.3,4.2,4.7,1.9,3.8,13.5,19.9,11.6,37.6,-0.9066,0.3482,0.005,0.0161,-0.0009,-0.0081,0.059,0.1728
2.3,4.8,3.5,1.9,3.6,8.1,2.7,21.5,30.2,-0.5686,0.1115,-0.4786,0.0994,0.3097,0.4883,-0.2129,-0.1846
2.3,3.6,4.5,2.7,4.3,21.7,21.4,13.4,17.3,-0.7276,0.6795,0.0129,0.0131,-0.0001,-0.0002,0.0002,0.0002
2.3,5.0,2.3,2.6,4.4,10.8,17.9,21.3,42.7,-0.8001,0.3985,0.1065,0.3629,0.0125,-0.1495,-0.0098,0.1213
2.3,3.1,1.2,1.1,3.9,9.7,20.7,23.0,30.8,-0.8986,0.0553,0.0423,0.1424,0.0074,-0.0685,0.0021,0.3618
2.3,3.4,3.1,2.7,1.6,19.1,20.5,38.8,6.0,-0.8845,0.452,-0.0009,-0.0011,0.0004,0.0006,0.0326,0.0662
2.3,4.8,3.5,4.7,4.4,16.9,11.4,26.2,14.6,-0.928,0.1288,-0.2186,0.0291,0.2231,0.0538,-0.038,0.106
2.3,3.1,4.4,4.9,2.7,11.7,18.3,37.2,24.7,-0.8719,-0.147,-0.0079,0.0396,0.01,-0.0331,-0.0797,0.447
2.3,1.2,2.6,3.9,2.8,9.4,20.7,37.6,34.9,-0.952,0.0654,-0.0082,-0.0317,0.0028,0.022,0.0139,0.2724
2.3,1.0,2.4,2.1,4.6,13.1,6.0,37.8,16.6,-0.6897,0.1276,-0.2494,-0.1499,0.2537,0.537,-0.2192,-0.0835
2.3,2.7,3.8,2.9,1.7,20.2,12.2,16.4,11.7,-0.8871,0.448,-0.0125,0.0027,0.0124,0.0079,0.0114,0.0257
2.3,3.4,1.3,4.1,4.8,21.4,12.7,36.5,40.0,-0.7221,0.6004,-0.1922,-0.1743,-0.0794,-0.0248,0.0772,0.0382
2.3,4.4,3.5,2.6,3.3,16.1,3.1,43.4,12.4,-0.8194,0.4308,-0.2069,-0.074,0.2082,0.0761,0.0407,0.1903
2.3,4.6,3.9,3.9,3.5,20.7,9.5,23.0,40.1,-0.8445,0.5176,-0.0588,-0.0853,0.0013,0.0054,0.0048,0.0082
2.3,3.6,1.4,1.6,3.9,18.0,4.1,23.0,36.9,-0.7981,0.4856,0.0527,0.2858,0.025,-0.1418,0.0091,0.1005
2.3,1.2,3.1,2.8,4.9,18.4,4.8,40.7,35.2,-0.8491,0.2181,-0.0561,0.2856,0.0781,-0.2446,-0.0246,0.2603
2.3,3.7,1.7,1.5,1.3,19.6,18.1,30.0,17.3,-0.7358,0.6702,0.0072,0.015,-0.0014,-0.0061,0.0142,0.0166
2.3,4.6,1.1,4.8,1.8,5.5,21.9,18.3,22.7,-0.3344,0.3141,0.0394,-0.0152,-0.0476,-0.0473,-0.6067,-0.6351
2.3,4.7,1.7,4.1,2.6,10.0,17.7,37.5,39.0,-0.9278,0.1462,-0.0021,0.1921,0.0186,-0.15,0.0005,0.2186
2.3,3.7,3.7,2.8,1.2,12.1,20.8,21.7,33.0,-0.8214,-0.3086,-0.0013,-0.0283,-0.0049,0.0143,-0.1683,0.4292
2.3,4.5,4.6,1.3,4.1,11.2,9.9,4.5,41.0,-0.7038,0.4869,-0.0367,0.0594,0.2337,0.3747,-0.0911,-0.125
2.3,2.5,1.5,2.2,4.4,8.3,9.0,19.6,6.0,-0.2432,0.3825,0.2632,-0.4594,-0.499,-0.0925,-0.4931,-0.0774
2.3,3.4,1.2,4.8,1.9,14.5,16.4,27.3,6.8,-0.6424,-0.0691,-0.2768,-0.297,0.2598,0.4663,-0.3385,0.0363
2.3,1.1,3.3,4.9,3.8,17.8,18.2,10.6,24.3,-0.6405,0.3894,-0.0355,-0.1095,0.0365,0.1699,-0.3459,-0.5095
2.3,1.2,4.5,3.2,3.6,8.2,7.3,15.6,36.5,-0.6335,0.1812,-0.3191,0.0258,0.2275,0.4713,-0.203,-0.3715
2.3,1.4,3.9,2.5,2.6,16.2,18.8,24.1,8.6,-0.0103,-0.092,-0.1133,0.0619,0.1207,0.0273,-0.9417,-0.1632
2.3,4.1,2.5,1.3,2.1,15.3,10.1,5.1,7.9,-0.4445,0.6983,-0.2601,-0.0752,-0.3305,-0.0922,-0.2114,-0.2688
2.3,3.7,3.6,2.3,2.0,18.2,5.3,17.7,29.5,-0.9007,0.3683,-0.1246,0.0481,0.134,0.0479,0.0131,0.0746
2.3,1.6,1.3,1.7,4.4,14.6,16.2,17.3,9.9,-0.2797,0.3337,-0.257,-0.6865,-0.3035,0.2825,-0.1,0.2707
2.3,3.1,2.9,2.7,1.8,6.3,4.8,26.9,35.5,-0.5081,0.0627,-0.4831,0.0586,0.4901,0.216,-0.4491,-0.0239
2.3,4.6,3.3,2.4,3.2,19.6,18.1,25.4,29.7,-0.8224,0.5623,0.0024,0.0056,-0.0004,-0.0018,0.0109,0.0169
2.3,1.7,4.6,4.2,4.3,16.7,16.0,8.6,6.4,-0.0514,0.4215,-0.3175,0.059,-0.5228,-0.0341,0.4972,-0.3795
2.3,2.4,4.2,3.6,2.6,18.9,18.2,17.9,39.8,-0.9474,0.2772,0.0236,0.0882,-0.0038,-0.0371,0.0152,0.0712
2.3,4.3,5.0,2.7,1.3,16.5,5.9,30.9,22.4,-0.9404,0.2372,-0.109,0.091,0.1187,-0.0392,0.0131,0.1268
2.3,3.6,3.2,1.2,3.7,8.3,11.8,36.7,11.6,-0.1819,0.1518,-0.6084,0.0845,-0.024,0.6054,0.1169,-0.3839
2.3,1.4,4.6,2.0,1.2,16.8,19.7,23.0,27.0,-0.9181,-0.1344,0.0013,0.0131,0.0015,-0.0061,-0.0556,0.3437
2.3,4.9,3.1,4.9,3.7,4.6,6.4,10.3,27.9,-0.4794,0.173,-0.0964,0.2785,-0.3294,0.1883,-0.0771,-0.7038
2.3,1.6,3.5,1.5,1.6,17.6,2.1,8.7,16.9,0.0226,0.0247,-0.1238,-0.0571,-0.3562,0.2036,-0.8514,0.1965
2.3,2.3,4.4,1.4,3.5,10.3,4.4,24.4,12.5,-0.2718,0.1748,-0.4254,-0.6583,-0.2855,0.3028,-0.1025,0.2937
2.3,2.8,3.0,3.1,2.9,3.9,6.4,6.4,37.2,-0.1952,0.1374,0.1398,0.2133,-0.5407,0.4383,-0.3347,-0.4883
2.3,2.5,3.6,4.7,1.8,15.0,19.7,33.4,40.0,-0.9639,0.2195,0.0025,0.0163,-0.0003,-0.008,0.0158,0.0863
2.3,2.4,4.4,4.0,2.8,18.6,7.3,34.8,25.8,-0.9486,0.2342,-0.0513,0.1027,0.058,-0.0789,0.0157,0.1186
2.3,3.6,1.1,5.0,4.5,13.3,12.4,15.6,37.2,-0.736,0.2587,-0.263,-0.0866,0.2586,0.3651,-0.2217,-0.2344
2.3,4.1,2.1,2.4,1.0,6.5,12.6,22.7,40.5,-0.4308,0.0104,-0.4439,0.3091,0.4825,-0.0114,-0.5126,0.0871
2.3,3.8,1.2,2.4,1.6,18.8,16.8,19.4,26.1,-0.8985,0.4166,-0.0179,0.0652,0.0259,-0.0355,0.0212,0.0555
2.3,4.6,3.9,4.4,4.8,8.7,15.3,19.0,36.9,-0.4664,-0.0351,-0.4244,0.2882,0.4539,-0.0969,-0.5032,0.162
2.3,4.3,2.8,1.8,4.7,10.3,13.6,20.4,42.0,-0.5648,0.1621,-0.1018,0.5892,0.265,-0.2681,-0.2579,0.2677
2.3,3.6,2.9,1.3,1.3,11.5,5.3,17.0,30.5,-0.6671,-0.0603,-0.3906,-0.0248,0.3241,0.4362,-0.2281,0.1849
2.3,2.0,3.0,4.8,1.4,3.5,8.3,41.0,22.1,-0.2998,-0.0922,-0.3619,-0.0181,0.3624,0.0195,-0.6074,0.5056
2.3,2.0,3.3,1.4,2.4,7.8,6.7,15.3,33.9,-0.4444,0.0969,-0.4881,0.1328,0.2873,0.539,-0.2253,-0.3145
2.3,2.7,1.3,2.1,3.9,2.2,12.0,9.2,30.4,0.1272,0.1891,-0.11,0.0928,-0.698,0.3941,-0.1368,-0.4965
2.3,3.7,3.4,1.2,4.0,20.9,17.3,38.4,4.5,-0.5487,0.8304,-0.0243,-0.034,0.0077,0.0206,0.0065,0.0056
2.3,4.4,2.0,2.6,4.9,9.0,6.0,14.1,42.1,-0.5227,0.4382,-0.2272,0.1975,0.2838,0.3588,-0.2987,-0.3687
2.3,1.3,3.2,3.0,1.5,12.0,13.2,9.3,12.6,-0.2002,0.0765,-0.1544,0.1874,-0.3206,0.1508,0.0745,-0.8667
2.3,4.1,1.8,4.1,3.1,6.8,16.7,8.3,14.3,-0.1885,0.045,-0.236,0.1753,-0.3326,0.1218,0.3776,-0.77
2.3,1.5,4.6,2.1,1.0,20.8,5.9,33.6,9.8,-0.8247,0.5519,-0.0246,0.0138,0.0277,0.0045,0.0118,0.0211
2.3,1.4,2.6,2.7,5.0,17.3,12.4,7.8,27.1,-0.5903,0.422,0.031,0.2372,-0.1325,0.1865,-0.297,-0.5136
2.3,1.3,1.2,1.7,2.0,6.7,10.2,10.5,24.7,0.136,0.2017,-0.2172,0.0632,-0.6217,0.2472,-0.174,-0.6319
2.3,2.1,2.6,3.9,3.4,18.0,18.5,11.8,27.7,-0.4155,-0.3223,-0.216,0.1174,0.2236,-0.0743,-0.5688,0.4706
2.3,4.8,2.8,2.1,2.1,17.9,20.1,18.7,6.6,-0.9075,0.3942,0.0049,0.0119,-0.0009,-0.0042,0.0359,0.0881
2.3,2.9,1.9,4.0,2.7,19.9,3.8,17.0,7.2,-0.9294,0.3504,-0.0318,-0.0033,-0.0194,0.0145,0.0112,0.0321
2.3,3.3,2.3,1.1,3.8,7.2,11.7,39.5,19.3,-0.4241,0.455,-0.3669,-0.0254,0.4765,0.2308,-0.4244,-0.0023
2.3,5.0,3.5,1.7,1.5,17.6,8.7,35.2,6.8,-0.8098,0.5347,-0.1251,0.0503,0.1561,0.0748,0.0091,0.0436
2.3,2.6,4.5,3.8,1.5,15.7,12.9,10.3,10.2,-0.4471,0.3708,0.0793,0.118,-0.1425,0.0944,-0.4967,-0.5925
2.3,4.4,4.3,3.5,2.1,16.8,17.6,20.4,39.3,-0.9558,0.23,0.0216,0.1053,-0.0012,-0.0488,0.0168,0.1005
2.3,1.2,4.2,4.9,4.8,11.2,19.3,19.5,40.2,-0.921,0.3616,0.0087,0.0344,-0.0012,-0.0094,0.0026,0.0131
2.3,4.8,3.7,2.6,2.5,3.6,12.3,18.2,10.7,0.2357,0.4266,-0.22,-0.4364,-0.6,0.2703,0.2203,-0.1607
2.3,2.0,2.7,3.7,2.2,5.2,17.5,34.4,41.6,-0.9069,0.2505,0.0312,0.2344,0.0073,-0.1433,-0.0035,0.1383
2.3,1.2,1.6,2.8,2.4,14.4,9.4,24.5,39.0,-0.4971,0.0733,-0.4444,0.3123,0.4845,-0.0233,-0.4454,0.0671
2.3,3.5,2.2,2.4,4.5,10.4,13.8,12.0,30.0,-0.5722,0.0055,-0.2158,-0.1991,0.1391,0.662,-0.2898,-0.168
2.3,4.1,2.3,4.3,4.6,21.9,15.5,21.6,7.8,-0.7957,0.5411,0.1499,-0.1028,-0.1795,-0.0293,-0.0343,-0.0047
2.3,1.1,2.7,3.2,1.9,10.6,10.0,39.4,15.5,-0.3255,0.1625,-0.4102,-0.2264,0.4173,0.2438,-0.5879,0.2342
2.3,4.2,1.4,4.1,4.4,13.2,20.0,19.2,41.9,-0.842,0.46,0.059,0.1894,-0.002,-0.0598,0.0008,0.0338
2.3,3.7,4.3,1.8,1.4,3.0,10.5,32.3,27.3,-0.1913,-0.0884,-0.3671,0.0787,0.3939,0.0887,-0.7885,0.1213
2.3,2.0,4.5,3.9,1.9,21.4,2.6,29.1,28.5,-0.8551,0.4955,0.0451,-0.0679,-0.0573,0.0299,-0.004,0.0032
2.3,1.4,2.7,4.3,3.4,7.1,14.2,40.8,7.6,-0.7082,0.445,-0.1174,-0.3166,0.1233,0.3322,-0.2149,-0.0716
2.3,4.7,2.1,2.0,3.8,13.4,10.6,15.8,35.9,-0.5326,0.2698,-0.4319,0.2205,0.5003,0.0868,-0.3682,0.0179
2.3,2.7,1.1,2.4,3.5,21.7,15.3,21.0,30.3,-0.7076,0.6857,-0.0275,-0.1216,-0.0108,0.0534,-0.0012,0.0076
2.3,4.0,4.2,4.4,1.9,17.1,8.1,5.0,34.5,-0.8424,0.4205,0.0016,0.0743,-0.0115,0.0604,-0.1363,-0.2848
2.3,3.0,3.7,4.2,4.2,21.6,14.7,37.9,15.9,-0.822,0.5571,-0.0151,-0.0577,0.0018,0.0339,0.0016,0.0049
2.3,2.6,1.1,4.3,1.9,16.0,3.1,43.3,30.2,-0.8792,0.1997,-0.1101,0.1424,0.1104,-0.142,0.0388,0.3349
2.3,1.8,4.7,2.1,2.0,10.9,15.9,31.7,11.4,-0.0933,0.1286,-0.2259,0.0475,0.2481,0.0972,-0.8849,-0.2147
2.3,3.9,4.3,4.4,3.2,17.3,17.5,36.5,37.3,-0.9489,0.2866,0.0119,0.0495,-0.0044,-0.0308,0.0247,0.0902
2.3,2.4,1.8,3.3,2.7,16.7,11.8,29.1,36.1,-0.8936,0.0792,-0.0871,0.2884,0.1135,-0.1843,-0.0546,0.2116
2.3,4.9,2.7,2.2,3.3,9.4,9.7,37.1,13.4,-0.6432,0.1998,-0.3212,-0.209,0.366,0.4019,-0.3003,0.0414
2.3,3.2,3.9,1.1,1.2,19.7,5.5,29.3,30.1,-0.6491,0.7507,-0.0049,0.0617,0.0226,-0.0297,0.0132,0.0146
2.3,4.8,4.0,4.3,1.2,19.4,19.1,27.0,7.3,-0.9406,0.3284,0.0003,0.0017,-3.9248e-05,-0.0006,0.0095,0.0296
2.3,1.4,1.7,2.7,1.2,3.8,17.6,43.1,24.2,-0.2495,-0.1301,-0.1371,0.098,0.137,-0.0981,-0.523,0.7572
2.3,1.0,3.1,3.3,4.0,9.6,10.8,19.7,28.8,-0.5074,0.0253,-0.3357,-0.1472,0.2189,0.5549,-0.3264,-0.3657
2.3,1.4,4.7,1.9,2.3,19.1,3.6,28.8,32.4,-0.8549,0.3421,-0.1284,0.2537,0.1661,-0.1288,-0.0205,0.1138
2.3,2.0,3.3,1.5,3.6,15.4,8.9,41.4,26.2,-0.6751,0.272,-0.2207,0.3276,0.2478,-0.2947,-0.0745,0.3812
2.3,1.8,4.6,3.6,4.0,13.3,9.0,16.1,14.6,0.0776,0.0185,-0.0898,-0.0883,-0.73,0.4329,-0.2623,-0.4095
2.3,4.3,4.6,3.1,4.2,15.5,9.1,38.6,40.0,-0.8898,0.3279,0.0502,0.2074,-0.0138,-0.1434,0.026,0.1657
2.3,2.7,1.4,3.3,4.2,15.0,12.4,13.2,9.5,-0.0983,0.4722,0.0037,-0.2933,-0.5898,-0.1716,-0.4982,-0.1963
2.3,3.2,4.6,2.3,4.0,11.2,18.1,8.9,21.2,-0.5221,0.3198,-0.0609,-0.0304,0.0681,0.1477,-0.4099,-0.6437
2.3,1.5,1.8,2.7,4.8,12.9,19.5,8.2,5.9,-0.4064,0.8414,0.0724,-0.1054,-0.2745,-0.0906,0.0743,0.0437
2.3,4.6,2.5,3.2,2.1,15.2,6.6,8.0,41.0,-0.7556,0.4272,-0.121,-0.0031,0.1734,0.303,-0.1779,-0.2537
2.3,4.4,4.5,2.7,1.8,5.9,13.8,10.2,17.2,-0.2857,0.0439,-0.0099,0.1502,-0.2144,0.1566,-0.0405,-0.9011
2.3,1.8,4.3,3.2,3.5,10.5,15.2,39.0,16.8,-0.1382,-0.0148,-0.2954,0.0901,0.3069,-0.0621,-0.79,0.3752
2.3,3.7,1.5,1.5,2.7,2.9,7.0,16.6,20.8,0.2422,0.166,-0.3258,-0.434,-0.6606,0.3597,-0.1741,-0.0973
2.3,4.5,1.3,3.1,2.9,21.0,19.5,7.7,40.1,-0.7874,0.5777,-0.0874,-0.1406,0.0134,0.0487,0.0162,0.0335
2.3,2.0,1.0,4.5,4.2,10.7,9.4,43.1,20.4,-0.5176,0.2442,-0.4435,-0.2056,0.444,0.2068,-0.3571,0.2337
2.3,2.7,1.1,1.1,2.8,10.8,17.1,36.4,16.9,-0.302,0.2245,-0.422,0.1268,0.5116,0.0827,-0.5941,0.1321
2.3,2.8,2.0,4.9,1.8,21.2,6.9,24.9,13.4,-0.8937,0.4324,0.0433,-0.0111,-0.0487,-0.0284,-0.0026,-0.0002
2.3,4.4,4.4,2.3,3.5,16.3,16.4,4.9,25.3,-0.6962,0.6065,0.0245,0.0417,-0.0009,0.0289,-0.2431,-0.2822
2.3,3.6,2.3,2.5,1.7,20.9,9.0,17.9,25.5,-0.7925,0.6008,0.0242,-0.0217,-0.0309,-0.0038,0.0021,0.0047
2.3,3.8,4.3,3.9,2.0,6.6,6.6,21.0,33.8,-0.548,0.0142,-0.3661,-0.2054,0.3334,0.4647,-0.4066,-0.1363
2.3,2.2,3.6,4.0,1.3,3.9,12.0,16.8,37.5,-0.5294,0.1032,-0.3026,-0.2111,0.269,0.4709,-0.4084,-0.3115
2.3,4.0,1.8,4.7,2.9,13.2,9.3,4.3,7.3,-0.7215,0.3387,-0.2267,-0.2853,-0.2373,-0.2989,0.0627,-0.2802
2.3,1.3,2.1,3.4,3.3,13.7,13.8,9.1,31.8,-0.4065,0.263,0.2287,0.1199,-0.3271,0.2534,-0.4681,-0.5407
2.3,2.6,2.5,4.3,1.3,2.3,14.2,40.5,17.3,-0.0797,0.0409,-0.2747,-0.0192,0.276,0.0226,-0.8359,0.3528
2.3,3.4,4.3,3.5,4.6,9.2,18.1,24.4,6.8,0.2816,0.3804,-0.2685,-0.0225,-0.1218,0.1329,0.5682,-0.5458
2.3,4.7,2.9,1.2,1.1,11.5,11.6,30.5,34.3,-0.8602,0.2226,-0.0183,0.3068,0.0814,-0.1805,-0.0025,0.2549
2.3,4.7,4.4,1.8,2.4,18.0,15.3,41.6,26.7,-0.7883,0.603,0.0125,0.0251,-0.0071,-0.0185,0.0505,0.0676
2.3,3.1,2.0,3.0,3.3,17.3,13.3,19.4,42.9,-0.8594,0.1387,0.0735,0.382,0.0322,-0.163,-0.0388,0.2191
2.3,2.8,3.3,4.3,4.2,6.6,4.4,37.4,6.9,-0.6111,-0.1462,0.0311,-0.2085,-0.1609,0.6776,-0.2179,-0.0255
2.3,1.1,4.5,2.9,3.3,21.2,7.1,29.4,23.7,-0.8629,0.4882,-0.0047,-0.004,0.0019,0.0039,0.0064,0.0143
2.3,4.6,1.6,2.0,1.7,7.8,2.1,14.6,7.7,-0.1319,0.4571,-0.0306,-0.3721,-0.4754,-0.2906,-0.4097,-0.3849
2.3,5.0,3.2,1.2,4.1,8.5,5.9,21.0,29.5,-0.4514,0.2212,-0.4974,0.2837,0.3537,0.42,-0.2344,-0.2222
2.3,4.4,2.1,1.7,1.8,16.8,9.8,15.5,31.0,-0.8518,0.3657,-0.2086,0.1223,0.2369,0.0126,-0.0059,0.1227
2.3,2.7,1.8,1.0,2.7,20.1,13.7,33.8,39.9,-0.5773,0.8079,0.0452,0.0415,-0.0101,-0.0125,0.0154,0.013
2.3,3.0,4.5,4.6,2.3,19.2,15.8,7.3,39.8,-0.8663,0.1722,-0.1708,-0.1895,0.1861,0.2489,-0.0899,0.1031
2.3,4.0,3.6,3.7,2.2,8.5,16.4,12.7,43.1,-0.5209,0.4499,-0.3553,0.2222,0.457,0.0613,-0.33,-0.0466
2.3,4.6,1.2,1.0,2.6,7.8,21.8,11.2,37.0,-0.8374,0.1751,-0.0318,-0.042,0.0084,0.028,0.061,0.4388
2.3,1.9,4.7,4.8,4.0,17.2,6.5,19.8,27.8,-0.7885,-0.0513,-0.3089,-0.1597,0.298,0.3245,-0.1934,0.1038
2.3,3.5,1.0,2.3,3.6,15.5,10.2,18.8,33.1,-0.7024,0.2084,-0.4097,0.1755,0.4384,0.0868,-0.2182,0.0678
2.3,3.2,3.5,3.4,1.6,6.1,14.2,4.6,20.7,-0.4746,-0.0832,-0.1203,0.1369,-0.1286,0.129,0.2162,-0.8049
2.3,2.8,4.6,3.7,4.1,9.7,17.3,11.5,41.3,-0.6451,0.2335,-0.2641,0.4044,0.3297,-0.235,-0.2433,0.1697
2.3,1.5,3.1,1.8,2.9,11.1,17.2,25.0,36.3,-0.8524,-0.0427,0.0027,0.3154,0.0612,-0.1669,-0.0851,0.3351
2.3,2.0,2.3,2.1,2.1,8.1,12.3,33.9,32.8,-0.5286,-0.0975,-0.329,0.2977,0.3693,-0.1813,-0.4123,0.4004
2.3,1.1,3.7,3.0,4.0,5.8,3.8,17.8,9.6,-0.2825,0.5488,0.1358,-0.3594,-0.4638,-0.2973,-0.3198,-0.2435
2.3,3.0,4.9,4.9,4.2,8.9,14.0,39.8,21.5,-0.5006,-0.2292,-0.2131,0.1769,0.2171,-0.1659,-0.4308,0.5859
2.3,2.2,3.6,4.2,1.1,3.1,4.0,12.5,34.4,-0.3458,0.2008,0.0859,0.1769,-0.3216,0.1896,-0.3984,-0.6996
2.3,2.2,2.9,1.8,3.5,12.2,19.3,29.1,18.2,-0.3328,-0.4132,-0.0592,0.1138,0.0808,-0.0508,-0.6568,0.4808
2.3,1.9,4.5,4.4,2.5,12.1,19.9,25.5,40.2,-0.9328,0.3264,-0.0088,-0.0151,0.0017,0.004,0.0063,0.0271
2.3,4.3,4.8,3.4,2.1,20.1,14.9,7.6,41.8,-0.9026,0.4061,-0.0233,-0.0294,0.0032,0.0092,0.0261,0.0665
2.3,2.4,3.1,3.1,2.3,2.4,17.5,22.6,13.5,-0.1632,0.0445,-0.1533,0.0106,0.0524,0.2021,-0.2697,-0.903
2.3,2.6,2.5,2.6,2.7,3.9,17.3,33.5,8.9,-0.4365,0.206,-0.1793,-0.0112,0.1383,0.3064,-0.3724,-0.6767
2.3,4.3,4.5,4.5,1.2,4.1,5.0,8.3,25.4,-0.5773,0.0103,-0.1752,0.1507,-0.1994,0.1295,0.0834,-0.738
2.3,2.2,3.3,1.2,3.7,8.9,18.3,16.9,17.0,0.2021,-0.0482,-0.2066,0.1344,0.0686,0.1926,-0.2896,-0.8611
2.3,1.2,1.9,1.9,4.3,3.5,20.7,31.0,30.3,-0.8129,-0.2422,-0.0036,0.0328,0.0088,-0.0163,-0.1539,0.4721
2.3,4.2,4.0,3.3,1.7,14.3,12.0,36.8,37.1,-0.9369,0.1723,-0.0078,0.1646,0.0238,-0.1241,0.0147,0.2059
2.3,1.1,3.2,1.4,3.8,9.8,10.4,9.8,6.8,-0.3325,0.6826,0.0059,-0.2929,-0.3511,-0.2941,-0.249,-0.2447
2.3,3.4,4.5,1.8,3.1,9.5,8.5,37.3,29.7,-0.6032,0.0559,-0.2884,0.3413,0.3378,-0.2459,-0.2666,0.417
2.3,2.6,2.8,3.0,4.4,16.3,6.3,6.5,24.4,-0.6307,0.4305,-0.1238,0.2383,-0.1909,0.2017,-0.2026,-0.4667
2.3,4.9,4.7,3.0,4.8,19.2,8.6,42.1,19.0,-0.84,0.5335,-0.005,0.0246,0.0062,-0.0224,0.0275,0.0455
2.3,3.1,2.3,4.8,4.0,13.3,21.0,6.6,43.2,-0.3583,0.7638,-0.1368,-0.0856,-0.0976,-0.0233,0.4015,0.1225
2.3,3.5,2.9,4.0,2.4,18.5,17.7,19.3,11.0,-0.9693,0.1823,-0.0057,0.0567,0.0105,-0.0331,0.0145,0.103
2.3,3.3,2.9,4.1,1.2,20.9,8.3,35.8,42.7,-0.8751,0.4549,-0.0719,-0.0837,-0.016,-0.0024,0.0129,0.0163
2.3,4.9,2.9,2.2,2.8,5.3,18.1,11.0,11.9,0.2614,0.2445,-0.2453,-0.0407,-0.1261,0.2104,0.5206,-0.6757
2.3,2.2,4.4,1.2,2.7,16.6,9.6,41.4,37.9,-0.7415,0.5677,0.0883,0.1993,-0.046,-0.1601,0.0906,0.1833
2.3,3.6,3.1,4.6,1.2,3.7,19.1,15.5,9.8,-0.3777,0.0032,-0.0353,0.0061,-0.0014,0.0606,-0.0011,-0.9178
2.3,2.8,4.5,4.1,3.4,5.2,17.0,30.0,27.7,-0.3494,-0.396,-0.1364,0.1377,0.1467,-0.0826,-0.6437,0.4685
2.3,3.2,3.9,3.4,3.5,11.0,21.6,10.7,38.9,-0.8554,0.4418,-0.1087,-0.1702,0.0048,0.0328,0.0214,0.0615
2.3,3.6,1.0,4.3,1.0,16.4,9.1,39.1,10.0,-0.9276,0.1169,-0.18,0.018,0.1822,-0.0116,-0.0084,0.2283
2.3,2.1,3.3,2.1,1.8,21.2,6.0,31.4,18.9,-0.7528,0.6486,0.0143,-0.0252,-0.022,0.0096,0.0024,0.0045
2.3,2.5,1.9,3.7,4.5,18.3,7.2,23.4,9.0,-0.8715,0.138,-0.3483,-0.1329,-0.1753,0.143,0.065,0.1165
2.3,3.1,3.3,1.0,2.7,15.9,17.6,11.0,35.1,-0.8253,0.3084,0.0718,0.2461,-0.0017,-0.1674,0.0601,0.3192
2.3,3.1,4.7,3.9,4.7,18.7,11.2,35.6,41.7,-0.9171,0.3546,0.0581,0.1259,-0.011,-0.0426,0.0208,0.0732
2.3,1.6,3.7,3.6,3.9,4.9,17.5,33.2,33.9,-0.8474,-0.1766,-0.036,0.1902,0.0545,-0.1308,-0.1222,0.401
2.3,1.6,2.7,3.1,5.0,11.5,20.2,20.4,9.6,0.1301,0.0464,-0.0127,-0.0003,-0.0068,0.0092,0.2187,-0.9416
2.3,4.3,2.6,3.9,1.1,4.6,8.5,9.1,43.2,-0.7368,0.2844,-0.1239,0.2076,0.0414,0.3905,-0.0444,-0.3852
2.3,2.9,4.7,1.6,2.9,14.9,6.0,39.9,25.7,-0.7493,0.3202,-0.2017,0.2814,0.2331,-0.2354,-0.0225,0.3066
2.3,1.5,3.3,1.1,4.2,8.5,16.2,8.4,32.9,-0.4938,0.3594,-0.1983,0.0205,0.2976,0.3981,-0.3968,-0.4062
2.3,2.1,3.1,1.1,4.0,4.8,19.7,30.4,36.2,-0.8532,0.4666,0.058,0.0789,-0.0126,-0.0309,0.0657,0.1352
2.3,4.6,3.9,3.9,4.4,11.4,9.6,28.3,20.4,-0.605,0.0108,-0.4379,-0.1069,0.4402,0.2884,-0.3735,0.0518
2.3,3.6,2.8,3.4,1.7,5.4,10.7,38.9,31.8,-0.5783,-0.1513,-0.2824,0.2032,0.2914,-0.1807,-0.3474,0.5204
2.3,3.8,2.6,4.7,2.3,6.2,15.0,28.5,31.9,-0.383,-0.2873,-0.3392,0.162,0.3473,-0.0778,-0.61,0.3364
2.3,3.6,3.9,2.9,1.2,14.2,9.8,41.6,32.6,-0.9082,0.2052,-0.0341,0.1291,0.0381,-0.1216,0.0479,0.2981
2.3,2.2,1.6,3.3,4.1,7.9,4.5,7.0,25.2,-0.3232,0.3774,-0.4598,0.0209,-0.5245,-0.0217,0.2097,-0.4632
2.3,2.2,5.0,3.1,2.3,7.3,9.4,36.4,32.1,-0.5705,-0.1337,-0.2979,0.2531,0.3178,-0.1947,-0.3675,0.4657
2.3,1.1,1.6,1.7,4.5,14.1,3.5,37.6,35.6,-0.4712,0.2627,-0.3802,0.3389,0.4718,-0.1542,-0.3923,0.1882
2.3,1.2,1.1,4.9,3.5,14.6,10.1,39.1,42.5,-0.779,0.0517,-0.1096,0.3701,0.1382,-0.3006,-0.1438,0.318
2.3,4.6,3.7,1.4,1.8,10.8,10.6,37.6,11.6,-0.5267,0.1923,-0.4497,0.0058,0.5154,0.1656,-0.3744,0.1835
2.3,2.2,3.8,2.8,1.0,4.8,14.9,36.0,22.2,-0.1389,-0.187,-0.17,0.068,0.1793,-0.0365,-0.8293,0.4189
2.3,2.1,3.9,1.0,3.6,6.7,18.7,10.4,32.6,-0.0648,0.2941,-0.134,0.0966,0.2076,0.0284,-0.893,-0.0856
2.3,4.8,3.6,2.8,1.8,12.1,3.1,5.1,42.0,-0.7818,0.3038,-0.0555,0.1437,0.0687,0.383,-0.0637,-0.3048
2.3,1.8,3.6,3.5,4.7,15.4,4.9,39.8,7.0,-0.8329,0.0684,-0.0666,-0.1956,0.0888,0.4601,-0.1006,0.1099
2.3,2.3,3.1,3.4,3.2,21.2,16.0,41.3,6.9,-0.8365,0.5382,-0.0075,-0.0423,0.0042,0.0374,0.0062,0.014
2.3,2.2,1.6,3.8,4.2,15.5,13.2,8.8,8.5,-0.5445,0.5637,-0.1795,-0.2346,-0.3105,-0.3155,-0.0717,-0.3005
2.3,4.9,3.3,1.1,4.0,4.6,18.2,11.0,7.1,-0.1556,0.9267,-0.2429,-0.1747,-0.0013,0.0652,0.0962,0.0282
2.3,5.0,4.3,2.9,4.3,21.7,13.4,36.1,27.4,-0.735,0.6688,-0.0287,-0.0569,0.0061,0.0246,0.0013,0.0035
2.3,4.9,2.6,2.4,3.4,10.7,7.0,41.8,34.2,-0.7606,0.2024,-0.1396,0.3177,0.1532,-0.2974,-0.0565,0.3675
2.3,2.9,2.1,4.5,4.5,14.7,15.7,37.9,7.7,-0.7305,0.2973,-0.2227,-0.2755,0.2408,0.3561,-0.2295,-0.0453
2.3,1.8,3.4,4.1,2.7,13.1,14.5,38.1,5.8,-0.668,0.4055,-0.181,-0.2891,0.1971,0.3468,-0.2881,-0.1351
2.3,1.4,3.0,4.6,2.9,6.0,17.8,14.2,35.5,-0.3654,0.303,-0.2509,-0.0983,0.2537,0.2381,-0.6128,-0.4236
2.3,1.7,2.4,4.1,4.2,7.2,12.5,41.9,19.5,-0.3308,0.3206,-0.4301,-0.1803,0.4329,0.1868,-0.5664,0.1132
2.3,1.8,1.4,3.2,2.0,14.8,21.1,24.9,39.2,-0.9565,0.2301,-0.0123,-0.0181,0.0028,0.0064,0.0174,0.0928
2.3,2.8,4.7,4.3,4.5,12.8,10.8,34.9,15.0,-0.5056,0.1512,-0.4235,-0.1858,0.4391,0.2775,-0.4723,0.0185
2.3,1.9,4.5,3.7,3.2,8.7,8.7,25.7,28.7,-0.4412,0.0323,-0.4392,-0.1146,0.4302,0.3314,-0.5289,-0.1083
2.3,2.4,1.7,4.5,4.9,2.1,12.5,12.9,28.6,-0.1581,-0.0016,0.1227,0.0795,-0.594,0.4335,-0.2553,-0.5732
2.3,1.6,4.2,4.1,1.5,18.4,15.7,33.8,21.7,-0.9696,0.078,-0.0044,0.0473,0.0078,-0.0342,0.0116,0.1997
2.3,4.1,2.8,2.8,4.0,4.8,8.1,37.8,29.7,-0.4331,0.1717,-0.4765,0.0888,0.5077,-0.0104,-0.4842,0.2081
2.3,4.6,1.6,1.2,2.8,7.0,17.6,5.5,8.0,-0.1707,0.8705,-0.2099,-0.1448,-0.308,-0.1613,0.0949,-0.0864
2.3,4.5,4.3,3.5,1.6,18.0,7.0,36.1,42.6,-0.9214,0.3402,0.0539,0.1265,-0.0119,-0.0508,0.0228,0.0845
2.3,1.0,2.5,4.6,1.0,21.6,14.9,30.1,14.6,-0.9128,0.3859,0.001,-0.0198,-0.004,0.012,0.0008,0.0055
2.3,1.6,2.1,1.7,2.3,11.0,2.1,29.7,35.8,-0.5135,0.1968,-0.4471,0.2494,0.5079,0.0907,-0.3957,0.0159
2.3,4.5,3.8,3.3,5.0,20.9,14.3,33.5,27.4,-0.8025,0.5885,-0.0177,-0.0425,0.0034,0.0178,0.0009,0.0028
2.3,3.8,4.3,1.1,2.1,4.0,5.6,20.0,26.8,-0.1717,-0.1274,-0.6001,-0.0238,0.0823,0.6807,-0.1811,-0.2725
2.3,3.8,4.7,2.6,3.9,4.5,21.2,41.1,24.4,-0.7345,-0.1078,-0.0006,-0.0695,-0.0083,0.058,-0.1054,0.6428
2.3,1.1,2.9,1.7,3.4,6.6,8.9,40.5,4.6,-0.4887,0.4188,-0.1171,-0.5423,-0.1451,0.3476,-0.0484,0.3499
2.3,3.3,4.5,4.1,4.6,11.1,9.6,21.0,29.6,-0.5499,0.0997,-0.4212,-0.1065,0.4097,0.3569,-0.4144,-0.1429
2.3,5.0,2.8,2.3,3.0,5.7,3.1,4.5,36.1,-0.4901,0.2797,-0.2569,0.3508,-0.2986,0.3266,0.0918,-0.5306
2.3,1.9,4.6,3.2,3.5,6.6,3.0,34.8,26.1,-0.5656,0.1571,-0.4013,-0.1848,0.4245,0.3259,-0.4043,0.0208
2.3,2.1,2.7,2.2,3.6,14.2,15.9,30.6,26.0,-0.7627,-0.1623,-0.1188,0.2996,0.1544,-0.1872,-0.1933,0.4173
2.3,3.5,2.4,4.7,2.9,18.4,4.7,6.1,38.1,-0.2222,0.2029,0.3187,-0.1071,-0.3048,0.2336,-0.7413,0.0192
2.3,1.5,4.7,3.5,3.2,20.8,11.1,20.2,28.1,-0.903,0.4107,-0.0051,0.0007,0.0033,0.0007,0.0074,0.0201
2.3,1.2,2.7,4.6,2.2,7.6,7.9,29.9,30.9,-0.4293,-0.0246,-0.4544,-0.1217,0.4598,0.2242,-0.5624,0.0624
2.3,2.0,1.5,1.5,3.8,7.8,8.6,5.2,35.2,-0.2019,0.3919,-0.2101,0.3832,-0.3859,0.3526,-0.0363,-0.5728
2.3,4.8,4.8,2.3,4.8,6.8,6.0,34.0,18.9,-0.6119,0.1333,-0.3442,-0.0824,0.3086,0.5156,-0.2786,-0.1748
2.3,2.8,2.5,4.1,1.1,9.7,18.7,15.6,7.9,-0.4285,0.1278,-0.07,-0.0231,0.0289,0.1406,-0.2596,-0.8331
2.3,2.8,1.9,1.5,3.6,20.7,5.7,16.7,33.0,-0.667,0.7378,-0.0054,-0.0054,0.0013,0.0043,0.0073,0.0074
2.3,2.8,2.2,4.3,4.3,8.2,19.3,14.5,14.7,-0.4156,0.052,-0.0749,0.0056,0.0108,0.1396,-0.1024,-0.8781
2.3,3.8,3.1,4.1,4.4,13.2,15.3,30.7,25.7,-0.8303,-0.1636,-0.121,0.2403,0.1357,-0.1693,-0.145,0.3617
2.3,1.6,2.1,4.1,2.0,9.2,13.1,25.6,29.3,-0.3075,-0.085,-0.4248,-0.1015,0.422,0.2289,-0.6797,0.0208
2.3,2.3,1.8,2.0,4.9,4.3,21.7,43.4,35.9,-0.804,0.5592,-0.0523,-0.0584,0.0234,0.0339,0.069,0.1099
2.3,1.3,4.1,2.6,4.9,17.2,9.1,30.2,42.5,-0.7952,0.1474,0.0355,0.4567,0.0767,-0.227,-0.0856,0.243
2.3,3.1,4.5,4.3,1.8,3.0,3.9,17.8,41.8,-0.6525,0.3167,-0.2558,0.0957,0.2235,0.3897,-0.2138,-0.3751
2.3,4.8,2.8,1.5,2.7,10.7,12.7,19.0,13.5,-0.2854,-0.1133,-0.5595,-0.0837,0.0176,0.7063,-0.1576,-0.2005
2.3,3.5,1.9,3.3,3.7,17.2,8.5,32.2,16.0,-0.9074,0.2383,-0.2088,0.007,0.222,0.0862,-0.0239,0.1053
2.3,4.0,4.7,3.0,2.4,20.3,2.2,20.3,34.7,-0.8495,0.5179,0.0081,-0.0356,-0.0152,0.0193,0.0054,0.0114
2.3,4.1,2.6,1.4,1.9,15.4,8.5,16.5,8.2,-0.7135,0.1252,-0.4948,-0.2453,-0.1373,0.2358,0.0572,0.2753
2.3,2.9,4.5,4.0,3.2,5.9,11.2,17.1,25.5,-0.4116,-0.0176,-0.0783,-0.3022,-0.0181,0.6088,-0.4319,-0.4034
2.3,2.0,2.2,1.2,3.1,2.3,12.3,28.0,32.5,-0.282,0.1039,-0.4267,0.3113,0.4758,0.1868,-0.5729,-0.1566
2.3,3.9,4.7,1.9,4.5,4.3,11.1,7.7,12.4,-0.2591,0.8099,-0.1859,-0.2071,-0.3389,-0.2449,0.0367,-0.1302
2.3,4.9,2.9,4.0,3.9,14.6,17.1,38.8,44.0,-0.7507,0.1623,0.1739,-0.0111,-0.0216,-0.3972,0.0207,-0.2734
2.3,4.1,3.7,2.9,3.7,14.4,12.8,19.5,11.0,-0.6209,-0.108,-0.3537,-0.134,0.145,0.6121,-0.2052,-0.0575
2.3,3.2,2.8,1.9,2.3,2.3,17.3,34.1,12.7,-0.2495,0.2617,-0.1666,0.0207,0.18,0.1739,-0.6747,-0.5507
2.3,5.0,1.2,2.6,2.5,16.1,11.4,37.3,33.0,-0.9011,0.3547,-0.0142,0.1527,0.0308,-0.1175,0.0296,0.1294
2.3,2.9,3.4,1.6,2.3,14.4,10.5,7.8,44.0,-0.475,0.6339,-0.0783,0.1714,0.2962,0.2485,-0.3204,-0.2687
2.3,4.7,3.1,2.3,2.8,13.7,4.1,38.5,33.5,-0.836,0.2595,-0.1065,0.2839,0.1335,-0.2343,-0.022,0.2455
2.3,4.0,4.7,3.1,1.2,20.9,14.8,24.1,8.5,-0.8438,0.529,-0.0029,-0.0256,-0.0026,0.0122,0.0024,0.005
2.3,1.7,2.0,3.2,2.7,5.8,13.7,14.3,20.4,-0.0667,-0.0058,0.0336,-0.003,-0.4781,0.4073,-0.182,-0.7436
2.3,3.5,1.9,1.5,3.2,5.3,20.7,13.5,29.8,-0.0136,0.0361,-0.0349,0.0269,0.0449,0.0089,-0.9767,-0.0657
2.3,2.8,1.7,3.8,2.2,8.2,10.3,36.3,18.2,-0.4192,0.035,-0.4079,-0.2291,0.4181,0.2698,-0.5431,0.2218
2.3,3.9,3.4,2.3,1.6,16.6,21.5,13.5,25.7,-0.9246,-0.0232,-0.0087,-0.0292,-0.0004,0.0147,-0.0162,0.3522
2.3,1.5,3.5,4.6,1.2,7.8,8.4,43.9,7.0,-0.4309,0.375,-0.2612,-0.4073,0.2618,0.4079,-0.4072,0.1641
2.3,2.1,1.7,4.6,4.4,9.0,7.8,23.9,16.4,-0.1999,-0.2572,-0.1107,-0.2271,-0.4682,0.6951,-0.2583,-0.2103
2.3,1.1,4.7,2.0,3.7,17.7,2.6,8.5,25.0,-0.1696,0.4352,-0.1296,0.2114,-0.4418,0.2519,-0.4956,-0.4402
2.3,3.8,1.5,1.0,1.9,11.6,3.9,6.1,7.7,-0.3611,0.604,-0.193,-0.2395,-0.3173,-0.2498,-0.3049,-0.3837
2.3,4.2,1.4,2.9,1.4,16.1,20.5,20.1,34.0,-0.9722,0.1038,0.0034,0.026,0.001,-0.0118,0.0165,0.1812
2.3,1.5,3.4,1.3,3.4,3.2,6.8,39.1,12.7,-0.4018,-0.0071,-0.3084,-0.0591,0.077,0.7579,-0.1201,-0.3155
2.3,2.0,1.0,2.4,1.9,10.7,13.7,4.4,30.4,-0.5779,0.2109,-0.1378,0.2482,-0.1793,0.2248,-0.1,-0.6641
2.3,2.1,3.5,3.1,1.3,17.7,20.7,34.6,22.7,-0.9637,0.1664,-0.0023,-0.0061,0.0006,0.0031,0.0297,0.1832
2.3,2.8,3.0,1.7,1.8,4.4,16.4,29.6,38.9,-0.811,-0.0032,-0.0071,0.3667,0.0834,-0.2055,-0.1026,0.3528
2.3,3.3,3.8,3.7,2.3,13.9,15.6,39.0,43.8,-0.6762,0.4779,0.2363,0.3022,0.0956,-0.1161,0.1375,0.1335
2.3,3.0,4.3,1.1,2.6,11.7,3.7,33.0,6.2,-0.5312,0.2837,-0.3592,-0.5511,-0.0854,0.2655,-0.0389,0.3392
2.3,3.6,3.1,4.8,4.7,18.8,15.5,11.1,24.5,-0.9599,0.1061,-0.0635,-0.0483,0.0674,0.0828,0.0043,0.1751
2.3,1.6,2.5,1.7,2.0,11.3,20.9,28.8,23.2,-0.5084,-0.434,-0.0004,-0.0114,-0.0036,0.0063,-0.4802,0.5486
2.3,3.0,1.1,4.7,1.8,21.8,19.6,18.4,19.5,-0.8512,0.5144,-0.0049,-0.0324,-0.002,0.0127,0.0008,0.0016
2.3,2.7,3.8,4.6,1.1,9.9,5.0,23.3,29.8,-0.3909,-0.2644,-0.1623,-0.3424,0.1421,0.4705,-0.5931,0.1603
2.3,4.1,4.9,3.5,2.2,15.5,2.5,36.8,16.5,-0.9121,0.1622,-0.2101,-0.016,0.2209,0.0575,-0.0185,0.1946
2.3,3.1,4.8,4.9,3.1,3.9,2.1,32.9,10.4,-0.4592,-0.0851,0.153,-0.3157,-0.2118,0.6062,-0.4833,-0.0209
2.3,2.3,2.2,1.2,2.1,12.8,5.3,7.0,10.5,-0.2275,0.5775,-0.2235,-0.2482,-0.4191,-0.2436,-0.3235,-0.3945
2.3,4.2,3.7,3.0,2.9,2.8,18.7,11.6,41.8,-0.8264,0.4491,0.0533,0.2337,0.004,-0.1218,-0.0031,0.0749
2.3,3.6,4.1,3.1,4.7,18.5,15.7,41.1,30.8,-0.8831,0.4509,0.0105,0.0341,-0.0064,-0.027,0.0406,0.0832
2.3,3.8,3.2,1.1,3.9,10.5,9.4,35.7,6.7,-0.5354,0.5353,-0.3864,-0.4209,-0.0001,0.198,0.0635,0.2196
2.3,4.4,2.5,2.8,3.3,13.4,14.1,20.6,37.9,-0.7388,0.001,-0.1768,0.4317,0.2304,-0.2348,-0.1977,0.2742
2.3,4.5,1.4,2.1,2.6,14.5,12.0,30.1,35.1,-0.8663,0.2311,-0.0504,0.3168,0.0984,-0.1898,-0.0253,0.1945
2.3,2.7,2.7,2.5,1.5,9.5,14.7,18.8,7.8,0.1305,-0.0149,-0.3409,-0.2694,-0.385,0.5884,0.1177,-0.5104
2.3,4.1,1.8,2.3,1.8,2.2,20.6,19.1,39.4,-0.9403,0.0789,0.0081,0.0582,0.0036,-0.0256,0.0027,0.2347
2.3,2.0,4.6,3.8,4.7,13.9,17.8,7.1,26.3,-0.77,0.2918,0.0973,0.0441,-0.0943,0.0534,-0.1981,-0.5027
2.3,4.5,2.7,1.4,3.9,19.3,4.6,24.5,21.9,-0.6892,0.7116,-0.0507,0.0576,0.0645,0.0162,0.0109,0.0142
2.3,1.7,3.3,2.7,4.7,16.9,21.0,14.2,30.3,-0.7901,-0.2464,-0.0048,-0.0913,-0.0164,0.0527,-0.1746,0.4904
2.3,4.1,3.5,1.2,3.3,18.7,19.8,43.0,31.3,-0.6325,0.7667,0.0049,0.0046,-0.0026,-0.0028,0.0507,0.0421
2.3,1.4,2.6,2.8,3.3,7.9,21.5,34.9,29.7,-0.8734,-0.1337,-0.0165,-0.095,-0.0074,0.0545,-0.0769,0.4289
2.3,4.4,4.5,4.4,2.6,19.1,17.3,31.1,35.6,-0.9345,0.3459,0.003,0.0126,-0.0006,-0.0054,0.0114,0.0331
2.3,2.8,4.7,1.6,1.8,12.0,7.2,27.8,33.0,-0.6685,0.0108,-0.3216,0.3658,0.3771,-0.1427,-0.2595,0.2692
2.3,1.7,3.8,2.9,4.4,21.3,15.8,4.9,41.2,-0.8299,0.3786,-0.1166,-0.185,-0.0129,0.0872,0.0508,0.2056
2.3,4.6,2.1,2.9,1.4,6.3,6.1,24.6,35.7,-0.5069,0.006,-0.4754,-0.0209,0.4646,0.2845,-0.4541,-0.0264
2.3,4.7,4.6,2.0,4.3,12.3,5.1,26.1,42.8,-0.6698,0.12,0.007,0.5604,0.1544,-0.2637,-0.1711,0.2951
2.3,2.3,3.3,2.8,3.2,3.1,17.0,41.6,36.2,-0.8598,0.1428,-0.0074,0.1783,0.0137,-0.1683,0.0282,0.4056
2.3,2.2,1.2,1.9,2.6,19.5,5.3,34.0,31.7,-0.8247,0.5295,-0.0197,0.1297,0.0415,-0.0834,0.0204,0.0564
2.3,1.3,4.5,2.4,4.7,2.9,17.1,11.4,6.8,-0.469,0.7779,-0.1106,-0.3326,-0.0782,0.1451,0.0679,0.0931
2.3,2.9,1.4,1.9,4.8,10.8,15.2,13.7,8.0,-0.1847,0.5608,0.1606,-0.3931,-0.5198,-0.0831,-0.4254,-0.0464
2.3,1.1,1.0,1.2,3.1,13.9,16.7,17.6,13.4,0.0394,0.2905,-0.6184,-0.4756,-0.2966,0.4174,0.1335,0.0299
2.3,4.2,3.1,2.7,3.4,13.7,13.8,11.5,5.4,-0.1555,0.5562,0.1012,-0.3419,-0.5751,-0.1212,-0.4148,-0.081
2.3,3.6,4.1,4.8,4.6,19.7,17.5,19.4,16.7,-0.9328,0.3473,-0.0005,0.0023,0.0004,-0.001,0.0077,0.0236
2.3,3.1,2.2,3.0,1.8,5.2,17.0,10.4,18.9,-0.2776,0.006,0.0548,0.0214,-0.231,0.2292,-0.041,-0.895
2.3,3.2,4.5,2.8,1.0,6.1,5.4,42.2,26.5,-0.5028,-0.087,-0.3344,0.0821,0.3378,-0.0756,-0.3464,0.6069
2.3,4.8,3.8,1.3,4.5,12.6,19.7,17.1,10.9,-0.0067,-0.0312,-0.0608,0.0647,0.0841,0.0208,-0.9515,-0.1747
2.3,3.4,2.5,2.1,1.8,4.4,8.7,33.4,30.4,-0.3986,-0.0111,-0.4602,0.0765,0.4942,0.0784,-0.567,0.1956
2.3,1.6,2.5,2.6,4.8,12.1,6.8,33.1,42.7,-0.5544,0.1004,-0.1997,0.5272,0.3148,-0.2683,-0.3245,0.2741
2.3,2.7,4.0,2.3,2.0,6.9,12.6,40.9,5.6,-0.6262,0.5167,-0.1566,-0.2849,0.1904,0.3546,-0.2405,-0.0413
2.3,2.6,3.2,2.3,4.6,3.4,15.4,35.1,21.6,-0.2239,0.2563,-0.3245,0.0114,0.3629,0.1633,-0.7514,-0.1933
2.3,3.5,1.8,1.2,2.1,11.4,17.6,32.0,18.6,-0.6329,-0.2052,-0.1124,0.3033,0.1698,-0.1797,-0.2978,0.5273
2.3,2.0,1.3,1.7,3.7,19.8,10.1,20.5,7.1,-0.7983,0.5496,-0.1829,-0.096,-0.0396,0.0129,0.0372,0.047
2.3,1.1,2.3,4.7,2.1,18.8,19.0,15.2,26.8,-0.5524,-0.4427,-0.0747,0.0797,0.0771,-0.0529,-0.4426,0.4769
2.3,3.4,3.6,5.0,3.8,18.0,4.9,8.3,26.1,-0.0612,0.1738,0.1223,0.013,-0.1534,0.1235,-0.9117,-0.0087
2.3,3.8,1.5,2.5,1.7,8.1,15.3,10.6,35.3,-0.4787,0.1206,-0.0685,-0.2725,0.0276,0.6145,-0.4386,-0.2962
2.3,1.3,1.6,1.3,3.5,19.5,6.0,31.2,42.4,-0.7758,0.5258,0.1629,0.2409,-0.0279,-0.0911,0.0348,0.1074
2.3,2.2,4.2,3.1,2.5,20.3,15.7,41.3,9.3,-0.8629,0.4922,0.0005,0.0075,-0.0001,-0.0065,0.0314,0.0581
2.3,4.9,3.4,1.2,4.4,21.3,10.2,20.8,23.3,-0.5153,0.8474,-0.015,-0.0817,-0.0177,0.0403,0.0003,0.0039
2.3,3.8,1.3,3.0,4.9,2.3,13.5,23.0,12.2,-0.188,0.4126,-0.0454,-0.6792,-0.4844,0.1813,-0.129,0.1878
2.3,3.2,2.1,2.9,4.4,2.3,7.1,42.2,36.9,-0.4455,0.208,-0.4095,0.2695,0.4237,-0.246,-0.3846,0.3424
2.3,4.9,1.8,4.0,4.0,7.3,9.6,18.1,22.1,-0.2622,-0.21,0.0055,-0.2284,-0.3172,0.6873,-0.4527,-0.2035
2.3,2.6,3.7,2.1,3.0,15.4,13.7,13.2,5.1,-0.2246,0.2783,-0.0372,-0.6551,-0.4474,0.2382,-0.292,0.2819
2.3,4.5,4.7,3.0,3.6,2.7,4.0,18.5,27.6,-0.3321,-0.1856,-0.3395,-0.1965,-0.1399,0.7534,-0.1524,-0.2763
2.3,2.1,4.7,4.1,5.0,4.9,18.3,39.1,4.7,-0.7558,0.3392,-0.0345,-0.0013,0.0435,0.1063,-0.2044,-0.4782
2.3,4.0,1.8,2.2,1.7,2.6,13.0,32.8,18.3,-0.2739,0.11,-0.3035,-0.1829,0.3068,0.3798,-0.6918,-0.2376
2.3,1.4,2.5,3.7,4.2,10.6,15.6,42.2,4.1,-0.8351,0.3643,-0.0529,-0.2405,0.0715,0.2903,-0.0758,0.021
2.3,2.5,2.0,3.8,2.8,16.1,2.3,36.5,34.1,-0.8609,0.1033,-0.1705,0.2497,0.1842,-0.2093,-0.069,0.2559
2.3,1.9,2.8,4.9,4.7,14.5,2.5,16.9,6.8,-0.3973,0.4871,0.169,-0.2071,-0.3816,-0.2978,-0.423,-0.3333
2.3,2.6,3.0,4.7,4.8,20.4,12.8,29.8,37.6,-0.9082,0.4051,-0.0145,-0.0284,0.0032,0.0089,0.004,0.0113
2.3,2.7,3.2,2.8,3.1,2.8,3.6,21.5,37.6,-0.523,0.2298,-0.4013,0.1238,0.3343,0.4007,-0.3131,-0.3412
2.3,3.4,1.2,3.1,2.8,9.2,16.8,17.1,35.1,-0.4289,0.1234,-0.452,-0.0015,0.4567,0.2623,-0.5326,-0.1344
2.3,3.6,2.2,4.8,2.7,5.8,2.7,7.2,5.4,-0.6625,0.3388,-0.0099,-0.3655,-0.0625,-0.4202,0.0515,-0.3557
2.3,1.4,3.6,2.2,2.0,15.8,16.3,34.0,29.8,-0.9196,0.0208,-0.0012,0.1355,0.0205,-0.0917,-0.0089,0.3383
2.3,4.9,1.7,2.1,2.7,15.5,14.2,16.8,6.0,-0.684,0.1349,-0.4555,-0.3856,-0.172,0.1965,0.0527,0.2671
2.3,4.2,3.4,1.3,5.0,7.4,18.2,24.2,34.4,-0.8903,0.2239,0.0855,0.2275,-0.0027,-0.1095,0.0297,0.2533
2.3,1.7,4.2,1.6,1.9,14.1,14.3,29.3,28.3,-0.8154,-0.1387,-0.0515,0.2565,0.0921,-0.1532,-0.1316,0.4263
2.3,2.2,3.0,1.9,5.0,5.1,11.4,31.9,14.7,-0.069,0.4273,-0.645,-0.3591,-0.2366,0.3237,0.2933,-0.0484
2.3,1.3,4.3,2.0,2.0,7.7,7.7,22.1,20.1,-0.1365,-0.205,-0.2853,-0.2157,-0.0658,0.6998,-0.3988,-0.3789
2.3,1.7,2.1,3.4,4.1,14.0,18.2,8.6,40.9,-0.7454,0.4811,-0.1438,-0.0132,0.2079,0.2498,-0.1765,-0.2051
2.3,4.2,2.4,4.7,1.6,19.8,17.0,12.7,22.3,-0.9472,0.3015,-0.002,-0.0005,0.0017,0.001,0.0118,0.0431
2.3,1.7,2.0,2.4,4.5,3.5,6.7,42.1,36.9,-0.4146,0.2589,-0.4219,0.2571,0.448,-0.2165,-0.4124,0.2942
2.3,1.6,3.7,2.5,3.9,10.1,18.3,21.2,9.2,0.3825,0.4604,-0.2667,-0.0251,-0.0988,0.1172,0.5111,-0.4998
2.3,2.3,3.8,2.6,2.6,2.7,21.0,17.3,11.4,0.2092,0.0562,0.059,-0.0352,0.0102,-0.0572,0.2132,-0.9385
2.3,1.1,4.8,1.3,4.2,12.6,4.2,11.7,39.0,-0.4301,0.3806,-0.2835,0.3212,0.2216,0.4596,-0.1787,-0.4265
2.3,3.9,4.8,1.7,3.9,12.5,9.5,34.8,17.3,-0.5582,0.21,-0.4502,0.1021,0.5136,0.1253,-0.3497,0.1196
2.3,2.7,5.0,4.6,4.0,19.4,17.1,8.4,9.4,-0.8755,-0.0798,-0.0402,-0.0816,0.0437,0.1015,-0.0783,0.3632
2.3,3.8,2.4,3.9,2.3,9.0,20.6,5.3,6.1,-0.0212,-0.0027,0.0252,-0.0148,0.018,-0.0251,0.6926,-0.7015
2.3,2.7,2.6,2.9,3.7,5.7,4.0,9.3,39.8,-0.61,0.2213,-0.2773,0.2237,0.0045,0.4962,0.0195,-0.4412
2.3,4.9,2.1,1.3,2.6,19.4,14.3,23.1,21.0,-0.6625,0.7417,0.0039,0.0446,0.0089,-0.0217,0.0127,0.0132
2.3,3.6,1.2,3.3,1.7,15.0,19.6,31.4,25.1,-0.9615,0.0144,-0.002,0.0573,0.008,-0.0361,-0.0006,0.2489
2.3,1.1,2.3,2.8,3.1,12.0,7.2,15.0,17.9,0.1304,0.1983,-0.1861,-0.0996,-0.7609,0.2119,-0.2428,-0.4485
2.3,4.5,1.9,4.2,2.4,12.9,5.6,16.9,39.4,-0.5793,0.274,-0.3937,0.0051,0.4076,0.2752,-0.3746,-0.1934
2.3,4.1,1.4,2.9,4.7,2.8,8.6,9.9,20.1,-0.1957,0.6478,-0.3,-0.1977,-0.4988,-0.2603,0.0815,-0.2875
2.3,2.8,4.7,4.4,3.2,6.3,15.5,39.0,34.4,-0.875,-0.0294,-0.0365,0.1675,0.0435,-0.15,-0.0476,0.4078
2.3,3.4,2.8,2.7,4.1,9.9,7.9,4.4,17.5,-0.4161,0.4668,-0.4394,-0.169,-0.4539,-0.1805,0.1949,-0.3232
2.3,4.6,2.9,4.0,2.0,18.8,5.5,43.2,7.2,-0.8997,0.4088,-0.0601,-0.007,0.06,0.0069,0.038,0.0934
2.3,3.4,1.3,3.2,3.7,20.9,20.4,38.0,10.6,-0.8202,0.5658,-0.0033,-0.0065,0.001,0.0026,0.0035,0.006
2.3,2.3,3.7,4.8,1.0,17.8,15.0,39.5,40.4,-0.9562,0.1938,0.0021,0.0838,0.0018,-0.0734,0.0264,0.168
2.3,3.3,3.5,4.5,1.7,2.5,14.2,4.6,30.9,-0.6623,-0.0585,-0.0844,0.1465,-0.0929,0.1365,0.1068,-0.6961
2.3,4.3,4.5,4.7,3.5,20.8,16.3,38.2,11.6,-0.8794,0.4693,-0.0056,-0.0186,0.002,0.0112,0.0017,0.0045
2.3,2.0,4.8,4.2,2.8,15.3,18.3,30.1,30.9,-0.9469,-0.0911,-0.0008,0.0477,0.006,-0.0287,-0.0318,0.2854
2.3,1.9,4.6,1.2,2.3,18.2,2.6,25.7,43.6,-0.7728,0.4262,0.2103,0.339,-0.0193,-0.1322,0.0232,0.1651
2.3,1.3,4.3,1.8,1.2,13.3,13.9,42.5,36.8,-0.8208,0.2465,0.0007,0.1659,0.0046,-0.1592,0.097,0.4354
2.3,3.0,2.5,3.0,4.1,5.0,7.5,40.6,4.5,-0.4591,0.324,-0.1254,-0.5514,-0.3006,0.3073,0.0102,0.3861
2.3,1.1,2.6,4.9,3.3,13.0,5.0,43.5,10.1,-0.6856,0.2404,-0.1459,-0.4069,0.1461,0.4071,-0.1934,0.2296
2.3,2.6,2.1,3.7,2.8,21.6,14.7,18.9,13.9,-0.8152,0.555,0.073,-0.0668,-0.0893,0.0039,-0.0083,0.0005
2.3,1.8,2.5,3.8,3.9,8.2,15.6,33.2,34.1,-0.6772,-0.1878,-0.2052,0.3148,0.2287,-0.2226,-0.2922,0.4024
2.3,1.9,3.2,4.5,3.1,5.4,13.0,6.1,36.8,-0.6655,0.2513,0.0668,0.2753,-0.1846,0.1586,-0.1669,-0.5593
2.3,2.4,4.0,5.0,3.6,11.2,9.5,20.2,43.1,-0.4467,0.3229,-0.3994,0.213,0.4737,0.1377,-0.4635,-0.1368
2.3,2.4,1.8,2.1,2.2,3.5,19.0,32.3,16.1,-0.0944,0.195,-0.1399,0.03,0.1563,0.0741,-0.8849,-0.3171
2.3,3.4,5.0,2.7,5.0,8.4,19.9,34.4,5.3,-0.0039,0.0316,0.0155,-0.0153,-0.0011,-0.0216,0.1397,-0.9503
2.3,3.1,3.2,4.1,2.8,10.6,17.6,18.3,32.0,-0.2255,-0.3104,-0.2483,0.1378,0.2567,-0.0488,-0.7675,0.2904
2.3,1.6,4.6,2.9,3.9,20.3,17.7,6.1,27.0,-0.0902,0.2414,0.0756,-0.0591,-0.071,0.072,-0.8111,0.1773
2.3,3.4,3.2,1.2,3.5,7.4,14.8,35.8,17.0,-0.2341,0.2677,-0.3357,0.1023,0.4239,0.173,-0.7039,-0.15
2.3,2.5,3.9,3.0,3.7,2.1,18.0,40.9,37.3,-0.9115,0.2648,0.0207,0.1087,-0.0115,-0.0932,0.0566,0.2473
2.3,3.4,2.6,3.1,4.7,15.4,10.5,29.5,39.5,-0.8555,0.133,-0.0067,0.3753,0.0704,-0.207,-0.0599,0.2206
2.3,2.9,1.8,1.4,3.1,14.9,18.2,13.5,30.1,-0.6296,-0.103,-0.1695,0.3564,0.2325,-0.2189,-0.2825,0.4714
2.3,1.4,1.7,3.3,1.4,17.3,17.5,43.5,5.4,-0.5014,0.0146,-0.3124,0.1966,0.3136,-0.1955,-0.2851,0.5954
2.3,3.6,2.9,1.2,1.5,7.9,7.3,40.1,37.2,-0.6149,0.2176,-0.1723,0.4081,0.2317,-0.3361,-0.142,0.421
2.3,3.6,3.1,5.0,4.7,18.5,18.3,8.1,20.8,-0.092,0.1762,0.1371,-0.1294,-0.1337,0.1491,-0.877,0.0565
2.3,4.0,4.1,4.7,4.9,2.2,17.6,28.0,42.4,-0.8558,0.4516,0.0608,0.1923,-0.0029,-0.0613,0.0024,0.0336
2.3,1.2,3.4,4.0,1.8,7.5,21.3,8.9,22.3,-0.5914,0.0788,0.0158,-0.0246,-0.008,-0.0471,-0.1014,-0.7899
2.3,4.3,2.1,1.7,4.9,3.5,4.6,12.9,23.5,0.1302,0.3264,-0.1833,-0.4714,-0.6828,0.2552,-0.2539,0.0961
2.3,1.6,3.5,4.5,2.9,11.1,12.5,11.5,30.1,-0.4002,0.178,0.2695,-0.0237,-0.3446,0.2989,-0.4913,-0.5203
2.3,2.1,2.5,1.4,3.5,9.9,12.9,31.6,29.9,-0.4335,0.0068,-0.3618,0.3785,0.449,-0.1238,-0.487,0.2571
2.3,3.1,4.2,2.5,4.8,18.0,2.1,14.0,33.3,-0.7988,0.335,-0.2927,0.0341,0.3283,0.1773,-0.1017,0.0327
2.3,5.0,2.9,2.8,1.1,19.4,11.6,28.7,31.1,-0.8794,0.4681,-0.0018,0.0171,0.0041,-0.0093,0.0116,0.0234
2.3,4.5,3.0,3.4,2.5,17.5,13.2,35.8,12.9,-0.9333,0.2987,-0.0419,0.1001,0.0497,-0.0779,0.0223,0.1075
2.3,4.7,1.5,2.6,3.8,15.2,18.1,20.8,37.2,-0.9127,0.2139,0.0215,0.2515,0.0244,-0.1318,0.0008,0.1685
2.3,3.1,2.1,3.3,4.4,17.5,15.9,21.5,6.1,-0.6712,0.1225,-0.5472,-0.1312,-0.2315,0.3436,0.1345,0.018
2.3,1.1,1.8,2.0,3.2,3.0,7.4,15.9,37.2,-0.4361,0.1936,-0.4489,0.2013,0.1571,0.5175,-0.1257,-0.4585
2.3,4.0,3.5,4.6,3.3,10.0,21.5,39.8,14.5,-0.7203,-0.2254,0.0118,-0.0797,-0.0206,0.0638,-0.202,0.6039
2.3,3.9,1.9,1.3,2.7,11.3,4.3,9.6,11.0,-0.1403,0.5666,-0.1225,-0.2533,-0.4662,-0.176,-0.4839,-0.2974
2.3,3.4,4.2,3.6,2.3,6.1,14.3,18.7,7.1,0.1661,0.3638,-0.2943,-0.4028,-0.466,0.3423,0.4345,-0.2106
2.3,1.8,4.0,1.4,2.7,22.0,7.8,19.6,18.4,-0.5549,0.8159,0.0401,-0.0794,-0.0753,-0.0034,-0.0059,-0.0001
2.3,2.3,4.8,3.4,3.1,17.8,12.0,29.6,17.3,-0.932,0.0757,-0.1029,0.1826,0.1155,-0.1197,-0.024,0.1997
2.3,3.4,1.4,4.0,3.4,16.0,5.1,4.6,38.4,-0.7205,0.4485,0.0583,0.2109,-0.0668,0.1253,-0.2161,-0.3914
2.3,4.0,3.2,2.9,2.0,12.5,14.9,13.0,17.7,-0.266,0.1669,0.0803,-0.2622,-0.1012,0.4443,-0.6977,-0.339
2.3,2.0,4.8,2.8,4.5,12.3,4.5,9.7,18.7,-0.2213,0.5339,-0.3554,-0.085,-0.5752,-0.137,-0.0231,-0.4162
2.3,1.5,1.8,1.6,3.7,18.0,9.5,25.6,40.9,-0.7751,0.2507,0.0745,0.4578,0.0619,-0.2179,-0.0557,0.2239
2.3,3.8,4.7,4.6,2.5,20.8,19.4,39.5,16.3,-0.885,0.4585,-0.0003,-0.0008,0.0001,0.0004,0.003,0.0071
2.3,1.4,4.5,3.9,2.1,11.4,8.5,34.0,14.3,-0.413,0.0699,-0.3313,-0.3128,0.3408,0.3972,-0.5718,0.0576
2.3,4.8,2.2,3.7,3.8,3.7,6.7,32.0,27.3,-0.5352,0.1437,-0.4018,-0.1659,0.4133,0.347,-0.4429,-0.0807
2.3,3.8,2.3,1.0,1.9,12.3,3.6,13.1,37.1,-0.5252,0.4044,-0.3652,0.2382,0.4297,0.3103,-0.248,-0.1104
2.3,2.7,4.7,3.5,3.8,8.3,19.2,11.7,40.0,-0.9039,0.3825,0.0199,0.0649,-0.0045,-0.0291,0.0129,0.0511
2.3,2.0,1.5,2.5,1.9,19.7,9.8,19.4,25.8,-0.9068,0.3824,-0.0812,0.0391,0.0852,0.0208,0.0138,0.053
2.3,4.6,5.0,2.0,3.9,19.9,5.2,31.0,33.5,-0.7554,0.6496,0.0021,0.0104,0.0002,-0.0045,0.0096,0.0119
2.3,4.1,4.1,3.7,3.3,10.4,9.5,36.3,9.0,-0.6967,0.1662,-0.1974,-0.3174,0.219,0.4635,-0.272,0.0061
2.3,3.2,1.9,1.6,1.3,6.3,10.7,37.5,7.9,-0.5047,0.0749,-0.1549,-0.2845,0.1737,0.6337,-0.4151,-0.095
2.3,1.3,3.4,3.8,1.4,17.3,17.7,26.9,5.3,-0.1917,-0.2756,-0.2455,0.1139,0.2515,-0.028,-0.798,0.2375
2.3,1.1,3.0,4.5,2.3,16.6,13.2,5.0,15.2,-0.7352,0.0621,-0.1098,0.1658,-0.1243,0.1502,0.0062,-0.6067
2.3,3.4,4.2,2.3,4.8,19.8,11.9,30.2,18.5,-0.8131,0.5727,-0.0022,0.0355,0.0084,-0.019,0.0122,0.0198
2.3,4.5,3.2,1.6,2.4,12.8,14.7,9.7,19.9,-0.242,0.2901,0.1481,-0.1886,-0.1286,0.4461,-0.7165,-0.2297
2.3,2.1,4.8,3.9,2.6,15.7,3.4,36.0,18.8,-0.8133,0.0269,-0.3253,-0.0671,0.3359,0.1138,-0.1373,0.2711
2.3,2.5,1.7,3.4,3.3,13.5,15.3,43.7,17.7,-0.6199,0.0123,-0.2621,0.2086,0.2621,-0.2087,-0.1765,0.5853
2.3,2.0,2.7,3.0,1.7,2.7,4.1,19.5,19.0,0.0448,-0.0012,-0.0396,-0.0137,-0.5391,0.3716,-0.3863,-0.6372
2.3,1.5,1.4,5.0,2.0,14.9,15.3,4.9,16.1,-0.7361,0.0315,-0.1117,0.1513,-0.1246,0.1362,0.0241,-0.6162
2.3,3.3,1.9,2.1,4.6,10.3,5.4,40.2,11.2,-0.7432,0.1539,-0.1505,-0.1543,0.1748,0.5529,-0.1287,0.061
2.3,2.0,1.2,4.4,2.6,21.4,6.0,40.0,33.9,-0.8612,0.4861,-0.0131,-0.0718,0.0035,0.0561,0.0008,0.009
2.3,4.5,2.7,4.7,2.0,10.0,8.6,11.1,5.1,-0.5176,0.5205,-0.1617,-0.2813,-0.323,-0.3813,-0.0087,-0.3166
2.3,4.9,4.9,4.4,3.9,9.3,6.8,40.2,14.4,-0.597,0.2131,-0.3764,-0.2777,0.3841,0.2986,-0.3275,0.1596
2.3,2.4,2.0,2.8,4.8,3.3,6.6,5.7,34.7,-0.3269,0.3129,-0.3645,0.2919,-0.437,0.2455,0.2141,-0.5211
2.3,2.8,3.0,1.7,3.4,10.1,8.9,14.7,16.4,0.1582,0.1097,-0.3213,-0.4328,-0.6631,0.4108,-0.2168,0.0002
2.3,4.1,2.4,1.9,2.3,14.3,21.5,11.8,38.6,-0.898,0.3553,-0.0555,-0.0805,0.0124,0.0333,0.0521,0.1613
2.3,2.5,1.8,2.1,1.8,15.2,20.3,18.1,24.7,-0.7894,-0.3032,-0.0061,0.0458,0.0133,-0.0239,-0.1921,0.4717
2.3,1.5,2.1,2.1,3.3,17.6,2.3,32.9,43.8,-0.7958,0.199,0.1023,0.4269,0.0373,-0.2119,-0.0464,0.2679
2.3,2.0,4.6,1.5,2.5,4.3,17.3,15.0,14.6,0.4735,0.2315,-0.2274,0.0317,-0.0389,0.142,0.3183,-0.7271
2.3,2.2,3.2,3.0,1.2,6.5,17.3,24.8,31.0,-0.1291,-0.329,-0.1591,0.0935,0.1658,-0.0192,-0.86,0.2309
2.3,2.7,1.6,1.7,4.3,14.4,10.5,15.4,7.0,-0.2056,0.1694,0.0953,-0.5918,-0.4396,0.1714,-0.5188,0.2486
2.3,5.0,1.9,4.5,3.3,6.6,18.0,37.3,27.5,-0.731,-0.2496,-0.0876,0.1559,0.0943,-0.134,-0.2266,0.5283
2.3,4.1,4.1,2.1,3.9,2.7,10.5,33.6,29.3,-0.321,0.1158,-0.4392,0.1516,0.4947,0.0552,-0.632,0.075
2.3,2.5,1.7,1.7,3.6,17.5,19.0,17.0,37.2,-0.8793,0.3902,0.0655,0.1758,-0.0095,-0.0837,0.0365,0.1295
2.3,1.1,3.3,4.9,2.9,18.9,9.5,31.7,34.6,-0.9299,0.0127,-0.0808,0.2059,0.0914,-0.1522,-0.0428,0.2024
2.3,1.1,3.4,4.2,2.5,16.4,15.4,37.1,5.7,-0.5428,0.3939,-0.2731,-0.2507,0.2875,0.3112,-0.4266,-0.1756
2.3,1.8,3.9,4.0,1.0,21.1,9.9,42.1,5.9,-0.8869,0.4484,0.0152,-0.027,-0.0155,0.0263,0.017,0.0391
2.3,4.1,4.1,1.8,2.8,6.0,13.0,41.2,37.1,-0.7847,0.219,-0.0075,0.3029,0.0393,-0.2627,0.0069,0.4007
2.3,2.7,3.0,2.0,3.6,13.4,21.3,24.1,39.5,-0.7652,0.6201,-0.0659,-0.0658,0.0062,0.0087,0.0104,0.0162
2.3,2.4,4.7,3.7,2.4,11.7,6.7,17.7,23.4,-0.2569,-0.23,0.0414,-0.2829,-0.1454,0.5726,-0.6585,-0.0161
2.3,3.3,1.7,2.1,3.9,12.2,16.6,31.3,17.8,-0.3812,-0.0171,-0.4504,0.1625,0.4867,0.0483,-0.5799,0.1578
2.3,1.6,4.5,4.8,1.3,5.4,3.2,25.9,40.5,-0.5574,0.1997,-0.4337,-0.0041,0.4418,0.238,-0.4109,-0.1658
2.3,4.6,1.2,5.0,1.7,20.6,12.5,12.9,44.0,-0.9073,0.393,-0.0803,-0.0709,-0.0416,-0.0139,0.0108,0.0137
2.3,4.4,4.4,3.4,1.5,14.0,9.0,29.7,4.8,-0.7506,-0.1068,-0.2717,-0.1242,0.1015,0.5411,-0.1315,0.0424
2.3,4.8,4.5,4.1,1.3,5.1,10.3,21.8,30.7,-0.2777,0.0366,-0.2415,-0.2837,0.2206,0.4367,-0.685,-0.2467
2.3,1.4,1.9,4.0,1.4,6.5,7.5,14.3,20.9,-0.3034,0.1441,0.0011,0.1493,-0.3081,0.1586,-0.3042,-0.8022
2.3,4.3,4.5,3.9,1.7,19.9,20.4,38.0,14.8,-0.9016,0.4247,0.0001,2.761e-05,-2.4651e-05,-1.1339e-05,0.0119,0.0268
2.3,2.0,1.2,3.8,4.9,5.9,8.8,19.7,15.7,0.0391,0.3977,-0.0317,-0.4563,-0.7551,-0.0079,-0.2138,-0.0468
2.3,4.0,1.4,1.6,4.6,14.6,3.3,4.6,19.2,-0.5184,0.6502,-0.3173,-0.0374,-0.3338,-0.0455,-0.1265,-0.2679
2.3,1.2,3.3,2.0,1.5,6.0,15.9,13.3,34.9,-0.2625,0.154,-0.2999,-0.0345,0.2965,0.2973,-0.6498,-0.4467
2.3,4.6,4.4,3.5,3.0,4.9,14.3,4.2,43.7,-0.7799,0.5067,0.0466,0.2033,0.0686,0.2291,-0.0291,-0.1505
2.3,3.0,2.3,1.9,3.7,17.9,21.3,26.0,29.1,-0.8804,0.458,-0.0124,-0.0153,0.0022,0.004,0.0345,0.0688
2.3,3.6,1.7,3.8,4.2,21.6,2.1,25.2,30.9,-0.7811,0.5748,-0.0023,-0.1995,-0.0428,0.0928,-0.0069,0.0221
2.3,1.9,4.6,4.9,2.0,9.0,21.3,7.8,25.9,-0.7336,0.1603,0.01,-0.021,-0.0111,-0.0447,-0.1376,-0.6398
2.3,3.3,3.5,4.9,4.7,9.5,9.2,40.6,20.7,-0.4575,0.1316,-0.4832,-0.071,0.4874,0.0824,-0.466,0.2448
2.3,2.9,4.8,2.4,2.3,13.8,7.9,13.2,21.9,-0.165,-0.2132,0.0636,-0.1647,-0.1769,0.509,-0.7557,0.1053
2.3,1.3,2.7,2.9,3.9,11.2,8.6,30.3,31.3,-0.4814,0.0855,-0.4812,0.0893,0.5057,0.1371,-0.4845,0.007
2.3,3.7,4.2,3.3,1.9,9.1,10.6,13.8,33.9,-0.4809,-0.0235,-0.1207,-0.3429,0.0871,0.6138,-0.4654,-0.1297
2.3,4.8,4.9,4.3,3.3,15.0,3.0,7.4,23.1,-0.7166,0.4341,-0.0697,0.1581,-0.1188,0.1236,-0.2208,-0.4286
2.3,1.7,2.6,3.8,4.6,9.5,4.5,26.4,32.7,-0.6008,0.1729,-0.399,-0.042,0.3804,0.3631,-0.3419,-0.2125
2.3,2.8,2.6,2.7,3.9,20.6,6.3,31.0,11.9,-0.8169,0.5678,0.018,-0.0121,-0.0246,-0.0126,0.0051,0.0092
2.3,4.3,4.2,1.2,4.2,8.4,9.3,11.8,17.3,0.1999,0.2892,-0.2938,-0.4301,-0.6287,0.3977,-0.1694,0.0752
2.3,3.2,2.2,2.8,1.5,17.0,11.6,15.5,43.5,-0.6864,-0.0212,-0.0549,0.5011,0.1686,-0.2469,-0.2177,0.3338
2.3,4.6,3.1,3.9,4.5,13.5,3.1,15.1,14.9,-0.0617,-0.1805,-0.1582,-0.2643,-0.5955,0.3263,-0.5851,0.1992
2.3,2.1,2.9,1.5,3.1,21.9,9.3,34.7,23.2,-0.5762,0.8045,-0.0236,-0.0814,-0.0069,0.0469,-0.0005,0.0041
2.3,4.0,4.7,1.1,3.1,13.1,6.0,33.0,5.5,-0.6344,0.4757,-0.3795,-0.3838,0.0072,0.1542,0.0583,0.2099
2.3,4.3,1.1,1.4,3.2,6.8,16.1,12.4,29.5,-0.4044,0.0619,-0.3628,-0.0435,0.2292,0.6366,-0.329,-0.338
2.3,4.5,2.5,1.4,3.9,9.7,9.2,10.4,32.7,-0.5864,0.1715,-0.3342,0.0343,0.2504,0.6122,-0.164,-0.1813
2.3,2.7,4.8,4.1,2.7,8.3,9.5,28.9,28.5,-0.3966,-0.1111,-0.4586,0.0284,0.4671,0.0897,-0.5922,0.1694
2.3,2.6,3.5,4.1,1.0,12.0,9.3,27.7,36.7,-0.6548,-0.2188,-0.3533,0.1988,0.3612,-0.0979,-0.3338,0.3077
2.3,4.5,2.6,1.6,1.3,5.9,20.2,10.5,7.4,0.3922,0.325,-0.0564,0.0117,-0.0274,0.0316,0.5257,-0.6623
2.3,2.5,2.1,3.8,2.2,13.3,14.1,7.6,22.0,-0.6483,0.2699,-0.0023,0.1515,-0.1043,0.1069,-0.2365,-0.6313
2.3,3.6,2.1,3.1,1.3,15.6,19.1,25.6,10.9,-0.9172,-0.1582,-0.0101,0.0726,0.0171,-0.0419,-0.065,0.3266
2.3,3.0,1.9,1.9,4.6,5.0,21.1,18.1,13.6,0.3414,0.0674,0.0288,-0.0235,-0.0003,-0.0279,0.1403,-0.9041
2.3,2.1,3.1,5.0,4.1,15.6,15.9,24.7,22.8,-0.533,-0.3437,-0.2895,0.189,0.2947,-0.1069,-0.4605,0.3774
2.3,2.9,3.7,4.5,2.6,14.9,4.3,43.9,42.1,-0.8523,0.1937,-0.0062,0.2118,-0.0028,-0.2682,0.0167,0.267
2.3,3.6,3.6,3.4,4.1,3.7,9.1,17.9,31.9,-0.5672,0.0825,-0.3443,-0.0688,0.2169,0.5349,-0.2525,-0.3749
2.3,2.4,1.0,4.8,3.7,12.7,2.7,10.5,12.7,-0.4952,0.4602,-0.2608,-0.2276,-0.3867,-0.3103,-0.0359,-0.4121
2.3,1.7,1.2,3.4,2.5,17.4,12.0,34.2,16.5,-0.842,0.0426,-0.3135,0.031,0.3253,0.0277,-0.1117,0.2417
2.3,3.9,2.1,4.4,1.1,10.0,17.9,26.2,25.0,-0.3361,-0.4562,-0.1202,0.0798,0.1224,-0.0428,-0.6609,0.4322
2.3,2.2,1.8,1.6,3.1,8.6,21.6,28.3,31.8,-0.934,0.0454,-0.0302,-0.0606,0.0022,0.0268,0.0077,0.3131
2.3,4.8,1.7,3.3,4.0,5.7,3.1,8.5,42.8,-0.6416,0.3049,-0.1426,0.291,0.0118,0.4274,-0.0198,-0.4465
2.3,1.1,2.4,4.4,3.6,4.1,21.9,5.8,14.9,-0.2489,-0.128,0.0912,-0.109,0.0768,-0.1278,0.5102,-0.7772
2.3,4.0,3.7,4.1,1.5,6.3,13.9,31.4,16.3,-0.1051,-0.0244,-0.2846,-0.049,0.289,0.113,-0.89,0.021
2.3,2.7,3.1,3.4,1.5,8.1,9.7,12.8,17.5,-0.2938,0.1417,-0.0251,0.1642,-0.3,0.1719,-0.2693,-0.8152
2.3,4.0,3.3,3.2,2.2,7.1,20.6,8.4,10.3,-0.2504,-0.06,0.0179,-0.0186,0.0056,-0.0299,0.245,-0.9266
2.3,2.4,4.0,3.4,4.1,19.1,19.1,14.8,4.9,-0.9508,0.0589,0.0019,0.0519,0.0048,-0.0288,-0.0016,0.2207
2.3,3.0,3.9,2.8,2.2,10.1,10.3,10.9,28.9,-0.2338,0.1919,0.1988,0.022,-0.3013,0.3223,-0.6451,-0.4927
2.3,2.9,4.0,4.7,2.2,18.2,10.6,21.8,21.1,-0.9634,0.0706,-0.1353,0.0372,0.137,0.0083,-0.0119,0.1325
2.3,2.1,4.9,2.0,3.1,6.0,21.0,30.6,4.6,0.3966,0.649,0.1289,-0.0095,0.0552,-0.0416,0.4956,-0.3379
2.3,3.1,3.7,4.7,1.6,4.8,16.0,43.3,24.7,-0.5905,-0.2081,-0.0707,0.0903,0.0707,-0.0903,-0.2749,0.7025
2.3,4.6,3.4,1.3,4.1,20.9,14.9,20.2,9.4,-0.571,0.8123,0.0082,-0.0685,-0.0328,0.0297,0.0016,0.0043
2.3,4.4,1.4,1.0,2.2,20.3,18.9,14.4,30.4,-0.5331,0.8407,0.0026,0.0041,-0.0005,-0.0015,0.0088,0.006
2.3,1.1,3.5,2.6,3.2,20.8,9.7,32.2,32.1,-0.8767,0.4594,0.0036,0.053,0.005,-0.0294,0.0139,0.0346
2.3,3.3,2.2,4.0,3.8,21.6,14.6,12.1,43.0,-0.7365,0.5394,-0.3054,-0.0822,-0.1987,0.0296,0.0805,-0.0093
2.3,3.6,1.1,4.0,1.8,18.5,19.6,33.4,29.0,-0.953,0.2817,0.0023,0.0183,-8.3846e-06,-0.0108,0.0202,0.0727
2.3,4.8,1.0,1.1,4.9,6.7,4.7,40.2,26.6,-0.4984,0.5288,-0.3433,0.0716,0.4711,0.1727,-0.2893,0.0073
2.3,1.6,4.9,4.2,1.3,17.0,5.8,29.9,11.4,-0.8175,-0.1641,-0.2363,-0.139,0.2339,0.2288,-0.1682,0.2842
2.3,4.2,1.8,1.3,1.4,8.8,13.0,20.4,24.3,-0.3588,-0.1432,-0.4499,-0.0032,0.4245,0.3474,-0.5707,0.0664
2.3,3.0,3.7,2.4,1.9,8.6,9.4,26.4,39.7,-0.5311,0.0141,-0.3477,0.4309,0.4129,-0.159,-0.4003,0.2017
2.3,3.6,2.9,4.9,1.8,10.4,2.6,21.8,42.5,-0.4585,0.3015,-0.3993,0.1274,0.4406,0.2012,-0.4772,-0.213
2.3,2.9,4.7,2.0,2.9,11.2,17.8,37.8,26.1,-0.8732,0.0215,0.0063,0.0832,0.0068,-0.0621,0.0026,0.4621
2.3,3.8,2.7,2.3,4.8,21.8,4.0,38.2,4.9,-0.6934,0.6695,0.0634,-0.1086,-0.1046,-0.1825,-0.0292,-0.0491
2.3,1.7,1.3,3.4,4.5,14.8,9.5,34.3,11.7,-0.7091,-0.0838,-0.2242,-0.1375,0.0389,0.6216,-0.1241,-0.0354
2.3,1.1,2.9,4.1,4.1,14.1,12.0,33.7,41.9,-0.7681,0.0522,-0.1019,0.4342,0.1604,-0.2723,-0.1606,0.2664
2.3,1.2,3.6,4.5,4.8,10.6,8.8,9.2,42.3,-0.7865,0.2898,-0.0861,0.1956,0.0499,0.3513,-0.0432,-0.3423
2.3,2.9,3.2,2.3,1.6,13.7,20.0,18.2,6.7,-0.0336,0.0537,-0.0297,0.0143,0.0301,0.0182,-0.8824,-0.4284
2.3,4.5,2.0,4.9,1.5,4.3,6.8,41.7,25.4,-0.4775,-0.1489,-0.3553,0.0488,0.3555,-0.0481,-0.4426,0.5332
2.3,2.5,1.1,1.8,1.7,20.1,18.6,12.1,13.2,-0.8092,0.5698,-0.0298,0.043,0.0376,-0.0205,0.0207,0.0362
2.3,4.0,3.6,3.7,4.3,2.9,12.0,41.3,17.0,-0.3727,0.4906,-0.3335,-0.2371,0.3394,0.2495,-0.5119,-0.0329
2.3,1.9,4.2,1.2,2.9,8.2,12.1,27.7,23.5,-0.1959,-0.0175,-0.4161,0.2062,0.4305,0.2144,-0.6761,-0.1956
2.3,3.3,2.5,2.7,1.8,16.9,18.5,20.5,35.0,-0.9632,0.1742,0.012,0.0819,0.0027,-0.0406,0.0216,0.151
2.3,3.3,2.4,2.3,3.8,7.2,13.3,34.6,27.2,-0.3899,0.0013,-0.4285,0.198,0.4707,-0.0612,-0.5578,0.2695
2.3,2.3,4.1,2.2,4.2,7.7,4.3,24.2,11.8,-0.2012,0.2233,-0.1293,-0.7162,-0.4415,0.2255,-0.253,0.2453
2.3,2.1,2.9,4.0,4.2,5.9,18.7,6.7,33.9,-0.7498,0.3208,0.1576,0.0634,-0.1518,0.0717,-0.224,-0.4645
2.3,4.4,5.0,2.7,4.9,11.0,12.6,17.1,20.3,-0.4646,0.0519,-0.3393,-0.1532,0.2704,0.5408,-0.4133,-0.301
2.3,1.8,2.9,4.6,1.4,21.6,14.4,31.8,37.0,-0.8678,0.4736,-0.0195,-0.0667,0.0014,0.0279,0.0008,0.0042
2.3,2.9,1.0,4.2,1.2,11.2,7.2,4.5,40.2,-0.7625,0.2264,-0.0461,0.2715,-0.1229,0.2072,-0.0588,-0.471
2.3,2.9,2.2,3.6,3.6,19.2,9.6,10.0,20.6,-0.9537,0.1633,-0.0334,-0.0004,0.0174,0.0829,0.0222,0.1783
2.3,1.9,2.5,4.4,3.2,9.9,13.8,11.9,23.5,-0.4309,0.1669,0.1389,0.1385,-0.3048,0.191,-0.3144,-0.7139
2.3,1.6,1.9,1.4,3.6,9.4,19.1,15.7,34.4,-0.3797,-0.2189,-0.1812,0.3462,0.2599,-0.163,-0.5683,0.4337
2.3,4.8,3.4,2.4,3.9,13.6,13.2,6.4,38.7,-0.7592,0.3568,-0.098,-0.141,0.1767,0.4251,-0.1537,-0.0869
2.3,3.6,2.3,1.2,2.5,13.6,9.6,14.5,30.0,-0.6523,0.2302,-0.4093,0.117,0.4491,0.2718,-0.2114,0.0719
2.3,3.0,1.4,2.7,1.6,8.0,15.1,32.0,32.7,-0.5762,-0.2319,-0.2852,0.2501,0.3069,-0.1537,-0.3969,0.4249
2.3,2.2,1.4,4.1,4.3,11.6,16.8,17.0,35.9,-0.5443,0.2299,-0.3898,-0.0554,0.3946,0.3122,-0.4185,-0.2287
2.3,3.5,4.8,4.7,4.4,12.1,2.0,28.0,33.3,-0.6088,0.1119,-0.4689,0.0482,0.4833,0.1286,-0.3654,0.0118
2.3,2.7,3.3,2.5,5.0,2.2,8.2,8.9,19.3,-0.232,0.7131,-0.2741,-0.2075,-0.4356,-0.2595,0.1131,-0.2078
2.3,1.6,1.8,3.8,4.8,3.5,17.8,23.9,21.2,-0.3625,0.1362,-0.2298,-0.0634,0.1519,0.344,-0.4151,-0.6791
2.3,1.6,2.1,3.6,3.4,10.2,7.2,37.7,12.0,-0.6601,0.1277,-0.1116,-0.399,0.1324,0.4969,-0.3038,0.0983
2.3,2.2,4.5,3.5,3.1,5.8,20.9,32.1,22.8,-0.2946,-0.3889,0.0333,-0.0615,-0.0441,0.0341,-0.6955,0.5004
2.3,1.4,1.4,4.7,4.4,11.2,15.5,11.2,11.8,-0.2936,0.6281,-0.2752,-0.209,-0.4422,-0.3076,0.2509,-0.1855
2.3,1.9,2.5,1.3,1.3,16.6,11.9,10.4,15.7,-0.2029,-0.2106,-0.0148,-0.1312,-0.0884,0.5099,-0.7024,0.3091
2.3,4.1,1.1,3.3,1.1,3.3,20.3,21.3,20.3,-0.1868,0.1756,-0.0483,0.0029,0.04,0.0505,-0.6652,-0.6879
2.3,2.8,1.6,1.5,4.2,21.6,7.1,28.2,40.3,-0.5779,0.8031,-0.0843,-0.059,0.0032,0.0038,0.0043,0.0035
2.3,2.9,3.4,2.0,3.6,7.0,13.6,30.2,11.4,0.0542,0.1622,-0.6161,-0.1115,-0.1709,0.4951,0.2671,-0.4512
2.3,4.2,4.5,3.9,4.9,16.0,15.0,6.2,31.0,-0.7489,0.5058,0.0477,0.0843,-0.0304,0.0358,-0.2266,-0.3382
2.3,4.9,4.4,1.2,4.3,12.0,21.6,19.7,37.4,-0.6934,0.704,-0.0689,-0.0494,0.0087,0.009,0.0283,0.0312
2.3,4.6,2.0,1.0,1.1,20.2,9.5,6.2,27.6,-0.6054,0.7826,-0.0036,0.0036,0.0058,0.0079,0.0552,0.0474
2.3,2.7,3.5,3.6,2.5,13.5,5.6,28.1,32.2,-0.6893,-0.0439,-0.4199,0.1546,0.4341,-0.0179,-0.286,0.2033
2.3,3.5,1.4,5.0,1.1,3.0,8.3,35.7,23.2,-0.2509,-0.0734,-0.3335,-0.214,0.3373,0.2359,-0.7336,0.2326
2.3,3.8,4.8,4.3,1.1,19.3,14.4,28.5,17.3,-0.9528,0.2881,-0.0009,0.0123,0.002,-0.007,0.0117,0.0425
2.3,2.8,1.1,1.5,3.9,11.4,4.8,36.8,7.4,-0.5631,0.2999,-0.2899,-0.5394,-0.1008,0.2686,-0.0171,0.3551
2.3,1.3,2.2,4.6,4.1,20.6,12.8,30.7,15.7,-0.9434,0.3023,-0.0313,0.0235,0.0319,-0.0111,0.0079,0.0363
2.3,1.3,4.4,3.7,1.1,17.2,14.9,13.2,27.9,-0.181,-0.1084,-0.1143,-0.3055,0.1139,0.3739,-0.8114,0.0523
2.3,1.4,2.9,4.7,2.5,13.8,9.1,11.0,23.2,-0.5308,0.2555,0.0237,0.184,-0.2053,0.1242,-0.2952,-0.682
2.3,4.9,2.0,4.0,1.3,15.9,14.7,15.8,39.0,-0.7263,-0.0649,-0.345,0.2403,0.3598,-0.129,-0.2466,0.2553
2.3,2.2,1.1,1.8,1.6,10.8,10.6,43.3,35.9,-0.6562,0.2179,-0.1866,0.3111,0.1878,-0.3094,-0.0375,0.4944
2.3,2.3,3.0,4.3,3.1,9.7,19.0,39.4,7.0,-0.1986,0.5709,-0.0977,-0.0354,0.101,0.0446,-0.7341,-0.2212
2.3,3.0,1.3,2.7,4.8,9.9,7.4,19.1,36.0,-0.5652,0.2617,-0.3806,0.1119,0.3251,0.4053,-0.2829,-0.3071
2.3,4.8,1.1,2.1,1.9,14.6,7.8,37.0,25.4,-0.8758,0.2974,-0.1688,0.1592,0.1888,-0.1138,0.0046,0.1853
2.3,1.8,2.3,4.9,2.8,5.3,2.4,37.8,19.8,-0.5237,0.1194,-0.2846,-0.3909,0.2905,0.4128,-0.4341,0.157
2.3,4.6,1.6,1.5,3.3,8.2,2.1,32.0,12.8,-0.3781,0.1133,-0.592,-0.4511,-0.2651,0.3675,0.0571,0.2616
2.3,4.5,1.8,1.3,3.2,9.7,15.4,13.6,11.3,0.0947,0.3235,-0.3637,-0.5535,-0.5059,0.3921,-0.0511,0.1182
2.3,3.0,2.0,3.0,4.7,3.6,3.2,34.9,12.0,-0.1688,0.0767,-0.4349,-0.4612,-0.5232,0.4853,0.1222,0.1233
2.3,1.0,3.5,2.5,2.3,19.5,3.8,40.2,36.4,-0.8787,0.3404,-0.0183,0.1891,0.0314,-0.1663,0.0318,0.1844
2.3,2.6,2.4,2.7,4.8,7.9,17.5,12.5,35.9,-0.5002,0.3584,-0.3159,-0.0286,0.3594,0.2954,-0.4535,-0.2822
2.3,3.9,4.6,2.7,3.4,2.8,6.1,11.4,5.5,-0.4838,0.5579,0.053,-0.3141,-0.2171,-0.4069,-0.1489,-0.3379
2.3,4.9,2.7,1.1,1.0,8.7,7.7,23.8,16.9,-0.4571,-0.2646,-0.4048,-0.0787,0.2167,0.5508,-0.3912,0.1736
2.3,3.9,3.9,4.7,4.4,10.4,5.2,19.7,29.0,-0.6989,-0.0172,-0.2688,-0.2163,0.2104,0.5198,-0.2429,-0.0931
2.3,2.0,2.1,1.2,2.6,3.2,13.5,18.2,9.4,-0.0541,0.5475,-0.1629,-0.6518,-0.3855,0.2245,-0.1228,0.1419
2.3,4.0,4.6,1.3,3.9,18.0,17.1,19.0,27.9,-0.7681,0.6269,0.0335,0.0474,-0.0082,-0.0182,0.037,0.0488
2.3,3.0,2.7,4.6,3.2,10.1,5.4,29.1,39.5,-0.5114,0.0474,-0.4279,0.2999,0.4637,-0.1149,-0.4498,0.1417
2.3,4.0,1.7,4.1,1.4,12.5,15.8,21.5,8.6,-0.3709,-0.0875,-0.1748,-0.3568,0.132,0.554,-0.5829,-0.1159
2.3,1.6,1.2,3.9,3.1,18.4,13.0,7.0,6.5,-0.6426,0.507,-0.1766,-0.1551,-0.265,-0.218,-0.1528,-0.3509
2.3,3.5,2.0,4.5,2.8,9.0,20.9,36.5,24.2,-0.7979,-0.2382,0.0023,-0.0284,-0.0055,0.0217,-0.1598,0.5169
2.3,2.8,3.2,2.2,1.9,10.4,14.8,40.4,28.4,-0.7884,-0.0053,-0.058,0.1813,0.0677,-0.1657,-0.0495,0.5433
2.3,4.8,3.4,2.8,4.0,13.0,4.9,15.0,35.8,-0.6451,0.2937,-0.3637,0.0245,0.3836,0.3264,-0.2769,-0.1504
2.3,4.3,3.7,3.1,1.1,20.5,2.0,23.2,28.0,-0.8616,0.4995,0.0135,-0.0083,-0.0158,-0.0053,0.0043,0.0087
2.3,3.1,4.0,3.1,4.7,18.5,14.1,31.0,23.9,-0.9259,0.3438,0.0061,0.085,0.0069,-0.049,0.0217,0.0748
2.3,3.7,2.5,3.7,2.8,15.0,20.7,42.7,23.4,-0.9185,0.2452,-0.0023,-0.0076,0.0023,0.0075,0.0763,0.2875
2.3,2.5,1.5,1.6,1.7,15.8,17.4,8.0,12.2,-0.2408,0.3207,0.1786,0.0193,-0.2197,0.3248,-0.6826,-0.4037
2.3,3.9,2.6,1.7,4.5,3.5,7.7,37.3,33.7,-0.386,0.3043,-0.4185,0.2347,0.5113,-0.0434,-0.4854,0.1263
2.3,3.1,3.7,4.6,4.0,4.1,9.1,5.0,35.4,-0.6711,0.1428,-0.1322,0.3084,-0.1835,0.259,0.0396,-0.5544
2.3,4.8,4.1,4.1,4.5,7.5,17.6,33.8,27.5,-0.8115,-0.2415,-0.0346,0.1289,0.0451,-0.0929,-0.1603,0.4637
2.3,1.0,2.4,3.1,2.1,18.2,19.0,42.1,40.4,-0.8964,0.3885,0.0192,0.0668,-0.0173,-0.0635,0.0565,0.1478
2.3,1.5,1.9,4.2,1.7,21.5,13.4,31.3,29.8,-0.877,0.4615,-0.002,-0.0462,-0.0062,0.0268,-0.0002,0.0031
2.3,3.6,4.2,4.0,4.7,7.0,17.0,34.0,40.3,-0.9113,0.316,0.0465,0.1904,-0.0063,-0.098,0.0083,0.0921
2.3,3.7,1.2,2.1,3.9,19.8,19.2,24.4,7.3,-0.7955,0.5954,-0.0001,0.0446,0.0082,-0.0211,0.0115,0.0183
2.3,4.0,3.3,2.8,4.7,2.1,2.1,14.0,15.1,-0.2309,0.6238,-0.0304,-0.3195,-0.4669,-0.3212,-0.23,-0.2719
2.3,4.7,4.4,3.7,4.6,4.7,4.1,28.1,14.2,-0.1621,-0.1425,-0.4049,-0.3234,-0.4865,0.6472,0.0318,-0.098
2.3,4.6,2.2,2.6,4.7,12.8,19.2,14.7,42.9,-0.747,0.5575,0.1156,0.2666,-0.0075,-0.1043,0.0057,0.0659
2.3,3.7,3.0,4.5,3.8,3.9,19.9,34.5,12.9,-0.0929,0.3363,-0.0091,-0.0019,0.0091,0.0055,-0.8974,-0.2287
2.3,4.0,2.5,5.0,1.7,5.2,10.1,41.2,21.9,-0.4255,-0.1705,-0.3297,0.0658,0.3303,-0.0642,-0.4961,0.5514
2.3,1.3,2.9,3.3,1.4,14.9,16.6,11.4,22.5,-0.3725,0.2591,0.0821,-0.1811,-0.0967,0.2939,-0.5674,-0.5677
2.3,1.7,3.3,2.2,4.7,19.3,14.2,20.5,13.4,-0.8236,0.2627,-0.303,0.1226,0.3175,0.0946,-0.0808,0.0786
2.3,3.2,2.6,2.7,1.3,21.3,16.0,5.2,29.1,-0.7948,0.5966,0.0032,-0.0047,-0.0123,-0.0174,0.0028,0.0058
2.3,3.7,2.7,4.9,1.4,8.4,19.2,32.7,31.2,-0.7486,-0.3522,-0.0191,0.0462,0.0216,-0.0337,-0.2396,0.4913
2.3,2.3,2.0,4.1,1.6,9.7,5.6,23.8,35.5,-0.5652,0.0031,-0.4407,-0.1235,0.43,0.321,-0.4122,-0.0292
2.3,1.3,3.2,1.1,2.8,6.1,10.9,41.9,30.2,-0.2666,0.2033,-0.3651,0.2806,0.4028,-0.2427,-0.4395,0.4926
2.3,1.6,4.0,2.2,4.2,4.0,15.7,40.1,29.7,-0.5468,-0.1485,-0.1449,0.2638,0.168,-0.2248,-0.3311,0.6161
2.3,1.1,4.0,5.0,1.2,12.8,11.1,38.8,27.0,-0.7161,-0.2257,-0.1392,0.1261,0.1409,-0.1203,-0.2264,0.5518
2.3,3.7,3.3,3.7,4.0,2.5,18.2,7.9,34.1,-0.692,0.2838,0.0071,-0.1944,0.0014,0.3588,-0.2774,-0.4237
2.3,3.4,3.4,2.8,4.1,10.3,6.1,36.1,18.0,-0.6625,0.1792,-0.3339,-0.2169,0.3656,0.3726,-0.2889,0.0673
2.3,1.3,1.0,1.3,1.4,12.3,21.9,16.8,4.3,0.5025,0.6728,0.0605,-0.0153,0.0182,-0.0204,0.3827,-0.3098
2.3,3.8,2.2,3.1,4.8,4.6,7.9,25.6,11.6,-0.2175,0.2726,-0.0876,-0.7037,-0.4808,0.208,-0.1838,0.2382
2.3,2.4,1.8,2.3,3.0,6.5,14.5,8.9,7.6,-0.3692,0.7272,-0.0736,-0.271,-0.3132,-0.3312,-0.0691,-0.1918
2.3,1.2,1.2,1.5,4.7,12.0,16.0,4.2,27.7,-0.3045,0.2507,-0.3274,0.3167,-0.3331,0.3134,0.1989,-0.6118
2.3,3.4,3.2,3.2,1.7,20.4,21.6,19.0,7.9,-0.8748,0.4751,0.0017,0.002,-0.0002,-0.0002,0.0063,0.013
2.3,1.3,2.6,1.3,3.4,3.1,7.6,41.4,18.9,-0.4835,0.4802,-0.3082,-0.2376,0.3702,0.3315,-0.346,0.0481
2.3,2.4,3.3,1.4,4.2,5.4,2.4,7.9,29.3,0.1225,0.5599,-0.2596,0.0057,-0.6862,0.1375,-0.1339,-0.288
2.3,4.4,1.9,1.4,1.9,19.0,7.8,7.7,41.8,-0.7577,0.4337,0.0667,0.2885,-0.0006,-0.2122,0.0418,0.2516
2.3,2.0,3.7,1.4,5.0,4.9,2.4,4.4,39.0,-0.2109,0.4521,-0.3054,0.3794,-0.3586,0.3585,0.1963,-0.4569
2.3,1.5,2.7,4.5,3.0,6.5,13.8,11.5,41.5,-0.7572,0.3488,-0.1575,0.0667,0.1646,0.3428,-0.1483,-0.3152
2.3,2.8,1.9,2.2,4.5,15.5,13.1,24.7,26.2,-0.681,0.0828,-0.4077,0.2557,0.439,-0.0151,-0.2549,0.1564
2.3,4.3,4.1,3.0,1.9,21.0,11.3,5.1,19.1,-0.8296,0.5448,0.0016,-0.0128,-0.0073,-0.023,0.0129,0.0248
2.3,4.1,4.8,4.7,3.4,6.9,10.7,13.3,30.8,-0.4395,-0.0344,0.1434,-0.3,-0.2098,0.5953,-0.4696,-0.2406
2.3,2.5,1.7,1.3,4.7,5.0,21.2,13.0,42.4,-0.4936,0.8562,-0.0058,0.0028,0.0006,-0.0002,-2.6239e-05,-0.0001
2.3,4.5,2.2,4.6,4.9,17.4,19.0,18.5,19.1,-0.9757,0.0852,-0.0032,0.0584,0.0081,-0.0347,0.0081,0.1556
2.3,2.8,2.7,2.4,3.3,21.1,9.3,40.2,5.1,-0.7569,0.641,0.0525,0.0015,-0.0688,-0.0253,-0.0009,0.0065
2.3,3.6,2.1,2.4,4.4,13.5,4.3,4.9,27.5,-0.5722,0.3947,-0.2673,0.2678,-0.2932,0.2511,-0.0608,-0.4624
2.3,3.8,4.9,1.8,3.7,6.4,3.7,34.6,9.7,-0.3423,0.2749,-0.3902,-0.6096,-0.2734,0.3209,-0.0112,0.306
2.3,2.4,4.0,1.2,1.0,5.2,16.8,5.6,11.6,0.3586,0.3997,-0.1179,0.0609,-0.1763,0.0537,0.5638,-0.575
2.3,2.5,2.9,3.7,1.6,10.3,9.7,14.4,33.3,-0.3733,-0.1075,0.0115,-0.3477,-0.0729,0.613,-0.5616,-0.1064
2.3,3.7,3.8,3.7,1.2,9.3,7.0,8.5,30.0,-0.6583,0.2438,-0.0468,0.1619,-0.1141,0.1255,-0.1964,-0.6371
2.3,3.8,4.2,1.7,2.5,2.0,15.9,22.3,25.7,-0.031,-0.0217,-0.2288,0.0992,0.2141,0.1558,-0.7849,-0.4824
2.3,4.5,4.7,4.2,4.0,18.0,13.2,8.2,22.8,-0.4128,-0.2889,0.0472,-0.0999,-0.0421,0.1539,-0.542,0.5711
2.3,1.5,1.3,1.6,3.0,19.9,19.9,10.6,13.6,-0.8834,0.3087,-0.0047,0.1429,0.027,-0.0995,0.0421,0.2142
2.3,4.8,4.2,1.3,1.2,9.1,20.1,8.3,22.7,-0.4835,0.4247,-0.0025,0.0036,0.0056,0.0078,-0.5001,-0.5718
2.3,2.5,2.6,1.7,4.1,11.7,19.7,7.6,42.7,-0.6455,0.6512,0.086,0.2601,-0.006,-0.1727,-0.0003,0.0881
2.3,4.8,3.9,4.8,4.9,7.5,7.7,28.3,40.9,-0.4991,0.0633,-0.3875,0.381,0.4418,-0.1479,-0.4444,0.1542
2.3,1.3,3.0,3.2,1.4,20.8,8.8,11.6,28.9,-0.9207,0.3587,-0.0108,-0.0004,0.0091,0.0177,0.0133,0.0444
2.3,4.7,2.9,4.4,1.0,10.3,21.5,32.1,35.5,-0.9295,-0.1401,-0.0076,-0.0578,-0.0041,0.0287,-0.0525,0.3134
2.3,4.6,1.9,1.4,4.6,17.6,15.6,9.1,33.2,-0.7038,0.5214,-0.2791,0.0334,0.3445,0.0729,-0.0561,0.1107
2.3,4.9,2.9,3.8,4.5,4.2,20.7,16.2,39.7,-0.8278,0.5347,-0.0467,-0.0692,0.0035,0.0083,0.003,0.0065
2.3,1.0,3.9,3.1,3.8,16.0,12.5,21.6,9.6,-0.0702,0.119,-0.5136,-0.4565,-0.4532,0.4726,0.2174,-0.0654
2.3,3.1,4.5,1.2,3.9,10.5,7.0,5.2,37.7,-0.1197,0.2494,0.2909,0.1394,-0.2599,0.5565,-0.5869,-0.1973
2.3,2.2,1.1,3.6,2.6,2.2,12.6,26.9,37.0,-0.452,0.1391,-0.47,0.0643,0.4831,0.1822,-0.5127,-0.098
2.3,2.4,1.2,3.6,3.6,20.0,20.8,38.5,37.1,-0.8975,0.4305,0.0006,0.0034,-0.0002,-0.0017,0.0192,0.0424
2.3,3.6,2.5,4.0,4.2,7.0,16.8,11.6,9.2,-0.0543,0.7474,-0.0644,-0.1686,-0.5241,-0.1556,0.2885,-0.0665
2.3,2.0,4.0,2.5,2.0,3.7,3.6,5.9,22.9,-0.1833,0.3179,-0.4532,-0.0626,-0.4932,-0.0844,0.2561,-0.5773
2.3,4.9,3.0,2.1,2.4,21.4,20.5,14.0,18.5,-0.7016,0.7073,0.0004,0.0001,-0.0001,-1.3122e-05,0.0012,0.0015
2.3,1.1,3.0,4.9,5.0,13.9,19.5,34.3,14.6,-0.051,-0.1449,-0.0496,0.0212,0.0518,-0.0067,-0.9434,0.2123
2.3,2.2,1.2,4.2,4.0,6.8,7.6,6.7,38.7,-0.4487,-0.2121,0.0279,-0.0637,-0.3537,0.7027,-0.1697,-0.094
2.3,3.7,1.5,4.7,3.5,10.7,8.7,42.3,4.6,-0.7895,0.2074,-0.0234,-0.3488,0.0244,0.3516,-0.085,0.2706
2.3,1.9,2.5,1.0,4.1,3.2,14.0,38.2,43.4,-0.5952,0.4712,0.1761,0.4629,0.0163,-0.296,-0.0167,0.2694
2.3,3.7,4.5,2.5,1.9,7.4,15.9,38.2,22.2,-0.53,-0.2776,-0.0849,0.1326,0.0965,-0.1071,-0.392,0.6536
2.3,2.0,3.7,4.0,1.4,6.5,9.9,10.1,19.8,-0.4335,0.0619,-0.0989,0.1658,-0.1991,0.1228,-0.0248,-0.8418
2.3,4.0,3.8,4.3,3.2,19.4,18.4,11.9,25.8,-0.9422,0.313,0.0002,0.0079,0.0005,-0.0046,0.0164,0.0566
2.3,1.2,2.5,2.8,1.1,4.6,17.7,16.6,8.4,0.2124,0.1176,-0.2342,-0.0577,-0.0914,0.2358,0.3872,-0.8059
2.3,2.6,1.5,2.4,4.0,12.5,6.0,36.5,24.4,-0.6474,0.2146,-0.428,-0.0379,0.466,0.1707,-0.2764,0.1316
2.3,1.8,2.3,4.2,3.6,19.3,20.3,5.3,37.6,-0.7185,0.5665,0.0091,-0.0051,-0.0107,0.0065,-0.2398,-0.2956
2.3,2.3,3.5,3.3,2.0,6.5,6.6,21.0,24.2,-0.2658,-0.1609,-0.0562,-0.3063,-0.0774,0.6286,-0.5893,-0.2121
2.3,4.8,4.2,3.9,1.4,10.4,19.4,37.7,8.7,-0.5959,-0.3499,-0.0103,0.0197,0.0116,-0.0152,-0.3672,0.6082
2.3,2.4,3.8,3.6,3.1,2.4,20.0,5.4,42.8,-0.7299,0.6693,-0.0106,-0.0116,0.002,0.0054,0.0268,0.023
2.3,3.7,3.6,2.8,3.5,18.4,19.9,39.3,31.4,-0.8784,0.4639,0.0007,0.0021,-0.0003,-0.0012,0.0389,0.0749
2.3,2.8,4.6,4.2,3.0,7.7,20.8,23.2,14.5,-0.1347,0.2088,0.0458,-0.0186,-0.0523,-0.0299,-0.8164,-0.5007
2.3,3.7,4.0,4.7,1.5,19.0,6.8,13.8,10.1,-0.9746,0.1371,-0.0248,0.0033,0.0045,0.0513,0.0128,0.1176
2.3,2.7,1.8,4.0,1.4,13.0,4.0,34.4,33.8,-0.7818,-0.0732,-0.3057,0.1719,0.316,-0.1256,-0.1841,0.3187
2.3,3.5,3.9,1.7,3.7,3.4,16.7,14.6,4.4,-0.5016,0.7163,-0.1994,-0.3846,-0.0215,0.162,0.0149,0.0938
2.3,4.8,2.1,2.6,1.3,21.2,6.0,12.4,36.2,-0.7744,0.6151,0.064,-0.0422,-0.0836,-0.0154,-0.0058,0.0017
2.3,4.4,2.7,4.3,2.6,20.9,11.0,17.4,22.9,-0.8649,0.4882,0.0478,-0.023,-0.0553,-0.0142,-0.0026,0.0009
2.3,4.2,2.5,1.6,4.6,17.7,6.4,29.9,11.0,-0.7402,0.5461,-0.3388,0.0066,-0.0926,0.1316,0.0626,0.0257
2.3,2.6,1.7,4.6,2.6,9.6,12.7,22.0,5.1,-0.1748,0.3769,0.1502,-0.5406,-0.6289,-0.0129,-0.3088,0.0909
2.3,3.4,4.5,1.7,1.2,21.4,9.9,30.2,14.5,-0.664,0.7406,0.0005,-0.0397,-0.0124,0.0194,0.0005,0.0017
2.3,4.2,2.4,4.8,4.0,16.6,13.6,9.1,5.7,-0.413,0.5705,-0.1602,-0.0899,-0.419,-0.1881,-0.3194,-0.3702
2.3,1.3,4.0,1.3,4.1,13.9,7.3,36.6,35.5,-0.5678,0.1854,-0.1806,0.4859,0.2946,-0.3092,-0.2545,0.3345
2.3,4.4,4.7,4.0,2.7,19.3,12.6,30.8,23.4,-0.9184,0.3861,-0.0007,0.0137,0.0021,-0.0079,0.0108,0.0277
2.3,4.7,4.8,1.3,4.7,10.8,8.5,6.4,14.1,-0.2331,0.7485,-0.3157,-0.1295,-0.4221,-0.147,-0.0895,-0.2328
2.3,3.6,1.0,4.1,2.4,13.6,11.7,23.4,20.6,-0.708,-0.2176,-0.2668,-0.2079,0.2469,0.3615,-0.2772,0.2379
2.3,3.2,4.5,4.1,2.2,13.9,11.3,31.1,14.7,-0.6459,-0.2144,-0.3603,0.1044,0.3683,-0.0338,-0.3385,0.3594
2.3,3.1,1.9,2.0,2.1,21.7,4.6,26.5,7.8,-0.6767,0.7133,0.0872,-0.0801,-0.02,-0.1019,-0.0023,-0.0105
2.3,1.8,3.8,1.9,2.0,15.6,7.2,26.1,6.8,-0.455,0.0709,-0.5184,-0.526,-0.2637,0.2915,0.0033,0.2703
2.3,1.6,1.4,4.1,4.3,6.4,2.3,41.2,24.3,-0.5698,0.2889,-0.3836,-0.2691,0.3896,0.2846,-0.3431,0.1108
2.3,4.7,3.3,1.9,2.9,14.5,12.1,12.1,43.2,-0.2948,0.2865,-0.2966,0.4196,0.4681,-0.1286,-0.5332,0.1521
2.3,4.7,3.5,2.6,1.3,6.5,20.8,18.3,42.4,-0.7684,0.6041,-0.0384,-0.0458,0.003,0.0056,0.0014,0.0045
2.3,2.1,3.1,4.4,3.5,5.6,2.4,42.0,15.1,-0.5999,0.2594,-0.1979,-0.4261,0.1987,0.4281,-0.2858,0.1976
2.3,1.5,4.2,3.0,2.9,2.3,19.4,5.7,6.8,-0.2249,0.867,0.0028,-0.0565,-0.0571,0.0269,0.412,0.1056
2.3,5.0,3.8,4.9,3.3,3.8,7.4,16.7,25.7,-0.2895,-0.0016,0.199,-0.1174,-0.3936,0.4894,-0.4763,-0.4775
2.3,1.1,4.5,3.8,4.2,15.2,10.1,39.6,25.9,-0.6486,-0.0972,-0.2876,0.2385,0.2971,-0.2139,-0.2845,0.4478
2.3,2.6,1.4,3.6,3.8,5.6,21.7,4.9,33.0,-0.8212,0.3707,-0.0076,-0.0475,-0.0374,-0.0802,-0.1597,-0.3761
2.3,4.9,4.2,3.9,1.2,18.9,20.6,15.6,9.6,-0.9574,0.2607,-0.0011,-0.0029,0.0002,0.001,0.0184,0.0753
2.3,2.9,3.7,4.1,2.6,19.2,11.3,36.9,39.0,-0.9315,0.3398,0.0133,0.0597,-0.0048,-0.0389,0.0215,0.0691
2.3,1.1,4.9,4.6,2.0,5.1,20.1,36.4,38.4,-0.9678,0.1224,-0.0066,-0.0226,0.0024,0.014,0.0173,0.1785
2.3,3.4,3.3,4.9,4.1,9.7,3.3,5.1,43.4,-0.7748,0.226,-0.0546,0.291,-0.0169,0.3439,0.0241,-0.3691
2.3,3.8,2.0,2.7,3.0,10.4,6.3,6.4,17.8,-0.4083,0.3829,-0.4257,-0.0259,-0.4858,-0.0575,0.0389,-0.507
2.3,1.2,3.3,3.4,1.1,13.7,10.9,17.2,6.2,0.1358,0.1138,-0.1295,-0.0668,-0.7442,0.2606,-0.1612,-0.5268
2.3,3.9,4.3,4.7,2.8,5.0,21.3,9.0,29.8,-0.7235,0.2886,0.0148,-0.0269,-0.0283,-0.0675,-0.2256,-0.5735
2.3,3.5,2.0,1.8,1.1,5.6,15.0,39.2,9.9,-0.2396,0.374,-0.3231,-0.1602,0.3526,0.2279,-0.691,-0.0364
2.3,2.6,1.9,2.5,3.4,7.9,17.7,28.3,14.3,-0.2424,0.125,-0.2794,-0.0038,0.2265,0.3105,-0.5738,-0.5895
2.3,2.6,4.0,1.2,3.3,12.3,19.2,18.4,18.4,-0.086,-0.2873,-0.0562,0.091,0.0842,-0.0167,-0.9,0.2177
2.3,3.6,4.9,2.1,1.2,19.0,10.2,18.4,28.9,-0.8714,0.4695,-0.0371,0.0615,0.0465,-0.0292,0.0199,0.047
2.3,3.0,3.2,4.9,1.5,12.9,7.4,29.6,42.7,-0.673,-0.0488,-0.2073,0.4482,0.2592,-0.2575,-0.276,0.2776
2.3,2.8,1.4,3.0,2.2,19.2,11.8,6.7,32.7,-0.7424,-0.1664,-0.0079,-0.0745,0.0119,0.1517,-0.1798,0.5346
2.3,1.9,2.0,1.8,1.7,19.1,15.1,38.8,29.0,-0.8419,0.5115,0.0135,0.0643,-0.004,-0.0503,0.0545,0.0989
2.3,1.6,1.3,1.4,4.1,11.1,3.9,33.0,32.6,-0.4742,0.3075,-0.4142,0.2498,0.4977,0.1689,-0.391,-0.0678
2.3,2.5,3.6,1.3,3.5,21.1,20.6,23.9,7.3,-0.5932,0.7985,0.0004,0.0001,-3.4044e-05,-1.0446e-05,0.0034,0.0029
2.3,1.5,1.2,3.4,3.0,18.6,9.1,6.6,21.4,-0.6311,0.4886,-0.0589,0.1528,-0.1296,0.1165,-0.3051,-0.4442
2.3,4.2,1.7,3.1,1.7,12.5,9.1,6.8,5.7,-0.5947,0.4538,-0.2197,-0.2624,-0.2882,-0.308,-0.0407,-0.3726
2.3,1.6,4.0,4.9,1.2,15.5,20.4,42.9,25.0,-0.8939,0.0516,-0.0002,-0.0059,0.0003,0.0061,0.0241,0.4346
2.3,4.2,3.3,3.7,1.9,20.6,12.3,43.4,27.7,-0.856,0.5095,-0.002,-0.013,0.002,0.0129,0.0164,0.0291
2.3,4.0,3.1,4.5,3.6,4.5,17.0,43.9,38.8,-0.8896,0.2795,0.0064,0.1478,-0.0043,-0.1458,0.0577,0.268
2.3,2.6,1.7,4.5,4.7,18.2,19.8,6.1,9.1,-0.8254,0.4083,0.017,0.0377,-0.0129,0.013,-0.1633,-0.3356
2.3,1.8,2.6,1.7,1.3,20.4,18.0,17.0,8.7,-0.8091,0.5715,0.0098,0.034,-0.0004,-0.0151,0.0171,0.0282
2.3,2.9,1.1,4.0,4.0,15.5,8.4,9.5,18.1,-0.427,0.4179,-0.1892,0.1845,-0.3711,0.1216,-0.3237,-0.55
2.3,1.3,1.0,1.0,4.5,19.9,15.1,22.0,8.2,-0.6426,0.6619,-0.3255,-0.1431,-0.0256,0.0319,0.0614,0.0573
2.3,3.5,2.5,4.4,1.3,9.8,10.8,40.9,6.8,-0.5001,0.2104,-0.33,-0.3628,0.3322,0.3687,-0.4193,0.1745
2.3,3.4,1.4,1.9,2.7,19.0,15.7,13.5,13.9,-0.8551,0.4795,-0.0842,0.0297,0.0907,0.0731,0.0272,0.0633
2.3,4.2,1.3,4.7,3.7,4.7,14.6,14.1,13.7,0.0186,0.3878,-0.2843,-0.0022,-0.6501,-0.0692,0.2727,-0.5013
2.3,3.3,1.4,3.5,1.7,17.0,12.1,12.7,5.5,-0.2798,-0.2995,-0.1763,-0.2642,-0.4199,0.3014,-0.5089,0.3974
2.3,1.0,1.6,4.1,3.4,17.4,13.4,40.4,12.8,-0.611,0.1418,-0.434,-0.162,0.439,0.1755,-0.3131,0.2317
2.3,1.9,4.0,3.7,2.4,5.7,10.9,17.4,41.3,-0.5483,0.3379,-0.3588,0.1054,0.3899,0.2798,-0.3654,-0.263
2.3,1.9,4.1,1.6,4.0,18.0,20.6,33.1,14.7,-0.9191,0.3238,-0.0069,-0.0093,0.0017,0.004,0.0575,0.1739
2.3,1.4,4.4,2.3,2.5,3.5,7.5,31.3,28.6,-0.3694,0.075,-0.4459,-0.0288,0.4637,0.2641,-0.5974,-0.0624
2.3,2.5,2.8,3.3,2.6,20.3,16.4,37.0,42.7,-0.8788,0.466,0.0248,0.007,0.0173,-0.0126,0.015,0.0292
2.3,1.7,1.2,1.3,4.4,10.1,7.6,8.3,42.2,-0.4308,0.4386,-0.151,0.3648,0.1184,0.4626,-0.1171,-0.462
2.3,2.1,1.8,4.5,4.0,21.9,15.5,13.2,30.5,-0.761,0.5684,0.1484,-0.1421,-0.1928,0.0308,-0.0311,0.0166
2.3,3.8,2.0,1.1,3.9,3.2,6.4,9.7,20.2,0.0892,0.6621,-0.1945,-0.2454,-0.5905,-0.081,-0.2502,-0.1692
2.3,1.2,2.1,2.9,1.4,19.0,11.1,10.5,9.3,-0.1565,-0.2434,-0.0011,-0.058,-0.255,0.3446,-0.7557,0.2673
2.3,4.9,2.1,2.4,1.3,7.5,21.2,34.2,22.0,-0.6338,-0.3702,0.0018,-0.0226,-0.0069,0.0134,-0.3418,0.5736
2.3,2.0,3.0,2.0,1.3,21.2,11.1,40.9,26.4,-0.7444,0.6597,-0.0033,-0.0104,0.0015,0.0085,0.0091,0.012
2.3,4.9,2.9,1.5,1.8,19.6,13.3,23.0,8.0,-0.7064,0.6991,-0.0308,0.0377,0.0395,0.0016,0.0099,0.0122
2.3,1.9,4.3,4.8,4.5,2.9,12.7,14.3,29.6,-0.5647,-0.0086,-0.0482,-0.2389,-0.0665,0.5909,-0.2405,-0.4446
2.3,1.5,2.8,4.2,3.8,16.8,12.5,32.4,42.6,-0.8523,0.1125,0.0097,0.3839,0.0606,-0.2099,-0.0665,0.2246
2.3,3.9,1.7,1.2,2.2,15.8,2.0,42.2,10.9,-0.7336,0.5869,-0.1742,-0.0561,0.2044,0.0893,0.0593,0.1427
2.3,4.0,4.9,3.0,2.6,10.9,7.2,37.7,6.2,-0.7395,0.0789,-0.1325,-0.2349,0.1345,0.5506,-0.1902,0.0457
2.3,4.2,4.4,2.0,4.2,13.3,6.0,35.9,21.7,-0.6963,0.2559,-0.3972,0.1206,0.4476,0.0203,-0.191,0.1714
2.3,3.7,4.5,1.2,2.4,17.4,4.7,4.4,32.4,-0.4222,0.7887,0.0449,0.1251,0.0083,0.1176,-0.343,-0.2027
2.3,1.1,4.1,2.5,3.5,13.0,6.7,15.8,24.0,-0.1919,-0.2235,-0.1942,-0.2171,-0.2885,0.7572,-0.3317,-0.2087
2.3,3.5,1.8,4.8,1.3,19.3,8.2,7.4,4.5,-0.3115,-0.2414,-0.0206,-0.0444,-0.1074,0.0633,-0.6451,0.4883
2.3,2.7,2.9,4.1,1.4,3.0,7.5,13.1,19.3,-0.3051,0.0797,-0.1159,0.1677,-0.306,0.1267,-0.035,-0.8603
2.3,4.9,2.0,2.5,4.5,14.4,21.4,4.4,5.2,-0.7386,0.1774,0.0048,-0.0605,-0.0241,-0.0951,-0.123,-0.6078
2.3,2.4,1.8,3.5,4.1,14.1,18.8,27.2,41.8,-0.8818,0.3425,0.0652,0.2528,0.0004,-0.1019,-0.0002,0.0837
2.3,1.2,4.0,3.7,4.0,16.6,16.5,44.0,4.5,-0.6731,0.6167,-0.1449,-0.1939,0.1446,0.1935,-0.1685,-0.0841
2.3,2.9,4.0,4.0,4.7,17.1,7.2,11.6,29.9,-0.7439,-0.155,-0.0851,-0.2334,0.0726,0.4507,-0.2201,0.2832
2.3,2.0,3.2,4.4,4.6,13.1,10.1,37.8,11.7,-0.7201,0.2064,-0.1938,-0.3343,0.2113,0.417,-0.2482,0.0116
2.3,3.6,1.4,1.6,3.5,16.4,4.1,8.1,21.0,-0.024,-0.0383,-0.0973,-0.0533,-0.3544,0.3425,-0.7321,0.4006
2.3,2.6,1.2,3.7,3.0,13.1,16.0,30.6,10.8,-0.5832,0.0578,-0.2917,-0.2753,0.2776,0.4955,-0.3863,-0.0875
2.3,4.0,3.5,1.5,2.4,20.4,16.9,14.2,38.5,-0.6723,0.734,-0.0021,0.0002,0.0006,0.0001,0.0091,0.0091
2.3,3.9,3.8,3.2,3.5,11.2,21.6,42.7,17.1,-0.8347,0.032,-0.0067,-0.059,0.0022,0.0532,0.0143,0.5327
2.3,3.2,1.6,3.0,2.4,6.9,16.8,35.3,17.8,-0.1566,0.0187,-0.347,0.0123,0.3629,0.0498,-0.8156,0.1886
2.3,1.1,3.8,4.3,1.5,5.5,14.3,43.0,22.3,-0.3878,-0.2009,-0.147,0.1032,0.1468,-0.1036,-0.4644,0.717
2.3,2.5,3.8,2.7,4.8,14.7,7.0,21.4,43.1,-0.4598,0.0624,-0.246,0.5457,0.3769,-0.1997,-0.4212,0.2214
2.3,2.0,2.2,4.5,4.6,9.4,9.8,30.5,6.3,-0.4696,0.1996,0.0496,-0.6459,-0.3628,0.2145,-0.2076,0.2995
2.3,3.6,2.4,2.9,2.0,10.0,10.9,38.4,44.0,-0.7345,0.2478,0.0275,0.4386,0.0788,-0.2906,-0.0665,0.3061
2.3,4.9,3.2,2.8,2.5,20.8,5.1,18.7,37.6,-0.7984,0.5886,-0.0314,-0.0827,0.0034,0.0329,0.0027,0.0087
2.3,3.2,3.6,3.0,3.4,7.4,2.6,17.1,24.2,-0.1359,-0.252,-0.1793,-0.2184,-0.4207,0.7033,-0.3671,-0.1228
2.3,2.9,2.0,3.9,3.0,12.1,2.6,9.4,12.3,-0.4443,0.4523,-0.2784,-0.2034,-0.4169,-0.2729,-0.0871,-0.4656
2.3,3.9,2.8,4.6,2.4,5.4,9.7,41.9,39.0,-0.7655,0.0474,-0.1554,0.2978,0.1565,-0.2951,-0.1248,0.4018
2.3,3.8,1.1,4.9,2.0,21.7,13.2,25.3,33.7,-0.8411,0.5123,0.0023,-0.1266,-0.0253,0.0608,-0.0014,0.0117
2.3,1.4,3.8,1.9,3.1,6.7,11.1,28.4,42.9,-0.5594,0.1783,-0.1255,0.5889,0.2849,-0.2603,-0.2678,0.2356
2.3,4.7,4.6,3.4,3.3,15.9,18.1,27.8,13.8,-0.9719,0.0936,0.0056,0.0441,0.0015,-0.0226,0.0143,0.1847
2.3,2.5,4.1,3.7,2.4,19.1,19.5,36.7,12.6,-0.9388,0.3176,0.0006,0.0026,-0.0002,-0.0014,0.0295,0.0923
2.3,3.6,1.1,2.6,1.7,7.7,16.1,25.8,27.9,-0.2956,-0.1977,-0.4146,0.057,0.4173,0.1083,-0.6863,0.1568
2.3,3.0,2.4,3.6,4.0,18.6,8.9,33.2,29.2,-0.9297,0.3127,-0.0287,0.1183,0.0398,-0.0816,0.0142,0.0817
2.3,1.7,2.1,3.1,2.9,9.3,5.1,4.5,17.1,-0.4131,0.3823,-0.3974,-0.2665,-0.4155,-0.2821,0.2412,-0.3721
2.3,4.8,1.4,4.0,2.9,2.3,8.0,18.1,38.9,-0.6347,0.253,-0.2983,0.0464,0.2268,0.4256,-0.2295,-0.3838
2.3,1.6,3.6,2.3,1.7,16.9,11.2,22.1,16.3,-0.7064,-0.1573,-0.3842,0.0028,0.3775,0.1861,-0.2663,0.2452
2.3,1.2,3.2,3.7,5.0,8.3,6.1,39.5,41.9,-0.6112,0.0977,-0.239,0.422,0.2871,-0.3215,-0.2881,0.3179
2.3,3.7,4.3,4.0,4.8,21.0,9.3,5.1,6.5,-0.8307,0.5064,0.1392,-0.0547,0.1205,-0.0798,0.022,-0.0039
2.3,1.0,2.1,1.8,2.4,13.8,18.6,29.6,11.4,-0.0915,0.0749,-0.2138,0.0759,0.2143,0.1465,-0.7874,-0.4652
2.3,3.4,4.1,2.4,5.0,15.0,5.8,24.3,23.3,-0.7549,0.1514,-0.3842,0.049,0.3424,0.3251,-0.1539,0.0008
2.3,1.4,4.9,2.0,1.7,11.4,9.8,30.7,43.0,-0.6778,0.1611,-0.043,0.5386,0.1766,-0.2768,-0.1727,0.262
2.3,1.8,3.9,2.1,3.7,4.6,20.8,8.1,43.2,-0.5535,0.8194,-0.0465,-0.0373,-0.0035,0.0001,0.0279,0.0151
2.3,3.1,2.9,4.3,1.3,14.2,17.6,25.3,41.6,-0.9388,0.0993,0.0067,0.2278,0.023,-0.1193,-0.018,0.1473
2.3,2.5,1.2,1.7,2.7,8.4,20.3,14.5,20.9,-0.1018,0.0961,-0.1074,0.0479,0.096,0.1075,-0.6904,-0.668
2.3,2.5,2.7,3.9,2.7,5.5,7.0,4.0,10.7,-0.5035,0.4472,-0.2118,-0.4049,-0.2257,-0.4198,0.2307,-0.2301
2.3,4.8,3.6,2.2,3.0,21.2,9.4,18.4,17.9,-0.7166,0.6869,0.0428,-0.0452,-0.0589,-0.0099,-0.0021,0.0013
2.3,2.5,3.9,3.2,3.4,11.8,17.2,22.7,20.5,-0.0819,-0.2154,-0.2035,0.0939,0.2121,0.0045,-0.9031,0.1029
2.3,2.0,2.2,2.8,3.1,19.0,4.0,25.3,4.1,-0.9032,0.2773,-0.1707,-0.2219,-0.0241,0.0278,0.032,0.1227
2.3,2.2,3.6,4.2,4.8,19.8,21.4,21.8,17.8,-0.9448,0.3051,-0.0048,-0.0111,0.0005,0.002,0.0123,0.0444
2.3,1.8,3.3,4.7,1.4,2.5,18.9,11.3,18.4,-0.4919,0.0008,-0.0247,-0.0048,-0.0015,0.0602,0.0006,-0.8642
2.3,1.8,4.0,3.2,2.0,10.6,3.2,26.1,29.2,-0.5899,-0.1095,-0.3787,-0.1887,0.3544,0.4169,-0.3798,0.0782
2.3,3.2,3.1,4.7,1.4,14.6,9.4,37.8,25.7,-0.9165,-0.0195,-0.0979,0.1185,0.1009,-0.108,-0.0334,0.3248
2.3,2.8,4.3,4.0,2.7,15.5,13.2,33.3,42.7,-0.8798,0.2409,0.0681,0.3173,0.0117,-0.1559,-0.0119,0.1616
2.3,3.8,2.2,1.5,4.3,16.9,15.3,19.1,43.8,-0.7723,0.4938,0.2008,0.284,-0.0255,-0.099,0.0352,0.126
2.3,1.4,1.7,2.4,2.8,18.7,11.0,6.2,34.2,-0.3001,0.5213,0.1937,0.1047,-0.1874,0.1563,-0.6348,-0.3059
2.3,3.6,1.9,2.4,1.0,14.4,4.2,19.2,39.9,-0.6367,0.1304,-0.4361,0.2358,0.4651,0.0308,-0.2996,0.0818
2.3,4.8,1.0,2.9,4.3,11.4,6.7,19.8,17.3,-0.4238,-0.2453,-0.4427,-0.2711,-0.3437,0.5562,-0.1098,0.1886
2.3,2.4,5.0,3.6,2.9,18.7,16.3,37.3,21.5,-0.9419,0.298,0.0047,0.0266,-0.0013,-0.0185,0.0347,0.1167
2.3,2.8,4.7,2.5,2.6,11.7,21.2,21.8,34.6,-0.9564,0.0266,-0.0275,-0.0756,0.0011,0.0304,0.0001,0.2466
2.3,4.7,3.9,3.0,3.6,10.9,20.5,6.3,24.2,-0.7547,0.3703,0.0024,-0.0069,-0.0103,-0.0188,-0.2347,-0.4818
2.3,4.3,1.2,2.1,4.1,17.2,10.6,13.2,21.1,-0.9008,0.2578,-0.1561,0.0351,0.0824,0.2364,0.0324,0.1398
2.3,2.5,4.5,1.5,1.2,8.8,2.9,29.8,24.5,-0.5452,-0.1781,-0.3813,-0.1045,0.3429,0.4259,-0.3947,0.215
2.3,2.8,1.1,2.7,3.1,18.3,15.1,12.7,43.7,-0.8075,0.0536,0.0648,0.3946,0.0571,-0.1874,-0.0802,0.3302
2.3,5.0,4.3,2.1,3.1,19.2,10.7,14.6,37.6,-0.8193,0.5575,0.021,0.0736,-0.0018,-0.0387,0.0212,0.0385
2.3,1.3,3.1,4.6,3.6,8.6,15.1,31.4,12.2,-0.5356,0.2676,-0.1873,-0.197,0.1792,0.3633,-0.4269,-0.4558
2.3,2.5,1.9,3.3,1.0,13.0,19.8,40.8,25.6,-0.8789,-0.0118,-0.0028,0.0228,0.0035,-0.0213,-0.0084,0.4656
2.3,4.7,2.3,4.8,2.1,6.2,5.6,7.3,16.8,-0.4432,0.0755,-0.3899,0.0579,-0.4171,0.0321,0.2703,-0.6227
2.3,3.5,3.9,4.1,3.4,3.1,10.6,9.9,37.3,-0.7572,0.0788,-0.1835,-0.0352,0.0799,0.5153,-0.0785,-0.3038
2.3,3.1,3.9,2.3,1.9,19.0,11.3,21.4,42.1,-0.8759,0.4372,0.0728,0.1445,-0.0121,-0.0453,0.0199,0.0602
2.3,4.0,3.1,4.2,3.4,12.0,20.3,20.3,34.5,-0.9563,-0.0672,-0.0063,-0.0271,-0.0001,0.0134,-0.0235,0.2495
2.3,2.1,2.8,1.3,1.2,12.5,5.0,28.2,18.6,-0.6267,-0.1779,-0.3767,-0.0594,0.2872,0.4449,-0.2832,0.2324
2.3,2.3,4.7,4.9,2.2,19.6,7.9,14.5,13.6,-0.9747,0.1431,-0.0232,-0.0026,0.0134,0.0494,0.0099,0.0982
2.3,2.8,2.9,3.7,5.0,3.3,13.9,23.9,27.1,-0.4382,0.1393,-0.3453,-0.0896,0.2935,0.4174,-0.4554,-0.425
2.3,4.0,4.6,2.3,2.8,4.7,8.0,18.6,40.8,-0.4293,0.3373,-0.3758,0.2501,0.4369,0.2459,-0.4246,-0.2329
2.3,2.5,3.1,3.1,4.4,3.9,9.2,24.4,40.3,-0.4344,0.2658,-0.4219,0.2524,0.4803,0.1385,-0.4696,-0.129
2.3,1.0,2.4,2.3,2.0,2.9,13.3,42.9,35.1,-0.5459,0.015,-0.2229,0.2825,0.2242,-0.2804,-0.2254,0.6133
2.3,2.2,4.8,4.8,3.6,18.2,6.0,30.8,37.5,-0.9385,0.1115,-0.0251,0.2229,0.045,-0.1439,-0.0197,0.1551
2.3,4.2,4.4,4.8,3.2,11.6,20.6,17.4,36.9,-0.9681,0.0605,-0.0238,-0.0901,0.0016,0.0369,0.0005,0.1648
2.3,2.7,2.6,4.6,4.8,9.2,7.5,23.7,43.8,-0.4045,0.2984,-0.4001,0.2664,0.4857,0.103,-0.4959,-0.1021
2.3,1.9,3.9,4.8,4.3,8.5,17.6,23.2,33.1,-0.5453,-0.4085,-0.153,0.2136,0.1643,-0.1294,-0.4478,0.4378
2.3,4.6,1.2,1.6,3.5,2.1,7.7,11.0,38.3,-0.3526,0.2865,-0.447,0.2738,0.0031,0.5322,0.0277,-0.4716
2.3,4.1,4.4,2.7,2.2,16.5,9.0,15.0,22.4,-0.9101,0.0091,-0.1614,-0.0563,0.16,0.1859,-0.0418,0.2566
2.3,1.7,2.2,3.6,4.4,12.8,12.0,39.2,30.8,-0.6615,-0.0392,-0.286,0.2814,0.3007,-0.2438,-0.2634,0.41
2.3,2.6,4.0,2.7,4.4,9.5,10.5,32.4,19.6,-0.4727,0.1579,-0.3967,-0.1097,0.4079,0.3717,-0.4867,-0.1657
2.3,2.5,1.3,1.1,4.7,12.6,2.9,35.2,33.9,-0.4297,0.3734,-0.3356,0.3995,0.4903,-0.074,-0.3627,0.107
2.3,1.6,1.9,4.1,2.9,2.3,19.6,16.1,6.7,0.0168,0.7953,-0.1426,-0.1026,-0.0801,0.0209,0.5488,-0.0347
2.3,3.5,3.5,3.0,4.6,10.5,6.2,21.8,31.6,-0.5941,0.1595,-0.427,0.0194,0.3972,0.3681,-0.3233,-0.1749
2.3,4.4,3.0,1.3,4.1,4.2,20.7,38.7,39.0,-0.682,0.7188,-0.0041,-4.8166e-05,0.0012,0.0001,0.0329,0.0341
2.3,1.2,4.3,3.0,1.1,7.5,15.1,7.3,42.1,-0.8417,0.28,-0.1015,0.001,0.1429,0.3248,-0.0858,-0.1866
2.3,2.0,2.4,4.8,4.9,5.7,13.2,42.1,33.0,-0.6412,-0.0569,-0.2578,0.2746,0.2609,-0.267,-0.2669,0.4691
2.3,2.6,3.0,3.9,3.7,11.0,14.8,30.2,35.9,-0.7926,-0.1142,-0.137,0.3343,0.1645,-0.2211,-0.1743,0.3301
2.3,4.7,1.8,4.5,4.5,11.4,11.9,26.7,4.8,-0.5944,0.0679,-0.0013,-0.6194,-0.2402,0.219,-0.194,0.3257
2.3,3.3,3.8,3.3,4.7,20.9,18.8,26.2,4.3,-0.8281,0.5543,-0.0093,-0.018,0.0016,0.0044,0.002,0.0035
2.3,2.3,1.3,3.4,1.5,6.3,12.5,32.4,38.6,-0.556,-0.079,-0.373,0.2929,0.4003,-0.1748,-0.4095,0.2955
2.3,2.4,1.4,3.3,1.1,13.2,20.3,33.1,32.0,-0.91,-0.1352,-0.0033,0.0348,0.0068,-0.0227,-0.0592,0.371
2.3,3.5,1.1,3.6,4.5,7.7,21.6,7.2,19.8,-0.6742,0.1083,0.0125,-0.0377,-0.0131,-0.0639,-0.1033,-0.71
2.3,3.6,4.0,4.7,4.8,4.5,21.8,18.1,23.8,-0.1993,0.2879,0.1121,-0.0535,-0.1425,-0.0853,-0.7684,-0.4748
2.3,1.8,4.3,3.0,3.1,8.6,16.2,26.6,40.2,-0.894,0.1488,0.0244,0.3143,0.0339,-0.1601,-0.03,0.1817
2.3,1.0,5.0,5.0,1.5,4.0,17.6,25.4,27.0,-0.027,0.0617,-0.0848,0.0057,0.0858,0.0263,-0.9594,-0.2077
2.3,4.9,4.9,4.3,2.9,10.1,2.8,12.2,33.4,-0.3052,-0.1291,0.1915,-0.1919,-0.3116,0.5788,-0.5932,-0.0235
2.3,4.9,3.8,3.2,4.0,3.5,15.7,10.1,9.9,-0.1165,0.8237,-0.0489,-0.1553,-0.4183,-0.1374,0.2746,-0.0157
2.3,4.5,1.8,2.1,1.0,10.1,2.7,35.5,9.9,-0.6922,-0.1302,-0.2036,-0.2333,0.2186,0.4208,-0.2669,0.3158
2.3,1.4,1.5,4.6,2.5,6.5,2.3,4.8,15.7,-0.4425,0.2926,-0.3486,-0.3362,-0.361,-0.351,0.3267,-0.3448
2.3,1.4,4.1,3.7,2.5,15.2,12.7,41.8,17.5,-0.6893,-0.0987,-0.1713,0.1812,0.1725,-0.1786,-0.1801,0.5855
2.3,4.5,4.6,4.8,3.8,18.6,15.9,4.7,42.1,-0.8182,0.5063,0.0394,0.06,0.0719,0.1009,-0.1024,-0.1816
2.3,2.8,2.5,4.4,3.8,16.7,15.5,29.7,37.7,-0.9446,0.1191,-0.0023,0.2097,0.0258,-0.1255,-0.0098,0.1591
2.3,3.3,1.6,4.7,4.7,7.3,18.5,21.2,8.2,-0.0091,0.5379,-0.3727,-0.3535,-0.2836,0.1912,0.5267,-0.0842
2.3,4.1,4.1,2.3,4.9,3.9,2.3,36.1,33.9,-0.4639,0.3368,-0.4283,0.1231,0.5015,0.0913,-0.4492,-0.0102
2.3,2.9,4.1,2.7,4.9,21.7,11.0,33.4,9.7,-0.729,0.6357,0.0919,-0.1584,-0.1337,0.0687,-0.0222,0.012
2.3,3.0,2.2,4.2,1.3,9.9,8.6,9.0,16.1,-0.5675,0.118,-0.1574,0.1626,-0.2215,0.1241,-0.0533,-0.7341
2.3,1.5,1.2,2.2,2.3,15.3,7.6,25.9,16.3,-0.634,-0.2139,-0.3393,-0.1322,0.1188,0.5672,-0.2272,0.1287
2.3,4.7,4.8,1.8,3.5,12.2,17.6,40.1,9.1,-0.2763,-0.1458,-0.1462,0.1915,0.1743,-0.1484,-0.5857,0.638
2.3,3.5,4.5,2.3,4.3,17.5,17.9,42.4,11.9,-0.8666,0.442,0.0137,0.0385,-0.0099,-0.0332,0.0883,0.18
2.3,2.6,3.7,1.5,4.4,6.4,16.3,35.3,18.5,-0.1478,0.2153,-0.2582,0.1027,0.3194,0.1207,-0.8141,-0.2269
2.3,2.5,2.4,2.8,1.4,11.1,20.6,22.4,35.4,-0.8332,-0.2963,-0.0028,-0.0033,0.0008,0.0022,-0.1559,0.4135
2.3,4.9,4.4,4.9,1.9,10.0,13.6,33.5,16.5,-0.5407,-0.3604,-0.2076,0.1372,0.2131,-0.1016,-0.4475,0.4947
2.3,4.7,2.4,3.4,3.5,6.8,10.2,26.7,40.4,-0.4721,0.0982,-0.3961,0.3886,0.461,-0.1057,-0.4557,0.1214
2.3,3.6,4.8,3.3,2.3,13.7,21.9,32.8,6.0,-0.6052,-0.373,0.0238,-0.1278,-0.048,0.0735,-0.3729,0.5533
2.3,4.4,1.5,3.3,3.5,3.4,5.9,16.2,20.8,0.1455,0.1829,-0.1668,-0.0934,-0.7793,0.228,-0.18,-0.4507
2.3,1.4,1.1,1.1,3.1,17.8,19.6,7.2,26.0,-0.3185,0.4133,-0.1462,-0.301,0.2129,0.4331,-0.5831,-0.0279
2.3,2.2,1.0,2.7,3.7,18.5,12.7,29.3,35.4,-0.9074,0.2821,-0.0084,0.2287,0.0413,-0.1307,0.0022,0.1229
2.3,1.1,1.9,3.5,1.1,17.9,20.8,15.9,41.9,-0.9245,0.3162,-0.0116,-0.0137,0.0026,0.0043,0.0063,0.0396
2.3,3.5,3.5,1.9,4.4,16.7,13.8,18.6,24.7,-0.8282,0.1832,-0.1725,0.3203,0.2182,-0.1755,-0.0705,0.2184
2.3,1.1,2.9,4.5,2.2,12.6,18.5,40.3,40.4,-0.941,0.2453,0.0124,0.0922,-0.0082,-0.0824,0.0286,0.1574
2.3,1.0,1.6,4.8,1.2,11.0,17.4,33.8,10.2,-0.1114,0.1611,-0.2646,-0.0901,0.2691,0.1223,-0.8791,-0.052
2.3,1.2,4.6,1.1,4.3,10.4,14.3,22.4,43.2,-0.6618,0.4804,0.2122,0.4446,0.0087,-0.1995,-0.0116,0.1711
2.3,2.9,4.2,4.8,3.6,11.6,13.8,27.6,19.7,-0.2603,-0.1241,-0.4081,0.0071,0.4126,0.0902,-0.7325,0.1227
2.3,2.3,3.7,4.2,1.2,15.7,15.7,14.4,30.3,-0.1963,-0.1216,-0.2815,-0.2024,0.282,0.2661,-0.7985,0.0899
2.3,3.5,2.5,1.9,3.7,18.6,3.0,31.0,40.7,-0.8208,0.5347,0.0811,0.1359,-0.0176,-0.0486,0.0271,0.0589
2.3,2.2,2.8,4.4,2.0,11.7,19.4,6.2,25.5,-0.7655,0.1742,0.0423,-0.0065,-0.0468,0.044,-0.1372,-0.5943
2.3,2.9,1.8,1.8,3.7,21.0,15.9,11.0,23.3,-0.6946,0.7097,0.0256,-0.022,-0.0386,0.0003,0.0043,0.0068
2.3,1.3,4.7,2.3,4.8,13.8,12.3,28.9,42.0,-0.7723,0.2003,0.031,0.4773,0.0892,-0.236,-0.0877,0.2234
2.3,3.4,2.6,4.5,3.0,6.3,7.6,28.7,21.3,-0.5001,-0.0112,-0.2479,-0.3504,0.2368,0.5145,-0.4813,-0.0515
2.3,3.5,2.7,1.6,1.9,21.5,18.0,19.4,40.4,-0.6058,0.7842,-0.0544,-0.0481,0.0056,0.0071,0.0018,0.002
2.3,2.9,2.6,3.5,4.0,19.9,20.1,38.8,13.0,-0.8842,0.4571,0.0001,0.0004,-1.3517e-05,-0.0002,0.0178,0.0369
2.3,4.3,3.5,4.0,3.2,2.1,17.1,34.3,16.7,-0.1316,0.3129,-0.1699,-0.0267,0.1798,0.0792,-0.8608,-0.2436
2.3,4.6,2.0,3.5,1.8,17.9,20.4,27.6,17.7,-0.9536,0.2794,0.0003,0.0023,-5.3252e-06,-0.0008,0.0201,0.0725
2.3,2.0,4.5,3.7,3.1,20.7,4.6,5.5,13.5,-0.9166,0.3301,0.0126,-0.0116,0.0072,-0.0188,0.0235,0.106
2.3,4.9,2.4,1.8,2.1,15.7,5.0,22.1,30.8,-0.8422,0.343,-0.2265,0.1865,0.2557,-0.0182,-0.0311,0.1065
2.3,4.9,4.2,1.1,4.6,6.6,15.1,13.5,21.0,-0.0308,0.0393,-0.41,0.152,0.1287,0.4671,-0.1808,-0.7171
2.3,1.7,4.5,2.4,2.3,16.8,18.9,19.5,39.8,-0.925,0.3341,0.0314,0.078,-0.006,-0.0291,0.024,0.0833
2.3,3.7,1.5,4.3,4.4,9.8,7.6,17.0,29.6,-0.6649,-0.1202,-0.203,-0.2178,0.0654,0.6209,-0.2129,-0.0833
2.3,3.5,3.9,4.4,4.2,16.8,11.8,4.6,30.6,-0.8453,0.4028,0.0064,0.0919,-0.0101,0.0748,-0.1317,-0.2954
2.3,1.3,2.0,1.6,4.1,11.5,20.8,16.5,38.7,-0.8347,0.5206,0.0094,0.0214,-0.0015,-0.0064,0.0332,0.0622
2.3,2.2,3.5,2.8,4.6,9.0,4.8,29.0,40.5,-0.4236,0.1823,-0.4003,0.3722,0.4868,-0.0438,-0.4842,0.0495
2.3,2.9,1.5,2.6,2.2,4.6,2.3,23.4,29.8,-0.5035,-0.1206,-0.3657,-0.179,0.2014,0.6173,-0.3368,-0.1363
2.3,2.1,2.0,2.5,2.5,17.4,2.3,33.1,23.5,-0.8837,0.221,-0.246,0.0543,0.2661,0.035,-0.0349,0.1549
2.3,4.0,3.0,4.9,2.2,20.6,15.0,30.2,38.4,-0.9004,0.4219,-0.017,-0.0472,0.0035,0.0172,0.0019,0.0067
2.3,3.2,4.2,2.8,3.8,12.6,17.8,21.9,27.8,-0.7608,-0.3248,-0.0393,0.1542,0.0574,-0.0882,-0.2249,0.4576
2.3,2.9,2.1,5.0,3.8,7.5,12.9,17.6,31.0,-0.6209,0.0389,-0.2158,-0.2683,0.1639,0.5443,-0.3123,-0.2497
2.3,2.0,1.6,4.8,3.3,5.6,18.3,26.8,9.2,-0.461,0.0425,-0.171,-0.0641,0.0226,0.3684,-0.1227,-0.7595
2.3,2.1,3.1,2.1,2.3,6.8,3.0,32.5,43.5,-0.3852,0.2297,-0.2979,0.4779,0.4503,-0.1641,-0.4594,0.1641
2.3,2.3,1.6,2.7,4.7,20.6,15.9,25.4,34.0,-0.8308,0.5463,-0.0062,-0.007,0.0017,0.0029,0.0067,0.0117
2.3,1.6,4.3,4.7,3.4,8.4,10.3,14.9,28.0,-0.3827,-0.0264,0.1615,-0.2459,-0.2734,0.5645,-0.462,-0.3802
2.3,2.8,2.3,1.0,1.9,13.6,2.5,20.4,39.1,-0.4395,0.3118,-0.3174,0.4987,0.4667,-0.0409,-0.345,0.0653
2.3,3.0,4.0,1.9,3.5,21.4,8.9,40.9,26.5,-0.6707,0.7335,-0.019,-0.0438,0.0076,0.0322,0.0031,0.0054
2.3,3.0,4.5,2.6,2.9,12.9,5.0,24.6,6.4,-0.4213,0.0252,-0.1638,-0.676,-0.307,0.2311,-0.2366,0.3509
2.3,2.3,3.3,3.3,4.8,16.8,15.1,25.5,7.4,-0.431,0.0287,-0.5741,-0.0666,-0.1632,0.5656,0.1419,-0.2655
2.3,4.9,2.2,1.6,2.6,7.1,11.6,43.7,24.1,-0.4392,0.1409,-0.3819,0.2255,0.3865,-0.2202,-0.2797,0.5461
2.3,4.6,2.7,1.3,4.8,18.1,5.2,27.7,27.7,-0.7044,0.6472,-0.0474,0.2217,0.1043,-0.1052,0.0027,0.048
2.3,3.7,2.5,3.4,2.3,8.3,11.5,8.8,22.9,-0.5058,0.1701,-0.0725,0.2135,-0.2167,0.1691,-0.1468,-0.7482
2.3,3.5,4.6,1.9,3.9,8.0,4.1,20.1,25.0,-0.4033,-0.0774,-0.5773,-0.0531,-0.0006,0.6684,-0.0529,-0.178
2.3,3.2,2.8,2.6,4.6,12.9,20.6,16.7,16.6,-0.0137,0.0218,0.0196,-0.0174,-0.0267,-0.0011,-0.9724,-0.1455
2.3,3.7,1.1,2.3,1.5,15.5,10.4,17.3,27.8,-0.8726,0.0001,-0.2538,-0.0269,0.2426,0.1985,-0.0804,0.2363
2.3,2.0,3.4,4.4,3.8,19.1,12.6,32.9,14.2,-0.9486,0.1859,-0.0913,0.1191,0.0983,-0.0856,-0.0009,0.1161
2.3,1.2,4.3,4.5,1.9,13.5,8.7,27.7,10.0,-0.4406,-0.1026,-0.0438,-0.3791,-0.0092,0.6089,-0.5067,-0.092
2.3,3.7,3.2,1.2,1.2,3.7,7.9,36.8,29.3,-0.3478,0.0182,-0.4235,0.1322,0.4834,0.0103,-0.5721,0.3238
2.3,3.6,2.9,3.4,3.2,8.0,11.4,37.5,5.0,-0.6261,-0.0815,-0.154,-0.1081,-0.0773,0.6817,-0.0408,-0.2211
2.3,4.7,4.3,3.6,4.5,15.0,16.4,34.8,7.6,-0.5894,-0.1591,-0.2686,0.2807,0.291,-0.2,-0.3689,0.4175
2.3,1.6,4.8,5.0,3.4,20.9,18.1,35.1,5.3,-0.9248,0.3661,-0.0025,-0.0058,0.0008,0.0027,0.0051,0.0165
2.4,4.3,2.7,4.9,4.1,17.8,8.4,29.9,38.5,-0.9421,0.3091,0.0255,0.0796,-0.0056,-0.0299,0.0145,0.0559
2.4,2.1,1.2,1.5,2.1,11.0,10.4,41.0,33.3,-0.6075,0.2822,-0.1782,0.3493,0.1862,-0.3413,-0.0295,0.4811
2.4,3.3,4.1,4.2,4.7,2.9,2.9,43.6,18.9,-0.5098,0.4492,-0.3416,-0.3082,0.3441,0.3108,-0.2705,0.17
2.4,4.9,1.6,3.7,4.6,11.2,14.3,22.4,22.8,-0.5724,-0.0022,-0.4611,-0.0501,0.4603,0.2587,-0.4011,0.0555
2.4,3.6,4.9,4.2,4.9,15.0,21.2,22.2,5.0,-0.4613,-0.4097,0.0791,-0.2255,-0.1189,0.1073,-0.5244,0.4661
2.4,4.9,2.8,1.5,3.4,18.3,19.7,28.0,21.0,-0.6883,0.72,0.0003,0.0005,-3.6007e-05,-0.0001,0.0173,0.0171
2.4,4.3,3.7,2.6,3.7,5.6,12.7,36.2,12.2,-0.4569,0.428,-0.2824,-0.1818,0.3233,0.3075,-0.4972,-0.1857
2.4,1.1,4.2,1.2,1.9,13.9,7.2,41.4,42.8,-0.5901,0.4833,0.1509,0.3902,-0.0507,-0.3319,0.0415,0.3368
2.4,1.9,3.3,4.6,4.2,14.5,7.0,42.4,7.4,-0.7718,0.3091,-0.1441,-0.3191,0.1446,0.3195,-0.0685,0.2267
2.4,4.5,1.2,1.7,4.3,4.9,17.3,11.4,26.1,-0.3493,0.0444,-0.2833,-0.0693,0.1403,0.6176,-0.3025,-0.5236
2.4,1.8,2.2,4.2,2.0,13.4,17.2,13.1,35.7,-0.273,0.0363,-0.4202,0.0091,0.4323,0.1171,-0.7148,-0.0077
2.4,4.8,4.7,2.4,3.6,16.6,14.3,38.5,38.8,-0.8193,0.5485,0.0556,0.0911,-0.0251,-0.0532,0.0409,0.0732
2.4,2.9,4.9,1.3,1.8,6.1,6.5,34.0,5.2,-0.2813,0.4024,-0.3489,-0.6166,-0.2224,0.3353,-0.0486,0.2858
2.4,3.6,2.6,3.9,4.2,12.2,21.9,16.5,34.7,-0.8237,0.3824,-0.2382,-0.2795,-0.057,0.0207,0.0555,0.0972
2.4,3.8,3.5,4.8,3.5,8.3,21.9,31.2,22.6,-0.7841,-0.2591,-0.0234,-0.1925,-0.0463,0.0838,-0.1807,0.4751
2.4,3.6,3.7,2.6,3.4,4.0,13.0,33.6,27.8,-0.3871,-0.1377,-0.3124,0.2517,0.3471,-0.1605,-0.5556,0.4451
2.4,3.3,3.1,2.5,4.6,3.1,11.5,11.5,12.1,-0.1713,0.7698,-0.0531,-0.2615,-0.4715,-0.2347,-0.0721,-0.1293
2.4,4.2,3.7,2.2,1.8,2.2,16.5,4.3,15.1,0.1536,0.2237,-0.1327,0.0575,-0.1421,0.0519,0.7128,-0.6038
2.4,1.5,3.7,2.7,3.3,18.8,10.6,8.4,7.9,-0.2556,-0.1937,-0.1113,-0.0988,-0.3067,0.3228,-0.5692,0.4656
2.4,1.9,2.0,1.8,1.5,15.5,3.9,23.6,17.1,-0.8434,-0.0232,-0.2856,-0.0018,0.1909,0.3162,-0.0741,0.223
2.4,1.8,2.7,5.0,4.1,8.4,21.1,23.9,19.5,-0.0327,-0.0775,0.1339,-0.1196,-0.1694,0.0019,-0.953,-0.0026
2.4,1.9,4.2,3.3,3.7,18.9,8.6,13.3,19.1,-0.9415,0.2595,-0.0632,-0.0057,0.0613,0.0836,0.0207,0.1081
2.4,1.1,2.4,4.4,5.0,11.1,15.6,35.5,23.7,-0.3798,-0.2027,-0.3169,0.1845,0.33,-0.1363,-0.5907,0.4272
2.4,4.7,1.6,4.0,4.5,22.0,11.4,11.8,15.9,-0.7249,0.6595,0.0364,-0.0823,-0.0664,-0.1439,-0.0048,-0.0197
2.4,1.3,4.7,1.9,1.6,18.9,20.4,25.3,35.7,-0.8622,0.4911,-0.0171,-0.0204,0.0027,0.0045,0.0271,0.0506
2.4,1.0,1.8,4.9,1.2,8.5,14.7,18.9,21.0,-0.3131,0.1847,-0.0009,-0.2562,-0.0243,0.3685,-0.6185,-0.5217
2.4,3.4,1.2,4.5,1.7,10.3,15.8,22.8,13.9,-0.2614,-0.0178,-0.2559,-0.2927,0.2421,0.4162,-0.7176,-0.125
2.4,4.5,5.0,4.6,4.2,8.5,16.9,30.3,6.7,-0.4055,0.3775,-0.1081,-0.024,0.113,0.1282,-0.5648,-0.5587
2.4,1.8,2.8,2.6,4.1,18.6,4.1,29.5,27.3,-0.877,0.3809,-0.0964,0.179,0.1203,-0.1023,0.0001,0.0845
2.4,1.8,4.6,4.6,2.3,11.6,4.0,27.7,10.4,-0.4445,-0.2147,0.0041,-0.3301,-0.0806,0.6076,-0.5004,0.0909
2.4,2.3,1.8,1.1,2.5,4.8,10.0,36.5,36.6,-0.4054,0.2646,-0.2318,0.4613,0.3511,-0.3255,-0.325,0.3851
2.4,3.6,2.0,4.2,2.3,18.3,19.8,41.0,16.4,-0.896,0.4208,-0.0003,-0.0006,0.0004,0.0007,0.0485,0.1043
2.4,1.5,3.1,1.8,2.9,11.1,17.2,25.0,36.3,-0.9083,0.2066,0.0651,0.2255,0.0011,-0.1099,0.0166,0.214
2.4,4.0,4.2,2.5,2.0,9.2,10.0,8.3,20.6,-0.4734,0.2597,-0.0363,0.2049,-0.1618,0.1837,-0.297,-0.7134
2.4,4.8,2.1,3.1,2.8,3.1,17.9,24.9,37.7,-0.9055,0.1164,0.0173,0.2697,0.03,-0.1419,-0.0229,0.2116
2.4,4.3,2.6,4.9,2.1,9.3,19.5,22.1,34.4,-0.9012,-0.2121,-0.0026,-0.0188,-0.0012,0.0108,-0.0878,0.3354
2.4,4.5,2.1,2.3,3.6,6.4,2.9,22.1,34.7,-0.4884,0.2563,-0.4303,0.1915,0.4242,0.3137,-0.369,-0.22
2.4,4.9,3.3,1.2,2.7,12.4,7.6,33.2,32.1,-0.7555,0.425,0.0182,0.3598,0.0717,-0.2382,0.007,0.215
2.4,3.4,2.3,1.7,2.9,15.2,13.0,14.3,30.1,-0.7052,0.1924,-0.3381,0.2875,0.3988,-0.1033,-0.1788,0.224
2.4,2.6,2.6,4.7,3.6,18.4,5.9,27.3,42.4,-0.9403,0.2773,0.0875,0.1289,0.0219,-0.0016,0.021,0.0713
2.4,1.3,4.3,3.2,2.1,2.0,21.2,17.8,6.8,0.218,0.1353,0.1568,-0.0803,0.0586,-0.1348,0.3981,-0.8388
2.4,4.2,1.7,4.9,2.5,16.1,2.4,24.2,16.0,-0.9634,0.0681,-0.1083,-0.0411,0.1024,0.1269,-0.0088,0.1391
2.4,4.3,1.1,3.2,2.2,20.5,7.9,10.8,16.7,-0.7862,0.6068,0.0284,-0.0355,-0.0142,-0.0617,-0.0006,-0.0031
2.4,2.8,3.2,1.4,4.5,4.2,11.7,21.9,23.8,-0.0744,0.0452,-0.5862,0.1869,0.1439,0.5112,-0.1414,-0.5417
2.4,3.7,4.1,2.6,1.2,6.7,20.2,40.3,7.0,0.0224,0.0587,0.0399,-0.0305,-0.0441,0.0249,-0.8643,0.4717
2.4,2.6,1.7,3.7,4.1,3.1,18.2,4.2,43.2,-0.7156,0.659,0.0529,0.1124,0.072,0.1336,0.0227,-0.0129
2.4,3.3,2.0,3.6,1.9,18.2,21.8,37.5,21.4,-0.9092,0.3956,-0.0353,-0.0041,-0.0247,0.0131,0.0346,0.0787
2.4,2.7,4.3,4.7,3.6,12.8,17.6,34.2,18.8,-0.8399,-0.201,-0.0106,0.0477,0.0139,-0.0374,-0.1199,0.4733
2.4,3.8,2.1,4.4,4.3,5.7,15.4,37.3,11.3,-0.492,0.4933,-0.2451,-0.2482,0.2579,0.2871,-0.4488,-0.1684
2.4,3.7,2.6,3.4,4.9,2.9,12.9,37.6,26.3,-0.3068,0.1115,-0.4446,0.1063,0.4655,-0.0571,-0.6081,0.2801
2.4,3.7,4.9,3.2,1.8,15.0,19.2,29.4,41.8,-0.2561,0.2234,-0.0291,0.0171,0.0306,0.0279,-0.5461,-0.586
2.4,3.4,1.3,1.6,4.2,11.8,19.9,27.8,29.3,-0.9248,0.279,0.0239,0.0574,-0.0032,-0.0253,0.0573,0.208
2.4,4.6,2.9,4.9,4.3,11.3,18.2,21.2,25.4,-0.6743,-0.4146,-0.0412,0.087,0.0465,-0.0542,-0.3205,0.4853
2.4,2.3,5.0,3.0,4.6,14.0,13.4,26.5,35.4,-0.8897,0.0955,0.0019,0.3144,0.0506,-0.1761,-0.0403,0.2327
2.4,3.0,1.9,2.4,1.0,18.4,20.3,17.3,40.3,-0.8444,0.5119,-0.0251,-0.0253,0.0038,0.0052,0.0131,0.0266
2.4,4.9,2.4,2.3,2.1,5.2,10.4,17.6,23.5,-0.2409,-0.0876,-0.1961,-0.2321,0.0213,0.6549,-0.5296,-0.3443
2.4,3.0,1.2,4.0,1.8,4.5,5.2,8.2,36.8,-0.3517,-0.0863,0.1421,-0.091,-0.4235,0.6484,-0.3436,-0.2571
2.4,1.1,2.1,4.8,4.9,9.7,9.9,17.8,5.9,-0.4882,0.5276,0.2115,-0.2061,-0.3785,-0.3059,-0.3038,-0.2472
2.4,4.3,3.2,4.6,1.4,2.1,12.8,35.8,41.6,-0.7875,0.214,-0.0412,0.4016,0.1062,-0.2735,-0.0851,0.2292
2.4,4.0,3.5,2.1,3.9,16.1,3.2,6.2,10.6,-0.3876,0.6993,-0.1173,-0.0609,-0.2547,-0.0846,-0.4245,-0.2814
2.4,2.7,1.4,4.0,3.3,13.7,14.3,14.6,37.9,-0.539,0.3119,-0.3965,0.0458,0.4308,0.229,-0.4095,-0.1795
2.4,1.5,3.5,4.4,1.7,12.7,10.6,31.4,4.3,-0.6635,-0.0045,-0.072,-0.2989,0.0247,0.6037,-0.272,-0.1081
2.4,1.5,4.4,2.9,2.5,8.8,9.6,11.9,24.1,-0.1783,0.0898,0.1289,0.0614,-0.3624,0.3575,-0.4785,-0.6624
2.4,3.7,4.4,2.1,1.2,11.5,19.9,36.1,37.4,-0.8997,0.392,-0.0138,-0.02,0.0045,0.0095,0.0583,0.141
2.4,1.5,1.9,3.9,1.5,11.8,12.8,8.7,27.3,-0.5485,0.2749,0.0462,0.1413,-0.1433,0.1037,-0.3247,-0.676
2.4,2.2,3.8,4.5,4.9,18.6,10.9,28.3,9.3,-0.934,0.2745,-0.1276,0.0045,0.1324,0.0668,-0.0035,0.0528
2.4,1.7,4.2,3.6,3.6,9.9,20.6,26.7,33.8,-0.9551,0.1727,-0.0589,-0.1301,0.0058,0.0404,0.0165,0.1417
2.4,4.3,4.4,4.4,1.7,2.2,12.2,37.5,21.1,-0.1614,-0.1214,-0.2543,0.0515,0.259,-0.0375,-0.7825,0.4423
2.4,4.2,1.8,3.3,1.0,18.7,2.2,29.8,31.5,-0.8998,0.4265,-0.0141,0.0196,0.0161,-0.0111,0.0127,0.0295
2.4,4.6,2.9,4.0,2.0,18.8,5.5,43.2,7.2,-0.8529,0.5025,-0.0065,-0.0003,0.0065,0.0004,0.0551,0.0917
2.4,4.7,2.5,4.6,4.5,17.0,5.9,10.3,13.2,-0.8429,-0.1659,-0.1011,-0.017,-0.0781,0.1783,-0.0926,0.4102
2.4,1.1,3.9,2.5,3.6,21.8,3.6,23.3,40.3,-0.5276,0.7342,-0.338,-0.1412,-0.1127,0.0045,0.0874,0.0025
2.4,3.7,2.5,2.0,1.5,3.6,13.9,39.2,10.6,-0.2101,0.509,-0.3008,-0.1598,0.3197,0.1911,-0.6528,-0.0183
2.4,2.8,4.3,2.4,4.4,8.7,4.7,40.0,21.5,-0.4988,0.385,-0.4466,-0.1283,0.4652,0.1569,-0.321,0.1786
2.4,4.0,3.2,3.5,1.3,20.4,22.0,10.4,37.5,-0.7193,0.5674,0.2647,0.001,0.1604,-0.0815,0.0562,-0.0312
2.4,3.0,3.2,5.0,2.7,9.0,20.8,34.6,15.4,-0.548,-0.3478,0.0292,-0.0934,-0.0426,0.0652,-0.4127,0.6142
2.4,3.2,3.2,1.8,4.5,3.1,2.2,37.4,4.6,-0.3881,0.3092,0.0835,-0.5624,-0.2942,0.3514,-0.2843,0.3633
2.4,2.6,3.6,3.6,2.9,19.9,13.0,33.5,9.5,-0.8542,0.5101,0.001,-0.0371,-0.007,0.0255,0.005,0.0115
2.4,3.6,1.4,1.6,3.9,18.0,4.1,23.0,36.9,-0.7585,0.6155,0.082,0.1493,-0.0155,-0.0593,0.0255,0.0502
2.4,1.2,3.8,1.3,4.0,15.6,14.7,9.3,41.7,-0.2803,0.6234,-0.2381,0.2783,0.4624,-0.0206,-0.4063,0.008
2.4,3.3,3.2,1.3,3.8,21.3,16.9,17.7,11.0,-0.4654,0.8782,-0.0437,-0.0448,0.0075,0.0144,0.0008,0.0016
2.4,1.0,2.9,1.5,3.1,7.9,17.7,17.0,10.2,0.399,0.7266,-0.2789,-0.053,-0.0733,0.0726,0.3798,-0.2379
2.4,4.0,3.8,1.4,2.9,10.3,10.1,11.6,37.7,-0.405,0.4782,-0.3066,0.2147,0.4639,0.1844,-0.4286,-0.1444
2.4,3.0,4.8,3.8,1.5,18.4,18.6,30.4,39.9,-0.8927,0.4156,0.0127,0.0243,-0.0028,-0.0075,0.0066,0.0239
2.4,3.6,1.3,1.9,1.8,2.7,17.0,17.6,5.5,-0.17,0.6986,-0.2203,-0.5542,-0.2198,0.2094,0.0658,0.1137
2.4,4.3,3.0,3.8,2.7,8.0,4.1,21.3,9.6,0.1097,0.0376,-0.1801,-0.3289,-0.7806,0.2998,-0.3434,-0.1113
2.4,1.4,2.5,1.4,1.6,18.4,18.7,20.2,6.1,-0.9217,0.2074,0.0335,0.1003,-0.001,-0.0459,0.0336,0.2232
2.4,1.9,3.9,4.3,4.1,14.1,6.9,17.5,7.6,-0.0949,0.3209,0.1025,-0.4659,-0.6404,-0.0542,-0.4811,-0.0042
2.4,1.7,4.4,2.8,3.4,13.3,19.0,23.1,43.6,0.1821,0.8022,0.0038,0.0063,0.0029,0.0012,0.4324,-0.1474
2.4,2.1,4.9,1.3,3.1,4.7,9.3,15.1,19.0,0.2718,0.1361,-0.5236,-0.314,-0.3291,0.5768,0.147,-0.2357
2.4,3.3,3.4,2.3,4.7,17.9,5.0,40.7,5.1,-0.807,0.5566,-0.0533,-0.029,0.0909,0.1022,0.0416,0.073
2.4,1.2,1.4,2.3,2.1,13.4,6.2,9.9,39.1,-0.6077,0.3399,-0.2482,0.1722,0.204,0.4359,-0.1775,-0.3846
2.4,1.1,3.8,4.1,4.6,3.3,18.2,25.2,15.3,-0.3006,0.2193,-0.0421,0.0066,0.0355,0.0517,-0.5439,-0.7374
2.4,3.6,1.8,3.9,1.5,5.0,8.4,9.5,22.2,-0.4654,0.1035,-0.134,0.1831,-0.2426,0.1413,-0.0491,-0.7959
2.4,2.1,2.1,1.8,1.7,10.3,12.1,41.0,21.5,-0.4877,0.0485,-0.2875,0.2144,0.2898,-0.2117,-0.2028,0.6667
2.4,1.1,2.0,4.1,1.8,11.2,21.3,26.3,28.1,-0.5969,-0.4348,0.02,-0.1464,-0.0537,0.0694,-0.3943,0.5005
2.4,2.9,4.8,1.2,1.8,7.1,2.8,7.7,33.2,0.1071,0.1893,-0.0353,0.2286,-0.4436,0.5043,-0.5496,-0.3477
2.4,2.6,4.5,3.1,1.5,4.1,13.7,13.9,15.3,-0.1679,-0.0121,0.0141,-0.0953,-0.186,0.3428,-0.1404,-0.8828
2.4,2.5,1.5,1.6,1.7,15.8,17.4,8.0,12.2,-0.2116,0.2636,0.1055,-0.2502,-0.0755,0.4491,-0.7478,-0.1123
2.4,1.7,1.6,2.3,2.3,13.7,5.3,40.8,31.6,-0.6952,0.225,-0.2336,0.2797,0.2361,-0.2763,-0.0528,0.4317
2.4,1.4,4.8,4.5,3.9,14.5,5.7,23.8,33.8,-0.5416,0.0804,-0.4821,0.1061,0.4978,0.1,-0.4309,0.0026
2.4,4.4,4.8,3.3,3.8,9.6,14.3,17.9,14.3,-0.3306,0.1393,-0.2611,-0.1157,0.2152,0.3888,-0.5382,-0.5341
2.4,4.3,3.3,3.0,4.1,9.4,20.4,25.5,21.5,-0.7374,-0.3437,-0.0002,-0.0985,-0.0235,0.0498,-0.246,0.4971
2.4,4.0,2.8,2.8,4.9,20.1,5.3,17.6,18.9,-0.7509,0.6448,0.0531,-0.0437,-0.0671,-0.0555,-0.0049,-0.0029
2.4,2.6,3.5,2.7,4.0,8.8,5.3,40.8,31.7,-0.542,0.1676,-0.3476,0.2946,0.355,-0.284,-0.2523,0.4332
2.4,3.2,1.4,2.9,4.4,15.0,21.9,5.6,15.1,-0.7384,0.4746,-0.0173,-0.0514,-0.0466,-0.0732,-0.2432,-0.3912
2.4,3.9,2.3,1.8,2.6,6.4,19.0,42.1,38.2,-0.7559,0.6155,0.03,0.0486,-0.0281,-0.0464,0.1002,0.1334
2.4,1.8,2.9,3.2,2.5,9.0,3.3,24.0,23.6,-0.5041,-0.1716,-0.2627,-0.2723,0.1813,0.5928,-0.4211,0.0068
2.4,3.4,3.3,3.0,2.6,20.9,9.8,27.9,28.0,-0.7333,0.6631,-0.022,-0.1012,-0.0082,0.0476,-0.0004,0.0062
2.4,2.5,1.3,4.3,3.3,16.3,2.3,20.9,42.3,-0.7164,-0.1137,-0.0335,0.4723,0.1412,-0.2072,-0.2101,0.3469
2.4,2.7,3.0,1.6,2.9,9.0,4.8,31.1,31.1,-0.5044,0.2051,-0.4256,0.2736,0.5128,-0.0199,-0.3888,0.1432
2.4,4.2,1.8,4.1,2.3,18.7,3.5,14.6,42.0,-0.9249,0.3647,0.0131,0.0238,0.0021,3.9286e-05,0.014,0.0396
2.4,2.7,2.8,1.9,2.1,14.3,8.4,36.2,16.1,-0.7469,0.2081,-0.3484,0.114,0.3786,-0.0551,-0.1018,0.3087
2.4,1.3,1.7,2.0,3.5,7.2,3.9,24.5,36.0,-0.4327,0.2656,-0.4212,0.2598,0.4363,0.2787,-0.4034,-0.2348
2.4,2.3,4.5,4.7,3.9,9.7,11.6,21.3,14.9,-0.4586,-0.0022,-0.1357,-0.281,0.031,0.596,-0.375,-0.4269
2.4,1.8,2.1,3.3,1.1,17.4,14.0,8.8,23.5,-0.0495,0.1189,0.1145,-0.0601,-0.1184,0.1414,-0.9355,3.7792e-05
2.4,1.1,1.3,2.1,2.5,8.6,14.2,30.1,36.7,-0.5602,0.0092,-0.2732,0.445,0.3501,-0.2338,-0.3584,0.3028
2.4,2.0,1.5,4.7,3.5,14.5,18.7,15.9,31.8,-0.4266,-0.3744,-0.2023,0.169,0.2103,-0.1003,-0.5663,0.432
2.4,2.9,1.8,3.5,2.1,19.6,2.3,32.1,10.8,-0.8696,0.4848,0.0135,-0.0035,-0.017,-0.0049,0.0075,0.0157
2.4,2.1,1.3,2.6,4.0,9.4,19.0,15.8,5.1,-0.3849,0.8389,-0.1934,-0.2536,-0.0331,0.0538,0.1107,0.0575
2.4,1.6,3.1,4.7,3.1,2.8,19.7,33.4,43.4,-0.6759,0.2955,-0.0263,0.0158,0.0321,0.0689,-0.2382,-0.5842
2.4,2.3,4.2,1.3,2.4,10.9,4.6,42.4,19.5,-0.4102,0.4341,-0.4721,-0.0142,0.4755,0.0174,-0.1177,0.4066
2.4,2.2,2.3,3.2,2.0,22.0,4.0,36.6,34.4,-0.4265,0.1016,-0.1899,0.0334,-0.0489,0.3249,0.192,-0.605
2.4,4.1,1.4,3.2,1.5,11.9,18.8,40.8,14.2,-0.8639,0.0464,-0.0075,0.0479,0.0075,-0.0478,0.0212,0.4852
2.4,3.6,2.4,1.6,3.9,6.8,6.4,41.2,43.7,-0.5279,0.4043,0.0911,0.4717,0.0521,-0.3803,-0.0216,0.4022
2.4,5.0,3.7,2.9,3.9,21.8,14.9,31.4,26.5,-0.6386,0.7579,-0.0468,-0.0724,0.0051,0.0207,0.0106,0.0102
2.4,3.2,4.0,2.0,3.8,13.5,11.1,39.6,23.0,-0.7885,0.2329,-0.0824,0.2682,0.0981,-0.2478,0.021,0.4013
2.4,2.3,4.1,1.5,5.0,8.2,8.4,38.8,19.1,-0.4858,0.4798,-0.3399,-0.0706,0.4347,0.2506,-0.3807,-0.0438
2.4,2.4,4.4,1.5,2.9,4.1,17.7,9.4,22.6,-0.1626,0.0625,-0.0755,0.0468,0.0467,0.1131,-0.3202,-0.9104
2.4,3.4,2.9,1.1,2.5,12.5,14.7,30.0,19.1,-0.7717,0.0393,-0.0438,0.3518,0.1226,-0.2196,-0.092,0.4292
2.4,3.4,3.9,4.8,2.9,8.2,15.8,32.8,37.6,-0.9367,0.1348,0.0068,0.1967,0.0152,-0.1341,-0.0046,0.1877
2.4,4.5,4.7,4.5,4.5,5.2,12.2,24.0,26.0,-0.3017,0.0869,-0.4169,-0.0515,0.4203,0.2262,-0.6782,-0.1486
2.4,3.4,1.1,2.4,2.4,15.8,15.7,11.5,15.2,-0.6155,-0.2332,-0.1138,-0.1948,0.0937,0.4098,-0.3328,0.4434
2.4,2.7,2.9,5.0,4.0,19.0,8.4,8.7,10.8,-0.9549,0.2188,-0.0152,0.0056,-0.0091,0.0233,0.019,0.1184
2.4,1.5,4.3,1.7,1.2,18.7,18.5,17.4,20.0,-0.897,0.4083,0.0053,0.01,-0.0011,-0.0037,0.0394,0.0944
2.4,3.3,2.9,2.8,2.1,16.9,9.8,25.5,40.0,-0.9011,0.3023,0.0738,0.2382,-0.005,-0.1019,0.0123,0.1235
2.4,2.0,2.8,1.2,3.9,13.6,21.6,30.0,23.8,-0.9032,0.2953,-0.0779,-0.0904,0.0114,0.0363,0.0728,0.2461
2.4,2.0,2.1,4.7,1.3,12.8,9.6,37.3,18.3,-0.7292,-0.152,-0.2373,0.1013,0.2392,-0.0957,-0.2015,0.5104
2.4,1.3,1.8,3.3,2.3,19.9,17.1,8.0,9.9,-0.9221,0.3248,-0.0113,-0.0069,0.0115,0.0186,0.0234,0.0961
2.4,1.6,2.8,3.9,2.4,16.7,4.9,22.4,26.9,-0.8381,-0.0506,-0.3178,-0.0338,0.3161,0.165,-0.1413,0.1831
2.4,3.7,1.7,2.1,3.0,4.4,5.0,14.1,20.2,0.2179,0.2215,-0.2353,-0.2327,-0.7555,0.2378,-0.2755,-0.2783
2.4,4.6,3.7,1.5,2.4,12.1,16.1,6.7,25.7,-0.4628,0.6033,0.1438,-0.0369,-0.0959,0.1525,-0.4901,-0.3434
2.4,3.4,4.6,1.1,2.1,7.7,18.0,24.0,34.5,-0.9102,0.2712,0.0504,0.088,-0.0079,-0.04,0.0645,0.2474
2.4,4.3,4.7,2.4,4.2,5.4,21.1,25.4,25.9,-0.7817,-0.265,-0.0246,-0.1667,-0.0292,0.0786,-0.1856,0.478
2.4,4.5,2.7,4.7,2.0,10.0,8.6,11.1,5.1,-0.4411,0.5365,-0.2119,-0.2564,-0.4017,-0.3541,-0.0079,-0.3363
2.4,2.4,2.2,4.4,3.4,8.0,3.6,32.2,42.9,-0.4849,0.1187,-0.2393,0.5067,0.3717,-0.2469,-0.3758,0.2846
2.4,4.5,3.5,3.7,3.3,4.3,18.7,34.4,8.5,-0.2325,0.4655,-0.0252,-0.003,0.0284,0.0175,-0.7571,-0.3695
2.4,1.5,1.4,4.3,2.7,2.8,21.1,40.1,37.0,-0.8829,0.411,-0.0578,-0.0969,0.0616,0.1081,0.0085,0.0662
2.4,3.1,4.1,2.3,4.7,12.6,20.3,21.5,14.3,-0.292,-0.4182,0.0348,-0.1027,-0.0625,0.042,-0.6998,0.4471
2.4,5.0,1.6,3.0,3.3,18.0,12.3,7.5,41.6,-0.806,0.004,0.031,0.1836,0.0267,-0.1104,-0.0629,0.4763
2.4,4.9,1.1,4.1,2.3,4.9,14.8,39.9,16.8,-0.2499,0.0201,-0.4048,-0.0131,0.4063,0.0167,-0.6463,0.416
2.4,2.9,3.0,2.2,4.0,7.8,6.9,6.7,8.2,-0.4871,0.5871,-0.1124,-0.3213,-0.218,-0.3661,-0.1003,-0.3261
2.4,1.3,1.4,5.0,4.2,17.1,9.6,41.3,8.3,-0.8281,0.2443,-0.1708,-0.2653,0.1713,0.2667,-0.0604,0.208
2.4,4.3,2.6,3.9,1.1,4.6,8.5,9.1,43.2,-0.6696,0.4186,-0.0468,0.284,0.0873,0.3928,-0.0473,-0.3406
2.4,2.8,4.4,3.9,3.1,18.8,20.8,31.3,41.4,-0.9171,0.383,0.0085,0.0192,-0.0015,-0.0049,0.016,0.0428
2.4,1.8,4.8,3.7,4.2,10.2,13.6,43.0,41.3,-0.8218,0.4506,0.0489,0.2011,-0.0517,-0.2036,0.0277,0.1517
2.4,2.3,4.8,2.6,3.4,6.2,8.4,22.5,32.8,-0.4225,0.1251,-0.4674,0.143,0.4866,0.2081,-0.5095,-0.1222
2.4,2.9,1.9,2.1,2.1,11.0,20.6,11.9,25.1,-0.0465,0.1784,0.0317,-0.0284,-0.0486,-0.0086,-0.9476,-0.2069
2.4,4.6,4.5,4.3,2.8,7.0,20.0,17.3,29.8,-0.1316,-0.3025,0.0688,-0.0833,-0.0847,0.032,-0.8637,0.3014
2.4,1.4,1.4,4.3,1.4,9.1,15.4,18.4,8.8,-0.2575,-0.0331,0.0855,-0.1559,-0.3141,0.4847,-0.3098,-0.675
2.4,4.2,1.8,2.1,1.5,13.8,9.6,20.3,41.0,-0.6995,0.0994,-0.029,0.5295,0.1587,-0.257,-0.1658,0.2918
2.4,1.2,2.6,2.9,3.2,10.0,15.2,27.9,30.7,-0.5203,-0.2704,-0.2553,0.301,0.2851,-0.1679,-0.4582,0.4023
2.4,1.4,3.6,4.3,4.2,16.9,5.1,18.1,16.4,-0.5876,-0.338,-0.1405,-0.1848,-0.0764,0.5521,-0.304,0.239
2.4,1.8,4.8,4.0,2.8,4.6,17.3,9.7,27.7,-0.6031,0.2333,-0.0407,-0.0403,0.033,0.1251,-0.2771,-0.6898
2.4,2.3,3.1,4.1,3.3,14.0,11.4,31.2,23.5,-0.7431,-0.1485,-0.2652,0.2202,0.2785,-0.159,-0.2268,0.3737
2.4,3.4,1.7,2.9,3.4,12.6,6.0,7.8,37.5,-0.7649,0.2876,-0.1647,0.0586,0.1589,0.4291,-0.1035,-0.2584
2.4,4.9,1.4,3.3,4.0,11.3,17.2,25.4,5.2,-0.3188,0.4956,-0.4878,-0.4795,-0.2248,0.177,0.2433,0.0919
2.4,3.4,1.2,1.1,3.7,21.9,18.0,26.4,36.2,-0.2768,0.9384,-0.147,-0.0702,0.0024,0.0062,0.0168,0.0045
2.4,2.3,2.0,3.8,3.2,16.2,16.8,11.8,37.5,-0.4822,0.1383,-0.4555,0.1829,0.4935,-0.0224,-0.4732,0.0919
2.4,2.2,2.8,1.6,4.7,2.3,2.7,17.1,30.0,-0.178,0.2851,-0.7319,0.039,-0.1288,0.4556,0.1949,-0.2741
2.4,4.6,4.9,1.8,4.0,3.6,17.2,29.3,25.7,-0.4637,-0.3734,-0.0545,0.1605,0.0889,-0.085,-0.5096,0.5624
2.4,1.1,3.9,4.0,3.2,11.1,2.2,34.2,28.2,-0.5646,0.0842,-0.4714,-0.05,0.4891,0.1215,-0.4,0.1582
2.4,3.4,4.6,4.6,3.4,12.8,3.4,20.8,14.5,-0.5304,-0.3616,-0.1084,-0.208,-0.0926,0.5668,-0.367,0.2296
2.4,3.7,2.8,3.4,3.3,16.9,9.4,36.0,4.3,-0.9003,0.3343,-0.0971,-0.0569,0.1257,0.1879,0.0028,0.0741
2.4,4.7,1.3,4.5,1.3,5.3,5.1,42.2,42.3,-0.7149,0.1429,-0.1126,0.3825,0.1172,-0.3715,-0.1505,0.3496
2.4,1.9,1.8,3.3,2.8,11.3,2.5,8.7,41.6,-0.6424,0.3527,-0.1224,0.2471,0.0949,0.4044,-0.1048,-0.4412
2.4,3.2,1.4,1.0,2.8,20.5,20.7,28.9,30.4,-0.424,0.9,0.0017,0.0003,-0.0001,-3.3707e-05,0.0012,0.0008
2.4,3.1,3.1,4.7,1.2,2.5,10.2,42.4,42.0,-0.7804,0.2386,-0.0643,0.3299,0.0584,-0.3393,-0.0657,0.2878
2.4,2.0,1.3,2.0,4.8,17.1,2.7,31.1,17.1,-0.817,0.3191,-0.2749,0.0922,0.1753,0.321,-0.0138,0.0197
2.4,5.0,4.5,2.7,2.3,11.3,19.8,42.8,18.1,-0.8665,0.2314,-0.0036,-0.0126,0.0033,0.0123,0.1105,0.4164
2.4,2.9,4.6,5.0,1.2,13.2,7.6,14.8,24.4,-0.0891,0.1156,0.1642,-0.0668,-0.1913,0.1848,-0.8936,-0.2391
2.4,3.0,2.4,4.6,3.5,14.7,19.0,31.5,31.7,-0.973,0.1226,0.0019,0.0191,0.0004,-0.0109,0.0198,0.173
2.4,1.0,4.4,4.7,1.1,16.2,3.6,15.1,4.2,-0.1472,0.4135,-0.1281,-0.1914,-0.5823,-0.2012,-0.4272,-0.415
2.4,3.9,4.6,3.2,2.0,15.1,7.3,26.5,4.9,-0.7757,-0.0088,-0.4091,-0.0307,-0.0907,0.4477,0.031,0.0738
2.4,3.4,5.0,1.8,3.8,10.2,2.9,29.4,18.1,-0.6036,0.031,-0.4781,0.0323,0.1684,0.5908,-0.1023,-0.0588
2.4,1.9,2.8,2.3,2.5,5.1,15.7,24.5,37.9,-0.7657,0.0057,-0.0634,0.4389,0.1417,-0.2365,-0.1534,0.3062
2.4,3.9,2.9,4.2,4.1,15.7,6.1,34.6,38.2,-0.9175,0.2332,0.0297,0.2164,0.0025,-0.1437,0.0081,0.1703
2.4,1.6,3.6,2.3,3.2,6.5,8.9,28.5,18.0,-0.3987,-0.0026,-0.3569,-0.1313,0.2391,0.5845,-0.4016,-0.349
2.4,1.9,2.8,4.9,4.7,14.5,2.5,16.9,6.8,-0.2736,0.4383,0.1994,-0.2597,-0.4578,-0.2285,-0.5367,-0.2518
2.4,3.3,2.1,3.3,4.8,10.6,21.8,16.4,10.5,-0.2717,0.2725,0.1128,-0.1157,-0.1644,-0.1628,-0.6157,-0.6127
2.4,2.9,4.2,4.6,3.3,13.9,13.6,12.7,22.7,-0.3202,0.0602,0.066,-0.3767,-0.0723,0.5109,-0.6649,-0.1366
2.4,4.9,2.0,3.1,3.8,11.9,7.4,29.0,28.7,-0.7255,0.0714,-0.3695,0.2466,0.3998,-0.098,-0.2201,0.2079
2.4,1.6,4.5,3.8,1.9,4.2,12.0,12.5,25.2,-0.34,0.1212,0.1636,0.0116,-0.2721,0.2464,-0.3887,-0.7395
2.4,3.4,1.3,2.5,1.3,13.0,8.4,41.0,19.9,-0.8162,0.1962,-0.2012,0.1341,0.2014,-0.1336,0.0255,0.4092
2.4,2.5,1.0,4.1,2.4,9.8,15.9,43.8,4.9,-0.6274,0.5349,-0.1481,-0.3311,0.1635,0.3475,-0.1104,0.134
2.4,4.4,2.6,1.3,4.5,14.9,11.7,17.0,7.1,-0.6756,0.4637,-0.3956,-0.3236,-0.0109,0.116,0.0796,0.1923
2.4,4.9,3.1,1.1,2.1,6.4,6.5,5.7,21.1,-0.1705,0.4265,-0.4326,0.1583,-0.4853,0.1533,-0.0035,-0.556
2.4,1.7,3.2,2.9,1.4,5.0,16.2,24.5,31.8,-0.2432,-0.3635,-0.1943,0.1539,0.2084,-0.0588,-0.7484,0.3434
2.4,4.5,1.8,4.2,4.3,11.4,19.1,24.4,19.2,-0.6633,-0.414,-0.0281,0.0616,0.0323,-0.0363,-0.3299,0.5004
2.4,2.5,4.9,5.0,4.3,13.4,20.2,23.1,15.5,-0.2925,-0.4362,0.0554,-0.0921,-0.0687,0.044,-0.7036,0.4286
2.4,3.1,3.9,4.1,3.0,14.5,5.4,28.8,11.6,-0.835,-0.0365,-0.2273,-0.1623,0.22,0.3385,-0.1353,0.1805
2.4,2.3,4.4,2.4,2.6,2.4,18.9,25.8,20.5,-0.0006,-0.0121,-0.0125,0.0072,0.0137,0.0048,-0.9651,-0.2253
2.4,3.1,3.9,4.1,1.7,8.0,5.0,40.6,35.7,-0.7413,0.0555,-0.1938,0.2696,0.195,-0.267,-0.1165,0.452
2.4,2.8,3.7,2.8,3.5,18.9,15.1,4.1,34.4,-0.5375,0.7219,0.0322,0.0252,-0.02,0.0053,-0.3297,-0.2333
2.4,1.1,2.0,4.1,1.7,10.9,4.9,20.3,17.3,-0.1357,-0.0629,0.1487,-0.1613,-0.2944,0.4457,-0.7365,-0.2967
2.4,3.2,3.3,1.1,4.0,18.7,16.5,6.9,24.7,-0.6747,0.6773,-0.1189,0.0866,0.1415,-0.0645,0.0755,0.1168
2.4,3.8,3.0,4.6,2.7,9.0,6.4,12.6,28.7,-0.2438,0.0945,0.2532,-0.0742,-0.3658,0.3997,-0.6592,-0.3403
2.4,3.4,1.2,1.1,2.4,6.6,4.0,6.1,7.2,-0.2665,0.526,-0.1145,-0.4008,-0.2412,-0.4152,-0.1769,-0.4595
2.4,3.5,1.0,4.1,3.1,5.5,17.0,43.3,31.8,-0.7634,0.1029,-0.0736,0.2005,0.0788,-0.1952,0.0129,0.5507
2.4,2.8,3.5,3.5,3.5,3.7,10.5,27.5,10.5,-0.1216,-0.0852,-0.3768,-0.2162,-0.3091,0.6723,0.1318,-0.4476
2.4,2.8,1.6,4.1,4.5,21.9,18.8,32.1,30.7,-0.1698,0.8083,-0.1357,-0.0895,-0.0671,0.0091,0.3951,0.008
2.4,3.5,4.6,1.2,2.8,21.2,9.2,24.4,16.9,-0.4382,0.8851,-0.0178,-0.1103,-0.0304,0.0518,-0.0026,0.0046
2.4,3.4,2.1,1.6,3.9,13.9,8.1,15.7,19.0,-0.655,0.0141,-0.4947,0.0074,0.0147,0.5462,-0.0044,0.1057
2.4,2.3,3.5,4.5,2.4,15.8,11.9,21.5,40.0,-0.7831,-0.0131,-0.0913,0.4404,0.1502,-0.2367,-0.16,0.256
2.4,1.2,1.1,1.0,4.6,11.3,2.1,16.7,9.0,-0.0665,0.352,0.0675,-0.5501,-0.5023,0.0193,-0.5482,0.0281
2.4,3.4,2.2,3.3,4.6,5.4,15.1,32.2,4.5,-0.652,0.493,-0.1625,-0.4751,-0.0703,0.1852,0.0143,0.175
2.4,3.3,2.1,1.9,2.8,19.3,15.3,36.9,28.5,-0.7274,0.6799,0.0028,0.0071,-0.001,-0.0044,0.0187,0.0211
2.4,2.3,3.0,4.6,4.9,6.7,14.8,12.3,15.5,-0.0027,0.1009,-0.0822,0.1289,-0.546,0.1836,0.2971,-0.726
2.4,4.3,3.6,2.9,2.8,16.8,7.7,32.7,39.7,-0.8884,0.4009,0.0697,0.1559,-0.0172,-0.0693,0.0275,0.0932
2.4,1.6,5.0,2.0,1.2,20.7,14.6,4.1,25.1,-0.7111,0.6903,-0.0032,-0.0048,-0.0046,-0.006,0.0035,0.0061
2.4,1.8,3.4,2.5,4.0,12.0,17.8,22.8,35.8,-0.9389,0.2048,0.0416,0.1539,-0.0019,-0.071,0.0203,0.1674
2.4,3.5,1.7,2.7,1.2,3.2,19.3,21.9,12.7,-0.1133,0.082,-0.0395,0.0148,0.0268,0.0429,-0.5758,-0.7942
2.4,4.2,2.5,2.3,1.0,13.6,6.2,31.6,41.8,-0.8209,0.223,0.0782,0.3946,0.0331,-0.2075,-0.0329,0.2408
2.4,2.9,4.8,1.6,1.4,15.5,15.5,30.3,38.1,-0.8479,0.4933,0.0618,0.1067,-0.0156,-0.0463,0.0442,0.0906
2.4,4.9,3.3,2.5,3.8,21.9,5.8,41.7,11.8,-0.6081,0.7422,0.1162,-0.1405,-0.1315,0.126,-0.0103,0.033
2.4,1.4,4.2,4.1,3.2,9.5,4.1,21.3,4.2,-0.3228,0.4199,0.2894,-0.3401,-0.4946,-0.1778,-0.4616,-0.1544
2.4,4.1,3.6,1.4,3.6,5.8,11.5,32.8,41.3,-0.6526,0.3985,0.146,0.4819,0.0422,-0.276,-0.0392,0.2596
2.4,3.8,4.2,1.5,4.5,15.0,16.5,28.4,33.4,-0.815,0.5507,0.0648,0.0956,-0.0161,-0.0387,0.0478,0.0812
2.4,4.2,2.8,4.3,3.7,3.6,19.5,10.5,21.8,-0.5874,0.18,0.0079,-0.0079,-0.0087,-0.021,-0.2267,-0.7493
2.4,4.6,4.5,1.5,2.7,20.0,18.7,26.6,24.3,-0.5956,0.7985,-0.0016,-0.0013,0.0002,0.0002,0.0034,0.0028
2.4,1.0,3.5,3.4,1.6,21.9,4.8,44.0,16.0,-0.7169,0.6644,0.0349,-0.1143,-0.0297,0.1196,-0.041,-0.0181
2.4,4.9,3.2,2.0,4.3,19.3,7.1,5.7,27.9,-0.79,0.5768,0.0029,-0.0019,-0.0097,-0.0102,0.0737,0.1159
2.4,4.4,1.4,1.7,3.8,20.8,14.0,16.6,28.8,-0.575,0.8013,-0.0393,-0.1188,-0.0076,0.0586,-0.0006,0.008
2.4,2.5,1.2,3.4,4.4,8.9,13.5,39.6,40.5,-0.7618,0.2162,-0.0477,0.3785,0.0842,-0.319,-0.0759,0.3195
2.4,3.4,4.4,4.6,3.8,19.3,17.8,13.8,29.2,-0.905,0.413,-0.002,-0.0049,0.0005,0.002,0.0062,0.0163
2.4,2.3,4.3,3.0,2.3,8.6,3.8,42.0,13.1,-0.4727,0.3036,-0.3397,-0.3461,0.3388,0.345,-0.2602,0.3698
2.4,3.6,1.2,3.5,1.7,6.6,13.1,15.9,23.1,-0.2236,0.0637,0.1286,-0.1733,-0.2394,0.4465,-0.6317,-0.481
2.4,1.0,4.1,3.1,2.0,21.7,17.3,14.6,24.1,-0.6761,0.7209,-0.0181,-0.031,0.0008,0.0076,0.0155,0.0118
2.4,3.6,1.2,2.9,1.9,12.5,18.2,36.7,41.6,-0.7945,0.4953,0.1088,0.2341,-0.0233,-0.1242,0.0266,0.108
2.4,3.5,2.9,1.1,2.7,2.9,10.0,28.0,30.4,-0.2932,0.1135,-0.4062,0.3288,0.5033,0.115,-0.5861,-0.0405
2.4,4.8,2.8,2.9,4.3,8.7,18.4,34.1,15.7,-0.4729,-0.3409,-0.0511,0.0934,0.0626,-0.0642,-0.4836,0.6176
2.4,1.3,4.2,1.8,2.2,13.5,19.7,15.7,23.0,-0.0692,-0.2633,0.0091,-0.0168,-0.015,0.0051,-0.924,0.2098
2.4,4.7,2.4,5.0,1.4,9.5,6.7,19.2,7.4,-0.1224,0.0806,0.1079,0.0633,-0.4809,0.3187,-0.6035,-0.5004
2.4,2.9,3.2,2.4,3.7,11.3,15.4,4.0,31.9,-0.7355,0.426,0.0315,0.1466,-0.0007,0.1283,-0.2204,-0.4286
2.4,3.3,3.5,2.7,3.6,14.0,7.9,29.9,10.6,-0.7673,0.0543,-0.306,-0.0584,0.2125,0.4884,-0.119,0.0211
2.4,3.6,3.2,3.5,2.3,6.6,4.3,28.9,34.1,-0.5162,0.0626,-0.4785,0.1308,0.5061,0.0441,-0.4514,0.1021
2.4,3.8,1.9,3.3,3.8,21.5,17.7,26.3,10.6,-0.7279,0.6759,-0.0291,-0.0686,0.002,0.0222,0.0022,0.0045
2.4,4.6,3.0,3.0,1.9,5.4,6.0,4.7,31.4,-0.6055,0.1462,-0.2112,0.2612,-0.2289,0.2478,0.0412,-0.6148
2.4,3.2,5.0,2.4,4.1,14.9,4.4,35.3,34.5,-0.8342,0.275,-0.0169,0.3214,0.0658,-0.2335,-0.0152,0.2378
2.4,4.0,4.4,4.1,4.5,21.1,4.4,22.9,21.1,-0.7392,0.615,0.1236,-0.15,-0.1662,0.0242,-0.0262,0.0082
2.4,1.4,3.7,4.2,2.2,19.2,13.2,41.7,22.9,-0.8921,0.3973,-0.0006,0.0211,0.0006,-0.0212,0.0734,0.1685
2.4,1.9,4.5,1.7,1.6,2.4,15.9,15.8,22.3,0.0084,-0.0101,-0.1433,0.0496,0.0876,0.1486,-0.4886,-0.8336
2.4,2.1,1.8,4.5,3.0,7.5,17.3,32.1,18.2,-0.1005,-0.0913,-0.2396,0.0479,0.2477,-0.0065,-0.886,0.2303
2.4,3.2,2.2,3.4,1.2,11.7,7.2,33.9,8.6,-0.6538,-0.0645,-0.2769,-0.2852,0.2912,0.3634,-0.3137,0.2901
2.4,4.7,4.2,2.7,1.4,13.8,9.2,39.4,14.3,-0.894,0.2193,-0.0953,0.1448,0.102,-0.1324,0.0375,0.2906
2.4,2.0,2.0,1.6,4.6,3.5,4.5,6.3,40.1,-0.3656,0.3746,-0.2744,0.3881,-0.0927,0.4924,0.1091,-0.4753
2.4,4.1,2.1,3.2,1.9,4.1,9.9,18.3,32.6,-0.4685,0.055,-0.356,-0.1675,0.2981,0.5046,-0.4433,-0.2647
2.4,3.0,1.6,3.5,2.9,8.2,11.5,20.9,43.9,-0.3193,0.3106,-0.3055,0.4705,0.5031,-0.0071,-0.4638,0.0348
2.4,4.4,5.0,2.6,3.7,2.3,20.5,18.3,8.9,0.4024,0.2721,0.1401,-0.0533,0.0526,-0.0907,0.4367,-0.7191
2.4,4.4,1.5,4.4,3.6,18.9,9.0,5.7,35.2,-0.9284,0.2135,0.0078,0.0087,-0.0127,-0.0176,0.0264,0.2104
2.4,1.5,4.3,1.1,4.1,11.1,21.5,26.2,8.9,0.3127,-0.09,0.1331,-0.1898,-0.0666,-0.1507,-0.3309,-0.814
2.4,4.7,1.2,4.0,4.0,21.7,7.2,26.5,32.6,-0.6903,0.6657,-0.1071,-0.2282,-0.007,0.0565,0.0295,0.0461
2.4,4.6,2.8,3.4,4.6,5.5,3.2,41.3,28.5,-0.4602,0.2675,-0.4839,0.0859,0.4869,-0.0809,-0.3522,0.3091
2.4,3.2,4.3,1.6,4.3,17.2,5.7,21.3,17.5,-0.7881,0.4867,-0.2161,0.1363,0.1745,0.1849,0.002,0.029
2.4,4.4,4.2,2.5,1.8,21.5,2.6,33.9,13.3,-0.6717,0.7231,0.0676,-0.0628,-0.0996,0.0011,-0.0094,0.0007
2.4,4.8,3.3,1.7,1.8,9.9,6.7,36.6,28.4,-0.7645,0.1657,-0.2093,0.2936,0.2475,-0.2277,-0.0801,0.3574
2.4,3.2,4.3,1.3,4.6,8.6,10.9,40.5,29.6,-0.5808,0.207,-0.1104,0.4015,0.1557,-0.3583,-0.0987,0.5167
2.4,1.7,1.1,3.9,1.4,2.2,5.6,30.2,43.1,-0.3819,0.2858,-0.3487,0.3965,0.4959,-0.079,-0.46,0.0997
2.4,4.8,2.9,2.6,4.8,2.9,2.3,14.7,11.6,-0.2275,0.5845,0.0562,-0.3458,-0.4543,-0.2919,-0.343,-0.2615
2.4,3.0,4.7,1.1,2.3,15.3,7.5,32.2,15.1,-0.7106,0.4323,-0.2815,0.2361,0.3648,-0.0262,-0.0662,0.1458
2.4,1.5,4.0,4.8,4.5,12.3,20.0,7.2,17.0,-0.7497,0.0722,0.0107,-0.038,-0.0074,-0.0607,-0.0559,-0.6457
2.4,1.4,3.2,3.6,3.9,7.6,21.3,6.3,13.9,-0.3622,-0.0838,0.071,-0.1328,0.0453,-0.1578,0.2782,-0.8495
2.4,1.6,4.0,3.0,3.1,12.7,13.1,17.0,42.6,-0.4703,0.2756,-0.2215,0.5561,0.3957,-0.1898,-0.3236,0.1597
2.4,4.3,5.0,2.7,1.3,16.5,5.9,30.9,22.4,-0.9232,0.3333,-0.0647,0.085,0.0748,-0.0482,0.0247,0.0983
2.4,2.6,4.6,4.4,4.8,3.1,17.4,37.8,14.3,-0.0418,0.3756,-0.0974,-0.0042,0.1019,0.0161,-0.9016,-0.0552
2.4,4.9,4.2,2.8,4.0,20.7,18.2,29.0,38.4,-0.8367,0.4906,0.0412,0.1127,-0.0059,-0.0395,0.0106,0.0428
2.4,4.6,1.1,1.8,5.0,3.4,3.6,24.0,19.0,-0.2712,0.2642,-0.5922,-0.5357,-0.2519,0.3199,0.0947,0.1826
2.4,1.1,2.6,2.3,4.1,11.9,18.4,17.5,42.6,-0.6116,0.7487,0.116,0.1547,-0.0067,-0.0307,0.014,0.0184
2.4,3.1,4.5,3.5,1.6,6.0,12.3,32.8,37.8,-0.8118,-0.0355,-0.0979,0.3268,0.13,-0.2343,-0.1302,0.3463
2.4,3.8,1.4,4.2,2.3,2.3,20.7,38.4,5.6,-0.2408,0.6219,0.0821,0.0124,-0.0916,-0.0299,-0.6789,-0.2415
2.4,4.2,2.1,2.1,1.7,14.3,10.2,39.7,8.4,-0.7636,0.3519,-0.327,-0.0361,0.339,0.0535,-0.0406,0.2352
2.4,4.1,4.4,4.3,2.1,13.8,15.1,14.9,4.8,-0.4797,0.0268,-0.058,-0.3038,-0.0147,0.5946,-0.4022,-0.3643
2.4,1.4,3.6,2.6,4.2,13.8,9.0,36.6,17.8,-0.5216,0.237,-0.4446,-0.1118,0.4793,0.2033,-0.4061,0.1106
2.4,3.9,3.6,4.7,4.4,6.1,16.3,12.9,39.4,-0.5523,0.3221,-0.406,0.2205,0.4675,-0.0064,-0.3589,0.0041
2.4,4.2,2.5,1.6,4.6,17.7,6.4,29.9,11.0,-0.7229,0.6278,-0.1974,0.0976,-0.0077,0.1573,0.0317,0.0092
2.4,4.9,1.5,3.0,3.0,20.7,15.8,27.7,32.6,-0.7346,0.6661,-0.0384,-0.0782,0.0053,0.0262,0.0013,0.0045
2.4,4.2,4.7,1.3,2.9,14.2,2.7,9.8,10.8,0.0404,0.1624,-0.08,-0.2922,-0.4221,0.149,-0.742,0.3153
2.4,4.7,3.9,2.5,2.9,4.9,19.5,15.9,21.3,-0.1532,0.1947,0.0103,-0.0083,-0.0144,-0.0091,-0.7595,-0.5892
2.4,2.7,2.1,2.2,1.4,21.9,3.4,4.6,43.3,-0.6059,0.7566,-0.173,-0.065,-0.1175,-0.0213,0.049,0.009
2.4,2.1,2.2,2.6,3.6,6.5,12.9,19.2,36.4,-0.4197,0.2198,-0.4373,0.212,0.4811,0.1759,-0.4928,-0.1425
2.4,3.4,1.8,1.9,2.2,4.7,2.6,40.4,8.8,-0.4751,0.2653,-0.0463,-0.4719,0.0655,0.4985,-0.3047,0.3477
2.4,3.8,1.1,4.1,3.3,2.4,19.9,17.8,12.0,-0.1984,0.0178,-0.028,0.0066,-0.0042,0.0363,-0.0527,-0.9646
2.4,1.6,3.2,3.5,4.9,12.3,11.4,21.6,39.1,-0.4527,0.1395,-0.3998,0.3833,0.4742,-0.0726,-0.4669,0.0735
2.4,3.5,1.8,5.0,4.7,20.3,9.4,18.8,30.6,-0.8331,0.4945,0.0155,-0.1964,-0.0508,0.101,-0.0102,0.024
2.4,5.0,2.0,2.5,3.1,9.5,21.0,13.4,35.5,-0.8995,0.2725,-0.1034,-0.1771,0.0122,0.0676,0.0343,0.1904
2.4,1.4,2.0,3.3,2.2,19.1,7.8,10.3,27.1,-0.9465,0.1042,-0.0573,-0.0247,0.0504,0.1114,0.0063,0.2067
2.4,1.5,4.7,1.2,1.0,3.3,9.5,40.7,42.2,-0.5809,0.4291,0.0603,0.4306,0.016,-0.3726,-0.016,0.3593
2.4,4.1,2.3,3.0,4.7,3.6,12.9,32.2,32.5,-0.4612,0.0133,-0.3917,0.314,0.4414,-0.1527,-0.4807,0.2656
2.4,3.9,4.0,3.9,2.2,10.7,10.2,29.3,24.4,-0.6609,-0.2382,-0.3029,0.1771,0.3142,-0.1029,-0.3211,0.3984
2.4,3.2,4.2,3.5,4.8,8.0,17.5,16.1,36.6,-0.9269,0.1502,0.0243,0.2057,0.012,-0.112,-0.0033,0.1871
2.4,1.9,2.4,2.4,1.9,2.5,18.0,26.8,27.1,-0.0909,-0.2595,-0.1166,0.0914,0.1316,-0.0202,-0.9014,0.225
2.4,4.1,4.4,2.9,4.9,14.8,9.3,8.8,10.4,-0.2396,0.5856,-0.2507,-0.023,-0.5368,-0.0542,-0.3173,-0.3595
2.4,1.5,3.8,4.6,1.6,21.2,21.8,8.3,14.4,-0.8286,0.5468,0.0163,0.0213,0.0047,0.0051,0.0051,0.0053
2.4,2.4,2.9,1.4,3.3,18.1,17.2,19.0,5.1,-0.556,0.2538,-0.3259,0.4085,0.4151,-0.0779,-0.2773,0.1235
2.4,3.7,3.2,4.5,1.3,7.0,17.1,12.0,9.9,-0.4989,0.0393,-0.0204,-0.0522,-0.0362,0.1782,-0.0806,-0.8351
2.4,3.2,2.1,4.4,2.3,6.2,16.3,40.2,12.3,-0.0778,0.0556,-0.2768,0.0363,0.2769,-0.0359,-0.7911,0.4325
2.4,2.7,2.4,2.5,2.2,14.9,20.5,36.7,35.4,-0.8915,0.4169,-0.0272,-0.0394,0.0095,0.0192,0.0557,0.1253
2.4,4.9,2.0,4.8,4.4,16.1,7.0,29.6,21.7,-0.9327,0.188,-0.181,0.0802,0.1894,-0.0274,-0.0183,0.1104
2.4,2.0,4.8,3.0,3.0,5.5,19.1,15.5,8.8,0.2875,0.168,0.0137,-0.0069,0.0036,-0.0115,0.4502,-0.8151
2.4,2.8,1.7,3.8,3.0,12.3,7.2,15.4,13.6,0.0352,0.0027,-0.0597,-0.033,-0.6247,0.3643,-0.6064,-0.2899
2.4,4.3,3.3,3.6,1.6,5.2,11.5,14.4,22.7,-0.3251,0.156,0.1459,-0.0397,-0.2489,0.2895,-0.477,-0.6814
2.4,2.9,1.3,4.5,1.4,6.9,9.4,12.1,30.5,-0.3975,0.2493,0.1618,0.1004,-0.2844,0.1805,-0.4716,-0.6296
2.4,1.3,3.9,5.0,4.9,11.6,4.9,22.9,11.8,0.0235,0.09,-0.1684,-0.4704,-0.7872,0.2826,-0.1501,0.0328
2.4,1.1,3.3,4.9,1.7,3.6,11.0,15.7,4.8,-0.2654,0.7017,-0.0308,-0.2564,-0.486,-0.3262,0.0562,-0.1221
2.4,3.9,2.1,3.8,3.7,19.7,7.0,27.7,19.9,-0.843,0.5251,0.0396,-0.0459,-0.0489,0.0175,-0.0003,0.0056
2.4,4.1,1.9,2.6,2.5,16.3,10.0,15.7,5.9,-0.8397,0.126,-0.3502,-0.2201,-0.1395,0.1316,0.0537,0.231
2.4,1.4,1.1,1.5,4.5,12.2,12.7,27.0,43.7,-0.5113,0.2299,0.0417,0.6442,0.2163,-0.2807,-0.2138,0.2853
2.4,4.6,1.5,3.4,1.2,9.8,19.3,43.4,7.2,-0.6161,-0.1334,-0.023,0.0477,0.0234,-0.0477,-0.1735,0.74
2.4,3.0,2.2,4.9,1.1,10.1,7.1,42.5,43.4,-0.7708,0.2205,-0.0015,0.347,-0.0031,-0.3537,-0.0756,0.3057
2.4,4.9,1.6,3.0,1.0,8.3,7.4,21.5,35.2,-0.5378,-0.0376,-0.4712,-0.0223,0.4669,0.2501,-0.4324,0.0675
2.4,4.4,2.7,3.8,5.0,16.8,13.9,15.5,17.8,-0.9273,0.1837,-0.1786,-0.0162,0.1869,0.1093,-0.0156,0.1257
2.4,1.7,4.3,1.3,4.2,6.6,9.2,14.7,12.9,0.0026,0.5105,-0.1588,-0.6093,-0.4622,0.2527,-0.1675,0.1613
2.4,3.0,2.3,1.9,3.7,17.9,21.3,26.0,29.1,-0.822,0.5582,-0.0309,-0.0301,0.0029,0.0047,0.0285,0.0438
2.4,1.7,3.0,2.6,3.0,11.4,10.6,10.4,27.8,-0.2353,0.0303,0.1514,-0.1274,-0.3036,0.5811,-0.5732,-0.3577
2.4,2.4,3.3,2.3,4.8,8.0,11.0,29.6,34.0,-0.5009,0.0362,-0.3323,0.4256,0.4127,-0.184,-0.4198,0.2471
2.4,1.5,2.4,4.6,2.5,21.6,10.6,12.8,9.5,-0.7905,0.5775,0.0506,-0.0717,-0.0589,-0.1397,-0.0035,-0.0174
2.4,4.5,2.8,1.8,1.6,12.0,16.1,13.6,39.8,-0.6766,0.1238,-0.069,0.4799,0.1761,-0.2889,-0.1728,0.3438
2.4,3.7,3.5,3.7,1.1,21.0,13.2,13.7,40.8,-0.7335,0.5838,-0.2254,-0.187,-0.083,-0.0163,0.0637,0.03
2.4,1.9,4.3,4.1,3.9,6.3,11.5,36.9,6.8,-0.7627,0.2973,-0.0832,-0.2701,0.1105,0.4049,-0.2063,-0.1372
2.4,1.5,4.0,2.7,2.5,8.1,10.4,17.7,28.2,-0.3837,0.007,-0.3554,-0.1671,0.297,0.505,-0.5062,-0.2931
2.4,2.3,4.3,4.8,3.2,5.2,17.5,31.1,18.8,-0.0428,-0.1217,-0.0793,0.0332,0.0837,-0.0116,-0.9498,0.2155
2.4,2.4,2.8,4.9,2.5,16.5,7.8,30.9,41.8,-0.8841,0.1297,0.0828,0.3355,0.0294,-0.1356,-0.0161,0.2255
2.4,1.2,2.4,1.8,4.9,15.9,19.1,43.3,8.0,0.0657,0.5499,-0.1187,0.0139,0.1221,-0.01,-0.7621,0.1583
2.4,1.6,2.8,4.4,3.6,18.1,19.7,14.7,11.1,-0.7638,-0.3224,0.0039,-0.0321,-0.0085,0.0192,-0.2221,0.4523
2.4,1.8,4.0,4.1,2.6,18.1,9.2,5.0,26.3,-0.7442,0.5002,0.005,0.0692,-0.0195,0.0509,-0.2322,-0.351
2.4,1.6,4.4,4.0,1.6,21.7,2.9,5.7,16.6,-0.7563,0.6257,0.0402,-0.1007,0.0293,-0.1128,0.0238,0.0061
2.4,4.4,3.7,4.9,4.1,12.4,16.0,20.5,9.4,-0.3219,0.202,-0.2886,-0.1283,0.2778,0.2964,-0.64,-0.3921
2.4,1.7,2.1,2.8,2.6,21.0,11.8,11.9,17.0,-0.7344,0.6614,0.0401,-0.0362,-0.0611,-0.0586,-0.0058,-0.0054
2.4,1.6,2.5,1.7,2.0,11.3,20.9,28.8,23.2,-0.6976,-0.3201,-0.0086,-0.0737,-0.0165,0.0381,-0.2677,0.5594
2.4,3.8,3.9,5.0,2.9,2.9,16.3,24.6,24.9,-0.0528,0.052,-0.1856,0.0098,0.1893,0.0585,-0.9371,-0.1531
2.4,2.5,1.8,2.2,3.9,12.5,5.7,26.3,29.2,-0.5993,0.1735,-0.4556,0.1543,0.4827,0.1787,-0.3209,0.0106
2.4,4.6,1.4,4.8,1.7,17.5,11.7,40.1,34.0,-0.932,0.3337,-0.0022,0.0381,0.0022,-0.0379,0.0352,0.1041
2.4,1.7,2.6,2.9,4.7,6.4,14.4,38.4,12.8,-0.5489,0.5032,-0.2225,-0.2093,0.2548,0.2942,-0.389,-0.1888
2.4,4.4,4.1,4.4,2.5,6.7,5.2,32.8,21.0,-0.4945,-0.0358,-0.4148,-0.198,0.4259,0.2677,-0.4855,0.2077
2.4,2.6,1.3,1.2,3.1,3.6,7.3,39.1,41.0,-0.3321,0.3745,-0.1692,0.4916,0.2984,-0.3805,-0.2873,0.3844
2.4,3.6,1.8,3.1,1.7,20.6,10.4,29.8,30.1,-0.779,0.6143,-0.0078,-0.0722,-0.0092,0.0393,-0.0006,0.0037
2.4,4.0,1.5,4.0,1.7,5.7,18.1,43.3,32.9,-0.8353,0.0952,-0.0151,0.0924,0.0192,-0.0886,0.0461,0.512
2.4,3.7,3.2,4.1,3.1,10.3,10.9,23.3,19.4,-0.4509,-0.0657,-0.3778,-0.2324,0.366,0.4116,-0.5281,0.0056
2.4,3.8,2.8,1.4,1.1,15.9,20.4,31.6,18.3,-0.8457,0.5133,-0.0053,-0.0054,0.0011,0.0017,0.0561,0.0945
2.4,2.1,2.3,1.8,2.8,13.3,20.8,41.9,32.3,-0.7983,0.5195,-0.0266,-0.0348,0.0214,0.0309,0.1495,0.2342
2.4,3.8,3.6,3.8,1.8,14.5,6.8,38.7,21.1,-0.9124,0.1617,-0.1081,0.1236,0.1112,-0.1166,0.0201,0.2837
2.4,2.7,2.4,3.1,2.0,6.5,10.3,6.9,11.2,-0.1343,0.4717,-0.4041,-0.1789,-0.4791,-0.2173,0.3434,-0.4009
2.4,3.3,3.6,3.2,3.4,14.8,16.9,4.2,22.6,-0.7869,0.4302,0.0152,0.0451,-0.0032,0.0326,-0.2049,-0.3809
2.4,2.7,4.1,2.8,2.4,20.1,3.8,35.7,19.5,-0.7937,0.5984,0.0205,-0.0371,-0.0275,0.0255,0.0043,0.0094
2.4,1.7,2.2,3.5,4.4,5.3,5.0,43.0,14.7,-0.5983,0.4205,-0.2133,-0.3836,0.2134,0.3836,-0.1903,0.1877
2.4,4.3,1.2,2.8,1.7,19.5,15.9,5.7,29.3,-0.873,0.4378,0.0076,0.0032,-0.0117,-0.014,0.05,0.1239
2.4,2.5,2.4,1.3,3.2,17.8,8.5,35.9,32.0,-0.7189,0.6523,0.0586,0.1549,-0.0148,-0.1063,0.047,0.0803
2.4,2.0,4.2,3.8,4.3,7.4,19.1,37.5,28.9,-0.9186,0.0129,-0.0032,-0.0139,0.0011,0.0108,0.0017,0.3792
2.4,3.0,1.7,2.5,1.1,12.2,21.2,42.9,31.4,-0.8494,0.3176,-0.014,-0.0342,0.0149,0.0348,0.1401,0.3796
2.4,4.3,3.1,3.1,4.4,6.3,12.8,42.0,26.9,-0.6031,0.0307,-0.2038,0.2732,0.2045,-0.272,-0.167,0.6006
2.4,3.8,3.5,3.6,4.8,3.1,4.3,29.7,30.3,-0.5411,0.2404,-0.4139,-0.0235,0.4372,0.282,-0.4171,-0.1527
2.4,1.3,3.3,2.4,2.0,19.2,2.1,20.4,38.4,-0.8805,0.3522,0.0312,0.2385,0.0196,-0.1161,0.0028,0.0972
2.4,2.0,2.1,4.0,1.2,7.0,6.5,24.6,14.1,-0.1962,-0.0508,0.0992,-0.2832,-0.1599,0.4872,-0.7407,-0.2129
2.4,2.7,4.7,2.4,3.9,17.7,17.0,6.6,11.6,-0.2831,0.5992,0.1593,-0.0561,-0.141,0.1007,-0.6403,-0.2343
2.4,3.3,3.2,4.9,4.2,14.6,19.4,10.9,13.5,-0.4967,0.4518,0.0143,0.0009,-0.0186,-0.0178,-0.4957,-0.5365
2.4,3.9,1.7,1.1,2.5,17.4,20.3,36.9,4.5,-0.691,0.707,0.0011,0.0035,-0.0002,-0.0013,0.0628,0.0642
2.4,4.5,2.5,1.8,4.6,11.5,10.5,13.2,14.5,-0.0361,0.0053,-0.3655,-0.4505,-0.5511,0.4624,-0.2427,0.2551
2.4,3.7,4.2,4.2,2.1,2.8,2.8,43.6,43.4,-0.6159,0.2456,-0.1232,0.4165,0.1149,-0.4262,-0.1679,0.3697
2.4,2.0,2.3,2.7,3.7,20.7,20.4,29.7,20.3,-0.7386,0.6645,0.0088,0.0085,-0.0004,-0.0005,0.0002,0.0004
2.4,4.3,2.5,2.8,4.5,10.5,14.5,10.5,42.5,-0.501,0.6207,-0.1525,0.1493,0.3295,0.2452,-0.2991,-0.2193
2.4,3.8,2.3,4.3,3.7,6.7,21.5,12.2,43.7,0.0628,0.2891,-0.3354,0.108,-0.2216,0.209,0.5771,-0.5494
2.4,4.3,4.4,4.3,4.1,4.4,3.0,12.9,31.2,-0.5595,-0.1617,-0.1918,-0.168,-0.1014,0.7179,-0.1367,-0.1827
2.4,2.2,4.1,4.6,2.1,21.0,8.0,14.8,20.1,-0.8204,0.553,0.0422,-0.0224,-0.057,-0.0608,-0.0035,-0.0037
2.4,3.0,1.7,2.3,3.8,10.1,11.0,12.4,25.6,-0.2934,-0.1924,-0.1301,-0.1993,-0.1752,0.7757,-0.3989,-0.096
2.4,1.8,4.0,3.3,4.2,15.6,17.2,43.6,24.3,-0.8656,0.2867,0.0055,0.0445,-0.0042,-0.0434,0.1208,0.3733
2.4,2.9,2.0,1.6,2.8,6.6,3.0,18.5,8.3,-0.0413,0.3469,0.0656,-0.5591,-0.5346,-0.0597,-0.5104,-0.0524
2.4,1.6,2.3,1.4,2.8,3.2,6.9,38.6,10.1,-0.5481,0.2001,-0.0776,-0.2899,0.169,0.6316,-0.3345,0.0132
2.4,3.0,1.5,4.0,4.2,15.9,7.3,21.4,23.1,-0.8817,0.054,-0.2572,-0.0627,0.2443,0.2445,-0.0834,0.1172
2.4,3.4,4.4,3.3,3.7,8.6,2.8,31.9,5.1,-0.4735,0.1467,-0.0413,-0.6341,-0.2974,0.267,-0.22,0.3657
2.4,4.5,3.4,3.3,1.8,17.9,8.9,28.2,25.2,-0.9132,0.3917,-0.0178,0.0458,0.0228,-0.0275,0.0172,0.0464
2.4,4.9,2.3,4.4,4.7,10.4,4.0,18.6,31.2,-0.7217,0.1439,-0.3243,-0.0996,0.2934,0.4208,-0.2221,-0.1459
2.4,5.0,2.8,2.3,3.0,5.7,3.1,4.5,36.1,-0.4987,0.3092,-0.175,0.3857,-0.249,0.3519,0.0338,-0.5312
2.4,1.9,2.1,1.6,3.4,4.6,13.2,26.1,36.1,-0.406,0.0887,-0.325,0.4795,0.4468,-0.127,-0.4782,0.1724
2.4,4.5,4.4,2.9,1.1,11.7,19.6,34.0,21.7,-0.9304,-0.0317,-0.0018,-0.0074,1.1603e-05,0.0044,-0.0139,0.353
2.4,4.0,4.0,2.8,3.5,14.8,21.1,25.3,17.2,-0.9626,0.1082,-0.0258,-0.058,0.0022,0.021,0.0206,0.2162
2.4,2.4,1.1,2.6,3.0,5.1,11.4,28.1,28.1,-0.4479,0.0935,-0.4573,-0.0241,0.4671,0.2926,-0.5107,-0.066
2.4,1.6,4.1,2.1,4.7,6.7,20.8,6.2,19.4,-0.4898,0.0485,0.0191,-0.0908,-0.0105,-0.1094,-0.0533,-0.8488
2.4,2.2,1.2,4.2,4.7,6.2,18.1,35.1,4.3,-0.5044,0.661,-0.2482,-0.3511,-0.1204,0.0693,0.2148,0.1388
2.4,3.1,2.2,1.2,3.4,20.4,10.4,9.5,26.1,-0.4994,0.8579,0.0216,-0.0281,-0.0501,-0.0096,0.0005,0.0021
2.4,1.6,4.1,1.4,3.8,7.8,13.5,22.0,38.4,-0.6474,0.1684,0.0026,0.5582,0.167,-0.277,-0.1691,0.2937
2.4,4.7,4.3,3.5,3.2,9.5,2.4,35.7,15.1,-0.7236,0.0841,-0.2865,-0.2609,0.3082,0.3426,-0.221,0.2225
2.4,1.1,2.4,4.8,4.9,4.8,3.7,4.8,37.1,-0.6014,0.1398,-0.2471,0.3492,-0.2809,0.3106,0.1904,-0.4661
2.4,4.4,4.4,4.7,1.7,2.2,9.1,17.6,32.5,-0.4849,0.0427,-0.1283,-0.3244,0.0788,0.5714,-0.4388,-0.3201
2.4,4.2,3.7,4.4,3.0,16.3,4.9,43.1,27.1,-0.8775,0.3814,-0.0244,0.0904,0.0262,-0.0884,0.0891,0.2259
2.4,3.1,3.5,3.7,3.3,7.4,4.4,11.6,39.7,-0.6549,0.3487,-0.1896,0.1703,0.1577,0.4043,-0.1561,-0.4038
2.4,4.4,2.4,1.4,4.8,10.9,10.6,8.9,8.3,-0.2353,0.7249,-0.0458,-0.2137,-0.3892,-0.1871,-0.3714,-0.1995
2.4,1.2,4.4,3.2,4.6,5.9,19.6,25.2,36.4,-0.9021,0.4038,-0.0349,-0.0561,0.0057,0.0129,0.0144,0.0396
2.4,3.3,2.7,2.6,4.8,7.0,9.3,42.8,15.7,-0.4958,0.5402,-0.3332,-0.2781,0.3345,0.28,-0.2341,0.1362
2.4,3.4,1.8,4.8,1.0,15.6,14.7,38.4,27.6,-0.9561,0.1429,-0.0127,0.0509,0.0135,-0.0487,0.0308,0.2305
2.4,2.8,2.9,3.7,5.0,3.3,13.9,23.9,27.1,-0.3638,0.1569,-0.3859,-0.0406,0.3749,0.3155,-0.5792,-0.32
2.4,3.1,1.1,1.3,2.3,8.1,12.9,41.9,33.5,-0.5739,0.2938,-0.1363,0.3695,0.1444,-0.3624,-0.0086,0.5114
2.4,3.4,2.9,2.8,3.8,20.0,21.5,26.1,33.2,-0.7452,0.6398,0.1088,0.0521,0.0295,0.0011,0.0086,0.0027
2.4,4.0,2.8,4.7,3.2,12.8,15.5,27.2,21.6,-0.8124,-0.2504,-0.1087,0.1807,0.1172,-0.1287,-0.1731,0.3993
2.4,2.0,2.8,2.1,3.0,9.1,4.9,41.5,14.2,-0.515,0.4048,-0.3139,-0.3443,0.3165,0.3476,-0.1998,0.2865
2.4,1.5,3.4,2.9,3.6,10.9,7.8,43.7,11.5,-0.53,0.4926,-0.2721,-0.346,0.2762,0.3492,-0.1774,0.2074
2.4,1.1,3.8,2.0,4.7,6.4,2.4,10.6,8.0,-0.4158,0.5392,0.0241,-0.3471,-0.2404,-0.4043,-0.1864,-0.3934
2.4,2.4,3.2,3.1,4.9,20.8,17.2,36.3,9.4,-0.7611,0.6407,-0.0202,-0.0358,0.0054,0.0148,0.0007,0.0019
2.4,3.3,1.3,2.3,3.0,19.7,6.6,38.4,7.5,-0.751,0.6538,0.0168,-0.0013,-0.0222,-0.0056,0.0137,0.0175
2.4,4.4,3.7,1.1,1.7,20.9,16.5,40.9,11.7,-0.4401,0.8935,-0.012,-0.0089,0.005,0.0048,0.0011,0.0008
2.4,4.5,2.0,3.5,2.9,13.5,19.3,39.7,35.7,-0.9093,0.3756,0.0048,0.0179,-0.0034,-0.0151,0.0565,0.1415
2.4,2.8,1.0,3.6,2.8,21.5,14.7,7.5,34.7,-0.6151,0.7165,0.1101,-0.0578,-0.2282,-0.1337,-0.0513,-0.0168
2.4,3.2,2.8,3.6,4.8,4.9,15.4,35.6,21.7,-0.1786,0.0155,-0.3542,0.0918,0.3735,-0.0333,-0.7768,0.2616
2.4,3.8,2.7,3.9,3.0,20.8,8.8,37.9,30.1,-0.7706,0.6173,-0.0277,-0.0867,0.0063,0.0569,0.0095,0.0164
2.4,3.4,4.0,4.8,4.1,4.6,16.8,22.5,13.4,-0.3886,0.2142,-0.1049,-0.0151,0.0791,0.1552,-0.4393,-0.7447
2.4,1.1,1.4,3.2,2.8,13.9,12.1,18.6,17.2,-0.2595,-0.2185,-0.0698,-0.2653,-0.1738,0.6838,-0.5122,-0.1773
2.4,2.1,1.3,2.5,1.8,18.1,3.4,9.7,33.8,-0.9088,0.1922,-0.1418,-0.0405,0.1484,0.2121,-0.002,0.1708
2.4,4.3,3.6,3.9,3.2,14.5,10.7,39.3,20.5,-0.9117,0.2072,-0.055,0.1394,0.0577,-0.1341,0.0362,0.2705
2.4,4.9,1.4,1.1,1.9,20.2,3.5,23.4,23.5,-0.4756,0.874,0.0136,-0.0331,-0.0282,-0.0004,0.0012,0.0013
2.4,2.4,3.3,3.4,2.1,18.7,8.4,23.7,20.6,-0.9291,0.3402,-0.0538,0.0386,0.0577,-0.0089,0.0142,0.0532
2.4,2.6,1.5,3.2,2.4,14.5,17.3,4.5,6.2,-0.2623,0.1763,-0.3694,0.1837,-0.409,0.1551,0.3246,-0.6299
2.4,1.0,1.7,2.1,2.3,6.9,13.5,33.0,17.3,-0.3177,0.2081,-0.3476,-0.1486,0.3775,0.3214,-0.6578,-0.1393
2.4,2.2,3.2,1.7,2.5,10.8,14.9,4.9,43.4,-0.5098,0.754,0.0669,0.1632,0.202,0.2156,-0.1246,-0.1536
2.4,1.2,1.4,1.5,3.6,2.3,12.0,43.0,27.1,-0.1794,0.4622,-0.4681,0.0583,0.4716,-0.0548,-0.4356,0.3177
2.4,3.8,1.8,4.3,1.7,14.4,16.7,12.7,37.2,-0.4277,0.0561,-0.4731,0.0407,0.4906,0.0868,-0.551,0.0843
2.4,2.0,2.4,1.2,4.8,11.5,9.5,12.3,5.8,-0.1813,0.5928,0.112,-0.3499,-0.4702,-0.1266,-0.4682,-0.1273
2.4,4.4,4.1,4.7,4.2,6.8,7.2,35.6,14.2,-0.6057,0.2264,-0.2713,-0.3508,0.286,0.4086,-0.3551,0.0325
2.4,4.7,1.8,3.3,1.3,2.6,8.4,16.7,12.0,0.0692,0.1529,-0.184,0.0475,-0.5723,0.1394,0.0262,-0.7592
2.4,4.6,3.2,4.4,1.0,20.9,2.3,13.0,18.9,-0.8481,0.5202,0.0191,-0.0228,-0.01,-0.0456,-0.0006,-0.0025
2.4,4.4,2.7,2.5,4.6,17.8,17.3,10.3,8.3,-0.8691,0.3534,-0.1854,0.0383,0.2056,0.0173,0.0091,0.1447
2.4,2.5,4.3,3.9,2.9,13.4,12.6,14.8,4.6,-0.0654,0.4507,0.0484,-0.5021,-0.6803,0.0252,-0.2224,0.0699
2.4,4.7,3.2,2.7,2.7,10.2,9.8,11.6,8.5,-0.0712,0.5517,-0.2183,-0.201,-0.6464,-0.155,-0.187,-0.3377
2.4,3.8,1.6,1.5,3.3,14.6,2.1,32.6,16.4,-0.7946,0.4078,-0.2381,0.0881,0.2453,0.2512,-0.0111,0.0663
2.4,2.1,3.9,1.0,3.6,6.7,18.7,10.4,32.6,-0.0968,-0.0744,-0.0702,0.125,0.118,-0.0674,-0.7939,0.5037
2.4,4.8,2.9,3.5,2.8,11.6,4.1,15.7,24.5,-0.4916,-0.2789,-0.097,-0.2595,0.0024,0.566,-0.4519,0.2489
2.4,4.8,1.5,1.9,3.8,15.7,14.6,26.0,23.5,-0.856,0.4067,-0.0385,0.2301,0.0785,-0.1306,0.016,0.1192
2.4,4.8,2.4,4.3,1.4,20.6,19.0,22.9,15.3,-0.8506,0.5192,-0.0016,-0.004,0.0002,0.0008,0.0001,0.0003
2.4,2.0,2.7,2.1,2.4,11.3,8.8,25.2,31.0,-0.5285,0.0004,-0.4536,0.2411,0.4916,0.0149,-0.4206,0.157
2.4,4.8,3.2,1.5,2.9,12.1,17.7,43.0,6.3,0.0262,0.2251,-0.252,0.1488,0.2533,-0.147,-0.6483,0.5492
2.4,3.5,3.0,1.2,4.0,21.2,11.4,21.1,18.8,-0.4301,0.8842,-0.0295,-0.1362,-0.0312,0.0656,-0.0034,0.0075
2.4,2.3,1.2,3.6,3.2,6.8,12.4,34.5,19.3,-0.4253,0.1818,-0.3964,-0.2372,0.4137,0.3107,-0.5372,0.0647
2.4,3.6,4.6,1.1,4.0,15.3,13.3,28.8,7.5,-0.1917,0.4717,-0.7185,0.1254,-0.0886,0.3354,0.1458,-0.1844
2.4,4.6,4.6,5.0,3.4,14.3,10.7,25.9,10.6,-0.7743,-0.0428,-0.3569,-0.1043,0.3581,0.2281,-0.2087,0.157
2.4,1.9,2.8,3.0,1.2,14.4,8.8,11.7,8.1,-0.1052,0.2535,-0.1592,0.1122,-0.5252,0.1726,-0.4583,-0.5935
2.4,1.1,2.6,3.3,2.6,21.3,7.3,5.2,40.4,-0.7542,0.5912,-0.1674,-0.1489,-0.0745,-0.0265,0.0599,0.0441
2.4,3.9,2.6,3.6,2.1,14.7,9.5,18.3,21.7,-0.8302,-0.1409,-0.2463,-0.0961,0.2396,0.2218,-0.1492,0.281
2.4,2.0,3.7,2.5,3.4,19.8,16.0,42.5,29.4,-0.7629,0.6329,-0.0005,0.0006,0.0005,-0.0006,0.0519,0.0635
2.4,3.9,1.4,1.8,1.3,19.1,21.1,26.0,26.7,-0.7432,0.6629,-0.0017,-0.0017,0.0001,0.0002,0.0107,0.0127
2.4,3.0,1.8,1.3,4.6,6.9,10.9,19.3,5.8,-0.2301,0.33,0.0835,-0.6425,-0.4305,0.1761,-0.4012,0.1774
2.4,3.3,2.7,1.6,3.8,6.5,14.6,23.5,38.4,-0.6602,0.1617,-0.0199,0.5478,0.1722,-0.2732,-0.167,0.2927
2.4,3.3,3.5,3.4,4.6,17.8,20.2,10.8,33.6,-0.9403,0.2737,-0.0326,-0.0638,0.0069,0.0256,0.0359,0.1435
2.4,4.4,2.8,4.1,3.9,8.9,12.4,17.8,42.3,-0.3835,0.3395,-0.3601,0.3595,0.498,0.0322,-0.4609,-0.0181
2.4,2.2,1.4,4.1,1.0,17.9,7.7,22.0,13.5,-0.9718,0.0774,-0.0803,-0.0169,0.0755,0.0733,0.0006,0.1392
2.4,4.8,3.1,2.8,2.9,21.4,9.1,7.6,28.5,-0.6742,0.7243,0.0202,-0.0399,-0.0705,-0.0788,-0.0064,-0.0085
2.4,4.7,2.8,4.6,4.8,19.3,4.3,33.3,4.3,-0.8842,0.4544,0.0267,-0.0194,-0.0304,-0.0658,0.0021,0.0051
2.4,3.5,1.5,1.9,3.7,8.3,19.0,15.6,23.7,-0.0424,0.0227,-0.167,0.0839,0.1919,0.0541,-0.932,-0.1514
2.4,3.8,3.6,4.7,3.9,3.8,9.8,19.0,20.6,-0.3833,-0.089,-0.027,-0.2774,-0.1488,0.6537,-0.3708,-0.41
2.4,4.9,2.8,3.9,4.9,3.7,17.6,22.4,42.5,-0.7,0.6469,0.1095,0.2242,0.0036,-0.0504,0.0216,0.0391
2.4,2.1,4.5,3.6,2.3,2.2,17.2,38.8,14.9,0.0421,0.1696,-0.0871,0.0202,0.0892,-0.0161,-0.9176,0.3053
2.4,4.7,3.7,3.1,2.4,11.4,16.3,10.1,28.9,-0.4381,0.4338,-0.0847,-0.1935,0.0988,0.2897,-0.5537,-0.4023
2.4,2.8,3.3,4.2,4.4,11.8,13.4,11.7,6.2,-0.3836,0.6994,0.0057,-0.2179,-0.4196,-0.3049,-0.1146,-0.1557
2.4,1.1,1.1,3.5,2.3,12.3,16.9,37.2,18.9,-0.4261,-0.2079,-0.2474,0.1468,0.2534,-0.1316,-0.4948,0.5887
2.4,3.5,3.7,2.9,4.1,6.2,7.3,25.7,12.2,-0.0695,0.092,-0.505,-0.4875,-0.4753,0.4856,0.1212,0.0231
2.4,3.4,3.3,3.6,3.6,10.9,17.2,15.3,21.2,-0.1184,0.19,-0.1717,-0.011,0.1774,0.1033,-0.8634,-0.3333
2.4,3.2,4.2,1.6,2.8,2.3,3.1,7.8,27.7,0.0965,0.4585,-0.3455,0.0981,-0.6203,0.1347,-0.0631,-0.4838
2.4,1.7,2.0,2.4,1.5,19.7,6.5,12.9,32.6,-0.8542,0.5006,-0.0366,0.013,0.0402,0.0176,0.0147,0.031
2.4,3.1,2.9,4.2,4.5,5.7,20.2,12.2,35.7,-0.92,0.2721,-0.0721,-0.1661,0.009,0.0583,0.0158,0.1144
2.4,2.4,4.2,3.5,2.2,7.4,15.2,4.8,33.7,-0.746,0.2881,0.0126,0.1291,-0.0265,0.1011,-0.1887,-0.5382
2.4,1.2,2.1,3.1,5.0,6.1,10.0,39.2,26.5,-0.3983,0.286,-0.4735,-0.0294,0.494,0.0736,-0.5057,0.1299
2.4,3.0,1.3,1.6,4.3,17.0,3.7,15.4,7.1,-0.8266,0.3462,-0.2456,-0.2529,-0.0082,0.0782,0.0629,0.2153
2.4,2.4,2.7,2.0,4.0,14.0,7.2,36.0,14.1,-0.7303,0.2804,-0.2972,-0.1178,0.3572,0.3344,-0.1644,0.0884
2.4,1.4,1.2,2.0,1.7,5.3,17.5,37.9,18.4,-0.0304,0.1106,-0.2438,0.0607,0.2562,-0.0402,-0.8218,0.4013
2.4,4.4,2.6,4.3,2.5,17.6,2.5,8.2,34.7,-0.8342,-0.0877,-0.0579,-0.1569,0.0657,0.2449,-0.1113,0.3921
2.4,1.5,1.0,1.2,2.2,20.1,2.5,30.0,10.8,-0.6171,0.7752,-0.0382,0.03,0.008,0.0384,0.011,0.0085
2.4,3.0,4.3,4.6,4.8,8.3,21.8,5.3,9.6,-0.3973,-0.1136,0.1026,-0.1842,0.0866,-0.2041,0.3534,-0.7726
2.4,1.8,2.8,2.2,3.5,15.3,8.4,27.1,5.4,-0.6493,0.219,-0.2662,-0.5584,-0.098,0.2047,-0.0404,0.2917
2.4,1.1,2.9,3.5,4.3,19.0,21.1,4.2,23.9,-0.8468,0.4577,-0.0092,-0.0194,-0.0152,-0.0262,-0.1177,-0.2247
2.4,3.3,3.3,4.2,4.1,10.0,12.8,9.1,17.3,-0.4516,0.1372,-0.086,0.2527,-0.2678,0.1894,-0.0693,-0.7636
2.4,1.7,4.4,1.9,2.7,4.2,9.5,36.2,15.1,-0.3976,0.3891,-0.3012,-0.1886,0.3539,0.3438,-0.5413,-0.1149
2.4,3.3,1.6,3.1,4.6,13.3,4.1,9.3,34.1,-0.756,0.0222,-0.1575,-0.1018,0.0879,0.5917,-0.1085,-0.0286
2.4,2.4,3.5,4.7,1.9,12.7,10.7,26.8,35.7,-0.7384,-0.1529,-0.249,0.3041,0.2655,-0.2002,-0.2413,0.3106
2.4,4.5,1.1,4.3,4.9,8.1,5.6,11.6,19.7,-0.1818,0.3995,-0.3251,0.0777,-0.6176,0.005,-0.0854,-0.5442
2.4,3.9,4.7,3.8,4.6,7.4,19.8,39.4,22.5,-0.8484,-0.0389,-0.0033,-0.0499,-0.0016,0.0422,-0.0292,0.5116
2.4,4.6,2.4,3.5,4.7,7.0,5.8,32.3,38.1,-0.5343,0.092,-0.3206,0.4203,0.3888,-0.2342,-0.38,0.2534
2.4,1.0,1.8,2.9,1.9,5.7,11.9,42.7,8.4,-0.4372,0.5568,-0.2118,-0.3842,0.2156,0.3874,-0.2888,0.1241
2.4,2.8,1.7,3.8,2.2,8.2,10.3,36.3,18.2,-0.4136,0.0065,-0.4418,-0.1107,0.4499,0.1336,-0.5191,0.3444
2.4,3.7,2.8,4.2,4.6,4.6,3.5,17.3,23.0,-0.1339,-0.2181,-0.1188,-0.2049,-0.5065,0.6943,-0.2743,-0.2179
2.4,3.9,4.7,1.8,4.8,12.7,20.3,35.3,12.3,-0.8599,-0.0135,-0.0218,-0.0682,-0.0008,0.0419,-0.0172,0.4826
2.4,1.2,3.1,1.6,1.7,3.6,15.2,42.7,6.6,-0.2923,0.837,-0.1989,-0.1488,0.1979,0.1483,-0.2784,-0.024
2.4,4.2,3.5,4.8,1.6,19.4,15.6,35.8,26.3,-0.9105,0.4056,-0.0014,-0.0051,0.0006,0.0034,0.0076,0.0188
2.4,2.8,3.6,4.1,4.8,9.7,12.1,23.7,17.4,-0.496,0.0478,-0.2887,-0.2112,0.214,0.541,-0.391,-0.3451
2.4,2.8,4.6,3.7,2.7,4.1,11.4,29.8,7.3,-0.4052,-0.0499,-0.2492,-0.1271,-0.0777,0.6381,-0.0665,-0.5597
2.4,4.6,1.0,1.6,1.2,8.7,8.1,18.5,9.5,0.0976,-0.0547,-0.3024,-0.3809,-0.6108,0.3535,-0.4862,0.0174
2.4,2.2,2.8,4.4,3.8,14.4,20.2,28.9,16.5,-0.8093,-0.2982,0.0019,-0.0663,-0.0134,0.0373,-0.1759,0.4503
2.4,5.0,2.9,1.8,2.0,16.0,6.8,13.1,22.4,-0.8942,0.311,-0.1311,0.0183,0.1273,0.1441,0.0453,0.1849
2.4,1.9,2.8,4.0,2.6,20.3,14.6,21.5,17.0,-0.865,0.4869,0.0031,-0.0453,-0.0109,0.024,0.0007,0.0046
2.4,4.0,1.9,3.2,2.6,17.0,12.5,21.6,37.2,-0.9224,0.2847,0.0205,0.1942,0.0133,-0.0996,0.0102,0.1062
2.4,4.6,1.9,1.0,2.8,13.2,2.8,24.9,8.7,-0.6862,0.4425,-0.4485,-0.2543,-0.0258,0.1092,0.0951,0.1879
2.4,3.0,1.4,3.9,4.1,2.5,15.0,7.5,17.7,-0.0473,0.4278,-0.3977,-0.0324,-0.4637,-0.0765,0.5194,-0.3906
2.4,1.5,3.2,4.3,2.2,5.2,9.4,8.1,7.5,-0.408,0.6111,-0.209,-0.3257,-0.2918,-0.3854,0.1996,-0.1749
2.4,1.7,3.9,2.3,4.3,17.7,14.3,20.0,11.8,-0.6388,0.0497,-0.4334,0.1913,0.4601,0.0468,-0.3014,0.1477
2.4,3.2,1.2,3.8,2.6,10.4,7.6,20.7,40.9,-0.3824,0.2535,-0.4114,0.2789,0.4863,0.0885,-0.5254,-0.0853
2.4,4.0,3.7,4.8,3.9,9.0,20.2,32.6,36.3,-0.8977,0.3939,-0.0674,-0.1157,0.004,0.0201,0.0144,0.0417
2.4,1.7,2.1,2.5,2.0,9.2,16.5,28.0,39.2,-0.8576,0.1583,0.0205,0.3535,0.0497,-0.1956,-0.0431,0.2267
2.4,3.2,3.9,3.2,4.8,21.6,15.4,27.9,24.5,-0.6492,0.7456,-0.0519,-0.0833,0.0029,0.0189,0.0143,0.0132
2.4,3.4,1.4,4.6,4.9,6.1,11.6,37.0,19.3,-0.5259,0.2892,-0.3657,-0.2709,0.3789,0.3173,-0.4214,0.018
2.4,1.4,2.7,3.4,4.7,7.1,7.5,33.2,19.1,-0.6215,0.1502,-0.2677,-0.2434,0.2752,0.4845,-0.3436,-0.1458
2.4,2.5,3.7,4.7,2.0,20.6,17.4,30.3,35.0,-0.8305,0.5378,-0.0191,-0.0393,0.0021,0.0091,0.0027,0.003
2.4,2.2,2.2,2.9,4.6,6.4,7.8,24.7,8.9,-0.2767,0.2807,0.0536,-0.6748,-0.451,0.1788,-0.309,0.2159
2.4,1.9,3.0,4.2,2.8,11.0,5.8,33.0,38.9,-0.6461,0.0161,-0.2541,0.4018,0.2957,-0.2843,-0.29,0.3043
2.4,1.2,1.3,3.5,1.4,19.7,9.2,26.6,19.8,-0.9292,0.3414,-0.0358,0.0199,0.0376,-0.0026,0.012,0.0432
2.4,2.7,3.7,3.2,3.7,11.9,2.5,7.0,43.5,-0.6572,0.413,-0.0086,0.2673,0.1142,0.353,-0.1146,-0.4102
2.4,2.5,4.1,4.2,2.8,13.2,6.8,36.6,42.5,-0.7348,0.2139,0.1221,0.4491,0.1216,-0.2256,-0.0131,0.3188
2.4,1.7,1.7,1.4,2.5,20.1,19.2,38.0,16.2,-0.6363,0.7635,0.0011,0.0018,-0.0004,-0.0008,0.0165,0.0152
2.4,4.5,2.7,3.5,4.9,3.0,5.0,42.1,39.8,-0.5912,0.1998,-0.2125,0.3946,0.2184,-0.3853,-0.2047,0.4003
2.4,2.3,4.8,1.2,4.1,20.9,9.3,43.1,39.0,-0.4159,0.8786,-0.1147,-0.0306,-0.0128,0.0164,0.0376,0.0017
2.4,3.7,1.2,1.7,3.9,9.9,3.7,12.4,7.2,-0.183,0.5101,0.089,-0.3371,-0.4361,-0.2183,-0.5241,-0.2535
2.4,1.6,2.1,2.2,3.5,6.2,10.0,39.5,30.0,-0.3959,0.1698,-0.429,0.2132,0.4496,-0.1826,-0.4225,0.3959
2.4,3.3,3.3,1.6,2.1,10.9,4.3,32.0,25.5,-0.6823,0.1516,-0.4046,0.1507,0.4603,0.0331,-0.2163,0.2323
2.4,3.3,4.1,2.0,1.1,10.3,18.1,35.8,25.0,-0.8664,-0.0469,0.0024,0.0334,0.0036,-0.0234,-0.0295,0.4827
2.4,3.5,4.2,1.5,1.0,5.0,13.3,29.1,36.3,-0.7013,-0.1581,-0.0802,0.3562,0.1488,-0.2039,-0.2318,0.4591
2.4,1.4,3.4,4.6,2.8,16.5,10.9,22.8,11.7,-0.6297,-0.1752,-0.261,-0.2791,0.2348,0.465,-0.3466,0.1283
2.4,2.0,1.6,4.3,3.2,3.9,4.5,9.0,36.3,-0.6665,-0.0727,-0.2379,-0.0184,-0.0829,0.628,0.0293,-0.2598
2.4,4.6,2.9,4.3,3.4,9.4,18.5,25.0,20.4,-0.426,-0.4643,-0.0358,0.05,0.0395,-0.0278,-0.5707,0.4998
2.4,2.6,3.3,2.2,3.1,7.5,12.2,22.0,5.9,-0.3645,0.4445,-0.1628,-0.6735,-0.2524,0.2482,-0.0864,0.2149
2.4,4.3,2.8,2.5,1.4,5.1,2.9,15.6,43.8,-0.3649,0.4633,-0.1865,0.3308,0.3107,0.3823,-0.3118,-0.3937
2.4,3.6,1.8,4.2,4.3,9.5,9.7,41.3,31.2,-0.7251,0.0853,-0.2054,0.2787,0.2061,-0.2772,-0.1143,0.4521
2.4,4.6,2.0,4.8,4.5,18.9,11.3,26.7,13.1,-0.9102,0.4052,0.0163,-0.0084,-0.019,-0.001,0.0061,0.0159
2.4,4.5,1.7,2.3,3.1,13.7,15.0,37.0,14.8,-0.8151,0.1688,-0.1675,0.2575,0.1896,-0.2161,-0.0417,0.3381
2.4,1.9,2.9,3.6,4.1,12.6,12.2,40.9,29.4,-0.7912,0.0661,-0.1134,0.2443,0.1155,-0.2405,-0.0549,0.4605
2.4,4.5,1.7,1.4,4.6,3.4,3.3,10.2,33.1,-0.2584,0.2929,-0.631,0.1112,-0.1299,0.5261,0.2301,-0.2734
2.4,1.5,2.4,1.6,4.2,4.6,8.6,18.7,19.8,0.0067,0.2637,-0.6027,-0.4896,-0.3297,0.4306,0.134,0.0428
2.4,1.0,3.0,4.3,3.5,7.9,10.3,26.9,13.4,-0.4706,-0.0747,-0.1136,-0.2745,-0.0369,0.6533,-0.3099,-0.3834
2.4,2.3,4.3,3.8,1.5,2.2,8.5,35.0,30.2,-0.3728,-0.14,-0.3752,0.1054,0.3867,-0.0663,-0.58,0.4306
2.4,3.3,1.7,2.0,4.5,5.9,7.2,5.2,37.4,-0.0887,0.2074,0.1412,0.2731,-0.4777,0.5352,-0.3489,-0.3785
2.4,1.5,3.1,1.6,3.0,16.9,11.4,43.7,38.8,-0.6914,0.5991,0.076,0.1733,-0.0704,-0.1721,0.1536,0.2338
2.4,3.4,1.1,1.9,2.0,13.2,10.5,17.8,40.8,-0.4326,0.1256,-0.2457,0.5494,0.3956,-0.1914,-0.4172,0.2199
2.4,3.9,4.9,3.8,3.9,3.2,2.3,39.3,26.2,-0.4659,0.283,-0.4767,-0.1059,0.4843,0.1214,-0.4047,0.2018
2.4,2.9,1.8,3.8,1.3,12.0,4.3,37.0,4.3,-0.7291,0.0373,-0.0786,-0.3705,0.0944,0.4219,-0.2105,0.288
2.4,3.0,2.9,4.3,4.7,20.6,14.5,19.4,21.2,-0.8044,0.5702,0.0045,-0.1187,-0.0289,0.0588,-0.0028,0.0081
2.4,4.4,2.1,4.9,2.6,4.3,4.6,27.4,34.4,-0.5064,0.1344,-0.468,-0.0226,0.4816,0.1893,-0.4737,-0.0532
2.4,4.2,4.6,4.4,4.1,4.6,5.1,11.2,30.6,-0.2786,-0.1396,0.137,-0.1289,-0.4174,0.6571,-0.4218,-0.2389
2.4,2.0,2.7,2.2,3.9,7.3,21.4,6.7,24.1,-0.6161,0.3276,-0.0023,-0.0817,-0.0592,-0.1103,-0.3101,-0.62
2.4,1.0,1.9,4.0,2.2,8.3,11.6,26.6,10.2,-0.391,-0.088,-0.0244,-0.2879,-0.1345,0.6553,-0.3869,-0.3797
2.4,4.3,1.6,3.8,4.4,15.4,7.0,7.9,14.4,-0.435,0.5498,-0.191,0.098,-0.3331,0.05,-0.3895,-0.4273
2.4,3.0,1.9,4.5,4.3,10.7,20.9,15.3,18.2,-0.2559,0.3354,0.0815,-0.0386,-0.1086,-0.0764,-0.716,-0.5168
2.4,1.9,2.2,3.4,2.4,7.5,3.7,17.6,4.6,-0.3227,0.4966,0.1846,-0.3259,-0.4215,-0.3135,-0.3764,-0.2921
2.4,1.7,2.1,4.3,3.5,19.3,5.9,17.5,33.7,-0.9399,0.2774,-0.0544,0.0987,0.06,-0.058,0.0045,0.0598
2.4,2.7,4.9,4.3,3.5,8.0,6.4,28.0,11.8,-0.4969,-0.1375,-0.0981,-0.2867,-0.0578,0.6944,-0.345,-0.1572
2.4,2.0,2.1,1.6,4.9,4.4,12.1,19.3,9.3,-0.2442,0.428,-0.0217,-0.6702,-0.3809,0.2262,-0.2515,0.1952
2.4,1.4,2.5,4.0,3.1,16.9,12.3,29.3,18.2,-0.793,-0.1083,-0.2993,0.1607,0.3099,-0.0886,-0.183,0.298
2.4,3.3,2.7,5.0,4.2,8.0,8.1,17.3,9.6,-0.0888,0.5413,-0.0349,-0.301,-0.6821,-0.2228,-0.2002,-0.2009
2.4,2.0,3.5,4.2,1.4,6.7,10.7,5.9,29.3,-0.6647,0.0859,-0.0744,0.1613,-0.103,0.1378,-0.043,-0.6945
2.4,4.4,1.4,1.0,2.2,20.3,18.9,14.4,30.4,-0.4341,0.8958,-0.0109,-0.0079,0.0021,0.0022,0.0023,0.0014
2.4,3.0,4.8,1.9,3.9,15.8,11.7,22.9,4.3,-0.6846,0.4691,-0.3401,-0.3875,-0.0144,0.1071,0.0491,0.1517
2.4,1.9,1.8,4.2,1.2,10.1,9.1,43.0,28.7,-0.7337,0.0244,-0.1416,0.1588,0.1457,-0.1543,-0.0428,0.5985
2.4,1.8,4.2,1.3,2.3,17.6,12.4,38.4,23.0,-0.7776,0.5782,0.0362,0.102,-0.0161,-0.0808,0.0945,0.1454
2.4,2.4,4.3,1.3,2.3,14.8,15.5,21.3,43.4,-0.4992,0.7429,0.3008,0.2637,-0.0208,-0.0713,0.0367,0.0577
2.4,4.1,1.6,1.4,2.2,2.3,5.9,34.8,26.3,-0.4408,0.2204,-0.431,-0.0327,0.506,0.2536,-0.482,0.0629
2.4,2.8,2.9,3.4,1.0,10.6,12.3,11.2,37.0,-0.563,0.0365,-0.1167,-0.3322,0.1025,0.5896,-0.3956,-0.1181
2.4,2.1,4.5,4.3,2.0,4.7,15.9,10.9,6.1,0.1731,0.5765,-0.0216,-0.1293,-0.4138,0.0647,0.6218,-0.1972
2.4,4.9,3.7,1.1,5.0,19.7,3.5,34.9,13.7,-0.4886,0.8676,0.0086,-0.0186,-0.0227,-0.0084,0.0058,0.0037
2.4,2.3,2.6,3.2,2.1,11.7,6.0,21.8,19.2,-0.4581,-0.2813,-0.1867,-0.2801,0.1036,0.5629,-0.4842,0.1483
2.4,3.9,2.4,1.5,3.7,14.8,6.2,29.3,41.9,-0.7705,0.4397,0.2039,0.329,-0.0241,-0.1394,0.0337,0.1785
2.4,3.3,2.4,1.9,1.2,19.2,19.1,16.0,23.2,-0.778,0.62,0.001,0.0018,-0.0002,-0.0005,0.0141,0.019
2.4,4.7,1.7,3.4,2.2,6.0,18.0,9.7,7.1,0.2043,0.3974,-0.1076,-0.124,-0.3842,0.16,0.6379,-0.4048
2.4,2.8,3.5,2.8,1.1,18.9,14.3,8.2,40.3,-0.8719,0.2673,-0.0422,0.2344,0.0692,-0.1775,-0.0118,0.1883
2.4,2.5,4.4,4.9,2.9,15.7,2.5,35.6,8.6,-0.8826,0.0926,-0.1638,-0.1933,0.1743,0.238,-0.0625,0.223
2.4,1.9,3.7,1.6,4.8,7.6,18.4,18.9,20.9,-0.0068,-0.0014,-0.0812,0.0686,0.0949,0.0521,-0.8682,-0.4428
2.4,2.5,4.3,3.7,5.0,20.7,5.9,36.1,37.5,-0.6581,0.6488,-0.2222,-0.1674,-0.0891,-0.0137,0.1006,0.0394
2.4,1.5,3.4,2.2,2.0,16.6,12.4,39.1,40.0,-0.8285,0.4304,0.0675,0.2081,-0.0364,-0.1695,0.0537,0.1939
2.4,1.5,4.5,2.7,2.8,4.3,9.5,21.0,34.1,-0.411,0.128,-0.4577,0.1053,0.4649,0.2498,-0.5173,-0.1874
2.4,2.2,1.7,2.3,2.1,20.1,14.3,22.5,43.7,-0.7671,0.6248,-0.0773,0.0287,-0.0193,0.0477,0.0056,0.003
2.4,4.5,2.9,2.0,4.0,9.0,4.6,4.3,27.3,-0.4293,0.3803,-0.3508,0.2778,-0.3728,0.2664,0.0375,-0.5022
2.4,1.2,3.4,1.9,3.2,13.9,18.8,29.8,40.6,-0.6711,0.7216,0.0488,0.055,-0.0063,-0.0098,0.0023,0.0045
2.4,1.0,4.6,4.9,2.6,5.7,14.2,11.6,35.2,-0.6906,0.1494,-0.1464,-0.2447,0.1361,0.4686,-0.2661,-0.3096
2.4,2.0,2.2,2.0,3.7,20.9,21.7,11.4,26.6,-0.6273,0.7677,0.0364,0.0225,0.0044,0.0018,0.0013,0.0005
2.4,3.5,4.1,4.7,3.6,18.1,10.9,40.2,18.8,-0.9103,0.3867,-0.0045,0.0302,0.0048,-0.0296,0.0436,0.1069
2.4,3.1,5.0,3.8,3.1,11.2,20.2,7.1,18.5,-0.6939,0.2778,0.0095,-0.0193,-0.0188,-0.0435,-0.2425,-0.6113
2.4,1.1,3.8,1.9,2.2,19.2,11.6,11.6,4.1,-0.7753,0.2347,-0.3678,-0.2681,-0.1281,0.1222,0.0762,0.2461
2.4,2.0,2.2,4.0,2.9,17.9,6.2,36.7,30.6,-0.9311,0.2666,-0.035,0.123,0.0408,-0.1089,0.0258,0.1524
2.4,4.0,1.9,1.9,1.4,14.6,13.3,31.9,25.7,-0.9096,0.3061,-0.0194,0.1557,0.0423,-0.1061,0.0388,0.1766
2.4,4.3,1.5,3.6,2.0,14.3,20.6,25.1,28.4,-0.9723,0.0473,-0.0108,-0.0328,0.0008,0.0132,0.0075,0.2063
2.4,4.8,2.3,3.8,1.7,13.6,4.4,11.1,38.0,-0.7352,0.2829,-0.2313,-0.1162,0.2438,0.3966,-0.2158,-0.174
2.4,2.4,1.1,2.9,1.3,21.6,12.2,34.4,4.8,-0.7008,0.6652,0.1316,-0.0894,-0.1742,0.0126,-0.0291,0.0059
2.4,1.4,4.9,2.2,2.9,8.0,2.8,40.1,15.3,-0.5269,0.3238,-0.2743,-0.3719,0.2935,0.4031,-0.2775,0.2593
2.4,4.9,4.4,3.1,1.8,10.4,10.4,13.0,11.8,-0.2564,0.2263,0.1053,0.1103,-0.3018,0.2588,-0.5579,-0.6144
2.4,4.4,3.0,4.9,2.6,6.2,12.8,35.5,14.8,-0.2158,0.054,-0.3947,-0.0769,0.4018,0.103,-0.7503,0.1921
2.4,1.3,4.3,2.9,2.0,10.9,14.3,27.3,29.9,-0.5686,-0.3601,-0.1616,0.2269,0.1815,-0.1364,-0.4173,0.4762
2.4,1.8,4.8,2.9,3.3,20.6,7.3,6.6,37.8,-0.7776,0.4948,-0.0907,-0.2654,0.0059,0.1662,0.0144,0.1259
2.4,2.0,3.3,2.1,1.4,11.8,5.2,6.5,9.3,-0.306,0.4453,-0.3498,-0.2392,-0.4298,-0.2661,-0.0442,-0.5135
2.4,1.9,1.2,3.4,1.9,10.6,11.6,14.4,22.7,-0.1449,0.0247,0.155,-0.1005,-0.3076,0.416,-0.7088,-0.3996
2.4,2.5,3.1,3.4,1.5,21.7,4.4,36.8,31.0,-0.5715,0.7522,-0.0523,-0.1569,-0.0367,0.0758,0.1177,0.0751
2.4,3.0,2.6,3.4,4.5,11.1,4.4,17.8,9.8,-0.0842,0.2814,0.1048,-0.496,-0.5899,-0.0254,-0.5433,0.0244
2.4,2.2,1.7,3.0,2.4,12.2,17.4,43.5,14.0,-0.5662,-0.0251,-0.0881,0.1537,0.0945,-0.1487,-0.0972,0.766
2.4,2.6,3.8,2.8,3.0,7.9,19.6,16.3,38.1,-0.8599,0.4819,-0.0291,-0.0403,0.0053,0.01,0.0135,0.0314
2.4,4.1,1.0,3.4,2.2,9.9,12.5,28.8,9.8,-0.5698,-0.128,-0.1971,-0.2966,0.1378,0.6027,-0.369,0.0262
2.4,2.2,1.3,3.6,1.2,11.1,4.9,24.8,13.6,-0.3128,-0.2975,-0.0314,-0.2985,-0.026,0.5068,-0.6512,0.1671
2.4,4.6,4.3,2.2,2.6,8.2,17.9,31.8,35.4,-0.9293,0.2889,0.0287,0.0731,-0.0064,-0.0365,0.048,0.1737
2.4,4.7,3.2,4.0,4.3,15.2,17.5,11.7,16.1,-0.1495,-0.121,-0.2517,0.033,0.2607,0.0123,-0.8334,0.2811
2.4,4.6,1.2,2.0,2.4,10.1,9.7,7.7,43.9,-0.5187,0.5584,0.0157,0.2578,0.2148,0.3306,-0.2263,-0.3703
2.4,4.9,4.4,2.6,3.8,13.5,4.9,6.2,37.9,-0.7833,0.3746,-0.0913,-0.0107,0.173,0.3837,-0.1123,-0.1611
2.4,3.8,2.3,1.9,1.2,21.8,5.6,6.6,13.6,-0.5799,0.8009,0.045,-0.0723,0.0166,-0.0859,0.006,-0.0048
2.4,1.0,2.0,4.7,2.5,19.1,19.5,14.5,27.3,-0.9429,-0.0911,-0.0014,0.0026,0.0011,-0.0013,-0.0379,0.2577
2.4,1.4,4.6,1.2,4.1,11.0,16.9,34.0,30.0,-0.8866,0.2195,0.0632,0.1494,-0.0104,-0.0894,0.0621,0.3317
2.4,2.3,4.7,4.6,3.5,7.4,15.1,11.6,8.1,0.1633,0.5233,-0.0561,-0.1278,-0.5346,0.0547,0.5612,-0.2316
2.4,4.0,2.3,1.8,2.7,3.3,18.2,25.0,11.6,0.2593,-0.0108,-0.1948,0.0846,0.0204,0.1687,-0.1046,-0.9045
2.4,2.6,3.8,2.5,3.0,12.1,19.9,14.1,10.8,-0.194,0.1947,0.0278,-0.0225,-0.0352,-0.0316,-0.6755,-0.6678
2.4,1.7,4.9,4.4,2.7,19.4,12.4,21.8,42.8,-0.9385,0.2929,0.0758,-0.0152,-0.0017,-0.0962,0.0121,0.0336
2.4,4.8,3.7,4.6,4.6,7.4,11.3,29.8,12.2,-0.6152,0.1081,-0.2129,-0.2651,0.1881,0.5261,-0.3351,-0.2405
2.4,4.1,2.8,2.1,2.9,18.7,13.3,10.7,11.9,-0.8169,0.5615,-0.0265,0.0093,0.0317,0.0302,0.0315,0.0499
2.4,2.5,1.9,3.1,4.1,11.4,6.6,25.2,25.7,-0.6382,0.059,-0.4114,-0.079,0.3822,0.403,-0.3035,-0.0533
2.4,1.1,4.7,2.8,3.0,10.0,8.6,5.2,14.5,-0.1824,0.4848,-0.4399,-0.1517,-0.4621,-0.1675,0.3965,-0.3286
2.4,3.0,4.2,1.3,3.2,21.0,16.8,28.3,32.6,-0.463,0.8788,-0.0312,-0.0219,0.0037,0.0037,0.0005,0.0004
2.4,4.5,4.7,4.2,2.6,13.3,5.1,16.8,25.0,-0.7097,-0.2587,-0.1508,-0.2153,0.1239,0.3987,-0.269,0.3142
2.4,1.2,3.8,4.4,2.5,11.6,2.3,39.9,17.7,-0.5562,0.0968,-0.4022,-0.2306,0.4032,0.2329,-0.3291,0.3612
2.4,4.5,1.6,2.9,2.9,5.1,17.9,33.5,15.4,-0.0592,0.0912,-0.2225,0.0387,0.2407,0.0303,-0.9232,0.0526
2.4,2.8,2.3,2.6,1.4,4.9,8.8,13.2,32.8,-0.3276,-0.0941,-0.0888,-0.2594,-0.0764,0.6981,-0.4687,-0.2759
2.4,4.2,1.4,3.7,2.1,16.3,12.6,38.1,41.8,-0.8064,0.3766,0.1941,0.2047,0.0786,-0.074,0.1203,0.1706
2.4,4.1,2.2,1.3,2.7,20.0,4.6,31.3,31.6,-0.5477,0.831,-0.0181,-0.0292,0.0033,0.0153,0.004,0.0035
2.4,2.5,4.9,1.3,4.7,16.2,11.1,13.7,20.1,-0.6415,0.2852,-0.3823,0.0811,0.4587,0.2732,-0.2147,0.0605
2.4,3.3,4.5,3.6,3.0,13.7,18.3,6.5,22.8,-0.7001,0.4312,-0.0003,-0.0328,0.0031,0.0512,-0.2955,-0.4755
2.4,4.1,2.1,3.0,3.5,3.7,16.8,16.8,26.0,-0.2735,0.1768,-0.2531,-0.0487,0.2279,0.2937,-0.6203,-0.5361
2.4,4.3,1.3,3.4,1.7,4.6,19.5,20.5,39.1,-0.9355,0.217,0.0224,0.1295,0.0024,-0.0563,0.0085,0.1189
2.4,2.0,4.1,4.9,4.4,15.7,6.2,6.1,36.9,-0.5203,0.0674,0.316,-0.1139,-0.3301,0.483,-0.4051,-0.0924
2.4,4.9,3.2,4.4,1.1,2.9,11.6,8.5,12.1,-0.2058,-0.0272,-0.2282,0.1076,-0.2637,0.0816,0.4528,-0.7769
2.4,1.2,3.4,4.0,1.8,7.5,21.3,8.9,22.3,-0.5987,0.1442,0.0194,-0.0473,-0.0207,-0.0786,-0.1752,-0.7578
2.4,1.5,1.7,4.9,2.2,7.8,4.8,28.1,22.5,-0.4608,-0.0793,-0.231,-0.3771,0.2288,0.4848,-0.5309,0.0758
2.4,1.9,3.7,2.9,1.8,8.4,15.1,15.2,34.1,-0.2202,0.0319,-0.394,0.0332,0.4096,0.15,-0.7564,-0.0945
2.4,1.7,2.4,1.1,4.7,20.3,12.6,12.9,17.5,-0.5354,0.8355,-0.0065,0.0017,0.0049,0.0064,0.01,0.0075
2.4,1.0,1.2,1.9,1.6,13.1,20.0,25.1,39.8,-0.8415,0.501,0.0365,0.0668,-0.0063,-0.0188,0.0201,0.0461
2.4,4.3,3.3,3.7,1.8,15.8,5.2,9.5,7.2,-0.2172,0.479,-0.0919,0.027,-0.3456,0.0307,-0.6665,-0.3492
2.4,4.5,1.5,3.6,2.9,12.8,15.1,10.6,23.2,-0.262,0.3339,0.2268,-0.0324,-0.2489,0.2263,-0.7153,-0.3545
2.4,2.5,1.2,4.8,4.4,8.1,4.6,18.1,28.2,-0.6256,-0.1476,-0.1867,-0.2284,0.0142,0.6511,-0.2164,-0.1271
2.4,2.5,2.3,2.7,2.3,9.5,14.3,31.6,11.2,-0.3484,0.2135,-0.3478,-0.1626,0.369,0.3293,-0.6302,-0.1633
2.4,4.2,4.0,2.8,2.2,8.8,18.2,42.4,6.6,0.0593,0.1285,-0.0797,0.0349,0.0798,-0.0346,-0.8165,0.5174
2.4,1.6,4.8,4.7,2.2,2.8,15.5,34.9,19.2,-0.0612,-0.0784,-0.1486,0.0428,0.1534,-0.0262,-0.9044,0.3265
2.4,2.4,1.2,3.9,3.4,21.1,17.1,42.3,23.5,-0.7817,0.6126,-0.0145,-0.0436,0.015,0.044,-0.0187,-0.0178
2.4,2.2,1.8,1.1,4.4,9.5,20.8,30.1,38.8,-0.475,0.8646,-0.0637,-0.0285,0.0036,0.0025,0.0043,0.0031
2.4,4.4,2.6,2.0,3.7,16.4,14.7,13.2,15.5,-0.8446,0.277,-0.2591,0.0465,0.2917,0.0951,-0.0318,0.1726
2.4,2.2,2.8,3.5,4.9,10.6,19.0,5.6,20.1,-0.735,0.0922,0.0105,0.02,-0.0166,0.0136,-0.0778,-0.6595
2.4,3.7,2.8,1.5,2.7,10.3,5.4,40.7,42.4,-0.613,0.4195,0.1128,0.4066,-0.0178,-0.3381,0.0285,0.3738
2.4,1.4,4.9,3.9,3.2,3.0,17.8,12.2,14.7,-0.1644,-0.0329,-0.0475,0.0153,-0.0118,0.0628,0.2232,-0.95
2.4,2.1,4.5,4.7,4.3,6.8,8.0,37.6,28.7,-0.4961,-0.0376,-0.4051,0.1884,0.4142,-0.164,-0.4378,0.387
2.4,3.4,1.7,3.7,3.8,12.2,3.0,33.6,32.0,-0.6908,0.0703,-0.352,0.2731,0.3784,-0.187,-0.2437,0.2674
2.4,4.9,3.7,2.1,3.3,5.9,20.9,11.3,19.3,-0.3542,0.267,0.0278,-0.051,-0.0542,-0.0712,-0.5257,-0.7099
2.4,3.8,1.7,4.7,3.9,18.3,17.4,34.7,14.1,-0.9272,0.3619,0.0008,0.0153,0.0007,-0.0106,0.0179,0.0491
2.4,1.1,1.5,2.8,3.5,5.5,13.1,24.1,22.1,-0.3745,-0.0278,-0.3498,-0.1472,0.1829,0.587,-0.37,-0.4315
2.4,3.2,3.8,1.2,3.3,11.7,10.9,36.8,41.3,-0.6682,0.5616,0.2022,0.3168,-0.0546,-0.1984,0.055,0.1991
2.4,3.3,1.0,2.6,2.2,15.0,18.9,27.8,32.1,-0.9516,0.2087,0.0157,0.0964,0.0024,-0.0514,0.0299,0.1692
2.4,5.0,3.1,4.4,3.9,10.6,8.6,10.4,10.7,-0.3232,0.4662,-0.3596,-0.0679,-0.5574,-0.1492,0.0101,-0.4486
2.4,1.3,1.9,2.4,2.2,6.0,12.1,39.3,8.0,-0.5558,0.4612,-0.155,-0.3905,0.1705,0.4172,-0.288,0.0622
2.4,1.6,2.0,5.0,1.5,8.8,15.3,22.9,37.3,-0.4969,-0.1969,-0.39,0.2493,0.4016,-0.1173,-0.4896,0.2513
2.4,4.3,4.3,2.0,3.3,8.1,8.2,38.2,32.8,-0.6934,0.1527,-0.1431,0.3718,0.183,-0.3144,-0.1163,0.4236
2.4,3.6,4.1,3.7,4.3,14.2,16.9,17.4,25.3,-0.7792,-0.2945,-0.0527,0.1512,0.0658,-0.0969,-0.2042,0.451
2.4,1.4,4.3,2.1,1.6,14.7,10.4,16.3,20.8,-0.3834,-0.2201,-0.2979,-0.2253,0.2764,0.4656,-0.5776,0.1316
2.4,4.4,4.2,4.6,3.9,20.9,6.4,39.7,22.9,-0.7663,0.6054,-0.0121,-0.0988,-0.0097,0.0731,0.0348,0.0382
2.4,4.2,1.2,2.8,1.8,9.5,4.5,6.3,14.7,-0.4965,0.2957,-0.3866,-0.0361,-0.4278,-0.0592,0.0021,-0.5682
2.4,4.9,1.7,2.0,3.8,11.0,21.8,36.0,34.0,-0.7626,0.5808,-0.1845,-0.1339,-0.0181,0.0211,0.0584,0.074
2.4,2.2,2.8,3.1,3.6,19.9,17.4,9.6,6.9,-0.8474,0.5139,0.0269,-0.0331,-0.0335,0.0207,0.0098,0.0232
2.4,1.3,3.5,4.0,4.6,7.4,12.6,29.7,18.9,-0.4293,0.2118,-0.3085,-0.1689,0.3066,0.3674,-0.5379,-0.3405
2.4,1.6,2.0,4.2,3.7,15.9,17.6,15.3,36.1,-0.6633,-0.1643,-0.2401,0.3377,0.2655,-0.2117,-0.3094,0.3373
2.4,1.7,2.7,4.0,1.1,5.3,16.0,30.3,4.6,-0.5347,0.2952,-0.1409,-0.1195,0.1288,0.2907,-0.4063,-0.5574
2.4,3.3,1.7,3.9,1.2,8.8,4.5,37.0,9.1,-0.5445,-0.0047,-0.2193,-0.3932,0.2267,0.4158,-0.3979,0.3282
2.4,4.8,3.2,2.0,2.4,12.5,18.3,21.0,7.3,-0.1171,-0.2881,-0.1153,0.1235,0.1391,-0.0243,-0.8677,0.2354
2.4,2.3,3.4,3.1,4.6,18.9,13.4,7.1,25.3,-0.5673,-0.1789,0.0157,-0.0799,-0.0066,0.1237,-0.3285,0.6099
2.4,3.5,2.2,2.4,4.5,10.4,13.8,12.0,30.0,-0.6065,0.1455,-0.2868,-0.1383,0.2781,0.5404,-0.3031,-0.1843
2.4,1.7,1.2,2.0,4.0,5.1,6.5,28.5,23.0,-0.4316,-0.013,-0.4996,-0.0032,0.1418,0.6428,-0.1552,-0.3033
2.4,4.6,1.5,4.8,4.3,13.8,16.8,16.8,20.7,-0.5363,-0.1176,-0.4059,-0.1694,0.4072,0.28,-0.4534,0.1745
2.4,1.8,3.5,3.4,1.6,14.8,13.6,42.0,27.3,-0.8553,0.2041,-0.0177,0.0908,0.0175,-0.091,0.0938,0.4365
2.4,2.4,3.2,3.6,2.8,6.0,4.5,18.7,25.2,-0.3539,-0.2033,-0.1102,-0.2846,-0.0928,0.7005,-0.447,-0.1657
2.4,4.5,2.3,1.1,3.4,15.3,12.0,27.2,21.6,-0.7236,0.543,-0.0538,0.3206,0.1374,-0.1727,0.0025,0.1222
2.4,3.6,3.2,2.6,4.3,12.2,6.9,6.9,41.6,-0.6644,0.4965,-0.0196,0.201,0.1492,0.3078,-0.1683,-0.3442
2.4,4.7,2.5,1.5,3.5,16.7,9.3,43.6,34.5,-0.6649,0.7134,0.0421,0.0821,-0.0424,-0.0819,0.105,0.109
2.4,3.5,1.9,1.2,3.6,10.7,4.0,18.7,36.4,-0.3534,0.3564,-0.3472,0.4259,0.4845,0.1347,-0.4126,-0.0925
2.4,2.8,4.2,1.5,2.1,17.4,21.9,26.3,14.5,-0.8384,0.5264,-0.025,-0.0241,0.0032,0.0053,0.0444,0.0739
2.4,2.2,3.0,3.6,3.2,6.3,18.6,19.4,35.6,-0.9409,-0.0489,0.0025,0.0978,0.0111,-0.0512,-0.0293,0.262
2.4,1.5,4.4,4.0,2.6,14.3,14.5,35.9,33.6,-0.9269,0.0568,-0.0124,0.1449,0.0226,-0.1192,-0.0024,0.3049
2.4,3.5,4.6,2.6,2.1,8.8,17.3,26.5,15.9,-0.1227,-0.3198,-0.0749,0.0695,0.0856,-0.0208,-0.8718,0.29
2.4,4.4,3.8,3.0,2.0,4.3,19.2,21.5,5.1,0.3317,0.1794,-0.0005,-0.0034,-0.0021,-0.0014,0.4081,-0.813
2.4,4.5,2.6,1.3,3.1,14.3,8.7,42.4,34.6,-0.6898,0.6313,0.0638,0.1795,-0.0549,-0.1725,0.1166,0.1823
2.4,4.2,2.9,2.2,1.3,11.0,20.3,19.8,34.4,-0.93,-0.0509,-0.0151,-0.0456,-0.0008,0.0208,-0.0249,0.3321
2.4,3.7,3.2,2.9,3.3,13.7,19.7,30.8,38.2,-0.8215,0.5496,-0.0279,-0.0335,0.0048,0.0074,0.0086,0.0169
2.4,1.1,1.1,4.1,2.3,3.6,17.6,8.9,15.8,-0.1205,0.0002,-0.1139,0.1383,-0.2656,0.0931,0.3965,-0.8387
2.4,4.3,3.6,1.6,4.2,21.8,15.4,26.4,22.8,-0.4845,0.8666,-0.0516,-0.0539,0.0071,0.0143,0.0026,0.0026
2.4,2.6,1.1,1.1,2.8,6.5,19.1,39.8,24.6,-0.5213,-0.0391,-0.0391,0.1898,0.0612,-0.1698,-0.1399,0.7795
2.4,4.1,1.0,2.1,4.0,2.2,4.1,42.9,29.4,-0.3237,0.4943,-0.4822,0.0054,0.4831,-0.0041,-0.3229,0.2613
2.4,2.7,3.7,1.4,4.9,10.3,3.9,30.3,42.6,-0.4992,0.2116,0.0227,0.6215,0.2226,-0.3047,-0.2381,0.3241
2.4,3.0,4.7,2.9,4.2,10.0,19.5,29.6,17.3,-0.4585,-0.4197,0.0118,-0.0418,-0.0205,0.0234,-0.5282,0.5566
2.4,2.9,4.2,4.5,2.0,6.0,17.5,34.9,32.6,-0.8739,-0.137,-0.011,0.066,0.0155,-0.0528,-0.0772,0.4377
2.4,2.4,2.5,2.1,4.8,15.8,15.1,12.0,20.7,-0.5446,0.043,-0.2538,-0.2659,0.2782,0.5452,-0.3991,0.0893
2.4,4.7,4.4,2.5,1.2,13.6,12.6,20.6,34.0,-0.9094,0.024,-0.066,0.2326,0.0914,-0.142,-0.0391,0.2697
2.4,2.8,2.2,3.7,2.6,4.2,2.2,10.2,32.8,-0.1593,-0.0753,0.1063,-0.0465,-0.5194,0.6022,-0.4338,-0.3246
2.4,3.3,1.5,2.4,2.9,20.0,6.9,40.4,23.9,-0.74,0.6651,0.0021,-0.0348,-0.0044,0.0322,0.0134,0.0177
2.4,4.9,3.8,1.6,4.9,2.6,19.2,7.6,26.3,-0.5089,0.3856,-0.0071,0.0078,0.0126,0.0211,-0.4542,-0.6088
2.4,3.1,1.7,4.9,3.5,10.9,7.5,19.0,10.9,0.0672,-0.0175,-0.0978,-0.1406,-0.7674,0.3522,-0.4242,-0.231
2.4,1.9,1.3,3.6,3.5,19.7,20.6,27.8,32.2,-0.8865,0.4495,0.0015,0.0003,-0.0002,-0.0001,0.0081,0.0186
2.4,2.3,4.9,3.7,3.3,6.5,15.2,12.5,9.0,0.2173,0.4403,-0.1747,-0.2653,-0.3669,0.2696,0.5884,-0.2857
2.4,4.2,2.7,1.3,4.5,13.0,15.4,19.9,30.2,-0.8129,0.2335,0.0424,0.3711,0.0584,-0.2101,-0.0168,0.2834
2.4,2.1,4.6,4.7,2.5,21.6,10.4,23.3,17.6,-0.7557,0.6162,0.0483,-0.1489,-0.0837,0.0608,0.0039,0.0237
2.4,3.5,3.0,4.0,2.0,12.6,17.0,6.4,31.8,-0.7448,0.4003,0.0676,0.065,-0.0624,0.0274,-0.2465,-0.4527
2.4,2.8,3.0,4.4,4.5,5.9,7.3,20.7,18.5,-0.2334,-0.221,-0.1125,-0.2301,-0.3636,0.726,-0.2552,-0.3025
2.4,1.4,1.7,2.2,1.9,6.7,4.2,9.7,27.9,-0.0247,0.1994,-0.1385,0.1498,-0.5557,0.2915,-0.3195,-0.6399
2.4,3.0,1.7,4.5,1.5,4.3,4.2,5.6,29.0,-0.5884,0.0407,-0.2296,0.1882,-0.2552,0.1646,0.108,-0.6744
2.4,3.7,5.0,1.0,4.7,8.9,19.7,6.9,36.8,-0.7365,0.5482,-0.0344,-0.0333,0.0196,0.0264,0.158,0.2586
2.4,3.2,3.3,3.2,3.0,19.0,14.5,8.8,35.7,-0.8998,0.4012,-0.0369,0.0587,0.0418,-0.0427,0.0243,0.0738
2.4,1.6,1.8,4.0,2.3,4.8,21.7,9.8,37.6,-0.8166,0.3201,-0.1863,-0.3392,-0.0509,0.0683,0.0394,0.1622
2.4,2.6,1.1,3.0,2.8,18.7,20.0,22.5,26.1,-0.905,0.4111,0.0011,0.0041,-0.0001,-0.0013,0.0184,0.0437
2.4,4.8,3.1,1.9,2.4,4.7,3.0,4.1,21.2,-0.3319,0.3956,-0.4758,-0.1018,-0.4854,-0.1071,0.1921,-0.4547
2.4,4.9,3.6,3.4,3.3,19.0,8.5,27.2,5.5,-0.8546,0.5126,0.0097,-0.0077,-0.0116,-0.0131,0.0068,0.0124
2.4,2.0,1.7,2.4,3.3,10.5,17.9,37.5,41.3,-0.7695,0.5586,0.107,0.2064,-0.0331,-0.1158,0.024,0.0868
2.4,1.1,3.0,1.6,4.3,17.8,17.9,25.7,26.1,-0.9222,0.2976,0.0386,0.0914,-0.0062,-0.0414,0.0467,0.1709
2.4,2.3,2.4,3.5,4.0,18.4,9.1,30.3,34.2,-0.9218,0.3426,0.0128,0.1159,0.0054,-0.0665,0.0172,0.0736
2.4,1.6,3.7,2.3,2.1,15.8,9.4,21.5,22.9,-0.7225,-0.09,-0.3933,0.09,0.4028,0.095,-0.2436,0.2442
2.4,1.7,1.1,4.0,2.9,3.5,10.1,11.2,16.2,-0.0704,0.3966,-0.3733,-0.06,-0.5733,-0.1282,0.269,-0.5174
2.4,4.7,4.1,1.8,3.2,8.2,4.5,14.8,38.1,-0.4328,0.4027,-0.3215,0.2542,0.4002,0.307,-0.3756,-0.2745
2.4,2.0,1.3,4.6,4.2,13.7,19.8,29.5,34.5,-0.9728,0.1404,-0.001,0.018,0.0018,-0.0085,0.0153,0.1354
2.4,1.5,2.7,1.4,2.7,14.1,17.5,13.3,23.3,-0.0598,-0.0332,-0.1918,0.126,0.2368,0.0121,-0.9222,0.0621
2.4,4.6,1.9,2.1,2.0,13.6,4.8,42.2,12.1,-0.7671,0.4076,-0.2792,-0.0492,0.2781,0.0485,0.0406,0.273
2.4,4.0,4.3,4.8,2.5,18.7,19.5,5.1,8.9,-0.3528,0.5998,0.007,0.004,-0.0073,-0.005,-0.5808,-0.2512
2.4,2.4,4.2,3.6,4.6,13.6,10.2,11.0,34.8,-0.7402,0.2779,-0.2163,-0.073,0.2316,0.4057,-0.1982,-0.2334
2.4,4.7,1.8,4.0,3.0,13.1,21.3,31.0,33.3,-0.9342,0.2618,-0.0966,-0.1456,-0.0106,0.0218,0.03,0.1167
2.4,4.0,3.8,1.7,3.2,8.7,13.1,33.5,34.9,-0.8266,0.2187,0.0358,0.3314,0.0381,-0.2194,-0.0075,0.3094
2.4,2.7,1.6,4.4,3.3,10.3,16.2,20.1,17.9,-0.3553,0.1058,-0.2442,-0.2585,0.2157,0.447,-0.5916,-0.3495
2.4,1.4,2.0,3.6,1.9,2.2,9.0,22.1,32.3,-0.4627,0.0507,-0.3875,-0.1649,0.3548,0.434,-0.4811,-0.2203
2.4,3.6,1.6,2.7,2.3,15.9,21.7,25.5,40.7,-0.3308,-0.0568,-0.2672,0.3816,0.3431,-0.0924,-0.591,0.1842
2.4,1.6,3.7,4.8,4.1,6.6,16.3,37.9,9.4,-0.4213,0.5994,-0.1536,-0.1155,0.1603,0.1348,-0.528,-0.2977
2.4,3.3,1.3,3.6,4.9,14.4,14.5,37.4,18.2,-0.7403,0.0842,-0.33,0.2024,0.3447,-0.1639,-0.1674,0.3267
2.4,3.6,1.1,2.9,3.0,3.7,7.7,10.8,36.2,-0.6102,0.1307,-0.3327,0.0938,0.0605,0.5663,-0.0325,-0.3899
2.4,3.9,1.8,3.9,1.7,19.0,21.1,25.0,19.2,-0.9091,0.4071,-0.0002,-0.0008,-3.0217e-06,0.0001,0.0091,0.0221
2.4,3.3,1.5,5.0,4.7,5.0,9.7,6.6,30.2,-0.5635,0.135,-0.2294,0.2915,-0.2811,0.2434,0.0975,-0.6099
2.4,4.9,4.7,1.2,3.8,9.1,5.8,17.2,25.4,-0.5012,0.1542,-0.5054,0.1882,0.3089,0.5192,-0.1671,-0.1636
2.4,1.3,3.3,3.3,4.9,4.0,20.0,28.1,34.0,-0.9466,0.2566,-0.0424,-0.0842,0.0073,0.0269,0.0222,0.1044
2.4,1.5,1.0,3.2,1.6,10.8,11.4,18.4,19.0,-0.1512,-0.1295,0.0536,-0.2336,-0.198,0.5355,-0.71,-0.2417
2.4,3.7,3.3,4.1,2.4,17.6,20.3,9.7,19.5,-0.8957,-0.1001,-0.0022,-0.0245,-0.0023,0.0149,-0.0596,0.3846
2.4,4.6,3.0,4.3,4.3,19.2,7.0,18.6,31.1,-0.8811,0.4597,0.0065,-0.0603,-0.0161,0.0345,0.0033,0.0119
2.4,4.0,4.9,2.9,2.4,2.4,7.4,41.8,28.6,-0.3912,0.0394,-0.3662,0.1919,0.368,-0.1891,-0.3857,0.5833
2.4,4.5,2.6,3.4,3.0,3.2,19.9,35.8,40.3,-0.6168,0.7455,-0.0588,-0.0534,-0.0096,-0.0008,0.0501,0.0228
2.4,2.0,1.2,4.9,1.5,4.6,11.4,39.7,42.0,-0.7494,0.1361,-0.1232,0.3559,0.124,-0.366,-0.1398,0.2977
2.4,1.4,2.6,2.9,4.3,20.8,21.5,15.6,32.4,-0.6584,0.6755,0.2018,0.0751,0.0766,-0.0025,0.0349,-0.0028
2.4,3.0,1.3,2.0,3.6,6.6,18.4,18.6,25.1,-0.0888,-0.001,-0.2779,0.1092,0.2943,0.1193,-0.8535,-0.2102
2.4,1.3,4.4,3.1,2.6,2.6,11.7,19.8,25.0,-0.3044,0.0629,-0.2724,-0.1524,0.1981,0.4495,-0.5167,-0.5344
2.4,3.4,3.2,4.3,1.4,10.4,15.5,10.7,24.6,-0.5584,0.3224,0.133,-0.0129,-0.1467,0.1123,-0.3914,-0.6094
2.4,4.2,4.4,1.2,4.2,19.5,5.6,22.0,4.7,-0.5469,0.8322,-0.001,-0.0034,-0.0003,-0.0004,0.0071,0.005
2.4,3.3,3.9,2.2,2.6,16.7,16.1,37.9,42.9,-0.6904,0.4935,0.1851,0.0246,-0.2324,-0.2786,-0.1513,-0.1279
2.4,1.2,1.6,4.7,4.2,15.7,5.7,35.8,41.6,-0.78,0.0595,-0.0512,0.409,0.1133,-0.2743,-0.1298,0.3192
2.4,2.4,2.4,3.9,2.5,18.9,11.3,42.5,26.7,-0.835,0.5008,-0.0005,0.0204,0.002,-0.0189,0.1005,0.164
2.4,3.3,2.6,3.3,4.2,11.4,9.4,33.7,42.6,-0.7401,0.2042,0.0511,0.478,0.0885,-0.2607,-0.0833,0.2913
2.4,3.5,2.3,4.1,2.0,3.2,17.9,38.7,39.2,-0.9133,0.3173,0.0215,0.1199,-0.0138,-0.1048,0.0306,0.1454
2.4,3.7,2.6,3.5,4.4,13.3,6.4,35.6,8.9,-0.8397,0.1353,-0.151,-0.175,0.1725,0.4031,-0.0962,0.1082
2.4,4.4,2.9,1.5,4.2,11.0,12.6,31.6,16.3,-0.4753,0.2161,-0.4454,0.1526,0.5181,0.1984,-0.4238,0.003
2.4,1.3,4.4,1.5,3.3,9.8,8.0,12.3,27.4,-0.2841,-0.1177,-0.3922,-0.098,0.0142,0.7831,-0.1796,-0.2787
2.4,3.7,3.3,2.3,4.5,21.3,9.6,39.2,19.8,-0.6299,0.7576,-0.035,-0.1125,0.0036,0.0796,0.0034,0.014
2.4,1.2,4.2,2.4,3.9,9.5,9.9,23.9,20.5,-0.3469,-0.0214,-0.4169,-0.0627,0.2294,0.566,-0.3496,-0.4377
2.4,4.1,3.2,1.6,4.7,19.6,3.1,20.5,14.0,-0.6414,0.7612,0.0192,-0.0174,-0.002,-0.0177,0.0068,0.0059
2.4,3.6,2.4,1.4,2.1,11.6,13.5,20.5,35.0,-0.7202,0.0842,-0.0929,0.4688,0.1944,-0.2493,-0.1551,0.3246
2.4,2.6,1.9,3.1,3.9,8.0,16.9,9.0,9.9,0.0129,0.749,-0.1727,-0.1028,-0.4482,-0.1398,0.3737,-0.1383
2.4,3.5,4.0,1.3,4.2,16.7,10.1,9.0,38.6,-0.3163,0.4452,-0.3106,0.3514,0.4532,-0.1863,-0.4104,0.2003
2.4,3.3,4.6,3.2,1.5,20.4,4.6,5.2,29.4,-0.8089,0.5757,0.0015,-0.0308,-0.0077,-0.0408,0.0019,0.0027
2.4,3.3,1.8,4.5,4.5,9.0,16.3,22.6,19.0,-0.3586,0.1517,-0.3103,-0.1743,0.2913,0.3713,-0.5967,-0.3526
2.4,4.3,1.3,1.4,2.6,12.7,13.3,41.5,4.1,-0.7236,0.5108,-0.1432,-0.167,0.2253,0.2836,-0.0255,0.104
2.4,1.6,2.8,4.6,2.1,9.5,18.4,20.5,38.9,-0.9549,0.1772,0.0167,0.1237,0.0025,-0.056,0.0027,0.0923
2.4,1.8,1.1,2.2,2.6,14.2,17.9,38.8,10.7,-0.2628,0.0455,-0.361,0.1588,0.3757,-0.1351,-0.5647,0.5062
2.4,4.2,4.4,3.7,2.1,2.9,2.4,30.3,24.0,-0.4613,-0.0326,-0.2877,-0.3216,0.2886,0.4796,-0.5227,0.0522
2.4,1.4,1.0,3.2,2.2,2.1,7.5,37.9,11.9,-0.4822,0.2739,-0.0814,-0.469,0.0934,0.4985,-0.4241,0.136
2.4,1.2,2.0,3.3,3.4,4.3,4.5,5.0,30.5,-0.3709,0.237,-0.4144,0.1998,-0.4524,0.1706,0.2615,-0.5343
2.4,4.1,3.9,1.9,2.1,4.2,21.6,41.6,20.0,-0.4435,-0.1371,0.0105,-0.099,-0.0293,0.0841,-0.2803,0.8184
2.4,3.5,1.6,1.4,3.0,17.9,8.1,28.4,22.7,-0.7172,0.6623,-0.0686,0.1342,0.104,-0.0529,0.0146,0.0383
2.4,4.7,1.4,4.8,3.6,8.2,4.7,11.0,30.3,-0.2732,0.1948,0.2216,0.132,-0.4264,0.305,-0.5557,-0.4664
2.4,2.8,3.5,3.5,3.4,11.8,4.5,33.8,35.5,-0.6969,0.0429,-0.2442,0.3681,0.2798,-0.2743,-0.2272,0.3191
2.4,2.4,3.9,3.4,1.1,13.6,20.7,20.7,14.5,-0.3263,-0.471,0.0224,-0.05,-0.0315,0.0218,-0.6699,0.4417
2.4,3.7,1.1,3.7,1.7,2.5,11.0,15.2,19.7,-0.1831,0.0815,0.0187,0.1108,-0.3901,0.2372,-0.2558,-0.8146
2.4,2.5,1.4,1.1,3.2,12.4,12.2,26.0,15.8,-0.3893,0.0961,-0.6655,0.1372,0.1187,0.5618,-0.0382,-0.1629
2.4,1.5,4.9,2.0,2.8,21.0,16.5,7.8,33.7,-0.6327,0.747,-0.0021,-0.1182,-0.0274,0.0884,-0.0029,0.0112
2.4,2.1,4.3,4.3,2.1,13.2,16.8,43.8,9.3,-0.6511,-0.0566,-0.0321,0.0807,0.0365,-0.0763,-0.0811,0.7308
2.4,3.2,4.5,4.9,3.2,19.9,9.9,9.4,40.7,-0.8757,0.4442,-0.1046,-0.094,-0.0548,-0.0237,0.0198,0.0191
2.4,3.3,3.9,3.0,1.3,15.4,14.8,22.9,35.2,-0.9565,0.0994,-0.0032,0.1486,0.0224,-0.0847,0.0041,0.1893
2.4,2.6,1.8,3.7,1.6,15.4,17.8,5.5,27.4,-0.7546,0.4221,0.0321,0.0445,-0.029,0.0192,-0.2399,-0.4296
2.4,4.3,1.3,4.1,1.3,19.6,2.6,15.3,9.7,-0.8971,0.4315,0.0168,-0.0115,-0.003,-0.0263,0.0056,0.0129
2.4,4.0,4.9,4.9,1.6,18.7,4.2,30.6,17.1,-0.9409,0.3268,-0.0121,0.0045,0.0125,-0.0002,0.0107,0.0338
2.4,3.1,2.1,1.3,2.9,5.2,2.4,27.9,39.4,-0.2976,0.3247,-0.3016,0.4724,0.4934,0.0168,-0.4842,-0.0062
2.4,1.5,3.4,2.9,1.1,7.5,11.0,20.1,14.5,-0.1713,-0.0227,-0.0395,-0.2293,-0.0838,0.5021,-0.5852,-0.5495
2.4,3.6,1.9,3.2,4.2,17.2,20.2,8.5,12.2,-0.2068,-0.2012,0.032,-0.0418,-0.0392,0.029,-0.7344,0.5263
2.4,1.8,2.6,4.9,2.0,16.9,11.8,9.1,32.4,-0.1589,0.1858,0.2518,-0.0763,-0.262,0.2151,-0.8279,-0.1653
2.4,1.8,2.0,2.8,1.6,21.7,21.4,36.9,39.6,-0.7547,0.6219,-0.0983,-0.1143,-0.0034,0.0109,0.0236,0.0282
2.4,2.6,1.0,1.3,4.7,15.8,9.7,17.8,41.9,-0.6206,0.2069,0.1149,0.5576,0.1123,-0.2801,-0.1281,0.3428
2.4,1.9,2.2,1.5,3.3,5.3,11.2,15.1,11.6,0.0516,0.539,-0.0697,-0.5544,-0.5662,0.096,-0.2279,0.0486
2.4,2.6,2.9,2.9,1.8,3.2,11.8,40.8,41.4,-0.7335,0.3089,-0.0317,0.3629,0.0481,-0.3429,-0.0449,0.311
2.4,2.2,1.7,2.3,4.7,17.2,5.6,7.8,40.5,-0.618,0.5983,-0.0804,0.072,0.2122,0.2206,-0.2642,-0.2666
2.4,3.5,3.9,2.3,2.9,10.2,9.3,40.1,13.0,-0.4334,0.3464,-0.4578,-0.1558,0.4698,0.1732,-0.3542,0.2613
2.4,2.2,3.3,1.8,1.2,7.7,20.6,22.8,37.5,-0.9365,0.2241,-0.0474,-0.0767,0.0064,0.0266,0.0336,0.1805
2.4,4.9,4.6,1.9,1.1,19.8,11.0,24.6,28.2,-0.7084,0.7005,-0.0044,-0.013,-0.0003,0.0061,0.0041,0.0047
2.4,4.8,1.8,3.8,3.4,18.0,9.4,36.2,29.8,-0.8965,0.4315,-0.0004,0.036,0.0039,-0.0277,0.0204,0.0464
2.4,1.6,4.5,4.9,2.7,13.0,11.4,42.8,22.4,-0.7762,0.0024,-0.0877,0.1502,0.0889,-0.1489,-0.0392,0.5698
2.4,1.9,1.4,3.1,3.9,4.9,14.5,36.0,9.3,-0.6812,0.1701,-0.1178,-0.2137,0.1139,0.5409,-0.2439,-0.2479
2.4,2.8,1.6,1.1,3.0,21.2,13.5,7.2,24.4,-0.3987,0.9074,0.0125,-0.0351,-0.069,-0.0324,-0.0068,-0.003
2.4,3.9,1.8,1.4,2.7,8.2,4.9,17.3,7.0,-0.0587,0.2937,0.057,-0.5746,-0.5155,0.0228,-0.5468,0.0419
2.4,4.1,4.8,4.7,2.3,2.1,14.9,29.0,33.6,-0.6044,-0.3409,-0.1598,0.2297,0.174,-0.1566,-0.3822,0.4671
2.4,3.2,4.2,1.8,3.2,4.5,3.5,42.7,12.9,-0.4621,0.4863,-0.2414,-0.3926,0.2418,0.3934,-0.1337,0.3089
2.4,1.7,1.8,3.7,2.5,18.7,20.8,4.2,40.9,-0.8021,0.4365,-0.0215,0.0119,0.0512,0.1058,-0.1615,-0.3085
2.4,3.6,1.9,1.8,4.8,6.3,18.7,35.6,26.8,-0.8099,-0.0519,0.0028,0.1677,0.0297,-0.1168,-0.0663,0.5206
2.4,2.5,2.6,3.4,1.0,6.7,19.3,8.8,28.8,-0.596,0.2238,-0.005,0.0009,0.0029,0.012,-0.2685,-0.7178
2.4,1.2,2.4,4.8,3.5,6.6,15.9,25.7,5.5,-0.269,0.6113,-0.3068,-0.4713,-0.2496,0.1427,0.3372,0.1226
2.4,2.3,2.7,4.9,1.5,19.6,16.6,15.7,35.4,-0.942,0.3151,-0.0025,-0.008,0.0005,0.0047,0.0072,0.027
2.4,3.1,3.5,1.4,3.5,18.4,17.6,43.0,16.2,-0.6274,0.7612,0.0085,0.0104,-0.0082,-0.0101,0.0968,0.0797
2.4,3.9,4.1,2.9,4.6,21.0,9.4,13.3,34.1,-0.6885,0.679,-0.1125,-0.1942,0.0105,0.0649,0.0136,0.0329
2.4,2.0,3.7,1.1,4.3,21.6,21.1,36.8,16.5,-0.3611,0.9254,0.0208,0.0074,0.0007,0.0001,0.0023,0.0005
2.4,3.6,4.3,2.7,3.3,20.6,16.7,33.0,19.1,-0.7308,0.6762,-0.0108,-0.0163,0.0023,0.0051,0.0004,0.0008
2.4,3.4,2.6,3.3,3.4,20.4,6.1,23.5,27.1,-0.7774,0.603,0.0274,-0.1252,-0.0535,0.0612,-0.006,0.0076
2.4,2.5,3.0,2.4,2.8,11.3,21.4,4.0,6.9,-0.1476,-0.0198,0.0984,-0.1429,0.0705,-0.1641,0.387,-0.8626
2.4,4.6,3.9,3.4,4.6,3.0,6.3,22.3,21.9,-0.3963,-0.1273,-0.3696,-0.158,-0.0256,0.712,-0.1457,-0.3508
2.4,2.1,2.7,2.7,4.0,2.1,17.8,26.3,40.4,-0.8093,0.5208,0.0907,0.1955,-0.013,-0.0668,0.0081,0.0448
2.4,4.3,1.8,3.3,1.5,10.8,4.5,12.6,31.5,-0.1992,-0.0233,0.1565,-0.203,-0.2436,0.5046,-0.7437,-0.0593
2.4,5.0,4.5,3.9,2.5,4.1,16.4,15.7,11.3,-0.2245,0.0011,-0.1164,0.0027,-0.0052,0.1859,0.0134,-0.9421
2.4,2.6,4.1,2.7,4.7,16.4,9.7,9.9,27.9,-0.5631,-0.1093,-0.0468,-0.2998,0.0654,0.5413,-0.3769,0.331
2.4,2.1,2.3,2.1,1.8,6.6,10.0,10.0,38.2,-0.5882,0.2821,-0.2918,0.1331,0.233,0.4675,-0.1952,-0.3824
2.4,2.2,3.0,2.7,4.6,21.8,2.1,20.7,10.2,-0.6064,0.6783,0.2039,-0.2054,-0.0229,-0.2684,-0.0051,-0.0783
2.4,1.5,1.6,3.8,2.8,2.6,2.4,42.7,31.6,-0.4353,0.1698,-0.4517,0.1381,0.4547,-0.135,-0.3438,0.45
2.4,3.9,3.9,1.3,1.3,9.4,2.7,34.2,32.8,-0.663,0.2281,-0.3168,0.3236,0.3938,-0.1673,-0.1777,0.2761
2.4,3.8,3.5,4.8,3.1,11.9,16.0,32.8,39.6,-0.9105,0.2894,0.0442,0.2144,-0.0031,-0.1194,0.0029,0.1059
2.4,3.5,4.7,1.8,3.3,11.6,8.0,14.5,36.8,-0.4424,0.3524,-0.3856,0.2495,0.496,0.1309,-0.4306,-0.082
2.4,4.7,4.1,3.0,5.0,11.8,7.8,37.3,43.8,-0.7419,0.3689,0.2014,0.3954,0.0373,-0.1772,0.0467,0.2558
2.4,2.1,1.9,3.3,4.9,13.7,20.4,34.9,5.0,-0.1545,0.3765,0.1134,-0.0382,-0.1452,-0.0408,-0.824,-0.26
2.4,3.8,3.8,4.6,2.3,18.6,18.0,40.6,43.9,-0.9045,0.4095,-0.0007,-0.0037,0.0006,0.0035,0.0352,0.0798
2.4,5.0,4.3,3.1,2.8,19.7,4.3,6.0,31.6,-0.8262,0.5475,0.007,-0.0117,-0.0229,-0.04,0.0174,0.0324
2.4,2.4,4.6,2.2,1.5,13.8,21.5,40.0,30.7,-0.882,0.3331,-0.0247,-0.0422,0.0123,0.0301,0.1084,0.2937
2.4,2.7,3.8,4.6,1.1,9.9,5.0,23.3,29.8,-0.483,-0.2452,-0.2849,-0.2808,0.274,0.4003,-0.5067,0.2018
2.4,3.5,1.4,1.2,1.1,3.7,16.7,5.2,16.4,0.2098,0.2128,-0.1984,0.1151,-0.2641,0.1152,0.436,-0.7569
2.4,2.6,3.5,2.8,3.7,10.5,6.9,24.8,31.6,-0.5101,0.0987,-0.4773,0.1671,0.5066,0.1123,-0.439,0.0198
2.4,2.0,1.6,4.6,3.2,7.1,3.0,31.9,19.3,-0.5849,0.0155,-0.2145,-0.3807,0.2224,0.4894,-0.4007,0.0889
2.4,2.9,2.7,3.5,2.5,8.4,14.5,14.0,29.7,-0.4034,0.147,-0.2473,-0.242,0.2303,0.4612,-0.5498,-0.3373
2.4,3.5,2.1,2.0,1.1,8.6,7.1,33.0,17.5,-0.5372,-0.1197,-0.3788,-0.1244,0.403,0.242,-0.4231,0.354
2.4,3.4,3.1,1.5,1.8,14.2,4.2,25.9,38.2,-0.7267,0.2677,-0.029,0.4856,0.1494,-0.2555,-0.0953,0.2321
2.4,2.2,2.4,2.7,4.2,11.1,13.2,35.6,20.8,-0.3861,0.0587,-0.4536,0.1089,0.4848,-0.0247,-0.5468,0.2788
2.4,4.6,2.4,1.6,1.1,3.9,17.9,20.5,39.2,-0.8572,0.0649,0.0455,0.2935,0.0328,-0.1501,-0.0405,0.3188
2.4,3.9,4.5,2.2,3.9,13.1,20.4,7.6,33.5,-0.0542,0.0326,0.1149,-0.1391,-0.1591,0.0834,-0.8352,0.4086
2.4,3.7,3.1,4.8,1.1,6.2,16.8,12.0,31.0,-0.6018,0.2818,-0.002,-0.1136,-0.0087,0.1983,-0.3311,-0.623
2.4,3.5,3.9,2.8,4.9,12.1,19.2,9.7,15.6,-0.5303,0.3701,0.0027,-0.0026,-0.0064,-0.0057,-0.4311,-0.62
2.4,1.2,2.9,4.3,2.6,13.5,4.3,20.9,4.8,-0.1898,0.3273,0.2208,-0.4448,-0.5639,-0.0984,-0.5187,-0.0451
2.4,3.8,1.0,4.2,1.2,19.7,21.7,13.8,14.0,-0.9025,0.42,0.0046,0.0062,0.0002,-0.0001,0.0057,0.0144
2.4,3.3,4.9,2.1,2.7,2.9,3.9,39.0,12.1,-0.5091,0.3237,-0.1413,-0.4115,0.1854,0.5019,-0.3387,0.1823
2.4,1.3,1.5,2.2,1.8,7.6,18.5,28.7,15.7,-0.0326,0.0429,-0.1396,0.0469,0.1527,0.0467,-0.9467,-0.1842
2.4,3.1,2.7,1.2,2.1,17.1,11.6,14.4,22.7,-0.7744,0.5301,-0.1567,0.1619,0.2063,-0.0367,0.0182,0.1027
2.4,1.9,3.8,3.0,1.3,13.0,3.1,42.3,30.1,-0.7506,0.1757,-0.1987,0.188,0.1982,-0.1887,0.0154,0.4945
2.4,1.6,3.8,1.7,1.7,10.4,20.3,4.7,7.8,0.2454,0.2071,0.0502,-0.0292,0.0265,-0.043,0.5794,-0.733
2.4,4.0,4.1,3.4,3.2,12.4,2.2,20.3,29.2,-0.7548,0.0528,-0.367,-0.0671,0.3481,0.3399,-0.1995,0.0433
2.4,4.0,3.2,2.0,4.2,11.9,12.2,20.2,11.5,-0.2394,0.076,-0.7075,-0.2115,-0.215,0.543,0.1408,-0.0942
2.4,2.5,4.9,2.0,3.6,9.0,7.6,8.3,23.8,-0.095,0.2667,-0.1816,0.2769,-0.4518,0.2938,-0.1905,-0.6865
2.4,4.0,4.6,4.8,4.7,12.5,12.9,4.9,33.8,-0.8386,0.3479,0.0184,0.1427,-0.0167,0.1082,-0.1264,-0.3503
2.4,1.9,1.6,3.1,2.1,8.8,21.4,14.8,15.8,-0.2544,0.2084,0.0547,-0.0576,-0.0719,-0.0849,-0.5864,-0.7188
2.4,3.6,3.2,3.0,1.4,2.5,18.5,9.9,33.1,-0.5263,0.3164,-0.0328,-0.0024,0.0332,0.0655,-0.4013,-0.6653
2.4,2.5,1.8,2.4,3.4,6.1,2.5,42.8,40.4,-0.4868,0.2783,-0.2197,0.4091,0.2202,-0.4094,-0.1872,0.4519
2.4,1.5,2.6,1.4,3.5,7.3,14.6,25.3,6.6,-0.3815,0.6712,-0.355,-0.4659,-0.0377,0.1756,0.0402,0.1258
2.4,3.3,4.7,2.4,4.3,5.2,21.5,13.2,34.1,-0.8816,0.2827,-0.1362,-0.2235,0.0115,0.0817,0.0338,0.1986
2.4,1.9,3.6,3.5,2.3,16.1,19.9,34.3,40.9,-0.5933,0.3697,-0.0686,0.0369,0.0738,0.1328,-0.276,-0.4991
2.4,2.6,4.9,4.2,3.3,17.8,10.7,21.5,6.9,-0.9343,0.1462,-0.1649,-0.0211,0.1408,0.1955,-0.0182,0.0791
2.4,4.6,2.7,2.7,4.7,18.4,5.6,15.0,28.4,-0.8456,0.5172,-0.0564,0.0294,0.0653,0.0086,0.0148,0.0324
2.4,4.7,1.0,1.7,1.8,8.0,10.2,32.9,10.6,-0.5603,-0.0829,-0.2948,-0.1661,0.2211,0.6365,-0.3053,0.0259
2.4,1.6,4.5,2.5,2.6,8.1,18.6,5.0,16.6,-0.2905,-0.0611,0.0016,0.0243,-0.0251,0.018,0.2098,-0.9248
2.4,2.1,4.9,4.9,2.1,12.0,20.7,16.8,39.5,-0.7557,0.576,-0.1357,-0.177,-0.0313,-0.0152,0.0449,0.0355
2.4,3.6,2.6,2.4,3.7,16.8,8.6,30.3,20.1,-0.8654,0.3827,-0.1524,0.157,0.1782,-0.0744,-0.001,0.1027
2.4,1.7,3.2,2.3,4.1,5.2,15.1,39.0,13.0,-0.3731,0.606,-0.2303,-0.1232,0.2606,0.1799,-0.5243,-0.1862
2.4,3.8,2.0,4.6,3.1,7.8,20.9,26.2,25.6,-0.6643,-0.3983,0.0177,-0.1454,-0.0473,0.073,-0.3248,0.4965
2.4,3.9,3.6,2.5,3.7,14.3,2.2,24.6,32.6,-0.7169,0.1803,-0.3216,0.3452,0.3729,-0.1302,-0.1941,0.1598
2.4,1.9,4.8,2.8,3.4,18.7,5.6,19.8,34.3,-0.8962,0.329,-0.0276,0.214,0.0579,-0.121,0.0002,0.0944
2.4,4.4,2.4,3.9,3.2,10.8,12.4,19.1,15.2,-0.4261,-0.1518,-0.1361,-0.3312,0.0508,0.6334,-0.4946,-0.0608
2.4,4.9,3.9,2.2,4.8,13.0,11.8,35.1,17.7,-0.7186,0.1345,-0.2653,0.3203,0.3094,-0.2247,-0.1595,0.3246
2.4,2.8,3.5,4.4,2.3,18.4,9.3,21.3,31.8,-0.9533,0.2526,-0.0406,0.0844,0.0461,-0.0508,0.0091,0.0656
2.4,3.6,3.3,3.2,2.9,15.3,13.8,34.7,36.6,-0.9179,0.304,0.0288,0.1536,-0.0046,-0.105,0.0304,0.1486
2.4,2.5,3.8,2.5,4.3,10.4,13.1,5.0,32.3,-0.6855,0.3755,0.0271,0.2285,-0.0411,0.1951,-0.2062,-0.4967
2.4,3.0,1.4,1.6,4.2,10.6,4.1,24.7,41.5,-0.3519,0.1768,-0.2033,0.5953,0.4132,-0.1715,-0.4427,0.1927
2.4,4.0,4.2,4.6,3.0,20.0,9.6,4.3,31.9,-0.8579,0.4995,-0.0027,-0.0246,-0.0177,-0.0454,-0.0016,-0.0019
2.4,3.7,4.6,2.2,1.4,17.7,7.1,38.8,10.8,-0.8335,0.5204,-0.0649,0.0693,0.0731,-0.0554,0.0426,0.0865
2.4,1.2,4.9,2.7,2.1,7.1,4.5,22.5,35.7,-0.5117,0.1628,-0.4535,0.0973,0.4486,0.2932,-0.4043,-0.1844
2.4,3.8,1.1,4.3,2.0,3.3,13.5,5.5,38.8,-0.6178,-0.0149,0.0788,-0.0659,-0.2357,0.624,-0.1578,-0.2081
2.4,2.4,2.0,2.9,3.6,7.4,19.0,6.3,30.7,-0.6857,0.3674,0.0467,-0.0861,-0.037,0.1729,-0.2939,-0.5034
2.4,3.2,2.6,1.7,1.1,12.8,10.9,16.3,28.8,-0.6279,-0.1138,-0.4056,0.0226,0.4233,0.1794,-0.3293,0.3006
2.4,3.4,2.2,2.5,1.2,7.6,12.4,26.3,18.3,-0.2225,-0.144,-0.3596,-0.1112,0.355,0.2726,-0.7555,0.0457
2.4,3.1,1.7,1.8,4.4,20.7,20.8,7.3,15.2,-0.6104,0.7857,0.0111,0.0078,-0.0012,-0.0011,0.0016,0.0018
2.4,2.6,1.4,3.3,3.3,21.4,6.2,34.5,31.8,-0.6519,0.7097,-0.0938,-0.1828,-0.0039,0.0661,0.0407,0.0464
2.4,4.7,1.6,2.2,3.1,18.9,9.1,27.7,40.4,-0.7735,0.6277,0.0124,0.0168,-0.001,-0.002,0.0113,0.0148
2.4,1.1,3.7,2.7,2.9,12.2,3.3,26.7,17.3,-0.4746,-0.2249,-0.2752,-0.2162,0.0458,0.6898,-0.3308,-0.0223
2.4,1.7,4.6,4.4,2.7,15.0,18.8,29.8,27.4,-0.9343,-0.115,-0.001,-1.9739e-05,0.0006,0.0001,-0.0424,0.3198
2.4,1.1,1.3,3.8,1.8,17.4,10.5,22.3,18.7,-0.8124,-0.1886,-0.2517,-0.1063,0.2415,0.2235,-0.1733,0.2693
2.4,4.0,1.6,2.5,1.0,14.2,21.7,14.0,20.4,-0.484,-0.3946,0.0089,-0.0718,-0.031,0.0352,-0.496,0.572
2.4,1.4,4.3,2.6,4.9,18.8,12.6,43.8,14.0,-0.8231,0.4607,-0.0196,0.1327,0.0195,-0.1328,0.0958,0.2187
2.4,2.5,4.1,2.2,1.2,7.3,10.3,31.8,38.4,-0.7102,0.0048,-0.1456,0.4186,0.2092,-0.2665,-0.2025,0.3576
2.4,3.9,2.6,4.7,2.3,18.8,8.2,25.3,8.4,-0.9304,0.3554,-0.0085,-0.0009,0.0077,0.0083,0.0086,0.025
2.4,2.6,2.6,4.2,2.0,10.4,9.6,27.1,25.1,-0.4815,-0.189,-0.4289,-0.05,0.4339,0.1456,-0.5095,0.2531
2.4,4.8,1.7,4.2,4.1,18.2,13.8,24.9,13.9,-0.9156,0.389,-0.0337,0.021,0.0358,-0.0033,0.0101,0.029
2.4,4.2,1.8,1.6,1.3,10.1,15.3,12.2,11.2,-0.1368,0.0249,-0.0235,-0.1093,-0.2049,0.5882,-0.5279,-0.5304
2.4,4.4,3.7,3.2,3.3,14.3,18.3,33.4,37.4,-0.8984,0.4188,0.0201,0.0458,-0.0063,-0.0205,0.0257,0.0619
2.4,2.6,3.7,3.9,3.7,18.6,8.6,35.2,43.9,-0.9128,0.3743,0.0473,0.0134,-0.056,-0.0933,0.0161,0.0495
2.4,1.8,2.0,4.7,2.4,3.3,18.1,18.8,27.3,-0.1923,0.2435,-0.1291,-0.0301,0.1255,0.1081,-0.7669,-0.5028
2.4,2.5,4.1,4.1,4.1,16.4,20.0,13.0,29.9,-0.8459,-0.2176,-0.0038,-0.0893,-0.0136,0.0509,-0.1278,0.4287
2.4,2.1,1.3,4.0,3.2,20.4,13.0,34.0,22.6,-0.8414,0.5245,0.0008,-0.0643,-0.0114,0.0427,-0.0004,0.0051
2.4,2.0,1.7,1.1,1.5,16.6,16.9,9.9,36.4,-0.6955,0.198,-0.0835,0.4123,0.1711,-0.2885,-0.0985,0.3816
2.4,5.0,4.3,2.7,2.9,7.3,3.3,32.3,38.6,-0.5415,0.1078,-0.2791,0.4583,0.3662,-0.2517,-0.3534,0.2697
2.4,1.5,4.4,2.6,3.6,6.5,5.6,21.8,10.5,-0.0616,0.3647,-0.0425,-0.6426,-0.5847,0.1267,-0.2598,0.1129
2.4,4.2,2.3,4.3,4.7,3.9,19.1,5.2,8.4,-0.0596,0.7228,-0.0292,-0.0078,-0.0424,-0.0191,0.6693,0.0397
2.4,3.5,1.7,1.5,3.4,12.6,6.3,5.4,33.6,-0.221,0.4864,0.1633,0.2677,-0.2122,0.352,-0.5451,-0.3611
2.4,4.9,3.6,2.8,3.3,3.4,6.7,13.1,17.9,0.135,0.3729,-0.255,-0.0657,-0.7184,0.0676,0.0207,-0.4908
2.4,3.8,1.8,1.4,4.0,10.5,3.4,11.8,38.1,-0.4223,0.4668,-0.245,0.2886,0.3394,0.3613,-0.3111,-0.3251
2.4,3.0,2.9,3.5,4.4,12.9,12.5,22.6,31.7,-0.595,-0.0722,-0.3789,0.3206,0.4087,-0.1351,-0.3705,0.2376
2.4,1.9,2.3,3.4,1.5,9.9,11.8,29.7,27.5,-0.4831,-0.2606,-0.3501,0.1264,0.3619,-0.0508,-0.5011,0.4023
2.4,1.5,4.7,3.0,3.7,6.4,19.7,26.4,18.6,-0.0016,-0.052,0.0396,-0.0337,-0.05,-0.0031,-0.9798,-0.1092
2.4,4.4,1.4,2.1,3.6,13.7,15.2,6.3,21.1,-0.545,0.5442,0.0342,0.1824,-0.07,0.1596,-0.3817,-0.4331
2.4,3.3,4.8,4.4,1.5,5.8,14.4,36.5,22.6,-0.4843,-0.3198,-0.0992,0.0976,0.1032,-0.0856,-0.4632,0.6307
2.4,2.9,2.2,1.5,1.0,19.1,21.2,5.7,22.9,-0.818,0.5095,-0.0053,-0.0065,0.0018,0.0035,0.0934,0.1728
2.4,2.1,2.0,2.5,2.5,17.4,2.3,33.1,23.5,-0.883,0.3262,-0.1843,0.0968,0.204,-0.0397,0.001,0.1345
2.4,1.4,2.6,4.8,4.6,16.9,15.1,25.1,34.1,-0.8833,-0.0652,-0.0826,0.2835,0.103,-0.1802,-0.0912,0.2513
2.4,3.0,2.0,1.6,1.1,20.3,11.1,37.7,15.8,-0.6396,0.7626,-0.0007,-0.0206,-0.0038,0.0161,0.0043,0.0046
2.4,1.6,3.4,3.9,4.9,10.8,4.1,5.6,18.1,-0.5016,0.4421,-0.3916,-0.234,-0.4079,-0.2499,0.2125,-0.2563
2.4,3.5,3.4,1.6,2.9,17.5,9.1,38.3,6.9,-0.7344,0.6237,-0.1349,-0.0038,0.1835,0.0814,0.0175,0.0604
2.4,1.6,3.6,3.0,2.6,4.7,11.3,16.6,20.4,-0.1715,-0.0835,-0.0855,-0.201,-0.1887,0.6086,-0.3112,-0.6322
2.4,4.9,2.1,2.6,4.7,13.8,13.0,7.5,31.0,-0.2292,0.4444,0.2754,0.0422,-0.2425,0.2288,-0.7013,-0.2141
2.4,1.0,1.4,2.9,3.3,2.3,13.1,32.1,29.8,-0.3565,0.0965,-0.4612,0.0574,0.4925,0.0969,-0.6154,0.0554
2.4,5.0,3.5,4.0,2.0,10.6,19.1,9.9,38.9,-0.9196,0.2788,-0.0048,0.0076,0.0034,-0.0039,0.0128,0.1134
2.4,2.8,1.6,2.2,1.6,12.6,6.0,22.8,6.3,-0.2802,-0.0858,-0.3461,-0.5963,-0.4124,0.2953,-0.2306,0.3364
2.4,4.0,3.3,2.8,4.7,2.1,2.1,14.0,15.1,-0.1546,0.6196,-0.0379,-0.3296,-0.5255,-0.2727,-0.258,-0.2408
2.4,2.9,3.9,2.7,4.0,17.4,3.9,40.7,5.5,-0.8406,0.4718,-0.0939,-0.0953,0.1061,0.1146,0.0502,0.1335
2.4,4.1,2.5,3.0,3.2,19.4,17.3,40.8,13.9,-0.8045,0.5875,-0.0019,-0.0038,0.0016,0.0034,0.0217,0.0308
2.4,1.7,3.3,3.2,1.6,7.5,11.6,37.6,25.9,-0.4973,-0.1762,-0.238,0.1643,0.2442,-0.1508,-0.3937,0.622
2.4,3.8,2.6,3.2,3.3,10.9,16.4,10.7,25.2,-0.4348,0.2824,-0.0597,-0.266,0.0622,0.4297,-0.5408,-0.4003
2.4,5.0,3.4,4.7,2.5,14.3,13.3,31.1,35.0,-0.9569,0.1271,-0.0076,0.1545,0.022,-0.1051,0.0033,0.1638
2.4,3.0,4.4,4.5,4.3,3.8,2.7,26.2,21.1,-0.5699,-0.0974,-0.1814,-0.2799,0.0729,0.6443,-0.3143,-0.1567
2.4,1.8,2.5,4.9,4.1,5.4,14.8,14.1,41.8,-0.641,0.496,-0.2248,0.0928,0.306,0.2782,-0.233,-0.2157
2.4,2.8,4.8,3.1,1.7,4.5,19.0,18.7,19.2,-0.15,0.1622,-0.0007,-0.0006,-0.0003,0.0011,-0.716,-0.6535
2.4,3.3,2.3,4.4,2.8,10.8,12.7,9.3,16.8,-0.545,0.211,-0.0304,0.2042,-0.1959,0.1476,-0.2068,-0.7104
2.4,4.2,1.0,2.7,1.8,3.8,4.6,23.7,30.2,-0.4914,-0.051,-0.3914,-0.1658,0.3223,0.5171,-0.4246,-0.1069
2.4,4.0,2.2,3.6,2.1,17.4,7.5,20.4,41.4,-0.9333,0.2565,0.0812,0.1815,-0.0038,-0.046,0.0182,0.1085
2.4,4.6,4.2,1.4,1.1,5.3,11.4,24.6,24.8,-0.1664,-0.2081,-0.3356,0.1359,0.3577,0.0855,-0.7972,0.1012
2.4,2.7,3.4,3.1,1.7,17.7,10.3,37.0,35.5,-0.9082,0.3765,0.0094,0.0849,-0.0006,-0.0676,0.0399,0.1142
2.4,4.3,2.3,1.5,4.6,11.1,13.3,26.4,7.9,-0.5023,0.5241,-0.4509,-0.4466,-0.0402,0.1593,0.0696,0.1686
2.4,4.0,4.0,2.1,4.5,17.1,20.6,19.5,5.2,-0.9138,0.3554,-0.0332,-0.0513,0.0058,0.0166,0.0435,0.1246
2.4,1.9,1.5,4.7,4.4,13.6,18.9,9.6,30.6,-0.6433,0.3838,-0.0204,-0.1911,0.0254,0.2755,-0.3479,-0.4272
2.4,4.6,1.6,1.8,2.3,9.2,7.2,19.5,14.1,-0.1619,-0.2327,-0.4442,-0.2969,-0.3779,0.6138,-0.2846,0.13
2.4,3.6,1.7,2.3,1.4,15.2,20.8,34.0,28.3,-0.9288,0.3215,-0.0115,-0.0182,0.0027,0.0074,0.0516,0.1528
2.4,3.4,1.1,4.3,2.7,9.2,13.9,18.6,14.8,-0.2239,-0.0919,0.1238,-0.2187,-0.2987,0.563,-0.5955,-0.3196
2.4,4.2,1.2,4.1,1.0,17.2,12.2,18.9,10.8,-0.972,0.1225,-0.069,-0.013,0.0647,0.0651,0.0085,0.1293
2.4,4.0,2.1,4.2,3.6,10.4,5.6,31.4,8.1,-0.637,-0.1938,-0.1634,-0.1699,-0.0815,0.6709,-0.1637,0.0341
2.4,4.9,3.4,2.3,5.0,3.1,5.3,38.7,13.9,-0.6823,0.2957,-0.1636,-0.2606,0.23,0.481,-0.23,0.0087
2.4,4.6,1.2,4.7,4.7,8.1,2.8,43.6,10.5,-0.7218,0.3182,-0.1329,-0.3506,0.1351,0.3532,-0.0701,0.2865
2.4,2.3,3.1,1.1,3.0,17.4,16.2,43.1,8.0,-0.6296,0.5141,0.0115,0.2697,-0.0098,-0.2682,0.165,0.3631
2.4,2.3,2.7,1.7,4.8,7.1,9.7,28.9,12.4,-0.2854,0.4649,-0.5157,-0.539,-0.1656,0.2542,0.1085,0.1762
2.4,2.4,1.6,1.3,1.8,6.0,13.2,36.0,33.2,-0.5346,0.0577,-0.2223,0.3831,0.2867,-0.2924,-0.2805,0.5013
2.4,4.4,2.1,4.3,2.0,4.4,19.6,9.1,29.0,-0.6952,0.2429,0.0004,-0.0012,-0.0029,-0.0019,-0.2198,-0.6339
2.4,4.5,3.6,4.3,2.5,8.6,5.3,42.4,7.6,-0.6456,0.2866,-0.2107,-0.3862,0.2109,0.3863,-0.1815,0.269
2.4,4.1,4.3,1.3,3.1,10.2,3.0,18.7,28.5,-0.5894,0.2112,-0.4635,0.2016,0.3524,0.4224,-0.1678,-0.0941
2.4,1.2,3.4,4.7,4.0,16.7,4.6,33.1,9.9,-0.8282,-0.0172,-0.1433,-0.2402,0.1495,0.4,-0.146,0.1447
2.4,1.2,3.0,1.2,1.2,6.9,8.0,32.4,42.9,-0.4137,0.2894,-0.0484,0.6072,0.2964,-0.3113,-0.2898,0.2934
2.4,4.0,3.7,1.3,1.6,15.0,14.5,37.6,25.7,-0.7992,0.5666,0.0332,0.066,-0.0144,-0.0458,0.0853,0.1279
2.4,2.8,4.1,4.3,1.7,16.4,17.0,33.3,29.1,-0.9697,0.147,0.0027,0.0276,0.0004,-0.0184,0.0242,0.1723
2.4,4.8,4.1,4.0,3.1,13.4,21.3,30.4,34.0,-0.9319,0.2923,-0.086,-0.1335,-0.003,0.0202,0.0264,0.0951
2.4,4.7,1.7,4.5,4.5,21.0,4.1,12.2,29.5,-0.7437,0.6137,0.1138,-0.0448,-0.1701,-0.1183,-0.0398,-0.0233
2.4,3.6,3.8,2.3,2.1,16.1,5.8,31.0,18.0,-0.891,0.3219,-0.1714,0.1008,0.1927,-0.0212,0.0059,0.1295
2.4,1.3,4.0,3.3,3.1,5.9,15.7,8.6,25.4,-0.4936,0.0951,0.1325,0.0348,-0.208,0.2076,-0.188,-0.7723
2.4,1.4,3.9,2.4,2.2,12.1,4.8,28.5,26.0,-0.5816,-0.0294,-0.4526,-0.0229,0.4669,0.2362,-0.384,0.1499
2.4,4.7,1.2,4.0,3.6,6.0,10.6,34.1,42.6,-0.6153,0.1537,-0.1133,0.5232,0.2394,-0.2971,-0.2185,0.3209
2.4,1.6,4.8,5.0,4.7,13.2,13.8,20.8,43.8,-0.6388,0.3724,0.022,0.5573,0.189,-0.201,-0.0568,0.1896
2.4,4.0,4.9,2.3,1.4,17.2,5.7,8.9,39.1,-0.7684,0.4211,-0.2344,-0.0652,0.2937,0.2114,-0.1092,0.0245
2.4,1.9,1.5,4.2,4.2,11.8,19.0,42.5,14.0,-0.4624,-0.1939,-0.0647,0.0811,0.0647,-0.0811,-0.362,0.7534
2.4,4.0,1.5,4.1,2.4,12.8,3.8,10.7,21.9,-0.3478,0.3982,0.0393,0.154,-0.2397,0.1469,-0.5724,-0.5253
2.4,5.0,3.3,3.5,2.8,5.3,7.7,35.3,31.5,-0.5609,-0.0449,-0.3731,0.2471,0.3957,-0.184,-0.3796,0.3699
2.4,2.5,2.7,3.5,3.1,3.5,8.3,21.0,15.1,0.0499,-0.1043,-0.1559,-0.2142,-0.5668,0.6041,-0.137,-0.4418
2.4,2.5,4.9,4.1,2.7,17.1,13.9,36.2,5.9,-0.8887,0.0957,-0.1031,0.2018,0.1122,-0.1762,-0.0291,0.2931
2.4,3.3,1.8,3.2,1.4,6.0,17.0,16.9,8.3,-0.0751,-0.0189,-0.2088,-0.0862,-0.0768,0.3839,0.0363,-0.8763
2.4,4.6,3.7,1.1,4.8,15.9,7.8,13.2,26.3,-0.6556,0.5912,-0.2343,0.1607,0.3384,0.0923,-0.0539,0.0508
2.4,2.8,2.2,2.9,4.1,8.9,18.6,43.6,30.0,-0.8337,0.2862,0.0066,0.0606,-0.0054,-0.0597,0.1409,0.4274
2.4,4.3,1.6,1.9,2.3,11.4,14.0,28.4,18.4,-0.6399,-0.0641,-0.3834,0.2249,0.4194,-0.0525,-0.3078,0.315
2.4,2.2,4.9,2.2,4.7,21.1,19.9,36.1,11.8,-0.6476,0.7549,0.0092,0.0075,-0.0006,-0.0006,0.0002,0.0001
2.4,1.6,1.7,4.8,4.6,11.4,14.8,15.9,35.2,-0.6585,0.2643,-0.2961,-0.0807,0.2936,0.3663,-0.2961,-0.289
2.4,4.2,3.9,1.1,2.0,2.8,2.8,15.7,9.2,0.0511,0.4893,-0.0514,-0.4929,-0.498,-0.2372,-0.37,-0.2525
2.4,3.5,2.0,1.8,1.1,5.6,15.0,39.2,9.9,-0.1138,0.3839,-0.337,-0.0836,0.3552,0.1121,-0.7392,0.1242
2.4,1.4,1.2,4.5,4.2,6.0,20.3,40.6,26.9,-0.8521,-0.0516,-0.0016,-0.0326,0.0004,0.0309,-0.0379,0.5009
2.4,2.5,1.9,2.5,1.4,14.6,5.8,41.4,12.0,-0.7507,0.2575,-0.3173,-0.0326,0.3174,0.0329,-0.0017,0.3939
2.4,3.8,3.6,4.0,2.0,11.4,3.1,37.8,4.7,-0.7695,0.0746,-0.0774,-0.3405,0.0963,0.4006,-0.1604,0.2761
2.4,1.6,1.1,2.7,4.8,14.2,18.2,12.2,40.4,-0.4596,0.472,-0.3469,0.1811,0.456,0.0952,-0.4031,-0.0811
2.4,2.1,3.8,4.9,4.9,18.9,13.1,28.4,34.0,-0.9473,0.2953,0.0069,0.0538,0.0006,-0.027,0.0116,0.0476
2.4,4.7,2.4,3.4,1.6,11.3,14.1,43.0,18.0,-0.8453,0.1234,-0.0452,0.1139,0.045,-0.1143,0.0509,0.4772
2.4,3.1,1.8,4.7,2.2,20.1,17.3,41.2,36.6,-0.8573,0.4969,-0.0162,-0.0322,0.0111,0.0337,0.011,0.0191
2.4,4.4,4.5,3.2,2.1,10.1,2.4,11.8,25.3,-0.2038,0.2989,0.0545,0.1461,-0.31,0.2361,-0.6578,-0.4972
2.4,2.5,3.4,2.0,4.9,20.5,9.0,8.7,34.0,-0.6324,0.6931,0.0533,-0.2356,-0.1116,0.1705,-0.0265,0.0467
2.4,4.2,1.7,2.6,4.8,11.9,6.2,21.0,19.1,-0.6376,-0.0771,-0.4748,-0.0549,-0.0295,0.5868,-0.0302,0.0147
2.4,4.4,4.6,4.9,2.5,4.7,6.6,27.3,41.0,-0.4534,0.1758,-0.3913,0.3778,0.4741,-0.0951,-0.4586,0.0922
2.4,3.5,1.4,4.4,2.2,7.1,21.4,18.4,25.2,-0.0304,0.0507,0.1055,-0.0884,-0.1419,-0.0263,-0.9506,-0.1761
2.4,4.7,1.0,4.8,5.0,14.0,7.0,14.4,36.6,-0.6892,0.3354,-0.288,-0.058,0.3087,0.3136,-0.2679,-0.2177
2.4,1.9,4.4,1.3,3.5,16.8,21.4,20.0,21.7,-0.9021,0.3614,-0.0444,-0.0504,0.0069,0.0171,0.0646,0.1735
2.4,2.6,4.0,2.5,3.7,12.0,7.0,4.2,5.7,-0.6357,0.5082,-0.1227,-0.304,-0.1524,-0.325,-0.0595,-0.3068
2.4,4.1,2.3,1.9,2.7,14.8,7.2,17.1,4.5,-0.7208,0.0972,-0.2498,-0.4748,-0.0732,0.1841,-0.0545,0.3556
2.4,4.1,5.0,3.1,1.5,17.5,14.9,23.0,14.4,-0.9397,0.3178,0.0028,0.0347,0.0026,-0.0182,0.0231,0.0745
2.4,3.3,3.0,2.9,4.1,15.4,2.9,32.5,24.6,-0.8257,0.2368,-0.3,0.1458,0.3284,-0.0484,-0.0847,0.1576
2.4,2.1,1.6,3.7,4.6,21.7,11.6,36.5,11.1,-0.6918,0.6216,0.1153,-0.2372,-0.1764,0.1385,-0.0302,0.0505
2.4,2.1,3.7,2.1,4.2,9.0,15.9,18.9,9.3,0.0877,0.7657,-0.4239,-0.2509,-0.1206,0.1223,0.3281,-0.0697
2.4,1.7,4.6,3.7,4.1,16.1,12.1,39.4,31.4,-0.9137,0.1973,-0.0086,0.1525,0.015,-0.1403,0.0334,0.2714
2.4,4.2,3.5,1.1,2.2,12.8,5.8,34.1,13.1,-0.728,0.3766,-0.3019,0.0997,0.3722,0.2482,-0.0704,0.0948
2.4,1.3,2.2,2.9,4.1,13.9,16.6,39.0,6.2,-0.6898,0.5056,-0.1472,-0.1726,0.1843,0.2699,-0.2405,-0.1834
2.4,2.0,4.7,1.2,4.4,19.4,6.8,39.8,10.6,-0.6029,0.7779,-0.0766,0.0275,0.1117,0.015,0.0201,0.0263
2.4,4.8,3.3,1.9,1.3,15.8,3.5,12.7,14.5,-0.9011,0.0993,-0.1487,0.0037,-0.0011,0.1835,0.0296,0.3198
2.4,4.7,2.1,1.7,4.7,11.3,6.6,40.3,43.1,-0.6998,0.4601,0.1689,0.3404,-0.0429,-0.2379,0.0606,0.2851
2.4,2.6,1.6,1.4,4.1,8.4,10.6,42.1,12.5,-0.5324,0.5787,-0.2647,-0.2739,0.2956,0.3062,-0.1192,0.167
2.4,3.1,4.4,2.4,2.3,8.6,4.8,26.4,25.2,-0.5566,-0.0525,-0.4377,-0.0793,0.428,0.3578,-0.3992,0.0861
2.4,3.3,4.7,3.5,4.2,14.8,11.4,19.6,20.8,-0.664,-0.0708,-0.4342,0.069,0.4447,0.0872,-0.3115,0.2027
2.4,1.9,5.0,1.9,3.0,11.3,7.2,22.7,14.9,-0.2149,-0.1633,-0.5494,-0.1679,-0.1214,0.7206,-0.1037,-0.1854
2.4,2.6,1.1,2.6,1.8,19.5,13.0,33.1,40.4,-0.8289,0.5509,0.0051,0.0131,-0.0007,-0.003,0.0127,0.0209
2.4,4.2,1.9,1.7,4.5,3.9,6.7,37.5,22.4,-0.5359,0.422,-0.3523,-0.0955,0.4351,0.2898,-0.3401,-0.0056
2.4,3.1,2.3,1.3,1.9,15.0,20.9,38.0,40.1,-0.5134,0.827,-0.1044,-0.0497,0.0013,0.0064,0.0147,0.0081
2.4,2.8,2.2,4.4,4.5,17.4,21.4,36.1,12.8,-0.9504,0.2609,-0.0239,-0.0465,0.0014,0.0131,0.0332,0.1295
2.4,2.2,1.5,3.7,4.8,15.7,13.4,22.9,4.5,-0.6927,0.0767,-0.0822,-0.5683,-0.1389,0.2092,-0.1262,0.3067
2.4,4.6,3.2,3.2,2.3,16.0,15.6,26.0,32.2,-0.9488,0.2692,0.0115,0.0832,0.0026,-0.0441,0.0248,0.1052
2.4,2.2,2.5,2.5,4.2,21.7,12.1,10.9,36.0,-0.5854,0.7308,-0.2115,-0.2336,-0.0097,0.0471,0.0631,0.0591
2.4,1.5,4.5,2.7,3.3,15.6,16.7,20.4,34.0,-0.9401,0.0286,0.0149,0.1677,0.0152,-0.0896,-0.0128,0.2509
2.4,2.3,2.2,4.8,1.6,8.1,12.0,39.5,40.6,-0.8266,0.1477,-0.0671,0.3015,0.0712,-0.2931,-0.0617,0.3051
2.4,3.8,1.9,4.4,1.9,19.0,13.5,29.4,29.7,-0.9191,0.3846,-0.0012,0.0013,0.0009,-0.0006,0.0089,0.0233
2.4,4.2,1.4,2.3,4.9,5.3,2.6,41.9,5.9,-0.6341,0.1683,0.0447,-0.2718,0.0043,0.5953,-0.1533,0.2531
2.4,3.6,1.8,1.1,4.0,21.1,13.2,30.1,40.9,-0.3767,0.9051,-0.1572,-0.0425,-0.0177,0.0006,0.0123,0.001
2.4,3.3,4.0,4.9,1.9,6.5,15.8,24.7,7.5,-0.4241,0.248,-0.1359,-0.076,0.1117,0.2248,-0.4669,-0.6632
2.4,4.0,1.4,1.5,2.8,18.8,9.5,14.2,7.3,-0.6971,0.7046,-0.0784,-0.0098,-0.0259,0.0154,0.0235,0.022
2.4,2.8,4.1,3.6,4.8,2.9,13.3,33.5,8.6,-0.3022,-0.0121,-0.3515,-0.009,-0.1102,0.539,0.1923,-0.6347
2.4,3.7,2.7,4.8,3.8,6.7,9.0,6.6,28.0,-0.6209,0.1539,-0.1373,0.2636,-0.206,0.2112,-0.0211,-0.6394
2.4,4.1,4.5,3.9,3.9,9.2,19.6,24.3,4.8,-0.2825,0.1354,0.0553,-0.0395,-0.0412,-0.0828,-0.3852,-0.8438
2.4,2.2,3.4,3.0,4.4,2.7,5.4,24.0,26.0,-0.4899,-0.0065,-0.4113,-0.0594,0.1723,0.6072,-0.2127,-0.3634
2.4,4.7,4.3,2.8,4.2,21.6,5.3,40.5,37.2,-0.7419,0.5937,-0.0607,-0.0209,0.1162,0.1442,-0.1085,-0.1354
2.4,4.4,3.1,4.3,1.5,3.3,5.9,23.1,22.2,-0.2339,-0.006,0.0567,-0.3086,-0.1102,0.5042,-0.6962,-0.2903
2.4,4.7,2.8,4.6,4.2,3.4,16.9,4.9,15.8,-0.0886,-0.0075,-0.1866,0.1012,-0.198,0.0892,0.6589,-0.6705
2.4,1.0,1.0,1.9,3.5,21.1,17.6,24.4,13.6,-0.6625,0.7334,-0.0216,-0.0719,-0.0052,0.0328,-4.2528e-05,0.0032
2.4,1.4,2.9,1.1,2.3,3.6,15.7,14.7,32.2,-0.127,0.063,-0.3007,0.2225,0.3735,0.1383,-0.7767,-0.2323
2.4,5.0,3.4,3.7,2.5,12.5,19.7,8.5,19.7,-0.6692,0.4545,0.0055,-0.0019,-0.0107,-0.0148,-0.3274,-0.4815
2.4,4.0,1.0,4.1,3.9,13.2,17.3,13.0,16.1,-0.2378,-0.0029,0.1994,-0.2411,-0.2441,0.4752,-0.719,-0.1309
2.4,3.2,2.4,2.6,2.6,18.2,21.8,13.4,5.5,-0.9203,0.3508,-0.0249,-0.04,0.0033,0.0106,0.0352,0.1037
2.4,2.0,4.8,2.1,1.2,6.8,16.7,23.7,42.5,-0.6541,0.6887,0.1369,0.1922,-0.0112,-0.045,0.01,0.0246
2.4,3.2,4.5,3.2,2.2,9.0,17.5,38.6,4.2,-0.2968,0.6726,-0.0996,-0.0414,0.1085,0.0598,-0.5975,-0.2377
2.4,4.0,2.4,1.2,4.2,15.4,3.2,28.7,19.2,-0.6928,0.536,-0.2746,0.2078,0.2083,0.2454,-0.0113,-0.0043
2.4,4.6,3.7,4.7,3.8,17.1,15.9,18.8,14.0,-0.9691,0.1739,-0.0135,0.0731,0.0189,-0.046,0.0135,0.1106
2.4,1.1,1.7,4.4,3.0,16.5,7.2,15.3,35.8,-0.6977,0.1971,-0.3265,-0.0987,0.3175,0.3757,-0.2598,-0.1865
2.4,4.7,4.9,2.1,2.5,18.5,11.7,6.8,33.4,-0.8765,0.3465,-0.0252,-0.0241,0.0376,0.0497,0.0877,0.2621
2.4,4.4,3.7,1.5,3.2,7.4,9.5,35.1,36.0,-0.6792,0.2094,-0.0452,0.4568,0.1453,-0.3196,-0.1152,0.3668
2.4,3.1,4.9,1.5,4.9,19.0,8.4,19.8,12.4,-0.6908,0.7037,-0.0692,0.0636,0.0552,0.0672,0.0139,0.0132
2.4,4.8,2.6,1.8,4.0,7.0,8.4,43.2,25.0,-0.3704,0.3313,-0.4523,0.1863,0.4535,-0.1848,-0.2605,0.4373
2.4,3.5,1.8,1.6,1.4,19.1,5.7,34.9,33.5,-0.7043,0.7029,0.0056,0.0309,0.0017,-0.0204,0.0158,0.0175
2.4,1.7,3.8,4.2,2.8,7.8,19.7,9.1,13.4,-0.4404,-0.0305,0.0202,-0.0236,0.0008,-0.0429,0.0708,-0.8873
2.4,4.1,2.6,2.6,2.3,21.5,5.8,39.7,28.4,-0.6426,0.7454,-0.0265,-0.099,0.0056,0.0781,0.017,0.0213
2.4,4.4,3.0,4.0,2.9,8.0,10.0,25.5,26.2,-0.4386,-0.0687,-0.4663,-0.0486,0.4713,0.2006,-0.547,0.0939
2.4,2.8,2.8,2.1,1.2,5.0,6.0,36.5,42.9,-0.4681,0.2615,-0.1304,0.533,0.2913,-0.3388,-0.2791,0.3379
2.4,1.9,2.9,2.0,4.2,13.3,13.2,42.9,8.1,-0.5769,0.6309,-0.2304,-0.254,0.2332,0.2575,-0.1037,0.0933
2.4,2.1,1.4,1.5,3.1,14.0,7.6,28.1,32.4,-0.6024,0.2111,-0.3152,0.426,0.4102,-0.1547,-0.2605,0.1944
2.4,3.1,2.4,4.3,4.5,3.1,4.2,23.8,42.4,-0.4263,0.3937,-0.353,0.2293,0.4513,0.1928,-0.4462,-0.1864
2.4,2.0,3.6,2.9,4.3,5.8,7.6,23.5,42.9,-0.3692,0.293,-0.3291,0.4598,0.4857,-0.0282,-0.4549,0.0242
2.4,1.4,2.9,4.8,1.3,10.4,20.6,18.4,39.8,-0.8643,0.4169,-0.0908,-0.1605,-0.0053,0.0098,0.0114,0.0253
2.4,4.7,4.2,4.8,1.8,7.4,11.6,9.5,24.9,-0.693,0.2098,0.0092,0.1232,-0.0802,0.0792,-0.1803,-0.6405
2.4,3.3,1.6,4.7,4.7,14.6,7.2,30.0,25.3,-0.7819,0.0521,-0.3845,0.0848,0.3973,0.0115,-0.1864,0.1689
2.4,4.9,3.9,4.6,3.2,21.7,6.6,40.7,34.7,-0.808,0.5361,-0.0589,-0.1061,0.0626,0.1155,-0.0823,-0.0964
2.4,2.2,4.0,4.7,1.8,16.5,20.2,40.9,13.8,-0.92,0.1967,-0.0025,-0.013,0.0028,0.0133,0.0667,0.3179
2.4,3.1,1.2,1.2,3.1,6.7,11.5,31.8,6.1,-0.403,0.3863,-0.2725,-0.6196,-0.1463,0.3099,-0.0819,0.3104
2.4,4.8,2.9,3.4,4.7,17.7,10.6,38.2,16.9,-0.8749,0.4642,-0.0231,0.0625,0.0275,-0.0535,0.0282,0.0635
2.4,3.4,4.9,3.5,3.2,15.1,19.1,5.3,11.9,-0.7622,0.4097,0.0043,0.0087,-0.0074,-0.0177,-0.2327,-0.4354
2.4,4.3,2.0,4.0,2.0,19.9,6.0,24.6,8.1,-0.8621,0.4955,0.0354,-0.0151,-0.0389,-0.0403,-0.0003,0.0021
2.4,3.8,4.0,4.8,3.4,14.5,16.8,12.2,17.1,-0.1875,0.2979,-0.1763,-0.1109,0.1807,0.1631,-0.8083,-0.2993
2.4,2.1,2.0,4.0,2.9,5.3,16.5,4.8,6.6,-0.4421,0.7539,-0.1665,-0.1935,-0.196,-0.2212,0.2669,0.0513
2.4,4.4,3.5,1.6,2.0,3.8,15.3,19.0,11.1,0.4355,0.2411,-0.4195,-0.0261,-0.0775,0.2706,0.2803,-0.6302
2.4,4.3,1.9,3.1,2.4,10.4,15.4,8.7,20.0,-0.5579,0.3152,0.0775,0.1288,-0.1426,0.1282,-0.3473,-0.6336
2.4,3.9,2.6,2.6,4.0,14.7,13.8,16.2,20.0,-0.7123,0.0245,-0.4051,-0.0086,0.421,0.2073,-0.2419,0.1799
2.4,4.3,4.7,4.2,3.6,10.0,17.8,27.6,43.8,-0.252,0.0573,0.1012,-0.0385,-0.0029,-0.1364,-0.0407,-0.885
2.4,4.9,4.7,3.6,3.0,4.0,4.5,26.9,7.0,-0.0837,0.3083,-0.0351,-0.6228,-0.627,0.1479,-0.2356,0.1622
2.4,2.9,4.6,1.5,4.9,13.6,17.7,8.3,20.2,-0.4141,0.5419,-0.0665,-0.0107,0.1061,0.1009,-0.566,-0.4172
2.4,4.6,2.5,3.7,4.3,20.3,12.4,4.9,21.1,-0.7968,0.5946,-0.002,-0.0349,-0.0157,-0.05,-0.0016,-0.0044
2.4,4.7,3.0,1.8,2.8,15.4,18.8,7.5,14.9,-0.2524,0.6548,-0.0375,-0.0083,0.0491,0.029,-0.6526,-0.2401
2.4,3.6,3.1,5.0,4.7,18.5,18.3,8.1,20.8,-0.9433,0.0815,-0.0236,0.0227,0.0242,-0.0195,0.0035,0.2502
2.4,2.8,2.3,3.4,3.7,20.2,20.3,6.0,21.9,-0.8125,0.5718,0.0085,0.011,-0.0016,-0.0027,0.003,0.0065
2.4,2.8,4.3,3.2,3.9,17.0,18.8,14.2,22.9,-0.9471,0.0026,-0.0002,0.0057,0.0008,-0.003,-0.0061,0.2885
2.4,3.4,4.8,3.0,2.0,21.8,10.6,40.5,23.4,-0.6041,0.3127,-0.0413,0.0046,-0.0079,0.1102,0.0718,-0.4095
2.4,3.9,1.7,2.8,1.7,9.2,10.9,11.4,16.4,-0.2733,0.2209,-0.0263,0.169,-0.3375,0.2257,-0.4034,-0.7136
2.4,3.6,4.3,1.8,2.6,11.6,17.9,17.5,32.9,-0.9225,0.0286,0.0221,0.106,0.0057,-0.0567,-0.0017,0.3383
2.4,1.0,3.8,3.1,4.0,7.1,19.2,36.3,34.7,-0.9414,0.2762,-0.0053,-0.0076,0.0023,0.0045,0.0407,0.1502
2.4,3.6,1.1,5.0,1.5,9.6,20.6,6.3,29.8,-0.8267,0.2178,0.0029,-0.011,-0.0085,-0.0264,-0.1289,-0.4964
2.4,2.0,3.3,1.4,2.4,7.8,6.7,15.3,33.9,-0.4397,0.1917,-0.4511,0.2124,0.3675,0.4403,-0.2973,-0.3005
2.4,1.8,1.4,3.1,2.4,3.6,3.1,22.2,9.3,0.0267,0.4319,-0.0237,-0.4607,-0.6895,-0.0989,-0.298,-0.1256
2.4,4.6,3.9,2.6,1.7,3.0,5.9,43.3,35.6,-0.5627,0.1341,-0.2621,0.31,0.2619,-0.3103,-0.1671,0.5425
2.4,2.2,4.2,4.9,1.8,17.9,7.8,17.3,31.9,-0.9397,0.0421,-0.1937,-0.0037,0.1962,0.0701,-0.0379,0.1424
2.4,2.3,3.1,2.0,1.6,15.2,9.7,15.1,4.3,-0.2511,0.0223,-0.1579,-0.6433,-0.4029,0.2399,-0.3562,0.3599
2.4,1.3,4.9,4.9,3.3,20.3,5.2,36.8,41.7,-0.9066,0.3999,-0.029,-0.003,0.0439,0.0645,-0.001,0.009
2.4,3.4,2.3,2.7,1.8,13.4,14.7,8.9,36.4,-0.615,0.2631,-0.2376,-0.2442,0.273,0.4619,-0.3431,-0.1012
2.4,3.6,2.4,3.8,3.8,19.3,21.2,14.6,9.7,-0.8765,0.4718,0.0044,0.0052,-0.0002,-0.0004,0.0071,0.015
2.4,1.6,1.9,4.2,2.7,16.4,14.9,16.3,30.3,-0.5613,-0.1294,-0.4506,-0.0026,0.4551,0.1248,-0.4261,0.1941
2.4,2.3,1.3,2.8,5.0,16.8,12.7,18.2,37.2,-0.6711,0.0693,-0.2087,0.463,0.2792,-0.2457,-0.2417,0.2594
2.4,1.6,2.4,3.2,2.9,7.0,10.3,30.0,31.9,-0.4396,-0.013,-0.4596,0.1694,0.4891,-0.0185,-0.5316,0.1773
2.4,2.5,4.7,2.5,3.6,17.2,13.7,39.6,27.9,-0.8695,0.4451,0.0172,0.0658,-0.0105,-0.0563,0.0742,0.1558
2.4,3.8,2.8,3.6,2.8,18.0,21.4,24.3,33.3,-0.9196,0.377,-0.0358,-0.0468,-0.0022,0.0025,0.0172,0.044
2.4,3.3,4.4,1.3,1.7,15.6,11.4,24.6,31.2,-0.842,0.4636,0.0477,0.1892,0.0073,-0.101,0.0439,0.1236
2.4,1.1,2.4,3.2,3.4,12.9,6.4,37.8,7.6,-0.7206,0.1197,-0.0436,-0.3598,0.0796,0.4925,-0.2225,0.1554
2.4,2.9,2.0,3.7,4.9,18.8,14.0,24.9,6.5,-0.901,0.4106,-0.0524,0.0165,0.0319,0.0681,0.0105,0.0252
2.4,1.2,2.7,1.4,2.5,7.7,12.5,27.6,9.8,0.0843,0.4636,-0.623,-0.3922,-0.207,0.3373,0.2431,-0.0441
2.4,2.0,1.1,2.9,2.4,9.9,7.5,27.1,40.2,-0.4422,0.1354,-0.3711,0.4198,0.4596,-0.1185,-0.4646,0.1323
2.4,2.0,2.1,3.1,5.0,7.4,18.9,25.5,10.9,-0.0494,0.0212,-0.1092,0.0426,0.0126,0.1259,-0.1227,-0.9543
2.4,3.2,3.0,2.0,3.9,13.9,22.0,11.4,26.0,-0.4541,-0.2845,0.0077,-0.2127,-0.0897,0.1154,-0.4745,0.6217
2.4,1.8,1.2,1.4,2.2,15.3,17.8,33.4,34.5,-0.8563,0.4158,0.0665,0.1689,-0.0159,-0.1023,0.0652,0.1834
2.4,4.0,3.3,2.6,3.4,19.5,12.6,13.8,43.2,-0.7928,0.597,-0.0678,-0.0057,-0.0292,0.0162,0.0106,0.0116
2.4,2.5,3.9,1.7,1.4,8.3,15.6,28.3,9.1,-0.0921,0.0676,-0.2223,0.0764,0.213,0.1809,-0.7454,-0.5254
2.4,2.6,2.5,2.4,2.9,17.5,14.5,28.3,19.4,-0.9135,0.3446,-0.0071,0.1254,0.0258,-0.0767,0.0292,0.112
2.4,2.9,1.2,3.1,2.7,20.5,15.4,24.8,43.8,-0.7782,0.5767,-0.1151,0.0866,0.0898,0.1477,-0.0168,-0.026
2.4,1.7,4.6,4.7,2.7,4.9,16.8,36.1,43.2,-0.7955,0.3634,0.0492,0.0325,-0.0572,-0.1587,-0.1623,-0.359
2.4,2.9,2.4,1.2,4.9,18.5,13.5,9.0,41.3,-0.7236,0.543,0.1694,0.216,-0.0523,-0.13,0.0922,0.2132
2.4,3.6,1.5,1.7,1.1,19.6,12.2,27.9,31.0,-0.7021,0.7061,-0.0013,0.0002,0.0007,0.0002,0.0067,0.0072
2.4,3.5,4.0,2.0,1.5,3.8,4.6,25.2,7.8,0.1408,0.3022,-0.1892,-0.5625,-0.6652,0.1649,-0.2341,-0.0033
2.4,3.2,4.1,2.9,3.6,8.6,7.4,11.7,38.7,-0.6164,0.3956,-0.2229,0.1405,0.2488,0.3768,-0.2331,-0.3552
2.4,4.3,3.0,2.7,2.4,10.9,9.0,12.8,25.5,-0.2301,-0.071,0.0702,-0.2557,-0.1413,0.5776,-0.7066,-0.0115
2.4,1.7,1.2,4.7,2.5,7.4,12.3,14.7,9.6,-0.0175,0.4568,-0.2746,-0.103,-0.6663,-0.1607,0.1735,-0.4376
2.4,3.0,3.6,4.8,2.0,6.5,20.2,14.9,5.3,-0.2609,-0.0229,0.0635,-0.051,0.0103,-0.0978,0.1256,-0.9392
2.4,1.3,1.2,3.5,4.2,16.9,12.9,31.8,42.6,-0.8241,0.1708,0.078,0.4156,0.0452,-0.1935,-0.0454,0.2432
2.4,3.5,1.8,1.8,3.0,17.2,16.6,37.7,5.3,-0.6699,0.5072,-0.3211,0.1049,0.3671,-0.0308,-0.1003,0.1162
2.4,2.3,1.3,4.2,4.9,19.6,10.0,25.5,40.2,-0.8896,0.4428,-0.0249,-0.0278,-0.0005,0.001,0.0057,0.0128
2.4,3.1,2.9,2.7,1.8,6.3,4.8,26.9,35.5,-0.492,0.0952,-0.4763,0.1692,0.5096,0.0901,-0.4604,0.038
2.4,2.4,3.7,3.2,4.9,2.6,8.5,11.4,15.9,-0.1573,0.711,-0.1913,-0.2195,-0.5101,-0.2641,0.0767,-0.2035
2.4,2.1,2.6,1.1,2.1,13.4,5.1,32.2,6.0,-0.5162,0.3194,-0.4592,-0.4781,-0.0849,0.2554,0.0388,0.3259
2.4,3.7,2.5,2.8,4.7,19.0,6.1,6.7,15.1,-0.8852,0.404,-0.0123,0.0037,-0.0082,0.0129,0.0567,0.1484
2.4,4.5,2.2,2.4,4.9,3.8,13.6,21.2,8.1,-0.3672,0.435,-0.0639,-0.6695,-0.2982,0.2422,-0.1415,0.2129
2.4,5.0,4.9,4.5,4.8,16.0,12.9,8.2,6.8,-0.5046,0.4875,0.0001,0.2242,-0.208,0.154,-0.3872,-0.4668
2.4,2.2,2.9,2.9,4.4,8.8,10.7,41.9,16.4,-0.3975,0.4721,-0.4086,-0.2214,0.4107,0.2247,-0.3914,0.1351
2.4,4.5,2.9,2.3,3.1,6.0,13.0,38.9,34.3,-0.7697,0.1351,-0.0664,0.3136,0.0898,-0.2799,-0.0495,0.4306
2.4,3.7,4.8,3.1,1.0,14.9,19.3,5.5,41.1,-0.7352,0.6066,0.0793,-0.0012,-0.0969,-0.016,-0.0157,-0.0053
2.4,1.4,3.0,5.0,4.0,16.6,2.7,43.1,19.5,-0.7659,0.1704,-0.3291,0.0843,0.3308,-0.0822,-0.0723,0.3679
2.4,3.9,3.1,3.8,3.9,11.7,18.8,30.4,29.6,-0.9644,0.0586,0.0021,0.0217,0.0011,-0.012,0.0119,0.2382
2.4,4.0,2.1,3.5,4.0,13.8,3.3,15.7,37.2,-0.526,0.3153,-0.4075,0.1099,0.4532,0.1993,-0.4053,-0.1426
2.4,3.9,4.9,2.5,1.9,15.2,8.4,9.9,29.0,-0.3114,-0.2408,0.0558,-0.1796,-0.0464,0.3404,-0.6388,0.4952
2.4,4.2,4.8,2.5,2.6,2.7,13.3,9.4,12.8,0.252,0.5276,-0.1969,0.0014,-0.4203,-0.0001,0.5129,-0.4093
2.4,1.9,3.8,2.5,3.2,2.6,2.2,37.6,27.5,-0.4713,0.3212,-0.4506,-0.1123,0.4801,0.172,-0.414,0.1295
2.4,4.7,4.5,3.1,1.6,11.9,11.5,19.3,39.0,-0.6512,-0.0174,-0.2496,0.4405,0.3064,-0.2309,-0.2881,0.2692
2.4,1.8,3.5,4.1,3.4,13.6,17.4,42.6,9.9,-0.4286,-0.1734,-0.083,0.1039,0.0841,-0.1027,-0.3741,0.7632
2.4,4.8,3.1,2.2,1.7,10.1,13.0,33.7,24.1,-0.8396,-0.0601,-0.0864,0.2157,0.1095,-0.1595,-0.0858,0.4258
2.4,3.7,1.5,3.4,2.0,4.4,11.2,5.9,12.1,-0.1875,0.433,-0.4046,-0.2185,-0.4393,-0.2435,0.4229,-0.3565
2.4,1.1,1.3,2.4,4.7,21.4,4.6,37.7,10.2,-0.6579,0.7051,0.1189,-0.0582,-0.1824,-0.0432,-0.0421,-0.0087
2.4,1.1,4.5,3.1,1.6,16.7,14.1,28.9,10.3,-0.6216,-0.3163,-0.1933,0.2022,0.207,-0.1282,-0.3602,0.4636
2.4,2.0,2.0,4.0,2.7,11.6,6.2,25.0,33.2,-0.5585,0.0491,-0.4825,0.0493,0.4937,0.1414,-0.4169,0.0371
2.4,3.4,3.9,3.8,4.3,13.2,21.5,43.6,36.5,-0.7357,0.6183,-0.1067,-0.106,0.1256,0.1226,0.0025,0.0512
2.4,3.1,3.8,2.8,1.1,9.1,5.7,20.3,14.8,-0.0933,-0.1828,0.0272,-0.1825,-0.2027,0.4998,-0.7717,-0.1508
2.4,3.0,3.2,1.4,4.4,12.4,7.7,33.7,38.1,-0.6928,0.313,0.0683,0.4708,0.0745,-0.2923,-0.0601,0.2979
2.4,2.5,3.9,1.7,2.3,15.4,4.3,32.1,36.7,-0.7921,0.3224,0.0036,0.3782,0.0784,-0.2405,-0.0263,0.2234
2.4,1.9,4.9,3.6,2.6,18.1,11.8,39.2,27.3,-0.9161,0.343,0.0013,0.0534,0.001,-0.0489,0.0564,0.1622
2.4,3.2,3.0,1.4,5.0,2.7,2.3,17.3,18.8,-0.1267,0.2775,-0.3121,-0.6666,-0.375,0.3219,-0.1677,0.2839
2.4,3.7,1.1,1.2,1.6,15.9,13.2,11.0,25.8,-0.8256,0.3344,-0.2137,0.0271,0.2532,0.1488,0.0292,0.2351
2.4,2.4,2.9,3.7,1.1,10.4,9.0,33.4,18.2,-0.5091,-0.24,-0.3429,0.0031,0.3507,0.0339,-0.462,0.4636
2.4,4.7,4.9,2.2,4.3,19.1,13.9,16.5,25.0,-0.7623,0.641,-0.0015,-0.0001,0.0007,0.0003,0.011,0.014
2.4,2.0,1.7,3.6,1.1,11.8,8.7,27.3,6.0,-0.3903,-0.2422,-0.0372,-0.285,-0.1366,0.6728,-0.4678,-0.0184
2.4,2.0,2.6,1.9,4.4,15.3,21.8,41.4,31.9,-0.7407,0.5478,-0.2113,0.0291,-0.0821,0.1573,0.1197,0.0847
2.4,3.3,4.8,3.0,4.9,2.6,11.2,9.2,24.6,-0.1021,0.1405,-0.1006,0.243,-0.4802,0.2613,0.0714,-0.7635
2.4,2.4,2.8,2.3,4.5,11.5,7.9,8.0,8.7,-0.4793,0.6214,-0.1105,-0.266,-0.2665,-0.3214,-0.1616,-0.31
2.4,4.8,2.5,2.4,4.1,5.6,9.6,26.7,28.5,-0.4525,0.1301,-0.4697,0.1066,0.49,0.2354,-0.4813,-0.0836
2.4,2.2,4.9,1.9,4.6,18.7,14.1,24.4,19.8,-0.8308,0.5344,0.025,0.0755,-0.0024,-0.0355,0.0275,0.0512
2.4,2.6,1.1,1.3,2.0,20.5,9.9,10.5,23.4,-0.5476,0.8288,0.0134,-0.024,-0.0279,-0.0216,0.0013,0.0013
2.4,1.6,3.5,1.1,3.1,16.0,8.8,32.9,36.3,-0.741,0.4396,0.118,0.3631,0.0059,-0.2233,0.0187,0.2197
2.4,3.5,4.0,2.2,3.4,18.2,16.8,26.5,23.8,-0.8363,0.5385,0.0098,0.0197,-0.0023,-0.0074,0.023,0.0377
2.4,2.7,3.9,3.6,3.9,12.3,18.3,21.0,33.2,-0.9581,-0.0157,0.0053,0.0615,0.0045,-0.0312,-0.011,0.2464
2.4,4.8,1.9,4.6,4.7,17.9,3.6,16.0,25.8,-0.9455,0.2983,-0.0432,-0.0048,0.0432,0.0496,0.014,0.0553
2.4,3.8,2.5,2.5,4.1,9.8,18.1,39.6,41.1,-0.7128,0.6644,0.0872,0.1227,-0.0304,-0.0633,0.0191,0.038
2.4,3.1,1.9,2.8,4.5,13.6,7.1,39.9,10.4,-0.7807,0.3343,-0.194,-0.2445,0.2181,0.2915,-0.0632,0.1907
2.4,2.0,4.8,1.2,4.7,8.5,11.8,24.8,14.5,0.1583,0.5682,-0.6775,-0.1605,-0.1113,0.23,0.2531,-0.1436
2.4,2.2,4.0,2.2,4.7,18.5,19.0,22.8,26.3,-0.8705,0.477,0.0018,0.004,-0.0003,-0.0011,0.0285,0.0552
2.4,4.6,4.5,1.5,1.4,4.1,3.2,28.1,38.7,-0.3882,0.2289,-0.3809,0.4096,0.5008,0.0171,-0.4671,0.0182
2.4,1.7,4.0,2.5,1.3,4.2,18.0,34.2,31.0,-0.6325,-0.2962,-0.0192,0.0615,0.0269,-0.0448,-0.3069,0.6271
2.4,4.3,3.6,2.1,2.9,12.3,13.5,19.9,31.0,-0.7795,-0.0472,-0.1364,0.3613,0.1867,-0.2084,-0.1563,0.3509
2.4,2.0,4.0,1.5,3.0,3.5,5.4,25.1,41.4,-0.2902,0.3203,-0.2775,0.515,0.4847,0.0042,-0.471,-0.0103
2.4,2.4,4.2,4.7,3.7,3.6,18.2,5.0,12.2,0.0651,0.1143,-0.0348,0.0227,-0.0535,0.0097,0.8159,-0.5446
2.4,3.5,2.7,5.0,3.5,6.9,4.5,4.9,42.5,-0.7419,0.2608,-0.0519,0.3197,-0.0147,0.3677,0.0326,-0.3663
2.4,3.2,2.2,4.0,1.1,5.9,3.4,18.5,30.2,-0.2239,-0.1143,0.0769,-0.2918,-0.1595,0.5369,-0.7015,-0.1524
2.4,3.1,1.6,3.4,2.2,9.4,20.7,41.1,18.9,-0.7601,-0.0516,0.0018,-0.0433,-0.002,0.0429,-0.0486,0.6329
2.4,2.6,3.0,4.1,4.0,5.0,9.9,4.6,16.5,-0.2726,0.4535,-0.4281,-0.1888,-0.4404,-0.2015,0.4519,-0.2343
2.4,2.2,3.0,2.8,4.3,10.0,19.2,20.7,31.8,-0.9245,-0.0969,-0.0011,0.0202,0.0035,-0.0096,-0.043,0.3316
2.4,2.1,3.4,2.2,4.6,7.0,15.5,22.9,42.1,-0.7229,0.4608,0.1357,0.4211,0.0248,-0.1786,-0.0195,0.1312
2.4,1.6,1.7,3.6,2.4,16.8,14.8,8.5,8.8,-0.4301,0.3365,-0.0526,0.2318,-0.2917,0.185,-0.3454,-0.6189
2.4,1.9,1.8,2.3,1.2,7.8,16.1,12.6,16.5,-0.1686,0.0163,-0.0426,-0.1193,-0.1061,0.3914,-0.3269,-0.8189
2.4,3.6,2.1,1.0,4.7,15.2,4.7,34.7,35.1,-0.667,0.5692,0.1422,0.3449,-0.0108,-0.2158,0.0345,0.1778
2.4,4.8,1.4,4.0,2.9,2.3,8.0,18.1,38.9,-0.5899,0.3384,-0.2963,0.1,0.2785,0.3765,-0.2839,-0.3608
2.4,1.2,4.1,1.4,1.6,21.5,5.6,8.4,43.8,-0.5117,0.8328,-0.1501,-0.0281,-0.0693,0.0054,0.0209,-0.0013
2.4,2.4,2.0,2.5,4.5,14.9,5.3,31.6,43.4,-0.7695,0.1932,0.1237,0.458,0.0474,-0.2156,-0.0517,0.287
2.4,1.9,4.0,3.8,4.3,7.0,18.2,5.5,33.1,-0.8064,0.3838,0.087,0.0218,-0.0766,0.0384,-0.1854,-0.3789
2.4,2.0,3.2,4.2,3.7,9.3,21.0,5.8,35.0,-0.7126,0.5707,0.0131,-0.043,-0.1209,-0.1415,-0.2067,-0.2678
2.4,3.5,2.6,4.0,4.9,5.6,10.0,31.6,19.8,-0.5659,0.1858,-0.3169,-0.2312,0.3259,0.4276,-0.4101,-0.1545
2.4,2.9,4.3,4.5,2.9,4.9,17.5,16.3,8.1,-0.0404,0.0003,-0.1077,0.0181,-0.0341,0.1188,0.304,-0.9259
2.4,3.1,4.4,4.6,4.2,18.6,15.3,7.7,27.6,-0.9364,0.0781,-0.027,-0.0393,0.03,0.0546,0.0013,0.2651
2.4,2.9,3.7,4.3,3.3,6.3,17.4,33.2,38.5,-0.9234,0.3253,0.0332,0.1206,-0.0091,-0.0653,0.0151,0.0783
2.4,3.9,3.9,1.5,3.9,12.3,12.2,16.8,15.3,-0.4335,0.017,-0.4973,0.0565,0.2831,0.5876,-0.2545,-0.2224
2.4,2.6,2.1,3.6,3.6,10.7,19.5,20.5,27.5,-0.5711,-0.4537,-0.0075,0.0078,0.0068,-0.0031,-0.4239,0.5103
2.4,4.4,1.2,1.1,4.8,11.5,8.4,32.6,21.4,-0.5717,0.4058,-0.375,0.2469,0.394,0.3207,-0.1712,-0.076
2.4,3.3,4.5,4.5,2.1,6.8,11.7,33.6,17.2,-0.2104,-0.114,-0.3426,0.016,0.3509,0.0226,-0.7658,0.3141
2.4,3.6,2.3,3.0,2.1,9.6,20.9,28.3,42.9,-0.2184,0.122,-0.1573,0.1365,0.0662,0.2278,-0.2406,-0.8183
2.4,4.6,1.5,1.3,3.8,4.2,13.4,19.4,22.5,-0.0508,0.0446,-0.678,0.0548,0.0229,0.5807,-0.0057,-0.42
2.4,2.8,3.6,2.9,1.9,20.1,4.7,28.6,16.7,-0.8092,0.5773,0.0277,-0.0256,-0.0356,0.0024,0.0018,0.0053
2.4,3.0,1.8,4.4,2.5,17.4,4.4,15.1,22.0,-0.9625,0.0361,-0.0724,-0.0279,0.0534,0.1279,-0.005,0.1814
2.4,1.2,2.5,3.1,1.8,17.2,17.5,10.5,14.6,-0.2286,0.3052,-0.1427,-0.1448,0.1477,0.2157,-0.7608,-0.359
2.4,3.0,1.3,4.5,2.7,6.2,13.7,4.5,43.0,-0.7565,0.3761,-0.0037,0.2974,0.0302,0.3393,0.0031,-0.2695
2.4,1.6,3.4,3.1,3.3,8.6,17.8,8.7,40.0,-0.6832,0.3309,-0.1866,0.3857,0.2512,-0.2533,-0.1634,0.1604
2.4,1.6,4.4,4.4,1.0,9.7,8.2,29.3,23.2,-0.3325,-0.2648,-0.3397,-0.0826,0.3427,0.1369,-0.6615,0.3311
2.4,2.7,4.1,4.2,2.5,15.3,4.9,5.8,21.5,-0.7291,0.3768,-0.076,0.1482,-0.1063,0.1254,-0.2063,-0.4715
2.4,2.9,3.9,1.2,1.3,6.5,16.6,7.5,27.5,-0.3711,0.2357,-0.0501,-0.0738,0.0658,0.2445,-0.4939,-0.6911
2.4,4.6,3.2,4.3,3.4,18.3,5.7,37.6,34.2,-0.9037,0.4179,0.0033,0.0229,-0.0012,-0.0181,0.02,0.0461
2.4,4.3,3.3,2.0,2.8,19.5,2.6,19.0,37.7,-0.7273,0.68,-0.0156,-0.0166,0.0032,0.0048,0.0077,0.0089
2.4,3.6,1.3,1.8,4.7,14.4,2.6,5.7,9.9,-0.5484,0.6566,-0.1549,-0.1537,-0.2097,-0.1765,-0.2375,-0.2897
2.4,4.6,3.3,1.6,3.1,10.1,7.9,43.9,34.2,-0.676,0.4273,-0.0179,0.3002,0.0161,-0.3015,0.1131,0.3918
2.4,1.3,4.6,3.5,3.7,15.1,19.9,42.7,16.4,-0.8253,0.0556,-0.0021,-0.033,0.002,0.033,0.0323,0.5467
2.4,2.3,3.0,2.8,2.9,6.5,16.5,6.5,21.2,-0.4057,0.0268,0.0089,0.1411,-0.1441,0.1281,-0.0088,-0.8759
2.4,4.2,3.5,4.8,2.5,11.9,20.3,24.2,40.7,-0.0664,0.1841,-0.2908,0.0904,-0.1294,0.2329,0.3634,-0.6608
2.4,3.9,3.3,3.4,4.4,2.6,7.3,37.5,42.4,-0.6048,0.2342,-0.1108,0.4934,0.2174,-0.3415,-0.1934,0.3289
2.4,2.5,1.7,1.6,3.0,16.4,8.3,37.1,29.1,-0.7875,0.4646,-0.0433,0.2552,0.0779,-0.208,0.0375,0.1887
2.4,3.0,2.5,3.7,1.7,6.2,5.0,31.0,4.4,-0.0029,0.0339,-0.2468,-0.425,-0.7244,0.4457,-0.0398,0.0696
2.4,4.8,4.8,1.3,3.6,19.5,4.1,41.9,21.7,-0.5506,0.8301,-0.0017,-0.0067,0.0006,0.0062,0.0196,0.0134
2.4,3.1,4.6,4.5,4.1,6.6,7.4,35.0,37.9,-0.6804,0.036,-0.2197,0.3954,0.2559,-0.3018,-0.2453,0.3217
2.4,1.8,1.2,2.6,2.4,9.8,21.1,20.9,22.9,-0.1206,-0.3444,0.051,-0.0963,-0.0786,0.0265,-0.8681,0.2607
2.4,3.9,1.0,1.3,3.2,15.0,19.1,39.6,29.7,-0.7429,0.638,0.0386,0.0575,-0.0217,-0.0419,0.0993,0.1219
2.4,1.6,1.4,1.8,2.0,21.9,19.7,20.3,17.9,-0.515,0.8487,-0.0116,-0.0115,0.0004,0.001,0.0074,0.0037
2.4,1.8,3.1,4.7,3.1,5.1,10.3,7.8,16.7,-0.1732,0.1617,-0.3798,0.0856,-0.4487,0.0372,0.4478,-0.6158
2.4,1.2,3.8,3.2,3.3,17.8,4.2,10.9,7.8,-0.1418,0.4267,0.0084,-0.2162,-0.4584,-0.1256,-0.6562,-0.238
2.4,4.5,2.6,2.6,3.7,20.4,12.1,35.9,42.2,-0.7299,0.6428,-0.0655,0.0638,0.1113,0.1441,-0.0268,-0.0343
2.4,3.9,2.1,3.9,4.9,18.9,11.3,22.3,17.1,-0.8861,0.4548,-0.0004,-0.0027,-0.0012,0.0024,0.0077,0.0165
2.4,1.0,3.2,1.2,3.9,8.7,9.2,25.1,15.5,-0.0409,0.4285,-0.6977,-0.3867,-0.1661,0.3206,0.1824,0.0337
2.4,4.8,2.3,2.8,4.8,21.9,7.4,4.9,43.0,-0.6362,0.7139,-0.2001,-0.0701,-0.1607,-0.0324,0.0731,0.015
2.4,4.0,3.1,4.5,3.6,4.5,17.0,43.9,38.8,-0.8438,0.266,0.019,-0.0719,-0.031,-0.2978,0.0844,0.007
2.4,3.9,2.2,3.3,2.5,16.6,19.4,25.5,29.6,-0.9529,0.274,0.0011,0.0057,-0.0001,-0.0021,0.0262,0.0955
2.4,2.8,3.9,4.1,5.0,4.5,4.5,24.1,14.3,0.0005,0.0586,-0.3145,-0.5,-0.6691,0.4273,0.0158,0.0246
2.4,1.3,3.1,3.3,2.7,21.0,12.6,10.0,28.6,-0.7609,0.6191,0.0712,-0.0332,-0.1031,-0.0406,-0.0119,-0.0044
2.4,2.5,3.2,2.5,1.1,13.5,14.2,41.9,42.9,-0.7517,0.5179,0.1,0.2272,-0.1016,-0.2319,0.0099,0.1437
2.4,5.0,2.3,2.6,4.4,10.8,17.9,21.3,42.7,-0.6117,0.691,0.1865,0.2708,-0.0019,-0.0633,0.0271,0.0485
2.4,1.6,1.5,1.6,1.8,14.7,2.9,12.4,22.8,-0.2427,-0.3068,-0.2079,-0.1384,-0.2387,0.5668,-0.5353,0.3049
2.4,4.2,3.3,2.7,1.7,6.6,8.3,16.2,38.2,-0.5146,0.2869,-0.3844,0.0965,0.3991,0.3256,-0.3866,-0.2609
2.4,3.6,1.8,1.7,4.7,13.3,5.9,6.7,31.1,-0.2237,0.4836,0.1153,0.2882,-0.2397,0.3451,-0.5262,-0.3864
2.4,2.6,1.7,4.5,4.7,18.2,19.8,6.1,9.1,-0.7313,0.5514,0.0059,0.0108,-0.008,-0.0142,-0.2315,-0.3013
2.4,2.0,4.7,4.5,2.5,9.2,20.3,15.9,24.9,-0.1457,0.2503,0.0566,-0.022,-0.0676,-0.0339,-0.8295,-0.4503
2.4,4.9,2.0,3.9,3.9,21.5,20.9,24.2,7.6,-0.76,0.6432,0.0287,0.034,0.002,0.0018,0.0032,0.003
2.4,1.6,2.3,3.6,1.7,12.5,8.3,16.3,6.7,0.0664,0.3601,-0.1497,-0.2676,-0.7609,-0.0613,-0.2771,-0.3111
2.4,2.8,2.9,3.1,2.4,12.1,12.7,22.7,32.0,-0.6348,-0.1797,-0.3176,0.3006,0.341,-0.1489,-0.3401,0.3235
2.4,3.4,4.5,1.7,1.2,21.4,9.9,30.2,14.5,-0.5696,0.8125,-0.0132,-0.0711,-0.0131,0.0348,-0.0003,0.0025
2.4,3.2,3.2,3.5,3.6,15.0,10.0,39.9,19.1,-0.851,0.1977,-0.1419,0.1916,0.1443,-0.1873,0.0097,0.3368
2.4,2.5,2.7,4.3,1.1,13.6,20.8,16.1,36.3,-0.7974,-0.3057,-2.8018e-05,-0.1469,-0.0302,0.0719,-0.1886,0.4146
2.4,4.0,3.9,3.8,3.1,7.2,16.9,10.7,7.6,0.183,0.256,-0.202,-0.1152,-0.1908,0.2286,0.6545,-0.5497
2.4,2.8,2.4,2.9,3.1,16.9,9.4,38.3,6.8,-0.8485,0.3784,-0.1803,-0.1176,0.1973,0.1519,0.0003,0.1429
2.4,3.5,1.0,1.3,1.4,3.8,10.0,27.7,39.2,-0.3618,0.2143,-0.3394,0.467,0.4858,-0.0532,-0.4773,0.0865
2.4,3.8,3.1,2.4,2.9,17.6,7.6,30.7,4.8,-0.8173,0.4471,-0.2788,0.0325,-0.1029,0.1684,0.0583,0.0284
2.4,4.2,1.7,2.2,3.6,9.6,9.1,21.2,36.3,-0.4419,0.1983,-0.4224,0.3451,0.4986,0.0288,-0.4525,0.0196
2.4,5.0,1.5,2.0,1.2,19.5,5.5,24.2,14.2,-0.7386,0.6687,0.0054,-0.0059,-0.0074,-0.0033,0.0061,0.0072
2.4,2.2,3.6,2.1,3.8,10.9,15.0,17.8,40.1,-0.7016,0.2269,-0.0027,0.5199,0.1392,-0.2653,-0.1263,0.2416
2.4,3.1,1.3,1.8,4.9,7.3,11.3,31.0,18.4,-0.3634,0.058,-0.5728,0.056,0.0591,0.6328,-0.0356,-0.3297
2.4,4.2,1.9,2.2,1.8,14.4,13.4,31.4,34.7,-0.903,0.3044,0.0145,0.1993,0.0204,-0.1269,0.0263,0.1644
2.4,2.9,1.8,3.0,2.1,10.8,9.8,36.8,9.7,-0.5998,0.1773,-0.2914,-0.3446,0.3101,0.393,-0.3169,0.2079
2.4,5.0,1.1,2.0,1.4,21.6,9.3,22.1,20.2,-0.6069,0.7825,0.0453,-0.0707,-0.0708,-0.0018,-0.0047,0.0003
2.4,3.8,1.8,2.1,2.1,3.2,17.1,16.6,22.0,-0.1254,0.0539,-0.2072,0.0119,0.1258,0.2611,-0.5098,-0.7611
2.4,3.7,4.1,1.7,2.1,5.4,15.8,36.8,25.5,-0.567,-0.203,-0.0594,0.1693,0.0838,-0.1324,-0.3015,0.6868
2.4,1.6,4.6,3.7,3.2,14.4,11.9,40.4,4.8,-0.724,0.4542,-0.1601,-0.2993,0.166,0.3112,-0.1339,0.0511
2.4,3.1,3.7,4.7,1.6,4.8,16.0,43.3,24.7,-0.6695,-0.1126,-0.0386,0.0754,0.0402,-0.0734,-0.132,0.7041
2.4,4.8,1.9,4.8,4.7,16.2,11.0,23.2,6.4,-0.8721,0.1006,-0.3443,-0.0589,-0.1833,0.2232,0.068,0.0881
2.4,1.4,2.2,4.3,4.5,13.8,5.1,27.2,9.3,-0.2816,-0.0008,-0.3084,-0.5992,-0.5201,0.3025,-0.0721,0.2872
2.4,1.2,3.6,4.7,1.3,7.2,11.6,38.7,28.9,-0.6374,-0.2002,-0.1541,0.1455,0.1551,-0.1428,-0.2683,0.6169
2.4,4.4,1.7,4.2,1.0,14.3,20.0,37.4,27.9,-0.9618,0.1356,-0.0011,-0.0027,0.0006,0.002,0.0306,0.223
2.4,2.7,3.5,2.4,2.9,8.4,6.1,32.9,17.8,-0.5492,0.1101,-0.3605,-0.2181,0.3916,0.4145,-0.4071,0.079
2.4,4.1,1.1,2.5,3.2,19.7,9.4,39.0,18.4,-0.7582,0.6453,0.0118,-0.0302,-0.0152,0.0258,0.011,0.0152
2.4,1.6,3.0,4.9,2.2,10.2,13.1,19.2,6.6,0.0294,-0.0491,-0.0825,-0.1721,-0.6496,0.4983,0.0732,-0.5096
2.4,2.0,3.8,1.9,4.3,17.8,13.8,6.8,35.9,-0.6857,0.4452,-0.2137,-0.1864,0.2932,0.337,-0.1681,0.0379
2.4,1.9,3.6,1.9,2.4,16.4,14.5,7.5,21.8,-0.1499,0.368,0.1905,-0.0758,-0.1605,0.2253,-0.8142,-0.1792
2.4,4.0,1.2,4.1,3.9,4.1,2.1,42.9,35.3,-0.5259,0.1696,-0.345,0.2929,0.3475,-0.2906,-0.2448,0.4601
2.4,1.2,1.4,1.2,2.1,15.3,12.6,8.4,5.7,-0.155,0.6477,-0.048,-0.2945,-0.4558,-0.2009,-0.4005,-0.2193
2.4,4.6,1.8,1.1,2.0,17.9,7.6,14.8,37.7,-0.6386,0.738,0.0842,0.1466,-0.0171,-0.0734,0.0296,0.0441
2.4,1.8,3.2,1.9,1.9,10.0,8.2,39.0,31.1,-0.6151,0.1004,-0.2492,0.3,0.2661,-0.2771,-0.161,0.522
2.4,1.7,4.4,3.5,4.8,19.6,3.6,24.4,15.8,-0.8955,0.4276,-0.0208,0.0031,0.0166,0.0209,0.0103,0.0253
2.4,3.1,3.2,2.1,4.7,4.7,19.8,32.1,39.7,-0.6269,0.7651,-0.0307,-0.0236,0.0021,0.0023,0.0007,0.0005
2.4,1.2,2.1,3.4,4.1,3.3,21.1,28.9,29.9,-0.8999,-0.083,-0.0567,-0.2084,-0.0145,0.0869,-0.0553,0.3214
2.4,2.6,1.1,3.6,3.5,5.6,5.3,40.4,31.5,-0.4822,0.1564,-0.4497,0.163,0.4528,-0.157,-0.3568,0.3811
2.4,4.2,4.3,1.4,3.9,21.9,16.1,26.2,16.8,-0.4441,0.89,-0.0392,-0.0341,0.0052,0.0077,0.0016,0.0012
2.4,4.9,4.7,4.5,2.1,5.8,4.7,38.9,14.7,-0.4481,0.0741,-0.3944,-0.2681,0.3993,0.2811,-0.4762,0.2994
2.4,4.8,2.6,1.9,4.3,16.6,13.6,4.9,31.6,-0.5546,0.7451,0.0553,0.0688,-0.0023,0.0501,-0.2761,-0.2101
2.4,1.8,2.6,4.6,3.4,2.2,6.9,42.6,13.8,-0.4963,0.4368,-0.2516,-0.3885,0.2534,0.3906,-0.3261,0.126
2.4,1.3,3.5,1.2,2.1,16.9,14.4,15.6,13.3,-0.4051,-0.0175,-0.4442,0.1829,0.5019,0.1075,-0.5291,0.1418
2.4,2.6,2.5,3.6,3.1,7.3,10.7,36.3,28.5,-0.532,-0.069,-0.3599,0.2127,0.3733,-0.1791,-0.389,0.4492
2.4,3.5,4.9,3.1,3.9,14.3,6.0,30.7,22.2,-0.7943,0.1071,-0.345,0.1603,0.3701,-0.0457,-0.1451,0.2068
2.4,2.8,4.4,4.7,1.8,21.1,11.1,33.1,23.6,-0.8121,0.5672,-0.0098,-0.0651,-0.0064,0.0327,0.0064,0.0102
2.4,1.3,3.5,4.7,2.5,6.6,8.4,29.1,4.4,-0.218,0.3017,-0.0828,-0.6311,-0.5803,0.2089,-0.0388,0.2382
2.4,2.6,1.8,4.3,2.5,11.8,4.9,38.3,34.8,-0.7768,0.058,-0.1932,0.2755,0.198,-0.2647,-0.1167,0.3847
2.4,3.3,4.0,2.8,4.0,3.5,11.6,42.0,30.1,-0.5476,0.0436,-0.2182,0.2938,0.2188,-0.2928,-0.2015,0.612
2.4,1.9,1.7,1.3,2.1,13.3,12.1,13.4,39.5,-0.3326,0.3555,-0.3263,0.3959,0.5001,0.0312,-0.4805,-0.0159
2.4,2.7,4.9,2.8,1.7,13.8,10.0,14.2,42.0,-0.3381,0.3676,-0.3358,0.3236,0.4912,0.0553,-0.513,-0.0584
2.4,2.2,3.3,1.5,1.8,9.2,20.7,15.9,14.4,-0.0008,0.001,0.0298,-0.0442,-0.0434,-0.0306,-0.7867,-0.5984
2.4,1.1,2.3,4.0,4.7,20.2,7.3,21.5,12.1,-0.9037,0.4051,0.0091,-0.0095,-0.0141,-0.0123,0.0057,0.0183
2.4,4.7,4.1,1.0,4.0,20.8,14.5,30.6,12.5,-0.3952,0.913,-0.0386,-0.0356,0.0081,0.0141,0.0014,0.0016
2.4,1.3,3.7,1.9,4.4,3.3,3.9,6.1,33.1,-0.1001,0.4491,-0.298,0.2754,-0.5473,0.245,0.1084,-0.4904
2.4,1.0,3.9,2.3,3.6,20.0,7.2,14.4,9.0,-0.8567,0.4579,-0.1359,0.0074,-0.0531,0.0753,0.0304,0.0487
2.4,3.9,3.8,4.8,2.8,19.2,20.3,9.8,31.1,-0.9211,0.373,0.0041,0.006,-0.0006,-0.0012,0.0104,0.031
2.4,4.9,3.4,2.7,1.0,11.3,7.2,12.0,34.4,-0.2607,-0.0313,0.0963,-0.2905,-0.1174,0.5409,-0.7029,0.0808
2.4,4.9,2.6,1.8,2.5,2.7,13.9,9.7,4.7,-0.324,0.7709,0.0204,-0.2514,-0.3581,-0.2397,-0.1607,-0.1372
2.4,4.6,4.9,4.3,2.1,12.6,3.2,7.9,20.3,-0.7097,0.3546,-0.0955,0.1509,-0.1358,0.1235,-0.2079,-0.5064
2.4,4.6,4.5,4.5,2.9,15.2,5.7,21.0,10.7,-0.9118,-0.0709,-0.1527,-0.0605,0.0812,0.2819,-0.0498,0.1916
2.4,2.8,2.3,4.8,2.1,14.7,19.7,15.2,43.9,-0.4235,0.2739,-0.0231,0.0065,0.0248,0.0312,-0.4557,-0.6927
2.4,1.1,2.1,4.1,2.2,13.9,21.8,5.8,40.3,-0.4738,0.665,-0.3158,-0.1865,-0.2197,-0.038,0.3043,0.0746
2.4,5.0,2.8,2.6,3.9,8.2,19.5,8.9,33.5,-0.1573,0.5028,0.0046,-0.0054,-0.0083,0.0041,-0.7942,-0.2148
2.4,4.2,4.3,2.5,5.0,6.8,15.7,39.6,25.0,-0.7325,-0.0503,-0.049,0.2017,0.0632,-0.1804,-0.1008,0.5955
2.4,1.4,1.8,4.5,3.3,6.9,13.9,4.6,34.8,-0.7524,0.1628,-0.067,0.2568,-0.1056,0.2185,-0.0261,-0.5202
2.4,1.0,2.1,1.8,2.4,13.8,18.6,29.6,11.4,-0.0237,-0.036,-0.1283,0.0839,0.1524,0.0206,-0.9551,-0.0712
2.4,4.7,1.7,3.2,2.1,6.5,7.4,38.4,40.8,-0.6686,0.1572,-0.1304,0.4217,0.1729,-0.3537,-0.1723,0.3685
2.4,1.5,4.2,3.6,3.3,20.9,14.0,32.0,7.6,-0.8149,0.5603,-0.016,-0.093,-0.0061,0.0503,-0.0008,0.0069
2.4,2.3,2.0,1.3,3.6,3.9,10.7,41.8,15.9,-0.3799,0.6389,-0.3267,-0.2371,0.35,0.2593,-0.2586,0.1189
2.4,3.0,3.2,2.7,2.6,17.3,17.9,20.7,42.6,-0.3431,0.1085,0.3783,-0.1467,-0.3436,-0.1741,-0.5117,-0.1804
2.4,4.4,4.1,1.6,5.0,5.7,15.4,34.1,39.8,-0.7387,0.5788,0.1503,0.237,-0.0364,-0.1149,0.0364,0.1064
2.4,1.3,3.1,4.2,2.6,8.4,6.1,20.2,15.5,-0.121,-0.0745,0.0989,-0.0966,-0.4572,0.5145,-0.4992,-0.4734
2.4,4.2,1.9,4.7,2.2,9.8,10.2,34.0,32.0,-0.782,-0.1059,-0.2166,0.2392,0.227,-0.2011,-0.1784,0.3745
2.4,3.3,1.2,3.1,1.8,17.0,3.5,17.8,7.9,-0.9254,0.1015,-0.2333,-0.0316,-0.09,0.1673,0.0316,0.1633
2.4,2.6,1.2,1.2,1.0,15.6,11.6,19.3,43.2,-0.6979,0.2875,0.2169,0.4945,0.0359,-0.2136,-0.036,0.267
2.4,1.8,3.1,1.2,4.3,9.5,13.0,16.9,7.5,-0.3168,0.4923,-0.2273,-0.6348,-0.1894,0.2981,-0.102,0.2355
2.4,2.8,1.8,1.7,2.8,7.2,15.2,34.2,26.2,-0.4416,-0.0977,-0.2724,0.2994,0.3229,-0.199,-0.4576,0.5092
2.4,4.5,4.7,4.3,3.1,7.1,7.1,22.9,10.1,-0.0813,-0.1914,-0.1153,-0.2111,-0.5404,0.6627,-0.2578,-0.2883
2.4,4.5,2.9,2.0,4.5,4.6,7.4,23.1,40.5,-0.334,0.289,-0.3318,0.4589,0.4881,0.0101,-0.4822,-0.0056
2.4,3.2,3.6,4.5,4.0,8.7,17.4,26.2,26.9,-0.6281,-0.4124,-0.064,0.1256,0.073,-0.08,-0.3645,0.5012
2.4,1.7,3.6,5.0,1.2,9.8,4.1,7.6,22.4,-0.6567,0.1054,-0.1312,0.142,-0.1613,0.1168,-0.0517,-0.6876
2.4,3.0,3.7,1.1,2.3,20.2,16.7,11.5,30.6,-0.5024,0.8583,-0.0082,-0.0064,0.0023,0.0027,0.0047,0.0033
2.4,3.2,2.0,3.8,2.3,6.6,12.5,31.8,6.6,-0.596,0.0021,-0.0853,-0.2768,0.0189,0.628,-0.2909,-0.254
2.4,1.7,1.6,2.0,4.1,5.7,2.9,36.9,33.3,-0.4258,0.3644,-0.4349,0.1524,0.5076,-0.0105,-0.4408,0.0989
2.4,3.6,4.1,2.9,3.8,12.9,6.6,6.8,35.6,-0.6446,-0.022,0.0044,-0.2197,0.0015,0.6465,-0.2537,0.0842
2.4,2.6,3.9,3.7,4.8,18.7,17.7,19.3,39.7,-0.739,0.457,0.2831,0.1513,0.0539,-0.0645,0.0571,0.011
2.4,3.6,4.1,1.2,2.9,10.9,8.7,32.1,18.6,-0.5195,0.1997,-0.4387,0.2012,0.5311,0.0903,-0.3591,0.1488
2.4,3.7,1.1,1.7,3.3,15.2,9.9,6.5,24.5,-0.1949,0.5742,0.0538,0.1872,-0.1754,0.2274,-0.6486,-0.2712
2.4,1.4,3.5,4.8,4.0,11.0,20.5,12.5,15.9,-0.5935,0.2044,0.0307,-0.0383,-0.0326,-0.0875,-0.2442,-0.7255
2.4,2.5,2.5,4.1,2.9,9.0,4.1,39.8,4.2,-0.6971,0.1746,0.0357,-0.4108,-0.0318,0.4197,-0.1698,0.3151
2.4,1.7,4.7,3.1,2.3,15.9,19.9,5.9,39.9,-0.7333,0.6306,-0.087,-0.1191,0.0098,0.0374,0.0291,0.0368
2.4,3.0,2.5,2.7,1.7,18.7,20.0,35.4,15.9,-0.8655,0.4901,-0.001,-0.0014,0.0003,0.0005,0.026,0.048
2.4,3.1,2.9,2.8,2.0,17.1,4.7,34.9,43.2,-0.8435,0.3838,0.2167,0.2162,0.0554,-0.0446,0.0727,0.1466
2.4,1.5,3.0,1.4,2.1,16.1,14.5,9.3,19.1,-0.2553,0.0504,-0.058,-0.3056,0.0946,0.5498,-0.7007,0.0412
2.4,2.2,3.3,3.8,2.9,19.4,8.5,39.1,35.5,-0.8839,0.4548,0.0003,0.0088,0.0001,-0.0075,0.0268,0.0554
2.4,2.8,4.8,1.4,2.3,20.0,19.3,14.1,33.5,-0.6118,0.784,-0.0001,-0.0001,2.0835e-05,2.4638e-05,0.0061,0.0054
2.4,2.8,1.3,4.7,2.7,14.4,9.1,8.4,43.4,-0.6947,0.4548,-0.0084,0.172,0.1493,0.2953,-0.1689,-0.3657
2.4,4.3,3.3,3.9,1.4,17.5,10.1,24.4,30.1,-0.9534,0.265,-0.0309,0.0677,0.036,-0.0409,0.0148,0.0724
2.4,1.8,2.9,2.7,1.2,4.8,8.1,17.7,38.8,-0.5074,0.2295,-0.4098,0.106,0.3946,0.341,-0.3791,-0.2836
2.4,1.1,1.1,3.8,1.1,4.1,11.3,24.7,35.4,-0.4127,0.0036,-0.4668,-0.0543,0.4667,0.2314,-0.5678,-0.0326
2.4,1.9,1.7,2.6,3.0,16.9,18.2,18.6,19.3,-0.8942,-0.1178,-0.0288,0.1478,0.0452,-0.0885,-0.0717,0.3504
2.4,4.0,1.2,1.8,1.5,15.3,11.4,9.4,12.9,-0.0452,-0.0007,0.0219,-0.0482,-0.2278,0.3523,-0.8349,0.2845
2.4,4.1,3.7,4.0,1.2,12.1,15.7,30.2,26.5,-0.8992,-0.1751,-0.0223,0.0813,0.0279,-0.0571,-0.08,0.3666
2.4,3.6,4.7,4.9,4.2,9.5,8.5,26.3,39.1,-0.5811,0.0172,-0.3087,0.4387,0.365,-0.2205,-0.3603,0.2225
2.4,3.3,2.4,3.7,1.3,17.8,7.5,43.8,37.0,-0.8362,0.4748,0.0089,0.0618,0.0014,-0.053,0.1165,0.2069
2.4,2.9,4.1,3.8,3.6,8.4,18.3,40.8,39.6,-0.8222,0.5528,0.0174,0.0339,-0.0122,-0.0266,0.005,0.0156
2.4,4.6,4.1,2.9,2.0,16.1,6.0,33.1,15.2,-0.9141,0.3146,-0.132,0.0728,0.1451,-0.0285,0.0157,0.1165
2.4,1.8,4.9,3.8,1.6,16.2,19.4,17.6,9.5,-0.3323,-0.4594,0.0114,-0.0208,-0.0144,0.0107,-0.6633,0.4426
2.4,1.5,3.2,2.1,4.9,14.9,13.3,34.5,8.7,-0.1954,0.2712,-0.6589,-0.0918,-0.2236,0.4514,0.3125,-0.2253
2.4,1.3,3.3,3.1,1.5,11.9,18.8,23.5,31.8,-0.7056,-0.4056,-0.0107,0.0371,0.0147,-0.0203,-0.2881,0.4821
2.4,3.5,2.8,1.7,4.4,7.9,17.1,36.3,18.0,-0.1526,-0.0634,-0.2112,0.1917,0.2567,-0.1135,-0.7509,0.4674
2.4,2.1,1.1,2.9,2.4,2.9,5.9,8.3,16.2,-0.1602,0.4945,-0.3559,-0.2512,-0.4733,-0.296,0.1804,-0.4351
2.4,4.7,2.4,4.0,2.7,21.9,11.7,42.0,12.0,-0.7931,0.5801,0.0065,-0.101,-0.0085,0.0975,-0.0425,-0.045
2.4,2.6,4.5,4.9,2.1,8.3,7.2,28.6,19.2,-0.3887,-0.0735,-0.3267,-0.2984,0.3283,0.3887,-0.6042,0.1078
2.4,2.7,1.2,4.8,2.9,5.6,2.6,10.1,13.9,-0.3168,0.4206,-0.3681,-0.2105,-0.4827,-0.2806,0.1599,-0.4459
2.4,3.4,3.8,3.7,2.3,15.1,15.4,32.5,16.9,-0.9537,0.0568,-0.0084,0.0837,0.0158,-0.061,0.0076,0.259
2.4,3.2,4.7,3.3,1.6,21.7,3.8,21.4,22.6,-0.702,0.6889,0.0733,-0.0699,-0.1033,-0.0375,-0.0051,0.0016
2.4,2.0,4.5,4.2,3.3,8.4,15.6,10.1,41.5,-0.6449,0.585,-0.2046,0.0674,0.3089,0.1938,-0.1798,-0.1157
2.4,3.1,2.3,2.8,4.9,13.8,5.7,12.1,21.9,-0.0844,-0.1636,-0.0564,-0.0939,-0.4671,0.5941,-0.5912,0.0814
2.4,4.3,4.9,2.2,2.9,17.1,21.0,8.1,19.3,-0.6754,-0.1624,-0.0013,-0.0511,-0.0108,0.0363,-0.1955,0.6466
2.4,1.5,4.0,3.3,2.9,12.3,12.3,35.6,40.3,-0.8392,0.2378,0.024,0.3434,0.0347,-0.2362,-0.0344,0.2249
2.4,3.5,1.5,2.5,4.6,5.7,9.6,15.3,17.6,0.1571,0.3104,-0.1696,-0.4446,-0.747,0.1887,-0.2097,-0.0286
2.4,4.7,3.2,3.2,4.5,3.3,18.7,37.1,23.1,-0.5824,-0.2754,-0.0181,0.0425,0.022,-0.034,-0.3326,0.6702
2.4,2.8,2.1,2.1,2.4,4.3,7.2,7.2,20.3,-0.0427,0.4152,-0.4202,-0.0268,-0.555,-0.0507,0.1533,-0.5534
2.4,1.6,1.3,4.1,1.0,12.2,10.2,23.8,30.9,-0.4979,-0.2352,-0.4032,-0.1165,0.3996,0.2248,-0.4939,0.2291
2.4,2.8,4.6,4.2,3.0,7.7,20.8,23.2,14.5,-0.0466,0.1089,0.0824,-0.0514,-0.1012,-0.0294,-0.9296,-0.291
2.4,3.1,4.0,2.8,3.1,16.2,7.8,27.7,38.1,-0.89,0.2553,0.0441,0.2863,0.0175,-0.1516,-0.0032,0.1633
2.4,2.6,2.3,3.9,2.9,14.9,17.3,17.9,28.4,-0.7541,-0.3131,-0.1034,0.1837,0.114,-0.1189,-0.2342,0.4303
2.4,3.2,2.7,3.5,3.8,17.1,6.9,14.8,20.3,-0.9428,0.1071,-0.1202,-0.022,0.0926,0.1885,-0.0008,0.164
2.4,1.0,2.4,3.9,2.6,14.0,2.4,35.6,26.8,-0.6438,0.0062,-0.4359,0.0222,0.4468,0.0118,-0.3035,0.3036
2.4,1.7,2.2,2.5,4.4,21.6,2.1,31.1,38.9,-0.5306,0.7516,-0.2919,-0.162,-0.086,-0.0053,0.0864,0.0168
2.4,1.1,4.2,4.7,4.6,16.7,15.5,30.7,35.6,-0.9534,0.0815,0.0046,0.1772,0.0158,-0.1095,-0.0078,0.1769
2.4,4.6,2.2,1.5,1.2,15.8,2.3,24.0,26.7,-0.8302,0.4997,-0.1265,0.0965,0.1447,0.0316,0.0229,0.0703
2.4,4.7,4.5,1.0,3.1,4.9,4.8,38.5,10.1,-0.1321,0.235,-0.6557,-0.1674,-0.1734,0.5896,0.2331,0.0103
2.4,4.3,2.9,2.6,2.3,12.0,3.2,32.8,13.2,-0.8123,0.0466,-0.2603,-0.1386,0.2818,0.3089,-0.1312,0.2228
2.4,3.6,3.8,2.5,3.8,9.3,6.3,10.7,19.3,0.0417,0.2883,-0.207,0.0808,-0.6725,0.2337,-0.2998,-0.5051
2.4,3.0,4.9,1.3,1.0,5.1,4.2,14.4,31.6,-0.1561,-0.2423,-0.2026,-0.1594,-0.09,0.7411,-0.509,-0.106
2.4,2.3,4.6,4.3,4.1,8.9,8.0,34.3,29.9,-0.5467,-0.0632,-0.3916,0.2317,0.4109,-0.1651,-0.4102,0.3366
2.4,3.7,1.3,1.5,2.8,4.1,20.9,8.4,35.1,-0.0444,0.0626,0.0682,-0.1175,-0.1193,0.0665,-0.8279,0.3957
2.4,3.9,3.4,1.6,4.6,19.4,14.6,5.9,40.2,-0.7269,0.6614,0.0009,0.0085,0.0003,-0.0035,0.0704,0.0876
2.4,2.8,3.7,3.9,1.1,2.6,14.1,16.8,16.8,-0.3415,0.0926,-0.0182,-0.1263,-0.0536,0.2882,-0.324,-0.8116
2.4,3.1,3.9,4.4,2.2,18.5,16.8,6.6,21.2,-0.5709,-0.2679,0.0067,-0.041,-0.005,0.0495,-0.3775,0.5729
2.4,4.7,1.3,4.6,3.8,20.5,20.3,37.0,23.6,-0.8225,0.5605,0.0065,0.0084,-0.0006,-0.0012,0.0011,0.0008
2.4,3.2,4.3,1.1,1.6,3.3,4.6,7.5,43.3,-0.2696,0.4957,-0.0942,0.4406,0.1144,0.4766,-0.1061,-0.463
2.4,2.1,3.8,2.1,1.4,18.0,21.6,4.7,15.1,-0.464,0.6816,0.008,-0.0049,-0.0233,-0.0156,-0.4551,-0.3026
2.4,4.2,1.8,3.0,4.1,14.9,13.5,21.5,29.3,-0.8435,0.101,-0.2003,0.3046,0.2294,-0.1692,-0.0945,0.2087
2.4,1.1,3.7,2.9,4.5,8.5,4.0,40.0,25.2,-0.482,0.3416,-0.4597,-0.1137,0.4738,0.1393,-0.3923,0.1348
2.4,4.7,2.4,3.8,4.7,8.0,19.8,29.1,28.5,-0.9471,-0.0378,-0.0101,-0.0411,-0.0001,0.0214,-0.0167,0.2919
2.4,2.4,4.0,1.6,1.6,2.3,10.1,9.0,40.2,-0.5375,0.4291,-0.1877,0.2456,0.2381,0.4094,-0.2031,-0.387
2.4,1.5,5.0,3.3,4.6,8.2,7.3,4.8,16.1,-0.3923,0.5489,-0.3731,-0.2519,-0.3836,-0.2615,0.3047,-0.1667
2.4,2.4,4.4,2.1,4.5,14.0,10.1,21.0,36.9,-0.6263,0.0803,-0.1706,0.5218,0.2777,-0.255,-0.2601,0.2728
2.4,3.8,3.3,2.4,3.6,20.5,21.6,21.1,41.1,-0.7216,0.6853,-0.0365,-0.0354,0.0014,0.0018,0.0024,0.0029
2.4,3.9,4.6,3.8,3.0,7.6,7.6,41.9,10.0,-0.515,0.4108,-0.3058,-0.3561,0.3058,0.3562,-0.2893,0.1769
2.4,2.4,1.0,4.8,3.7,12.7,2.7,10.5,12.7,-0.4373,0.4639,-0.2955,-0.1684,-0.4475,-0.2512,-0.0762,-0.4487
2.4,3.8,3.7,2.5,1.8,4.0,7.7,30.9,24.4,-0.3251,-0.0194,-0.4237,-0.0871,0.4424,0.2453,-0.6551,0.0954
2.4,4.8,4.8,1.5,3.9,21.3,9.3,30.2,18.4,-0.5113,0.8455,-0.0414,-0.1088,-0.0064,0.0547,-0.0007,0.0063
2.4,2.4,1.9,1.9,3.4,8.4,12.9,19.7,31.0,-0.3957,0.119,-0.4665,0.1709,0.4787,0.2528,-0.5041,-0.144
2.4,2.9,3.8,2.6,1.9,17.1,2.8,16.8,42.7,-0.8652,0.1104,0.1314,0.342,0.0204,-0.1247,-0.021,0.2606
2.4,3.5,3.3,3.8,4.4,5.6,14.8,35.0,9.5,-0.6084,0.408,-0.1718,-0.165,0.1956,0.3143,-0.3705,-0.343
2.4,2.4,3.9,4.0,4.5,7.1,21.7,28.5,35.7,-0.7662,0.5121,-0.2373,-0.2415,-0.0644,-0.0065,0.062,0.053
2.4,3.6,3.7,4.4,1.5,2.1,15.6,26.7,22.5,-0.0669,0.1269,-0.1519,-0.0184,0.1537,0.0764,-0.9201,-0.2572
2.4,2.1,2.2,3.8,3.5,21.1,19.8,39.6,11.5,-0.7627,0.6291,0.0052,0.0054,-0.0001,-0.0009,0.0162,0.0109
2.4,2.7,1.9,4.9,3.6,19.9,4.3,6.2,6.4,-0.8906,0.4234,0.0891,0.0213,0.0718,-0.0045,0.0134,0.0176
2.4,3.7,1.6,2.8,2.3,2.4,7.4,42.8,22.5,-0.2667,0.2681,-0.469,-0.1054,0.4695,0.1057,-0.455,0.4171
2.4,2.3,4.7,3.6,2.8,4.8,7.7,34.0,24.9,-0.3466,0.0464,-0.4561,-0.0299,0.4742,0.0991,-0.6138,0.2108
2.4,3.1,1.5,4.2,3.7,17.5,18.7,25.1,41.5,-0.6033,0.1942,0.3821,-0.0127,-0.0292,-0.3827,-0.0149,-0.2652
2.4,3.4,1.1,3.8,2.0,21.3,4.6,4.8,22.0,-0.7712,0.6194,0.0211,-0.0757,0.0074,-0.0903,0.0086,-0.0019
2.4,1.9,3.1,4.1,3.7,12.0,5.3,36.8,11.8,-0.699,0.148,-0.1905,-0.3695,0.2066,0.4224,-0.2463,0.162
2.4,2.3,3.1,2.9,3.7,17.2,13.7,14.2,17.8,-0.8004,-0.0074,-0.316,-0.0671,0.3274,0.2082,-0.157,0.2381
2.4,2.1,2.9,1.5,3.1,21.9,9.3,34.7,23.2,-0.4361,0.8762,-0.0748,-0.1331,0.0033,0.0723,0.012,0.0159
2.4,2.5,3.8,2.7,3.3,10.9,2.8,33.1,4.7,-0.5286,0.1615,-0.0923,-0.6086,-0.2232,0.284,-0.1726,0.3829
2.4,2.7,2.4,1.3,3.8,15.7,15.5,32.5,38.4,-0.7408,0.6065,0.1367,0.187,-0.036,-0.0862,0.0477,0.0949
2.4,4.6,1.2,3.6,2.0,7.2,15.4,30.7,24.2,-0.4317,-0.2751,-0.3305,0.1317,0.3421,-0.061,-0.5539,0.4103
2.4,3.4,3.4,4.7,1.4,9.0,9.9,37.9,10.9,-0.3831,-0.0675,-0.4145,-0.0655,0.4179,0.0754,-0.5511,0.4162
2.4,2.8,2.9,3.2,2.3,6.3,17.9,17.5,30.3,-0.0414,-0.1398,-0.1501,0.0676,0.1594,0.0104,-0.9464,0.0392
2.4,2.5,1.9,2.9,2.2,12.1,19.9,5.2,33.7,-0.6822,0.502,0.0035,-0.0002,-0.0087,-0.0063,-0.3088,-0.421
2.4,2.6,3.9,1.1,3.8,9.7,14.1,18.3,35.4,-0.612,0.0928,-0.0262,0.5352,0.1916,-0.2865,-0.2119,0.3766
2.4,4.7,4.7,3.1,1.0,6.3,7.6,25.8,31.4,-0.4021,-0.2131,-0.429,0.0047,0.432,0.1404,-0.5844,0.2167
2.4,2.7,1.1,4.5,4.9,10.2,13.2,12.2,29.5,-0.3571,-0.1372,0.1745,-0.2041,-0.3207,0.6299,-0.4903,-0.1298
2.4,2.9,1.8,3.7,3.1,18.2,4.8,17.5,6.0,-0.9324,0.2681,-0.1567,-0.0859,-0.0769,0.0254,0.0325,0.086
2.4,3.8,4.3,1.1,1.5,20.0,17.6,39.6,8.9,-0.505,0.8584,-0.0022,-0.0013,0.0007,0.0005,0.0078,0.005
2.4,5.0,3.5,4.6,2.1,4.5,5.3,22.1,12.5,-0.151,-0.0058,0.1436,-0.0447,-0.4379,0.4329,-0.5276,-0.5333
2.4,4.2,2.0,3.6,1.2,9.2,16.0,20.6,34.6,-0.4265,-0.3247,-0.3065,0.2016,0.3172,-0.0875,-0.5634,0.3607
2.4,1.9,1.9,3.9,1.7,2.7,19.2,28.9,34.1,-0.779,-0.3142,-0.0169,0.0574,0.0216,-0.037,-0.2051,0.4705
2.4,2.8,3.3,2.9,3.4,4.1,17.0,29.8,9.9,-0.3158,0.1673,-0.145,0.0293,0.1046,0.2054,-0.4248,-0.7704
2.4,2.1,3.4,3.0,4.0,16.9,16.1,16.1,25.5,-0.8476,-0.1298,-0.0871,0.2203,0.1069,-0.145,-0.1163,0.3693
2.4,3.6,3.0,3.1,2.3,14.3,18.3,6.1,11.4,-0.7161,0.3883,0.0575,-0.0295,-0.0521,0.08,-0.2721,-0.4903
2.4,3.1,4.2,3.3,4.5,19.4,20.9,10.1,34.2,-0.8584,0.4956,0.0268,0.0176,0.0038,-0.0008,0.0142,0.0284
2.4,4.7,2.5,2.8,4.8,4.6,13.1,9.7,11.7,-0.2492,0.7717,-0.1585,-0.2209,-0.4,-0.2763,0.034,-0.1524
2.4,2.2,4.9,2.0,2.9,11.0,10.0,43.7,31.6,-0.6896,0.2988,-0.0465,0.2555,0.0446,-0.2571,0.1264,0.5189
2.4,1.9,3.1,1.6,2.1,2.2,21.4,38.2,14.2,0.0724,0.3052,0.0647,-0.0573,-0.0945,0.0287,-0.8979,0.2445
2.4,3.6,2.8,2.0,1.7,3.0,19.7,23.2,25.3,0.0003,-0.1886,-0.0012,-0.0018,-0.0005,0.0018,-0.9716,-0.0256
2.4,3.6,3.3,3.9,1.9,10.6,18.8,12.6,43.8,0.2002,0.4469,0.0733,0.015,0.0447,-0.0282,0.661,-0.4272
2.4,3.7,3.7,2.4,4.4,21.8,9.4,20.2,36.3,-0.5511,0.7804,-0.2049,-0.1757,-0.0123,0.0089,0.0397,0.0244
2.4,1.2,3.1,4.1,1.7,11.3,12.5,13.4,11.8,-0.2791,0.0867,0.0638,0.1296,-0.3391,0.206,-0.2319,-0.8188
2.4,3.3,2.3,4.7,2.6,10.4,2.4,32.9,21.7,-0.6739,-0.0453,-0.3835,-0.1644,0.393,0.2141,-0.2974,0.2678
2.4,1.5,2.9,4.9,3.7,9.0,18.2,28.0,28.5,-0.6481,-0.4163,-0.0429,0.0877,0.0484,-0.0579,-0.3454,0.5011
2.4,1.7,1.9,3.6,4.4,11.1,20.3,32.9,20.8,-0.687,-0.3359,0.0088,-0.0753,-0.0221,0.0479,-0.2856,0.5519
2.4,3.7,5.0,3.9,4.3,21.1,9.4,17.2,34.7,-0.7184,0.641,-0.127,-0.2053,-0.0014,0.0347,0.0273,0.0384
2.4,2.2,3.2,2.8,1.3,5.3,14.5,4.1,40.5,-0.8237,0.2057,-0.0352,0.0347,0.0839,0.3972,-0.0574,-0.0962
2.4,1.3,2.7,1.9,2.9,19.8,3.9,5.4,27.2,-0.7999,0.1336,-0.0223,-0.01,0.0175,0.1081,0.0013,0.4471
2.4,1.5,4.6,3.0,4.6,11.6,4.0,7.3,5.1,-0.6451,0.4365,-0.0138,-0.3063,-0.1113,-0.3726,-0.0729,-0.3735
2.4,2.0,1.0,3.8,4.0,18.2,11.3,32.2,21.7,-0.9271,0.2581,-0.1209,0.1177,0.1307,-0.0758,0.0012,0.1093
2.4,1.8,4.5,4.7,4.0,21.5,6.7,13.5,12.5,-0.7777,0.5867,0.0527,-0.0884,-0.0641,-0.162,-0.0054,-0.0257
2.4,1.3,4.3,2.1,1.2,17.5,5.2,27.7,14.1,-0.9012,0.1237,-0.2257,0.0291,0.2279,0.1232,-0.03,0.1919
2.4,4.0,4.3,3.8,2.4,20.3,15.5,13.8,14.7,-0.8292,0.5491,0.0061,-0.0477,-0.0145,0.0278,-0.0002,0.0028
2.4,3.6,3.9,3.0,3.0,2.2,18.2,42.5,20.3,-0.2463,-0.1372,-0.0355,0.0411,0.0355,-0.0411,-0.4861,0.8113
2.4,1.7,3.9,4.5,2.8,12.3,8.7,30.7,38.0,-0.7128,-0.0387,-0.2166,0.3918,0.2522,-0.2644,-0.2423,0.2941
2.4,1.1,4.6,1.4,2.6,16.0,3.5,22.4,5.7,-0.4556,0.074,-0.2128,-0.6544,-0.207,0.262,-0.2306,0.3641
2.4,1.5,2.3,1.6,2.0,7.6,19.0,36.2,43.5,-0.2114,0.9067,0.1399,0.0761,0.0309,-0.0097,0.1539,0.0047
2.4,2.3,2.1,1.2,4.5,12.3,14.3,43.8,37.7,-0.6469,0.5881,0.1016,0.2404,-0.0901,-0.2321,0.1423,0.2684
2.4,1.1,2.1,1.1,5.0,15.9,10.7,17.8,21.2,-0.3157,0.2169,-0.7111,0.1272,0.0014,0.5176,0.0844,-0.1897
2.4,4.5,2.9,4.3,3.9,2.0,19.6,40.9,38.0,-0.8486,0.5112,-0.0183,-0.0277,0.013,0.0214,0.0099,0.0239
2.4,4.7,1.8,4.5,4.5,11.4,11.9,26.7,4.8,-0.6303,0.1214,-0.1151,-0.6086,-0.1987,0.202,-0.0983,0.3245
2.4,3.5,2.5,1.3,1.9,9.8,4.1,24.8,34.4,-0.5227,0.2178,-0.3983,0.3813,0.4902,0.006,-0.3372,0.087
2.4,3.8,4.5,3.3,5.0,7.2,17.5,28.5,11.7,-0.1984,0.2334,-0.0973,0.0215,0.1003,0.0868,-0.7262,-0.5734
2.4,2.8,3.3,4.5,1.6,10.6,13.2,20.3,16.2,-0.2188,0.0468,-0.1859,-0.2877,0.171,0.4047,-0.7523,-0.2412
2.4,2.3,1.2,4.8,4.2,21.3,12.6,36.5,7.7,-0.7627,0.5365,0.1949,-0.1409,-0.2334,0.062,-0.0539,0.0249
2.4,3.4,4.1,3.1,2.9,10.9,17.6,38.8,20.3,-0.8408,-0.0182,-0.0046,0.0495,0.0074,-0.0446,-0.0167,0.5259
2.4,2.1,3.3,1.5,3.0,15.2,2.3,30.2,15.0,-0.7507,0.1813,-0.3948,0.0986,0.1521,0.4444,-0.0075,0.0526
2.4,3.6,4.7,3.7,2.7,21.6,17.9,36.3,37.8,-0.8479,0.1017,-0.0138,0.1673,0.0318,-0.1234,-0.0552,0.2983
2.4,2.1,4.4,1.8,3.8,6.1,6.1,28.9,30.6,-0.4201,0.189,-0.4463,0.2125,0.5067,0.1735,-0.4878,-0.0771
2.4,3.3,4.1,1.5,1.7,5.1,14.0,4.4,32.1,-0.5736,0.2832,0.0071,0.1918,-0.0214,0.1822,-0.2624,-0.6646
2.4,4.7,1.7,2.7,2.3,5.4,3.6,41.2,41.1,-0.5695,0.2234,-0.1736,0.4171,0.1848,-0.4018,-0.1872,0.4202
2.4,1.9,2.4,1.2,3.7,5.7,3.6,29.2,33.0,-0.3749,0.3019,-0.3908,0.3466,0.4692,0.2408,-0.4127,-0.1829
2.4,4.4,1.2,1.1,2.7,4.8,4.2,15.2,41.7,-0.1904,0.4228,-0.24,0.4608,0.3546,0.3464,-0.3715,-0.3441
2.4,1.4,2.3,3.2,3.4,18.4,5.8,29.9,11.1,-0.9204,0.2035,-0.16,-0.0188,0.1504,0.201,-0.0113,0.0913
2.4,2.7,3.9,3.9,3.9,11.5,7.5,4.4,9.3,-0.6068,0.4628,-0.2436,-0.323,-0.2594,-0.3388,0.1055,-0.2373
2.4,3.1,1.0,3.1,1.4,7.2,3.5,12.1,13.6,-0.1597,0.2681,-0.3124,0.0034,-0.5376,-0.0187,-0.1202,-0.7016
2.4,1.7,2.2,1.1,4.3,16.7,8.6,8.4,35.3,-0.5668,0.5822,-0.186,0.109,0.3619,0.291,-0.2074,-0.139
2.4,4.0,3.7,5.0,1.6,6.5,10.4,13.8,5.5,-0.0696,0.4958,-0.31,-0.1049,-0.5973,-0.1939,0.2971,-0.3815
2.4,1.3,3.7,3.8,4.7,11.1,11.5,5.4,6.3,-0.7095,0.5223,-0.0955,-0.2807,-0.1204,-0.3058,0.0255,-0.1536
2.4,3.1,3.0,3.7,4.7,4.4,11.5,32.0,7.5,-0.2984,0.4264,-0.3614,-0.5665,-0.3304,0.2538,0.2151,0.1949
2.4,2.7,3.1,3.9,2.3,11.7,16.9,16.3,20.9,-0.0824,0.1207,-0.174,-0.0252,0.1753,0.1008,-0.8989,-0.2796
2.4,4.4,3.8,3.8,2.8,4.8,11.8,4.8,33.9,-0.7459,0.2028,-0.0435,0.2354,-0.0777,0.2069,-0.0728,-0.5336
2.4,3.6,1.3,3.7,2.5,21.9,18.3,19.9,27.6,-0.6804,0.7195,-0.0324,-0.073,-0.0009,0.0183,0.0179,0.0171
2.4,2.2,2.1,4.9,1.2,9.9,20.4,35.5,26.9,-0.7963,-0.2372,0.0036,-0.0326,-0.0068,0.0254,-0.1599,0.5213
2.4,3.1,2.9,3.8,3.5,13.0,15.2,27.5,20.0,-0.6782,-0.2909,-0.1888,0.2258,0.2026,-0.1488,-0.3048,0.4415
2.4,1.8,1.2,2.7,4.8,6.4,17.7,24.3,7.2,-0.4775,0.6588,-0.2405,-0.4673,-0.0761,0.1403,0.0627,0.118
2.4,4.9,2.7,4.4,2.7,8.1,11.7,17.6,42.9,-0.3785,0.4385,-0.3208,0.3009,0.4897,0.144,-0.4258,-0.1063
2.4,3.6,4.0,3.5,1.5,14.4,15.7,32.5,37.7,-0.9511,0.2096,0.0185,0.1188,0.0002,-0.0724,0.0227,0.1518
2.4,2.1,1.7,4.1,4.7,6.2,19.0,26.4,22.1,-0.0325,-0.1264,-0.1089,0.045,0.1139,0.0063,-0.9592,0.0498
2.4,4.5,1.6,1.1,1.0,4.7,9.2,34.0,14.8,-0.3572,-0.0321,-0.3328,-0.1779,0.3709,0.4753,-0.5859,0.0693
2.4,4.9,1.0,1.7,4.9,7.2,21.0,33.8,25.3,-0.9142,0.1639,-0.0327,-0.0546,0.0064,0.029,0.0511,0.3289
2.4,1.4,4.8,1.1,3.4,8.3,20.5,23.1,26.4,-0.682,-0.3196,-0.0189,-0.0849,-0.0181,0.0413,-0.2795,0.5616
2.4,2.5,2.6,2.9,1.4,21.5,12.5,10.5,40.6,-0.6403,0.675,-0.2552,-0.181,-0.0933,-0.016,0.0833,0.0315
2.4,4.8,4.0,1.9,4.4,9.0,6.8,24.3,23.2,-0.5545,0.1084,-0.4721,0.0974,0.3902,0.4306,-0.2834,-0.1341
2.4,4.8,4.2,3.4,2.9,17.8,7.4,8.8,43.1,-0.9031,0.0852,0.0769,0.1424,0.0282,-0.0477,0.0083,0.3318
2.4,4.8,1.5,3.3,2.5,19.6,4.7,20.9,30.4,-0.8313,0.5441,0.0264,-0.0551,-0.0363,0.0258,0.0019,0.008
2.4,4.1,3.0,1.4,2.0,7.4,20.5,29.4,7.2,0.0067,-0.0059,0.0359,-0.057,-0.0566,-0.0336,-0.8248,-0.5295
2.4,4.9,3.8,1.1,1.2,14.0,11.3,43.0,16.3,-0.7201,0.6186,0.0161,0.1225,-0.0099,-0.1177,0.145,0.193
2.4,2.7,2.3,3.7,4.1,3.4,7.3,11.7,5.7,-0.5635,0.5229,0.0568,-0.2792,-0.1918,-0.3991,-0.1306,-0.3332
2.4,1.9,1.8,4.5,4.3,11.3,7.5,33.5,7.2,-0.3843,-0.1817,-0.3327,-0.1926,-0.4188,0.6743,0.0736,-0.034
2.4,3.9,3.8,1.8,4.9,14.8,17.2,17.9,19.3,-0.8938,0.012,0.0129,0.174,0.0245,-0.1018,-0.0225,0.3686
2.4,2.0,1.2,4.7,1.9,14.8,20.9,10.4,27.9,-0.3388,0.4305,0.0448,-0.0081,-0.0589,-0.042,-0.6544,-0.4961
2.4,3.4,4.0,4.4,1.4,5.3,13.5,33.5,37.6,-0.8349,-0.0905,-0.093,0.2671,0.1111,-0.2066,-0.1231,0.3599
2.4,3.5,3.3,3.9,4.2,21.4,7.7,30.7,25.7,-0.709,0.6647,-0.0405,-0.1844,-0.0208,0.0827,0.0124,0.0325
2.4,4.1,4.9,3.2,3.8,20.7,3.4,12.7,38.8,-0.7466,0.6345,-0.1227,-0.1269,-0.0131,-0.0034,0.0192,0.0183
2.4,2.6,4.8,2.1,3.2,3.8,6.4,12.9,5.5,-0.3285,0.6074,0.091,-0.3367,-0.3563,-0.3381,-0.2744,-0.2823
2.4,1.4,4.1,2.2,1.7,11.4,4.6,19.6,18.9,-0.164,-0.3065,-0.1483,-0.2055,-0.173,0.6496,-0.5872,-0.0453
2.4,1.1,1.6,3.4,4.8,4.2,16.4,35.1,10.0,-0.5829,0.082,-0.1937,-0.0517,0.07,0.4865,-0.13,-0.5677
2.4,2.7,3.0,2.1,4.5,13.4,16.5,16.0,24.6,-0.261,-0.1502,-0.3263,0.2173,0.3689,-0.0541,-0.7116,0.2775
2.4,4.0,4.5,2.2,2.1,13.1,6.1,18.0,37.2,-0.554,0.166,-0.3938,0.3585,0.4672,-0.0793,-0.3539,0.1274
2.4,2.1,4.3,1.4,1.0,22.0,5.5,34.8,11.4,-0.4474,0.8739,0.0355,-0.111,-0.094,0.0387,-0.0013,0.0074
2.4,1.4,1.1,2.0,1.9,3.1,16.9,19.2,9.5,0.2471,0.5177,-0.413,-0.407,-0.2879,0.2982,0.338,-0.1624
2.4,3.0,1.5,1.1,1.8,4.8,9.4,33.2,41.0,-0.3925,0.2853,-0.1232,0.5686,0.3351,-0.306,-0.3266,0.3112
2.4,4.2,3.6,3.3,3.8,18.2,9.1,16.2,36.0,-0.8999,0.4086,0.0177,0.0934,0.0008,-0.0467,0.0167,0.0514
2.4,3.0,1.7,4.6,2.9,5.0,13.9,26.6,40.3,-0.5764,0.074,-0.316,0.4419,0.3787,-0.2106,-0.3503,0.1996
2.4,1.9,3.7,2.4,2.2,10.8,8.1,43.0,5.3,-0.5848,0.4765,-0.1467,-0.3848,0.1475,0.3849,-0.0613,0.2802
2.4,4.5,4.4,3.3,4.2,2.2,14.2,32.8,22.6,-0.1248,0.0502,-0.3164,0.0707,0.3404,0.0208,-0.8545,0.1067
2.4,3.0,2.9,3.8,4.9,21.6,14.1,5.4,30.5,-0.6852,0.7051,-0.0391,-0.0716,-0.0702,-0.1005,0.0405,0.0216
2.4,3.2,2.1,1.4,2.5,3.5,14.8,26.6,30.2,-0.2668,-0.1015,-0.3439,0.3227,0.4196,-0.042,-0.6793,0.1902
2.4,4.6,4.2,4.6,3.1,18.0,4.1,17.8,26.7,-0.9452,0.3014,-0.0487,0.0024,0.0502,0.0297,0.012,0.049
2.4,4.0,3.7,3.6,1.1,7.6,12.7,35.7,6.4,-0.2885,0.2735,-0.3396,-0.2079,0.3539,0.2666,-0.683,-0.0625
2.4,1.4,1.4,3.3,1.4,4.1,17.1,13.6,32.1,-0.3618,0.1858,-0.1889,-0.1573,0.1562,0.3622,-0.5357,-0.5622
2.4,3.9,3.9,2.3,4.8,4.2,5.9,18.1,17.9,0.008,0.2084,-0.3838,-0.5941,-0.5275,0.3843,-0.021,0.1279
2.4,2.8,4.0,1.4,4.9,12.7,9.4,36.4,24.8,-0.5332,0.2184,-0.3105,0.3837,0.3989,-0.2454,-0.2801,0.3311
2.4,2.3,2.5,3.1,4.7,8.6,4.6,25.8,27.2,-0.6067,0.1061,-0.3989,-0.0435,0.3326,0.4637,-0.2885,-0.2018
2.4,1.5,1.1,3.9,3.4,3.0,5.3,17.8,43.0,-0.5359,0.4337,-0.2328,0.2039,0.2776,0.3717,-0.2715,-0.361
2.4,3.9,2.3,2.6,3.7,3.3,17.7,5.1,25.5,-0.5434,0.0666,-0.0183,0.1488,-0.0685,0.1266,-0.0529,-0.8015
2.4,2.2,4.3,3.4,2.5,7.5,18.6,19.8,41.7,-0.6149,0.7638,0.0262,0.0376,0.002,-0.0009,0.0325,0.0199
2.4,1.9,4.3,2.4,2.7,14.9,20.2,21.2,33.4,-0.9583,0.1812,-0.0283,-0.0562,0.0042,0.0204,0.0285,0.1738
2.4,3.0,3.7,4.1,4.1,8.7,5.1,22.9,16.6,-0.3826,-0.2584,-0.1635,-0.2462,-0.1824,0.7342,-0.3134,-0.1224
2.4,1.5,4.5,3.3,3.0,9.6,3.2,36.0,27.1,-0.5314,0.1098,-0.4758,-0.0113,0.4961,0.0695,-0.4008,0.2378
2.4,3.3,2.0,3.3,1.1,16.8,12.2,36.5,29.7,-0.9374,0.2928,-0.0111,0.0668,0.0154,-0.0567,0.0382,0.1394
2.4,1.1,1.8,3.2,4.0,16.1,7.9,32.4,31.1,-0.692,0.0221,-0.3374,0.2987,0.3688,-0.1825,-0.256,0.2628
2.4,4.4,2.4,1.5,1.9,9.2,3.1,31.4,18.9,-0.7137,0.0392,-0.3585,-0.0415,0.3772,0.3532,-0.1999,0.1996
2.4,2.3,1.8,4.9,3.1,9.5,19.6,18.5,5.5,-0.2282,-0.0071,-0.006,-0.0025,-0.0064,0.005,0.0826,-0.9503
2.4,3.4,5.0,4.9,3.0,19.5,13.6,43.0,43.3,-0.6094,0.5691,0.0001,0.0427,0.0119,-0.0401,0.298,0.1653
2.4,2.6,1.3,2.2,4.0,13.6,9.8,21.4,40.9,-0.473,0.0915,-0.2055,0.5721,0.3545,-0.2196,-0.3827,0.2469
2.4,2.6,1.1,3.2,4.7,13.7,4.3,34.1,4.4,-0.7427,0.1526,-0.0938,-0.4836,-0.0842,0.2312,-0.0739,0.3305
2.4,2.1,2.6,3.9,2.0,12.2,9.8,20.1,17.3,-0.3164,-0.2038,-0.0787,-0.3435,0.0248,0.5589,-0.6369,0.0167
2.4,1.9,3.4,3.2,4.9,13.6,8.5,5.4,17.3,-0.4166,0.3841,-0.4767,-0.026,-0.495,-0.041,0.2279,-0.3787
2.4,2.1,2.2,2.0,1.9,19.6,3.3,17.5,32.0,-0.7894,0.6005,-0.0308,0.0368,0.0372,-0.008,0.0111,0.0185
2.4,3.3,1.3,1.8,2.3,12.2,12.8,18.3,22.8,-0.6026,-0.0621,-0.4295,-0.0391,0.4022,0.3772,-0.3302,0.1364
2.4,2.5,4.0,3.6,2.1,8.4,6.1,19.4,34.3,-0.5806,0.0992,-0.4162,-0.0809,0.3967,0.3811,-0.3684,-0.1514
2.4,2.8,4.5,2.2,4.8,15.9,20.5,42.8,17.9,-0.8355,0.4589,-0.0148,-0.0242,0.0121,0.0215,0.1346,0.2479
2.4,1.3,2.1,4.3,3.6,21.0,17.2,36.5,21.8,-0.8111,0.5647,-0.0159,-0.0371,0.0034,0.0175,0.005,0.0048
2.4,1.6,3.6,2.3,1.6,11.8,4.7,14.9,25.3,-0.1514,-0.2598,-0.0274,-0.1804,-0.1916,0.5882,-0.6891,-0.0052
2.4,1.0,4.2,2.5,2.5,13.4,8.2,4.2,13.4,-0.2677,0.3917,-0.4728,-0.1189,-0.4865,-0.1287,0.3051,-0.4261
2.4,3.9,4.4,2.4,1.7,18.6,10.6,22.4,8.3,-0.8463,0.5184,-0.0435,0.033,0.0492,0.004,0.0141,0.0284
2.4,4.2,4.5,5.0,2.7,16.5,20.1,30.2,31.1,-0.97,0.2091,-0.0094,-0.0243,0.0018,0.0082,0.0192,0.0947
2.4,3.7,3.7,1.9,3.8,8.0,9.7,13.4,31.5,-0.5213,0.2049,-0.3839,0.0558,0.3605,0.4613,-0.3255,-0.2729
2.4,1.5,3.7,1.4,3.6,18.2,9.9,33.4,15.4,-0.7363,0.4505,-0.2305,0.2487,0.2976,-0.1121,-0.0535,0.1328
2.4,4.7,4.7,2.4,2.0,19.4,5.5,33.4,24.3,-0.7786,0.6219,0.0006,-0.0114,-0.0032,0.0074,0.0086,0.0116
2.4,1.2,3.1,4.4,4.7,4.9,7.2,12.3,34.7,-0.7112,0.0612,-0.2437,0.0195,0.0417,0.5368,-0.032,-0.3587
2.4,4.5,1.2,2.2,3.5,5.9,9.7,30.7,16.9,-0.5257,-0.0317,-0.3584,-0.1257,0.202,0.6478,-0.28,-0.1576
2.4,1.2,3.2,2.8,3.9,4.4,6.9,22.7,19.6,-0.1194,-0.1379,-0.4393,-0.239,-0.275,0.7142,-0.0108,-0.3394
2.4,1.1,2.5,4.1,2.5,20.1,6.9,24.5,5.0,-0.9225,0.3619,-0.0077,-0.003,-0.0068,0.0087,0.0073,0.0241
2.4,2.9,1.6,4.7,4.0,15.8,10.6,27.2,18.5,-0.8588,0.0259,-0.3077,-0.0384,0.3124,0.1409,-0.1162,0.1579
2.4,4.0,2.1,4.0,4.8,8.1,21.6,43.6,29.1,-0.8597,0.3671,-0.0563,-0.1147,0.0591,0.1176,0.0936,0.2688
2.4,4.7,2.6,4.8,2.9,21.9,4.4,40.3,5.9,-0.6203,0.6462,0.1954,-0.0301,-0.2147,0.0128,0.0843,0.0758
2.4,3.9,2.9,2.5,2.8,14.1,2.8,35.5,32.7,-0.8331,0.2542,-0.1154,0.2927,0.1458,-0.2334,-0.0312,0.2391
2.4,2.8,2.5,1.4,3.8,5.8,9.8,34.8,39.9,-0.5258,0.2674,-0.0543,0.5481,0.2198,-0.3463,-0.2116,0.3478
2.4,4.9,2.2,3.6,3.6,17.9,17.9,15.4,35.9,-0.9162,0.3831,0.0128,0.0497,-0.0022,-0.0233,0.0193,0.0526
2.4,3.8,3.9,1.9,1.5,13.7,18.2,6.1,31.7,-0.5496,0.6216,0.0004,-0.0818,0.0148,0.1145,-0.4061,-0.3426
2.4,4.3,4.0,4.1,4.3,19.8,18.7,12.0,15.4,-0.8475,0.5234,-0.0006,-0.0017,0.0001,0.0005,0.0018,0.0037
2.4,4.0,1.1,2.3,4.9,16.3,15.2,33.4,8.9,-0.8076,0.374,-0.2331,0.0679,0.1943,0.311,-0.0316,-0.0092
2.4,2.5,4.5,1.4,3.8,16.9,21.3,32.9,9.2,-0.8685,0.4374,-0.0466,-0.0526,0.01,0.0205,0.0761,0.162
2.4,4.0,1.8,2.9,2.7,11.2,13.2,20.1,6.7,-0.1419,0.1016,-0.3662,-0.6258,-0.5115,0.3451,-0.0534,0.2024
2.4,4.9,1.8,2.0,1.2,20.3,21.9,29.9,42.9,-0.6983,0.7105,-0.0232,-0.0201,0.0003,0.0005,0.0028,0.003
2.4,2.2,1.9,4.5,2.5,19.8,7.6,13.4,13.4,-0.9122,0.3927,0.0118,-0.0087,-0.0086,-0.0235,0.0053,0.016
2.4,2.5,3.0,3.1,3.8,6.8,18.5,25.5,31.1,-0.8499,-0.2342,-0.0091,0.0942,0.0221,-0.0528,-0.1291,0.4143
2.4,2.1,2.7,4.1,4.8,17.8,18.9,4.9,43.4,-0.8464,0.2914,-0.0061,-0.0319,0.0068,-0.0194,-0.1175,-0.3901
2.4,3.5,4.5,1.5,1.4,14.0,20.5,31.7,23.0,-0.9176,0.3224,-0.0115,-0.0158,0.0024,0.0065,0.0677,0.1978
2.4,3.2,4.6,2.0,1.9,12.4,5.1,6.9,13.3,-0.3506,0.4364,-0.365,0.0586,-0.4429,0.0389,-0.2099,-0.5472
2.4,4.3,2.7,1.4,4.7,8.2,4.5,32.8,36.6,-0.4432,0.2474,-0.2244,0.5209,0.3879,-0.2515,-0.3518,0.2624
2.4,5.0,2.4,3.0,2.5,7.6,9.2,17.8,39.3,-0.4319,0.3216,-0.3964,0.2046,0.459,0.1949,-0.467,-0.178
2.4,4.4,1.9,4.7,2.3,3.1,12.1,4.9,7.9,-0.4555,0.559,-0.2306,-0.3489,-0.2449,-0.3652,0.3164,-0.0753
2.4,4.4,4.9,1.1,4.1,15.0,13.0,42.0,16.4,-0.6915,0.6159,0.0577,0.1744,-0.0384,-0.1601,0.1453,0.215
2.4,1.8,2.9,1.8,3.2,8.1,12.9,16.2,27.4,-0.3205,0.0643,-0.4124,0.0242,0.3428,0.4476,-0.4882,-0.3886
2.4,2.7,1.5,2.4,1.4,5.9,9.0,9.9,32.9,-0.1824,0.0844,0.1282,-0.0006,-0.3914,0.5045,-0.5291,-0.4852
2.4,2.2,2.8,1.8,3.7,5.2,12.3,31.5,19.2,-0.3561,0.1636,-0.3717,0.0034,0.3747,0.3876,-0.5378,-0.3339
2.4,2.0,1.3,2.4,2.6,8.7,18.7,31.0,37.7,-0.9088,0.2517,0.0469,0.2028,-0.0005,-0.1118,0.0207,0.1855
2.4,2.8,2.5,1.5,2.2,14.9,2.3,26.8,5.0,-0.7309,0.247,-0.3438,-0.4155,-0.0402,0.1503,0.0245,0.2792
2.4,3.2,1.9,1.1,2.3,15.9,21.4,8.9,16.9,-0.5581,-0.1635,-0.0126,-0.0769,-0.018,0.0524,-0.2585,0.73
2.4,3.7,2.9,2.9,4.2,4.5,4.9,31.5,39.9,-0.4368,0.1945,-0.3432,0.4247,0.4487,-0.1706,-0.4462,0.1764
2.4,5.0,4.9,3.4,1.3,13.9,12.0,14.8,17.2,-0.4038,-0.3126,-0.1404,-0.2393,0.142,0.3179,-0.5851,0.4154
2.4,4.0,1.9,1.2,4.2,19.6,15.6,30.0,14.0,-0.5389,0.8374,-0.0032,-0.002,0.001,0.0015,0.0069,0.0048
2.4,3.3,1.9,3.8,3.3,5.9,21.8,43.7,7.1,0.0037,0.1556,0.2213,-0.1432,-0.2086,0.1569,-0.7297,0.5263
2.4,2.8,4.0,3.4,1.6,7.1,20.5,24.8,23.0,-0.1219,-0.3411,0.0384,-0.0534,-0.0496,0.0177,-0.8729,0.2862
2.4,1.2,1.6,2.0,2.3,4.6,9.8,15.6,5.4,-0.2248,0.5621,0.1447,-0.4193,-0.4462,-0.2768,-0.3252,-0.2214
2.4,3.3,2.1,2.9,3.3,10.7,5.3,12.8,13.3,0.0151,0.3991,-0.1837,-0.2075,-0.6807,-0.0657,-0.4195,-0.3279
2.4,2.2,3.5,2.7,4.8,21.3,5.2,30.3,21.5,-0.6587,0.6976,0.01,-0.2221,-0.0758,0.1116,-0.0118,0.025
2.4,2.2,1.6,2.2,4.9,9.8,18.5,34.5,17.1,-0.0858,-0.0044,-0.2266,0.1239,0.262,-0.0246,-0.882,0.2026
2.4,1.5,2.3,4.6,3.1,11.7,2.1,41.1,7.5,-0.7016,0.1863,-0.0633,-0.4089,0.0632,0.4089,-0.162,0.3111
2.4,2.8,4.5,1.8,1.4,17.2,11.5,38.2,19.6,-0.837,0.5119,0.0101,0.0679,-0.0004,-0.0542,0.0704,0.1245
2.4,4.4,5.0,2.7,4.9,11.0,12.6,17.1,20.3,-0.4085,0.1023,-0.3995,-0.0917,0.3927,0.3967,-0.533,-0.205
2.4,4.9,4.3,2.8,2.6,17.0,13.0,18.1,9.7,-0.9079,0.3137,-0.1472,0.0937,0.1612,-0.0148,0.0045,0.0994
2.4,4.2,1.9,2.2,3.8,19.1,5.2,30.3,12.8,-0.7625,0.6411,-0.0064,0.0023,0.0055,0.0064,0.0109,0.0137
2.4,2.4,3.6,2.0,2.2,12.0,8.7,41.0,27.7,-0.7143,0.1964,-0.1483,0.2632,0.1522,-0.2585,0.0108,0.5069
2.4,1.1,4.1,1.9,4.3,17.8,13.4,27.3,32.5,-0.8928,0.2811,0.0494,0.2452,0.0113,-0.1299,0.0156,0.1721
2.4,3.4,3.7,2.1,4.2,20.4,11.9,37.2,39.7,-0.6338,0.7427,-0.1407,-0.0791,-0.0286,-0.0012,0.0256,0.0108
2.4,2.5,4.2,3.9,4.9,9.1,9.1,32.6,43.6,-0.6794,0.2309,0.0214,0.5386,0.1527,-0.2632,-0.1119,0.273
2.4,2.5,2.8,1.9,3.4,20.2,8.7,26.5,15.5,-0.686,0.7179,0.0236,-0.0422,-0.0386,0.0095,0.002,0.0044
2.4,4.1,3.7,1.6,3.6,6.7,16.8,18.1,43.6,-0.4794,0.799,0.2177,0.2317,-0.017,-0.0642,0.0243,0.0383
2.4,1.3,1.2,3.8,1.9,5.1,18.2,29.2,43.6,-0.5555,0.6539,0.1883,0.3523,0.0722,-0.0817,0.1207,0.1042
2.4,3.5,2.9,2.9,1.5,3.5,8.5,6.4,39.8,-0.6987,0.195,-0.1907,0.1674,0.0299,0.4972,5.0087e-06,-0.3697
2.4,2.3,3.0,1.6,4.3,19.5,20.9,29.1,9.1,-0.7005,0.7053,-0.0061,-0.0057,0.0006,0.0008,0.0139,0.015
2.4,3.5,3.5,1.1,1.5,8.2,16.0,18.2,26.2,-0.1844,-0.2892,-0.1517,0.2029,0.206,-0.0573,-0.7963,0.3377
2.4,2.9,2.2,3.7,2.4,13.3,5.5,25.2,40.0,-0.5981,-0.0139,-0.2452,0.4791,0.3149,-0.2387,-0.3338,0.2655
2.4,1.2,3.0,2.1,1.3,3.3,17.8,6.3,20.2,-0.0682,-0.016,0.0218,0.0022,-0.1138,0.1196,0.226,-0.9518
2.4,2.0,1.9,4.0,2.8,3.6,7.7,34.5,12.9,-0.5464,0.1739,-0.0946,-0.4302,0.1105,0.5206,-0.4288,0.0044
2.4,1.0,2.5,4.3,3.6,7.0,15.8,10.3,15.2,-0.0503,0.059,-0.1118,0.145,-0.3925,0.1201,0.4245,-0.7717
2.4,1.9,1.3,2.1,2.6,11.2,3.1,20.6,29.5,-0.6162,0.0245,-0.4487,0.0019,0.321,0.4891,-0.2382,-0.0847
2.4,2.5,4.1,3.2,4.6,16.8,13.1,30.8,12.5,-0.8215,0.064,-0.2393,0.2653,0.2642,-0.1662,-0.1197,0.2453
2.4,4.7,4.6,1.5,2.4,6.2,13.6,16.6,36.3,-0.4032,0.0023,-0.2824,0.4441,0.3971,-0.1862,-0.4987,0.3069
2.4,1.7,1.2,2.5,1.6,19.1,9.9,25.3,39.7,-0.8827,0.4286,0.0485,0.1295,-0.0078,-0.0488,0.0175,0.0564
2.4,1.3,1.5,3.5,4.1,20.0,7.2,38.0,36.6,-0.8772,0.466,-0.003,0.0046,0.002,-0.0026,0.0159,0.0347
2.4,3.6,4.8,3.7,3.0,4.8,3.9,23.7,34.5,-0.544,0.1992,-0.431,0.0261,0.4346,0.293,-0.4003,-0.1807
2.4,3.1,4.2,2.7,1.0,11.5,2.2,38.6,7.8,-0.6926,0.0521,-0.2299,-0.29,0.2462,0.3294,-0.1907,0.4056
2.4,4.1,1.2,3.4,3.1,7.7,12.0,8.2,36.4,-0.7332,0.0648,-0.1512,-0.0798,0.0591,0.5919,-0.1054,-0.1981
2.4,3.8,3.8,3.4,2.8,7.0,12.9,27.7,34.8,-0.6906,-0.145,-0.2042,0.3657,0.2402,-0.2247,-0.2721,0.36
2.4,3.8,3.8,2.9,4.3,19.2,2.9,30.3,14.8,-0.8214,0.5636,0.0053,-0.0048,-0.0084,-0.0007,0.0085,0.0135
2.4,4.7,2.9,4.6,2.8,8.9,21.4,30.7,43.5,-0.2405,0.3556,-0.1855,0.0615,0.2308,0.1151,-0.7342,-0.3578
2.4,1.9,4.4,1.3,2.1,9.6,17.0,7.3,41.9,-0.3356,0.6601,-0.225,0.3345,0.377,-0.1983,-0.2393,0.1166
2.4,1.2,1.4,3.8,1.8,6.6,12.2,40.7,28.6,-0.5411,-0.0841,-0.2711,0.1787,0.271,-0.1787,-0.2966,0.6231
2.4,4.5,4.4,3.8,2.7,12.7,11.8,6.1,35.6,-0.6984,0.477,0.0917,0.1607,-0.075,0.0838,-0.2648,-0.3979
2.4,4.7,1.6,1.6,4.1,12.8,12.7,37.3,34.8,-0.7894,0.4397,0.0661,0.2804,-0.0042,-0.2046,0.0465,0.2176
2.4,3.5,1.2,3.1,3.9,16.3,20.0,20.0,28.9,-0.9602,0.2228,0.001,0.0115,0.0005,-0.0046,0.0284,0.1321
2.4,4.4,2.2,2.9,4.2,10.4,13.9,22.4,36.2,-0.6393,0.0044,-0.2439,0.4608,0.3091,-0.2301,-0.2889,0.2694
2.4,2.9,4.4,4.7,4.2,15.4,21.0,10.4,4.1,-0.6437,0.3373,0.0459,-0.0442,-0.0701,-0.1326,-0.2997,-0.583
2.4,1.9,4.5,3.3,1.3,17.2,6.2,42.7,15.4,-0.8449,0.3461,-0.0841,0.0956,0.0836,-0.0964,0.1151,0.3287
2.4,4.5,4.5,3.6,2.7,4.5,18.4,36.2,16.5,-0.1554,-0.2229,-0.0215,0.0178,0.0235,-0.0123,-0.7947,0.5237
2.4,1.8,3.0,4.3,1.8,2.3,3.3,10.2,39.7,-0.7114,0.1883,-0.2178,0.1662,0.0299,0.4506,-0.0136,-0.4084
2.4,1.8,2.5,2.4,4.0,10.7,14.8,7.8,5.8,-0.4861,0.7395,-0.0543,-0.1989,-0.2544,-0.2683,-0.0905,-0.152
2.4,2.3,3.0,3.8,3.6,9.5,2.7,32.2,21.5,-0.6404,0.0694,-0.3417,-0.253,0.3582,0.3828,-0.3347,0.0913
2.4,4.5,3.3,2.0,3.0,5.9,14.0,10.0,40.2,-0.4953,0.5752,-0.2049,0.1474,0.355,0.2458,-0.3329,-0.2243
2.4,4.9,2.3,2.2,1.4,19.6,13.0,25.7,6.5,-0.7579,0.6462,0.015,-0.0215,-0.0214,0.0048,0.0052,0.0073
2.4,3.0,2.3,4.7,1.9,2.6,3.8,18.1,26.0,-0.2233,0.0209,0.1941,-0.1397,-0.3348,0.4373,-0.6201,-0.4379
2.4,1.9,3.9,1.6,3.1,8.8,3.4,32.6,25.5,-0.5486,0.2146,-0.4324,0.038,0.4951,0.2715,-0.3647,0.0182
2.4,3.6,1.8,2.8,3.9,19.8,2.8,34.4,9.6,-0.7837,0.6121,0.0304,-0.0116,-0.045,-0.0286,0.0026,0.0063
2.4,1.4,4.4,3.9,4.4,3.8,8.1,18.3,42.7,-0.4974,0.4591,-0.2949,0.2098,0.3977,0.2624,-0.343,-0.2351
2.4,1.1,1.9,2.9,2.1,11.9,7.1,6.9,40.5,-0.6762,0.3105,-0.1485,0.2354,0.0661,0.4222,-0.0584,-0.4146
2.4,2.8,1.4,4.5,1.2,11.7,5.2,33.1,20.3,-0.7112,-0.1959,-0.3131,-0.0562,0.3184,0.084,-0.2632,0.4086
2.4,2.7,2.5,4.8,1.3,17.8,17.6,32.4,35.2,-0.9691,0.2072,0.0031,0.0286,2.5587e-05,-0.0182,0.0196,0.1004
2.4,1.1,1.7,1.8,1.8,5.1,6.3,22.7,12.7,0.2534,0.1262,-0.312,-0.4316,-0.6715,0.3449,-0.166,-0.1584
2.4,1.7,5.0,3.9,2.0,11.4,7.4,38.5,41.2,-0.7793,0.1792,-0.0407,0.3782,0.082,-0.3114,-0.0876,0.3052
2.4,3.9,3.8,2.5,4.9,9.4,21.2,11.5,35.3,-0.8247,0.474,-0.1487,-0.1873,0.0138,0.0514,0.0412,0.1038
2.4,3.2,1.4,2.5,2.7,19.0,10.9,43.4,43.3,-0.7214,0.6596,0.0209,0.0189,-0.0246,-0.0216,0.1125,0.1188
2.4,2.1,3.5,1.2,1.3,15.7,10.7,24.3,28.3,-0.8614,0.2765,-0.044,0.2853,0.1012,-0.1608,0.0081,0.2174
2.4,2.6,1.2,3.8,3.8,19.8,6.7,42.5,40.8,-0.8195,0.5557,-0.024,-0.0269,0.0246,0.027,0.0402,0.0604
2.4,2.8,2.3,2.4,3.7,12.0,10.7,10.4,19.8,-0.0539,0.1827,-0.0178,0.153,-0.5069,0.3862,-0.5003,-0.5164
2.4,1.4,4.8,1.4,3.5,20.6,19.9,30.7,33.2,-0.5993,0.7905,0.0024,0.0009,-0.0002,-0.0001,0.0036,0.0036
2.4,2.8,2.2,3.9,4.9,2.3,3.1,40.3,30.1,-0.4388,0.3193,-0.4851,-0.0187,0.4928,0.0342,-0.4349,0.1602
2.4,2.3,3.8,1.6,2.3,4.8,11.0,22.3,33.1,-0.3194,0.0068,-0.4277,0.3036,0.4871,0.0591,-0.6041,0.0264
2.4,4.7,4.2,4.6,3.5,11.8,16.5,13.9,10.5,-0.4912,0.3032,-0.1076,-0.1051,0.0968,0.2364,-0.4487,-0.6014
2.4,1.3,2.4,3.9,1.7,4.1,17.3,19.2,30.0,-0.088,0.1028,-0.1892,-0.01,0.1876,0.1055,-0.8771,-0.332
2.4,4.2,2.7,3.2,1.3,10.5,11.3,6.4,43.1,-0.6969,0.4839,0.0397,0.2464,0.1252,0.3156,-0.0788,-0.2909
2.4,1.9,2.7,4.4,2.6,17.6,16.4,29.2,11.9,-0.9634,0.0404,-0.0171,0.0923,0.0234,-0.0644,-0.0025,0.2053
2.4,1.9,3.4,3.4,3.4,12.6,14.5,33.9,38.5,-0.8913,0.209,0.0237,0.2738,0.0191,-0.1831,-0.0106,0.2036
2.4,3.7,2.3,3.6,4.1,14.5,11.1,18.0,14.1,-0.7298,-0.1937,-0.232,-0.1455,0.0747,0.522,-0.1769,0.1716
2.4,1.2,3.9,1.4,1.4,17.9,15.7,42.8,43.4,-0.5362,0.7742,0.1617,0.131,-0.1514,-0.1241,0.0141,0.0703
2.4,1.2,4.4,3.0,3.2,9.5,16.5,12.1,11.4,0.1493,0.1126,-0.2128,-0.0357,-0.0959,0.2304,0.4673,-0.7849
2.4,3.9,2.5,1.8,4.7,12.4,15.3,40.4,31.6,-0.8196,0.4251,0.0461,0.1843,-0.0231,-0.1585,0.0955,0.2582
2.4,2.0,3.4,4.8,1.1,7.2,2.6,31.7,14.5,-0.3314,-0.1268,-0.1023,-0.391,0.1057,0.4484,-0.659,0.2291
2.4,4.3,4.4,4.7,3.4,9.1,5.4,14.9,26.2,-0.296,-0.146,0.1406,-0.2577,-0.2483,0.585,-0.6149,-0.068
2.4,1.7,3.0,1.2,5.0,18.0,9.6,38.6,17.5,-0.6236,0.5743,-0.2654,0.2126,0.3404,-0.1147,-0.0697,0.1272
2.4,2.0,1.5,4.2,3.5,16.7,7.6,31.9,25.0,-0.8768,0.0753,-0.2523,0.1523,0.264,-0.0962,-0.078,0.2085
2.4,3.4,3.2,4.1,2.7,9.8,9.1,16.7,32.5,-0.599,0.0864,-0.3602,-0.1789,0.3428,0.438,-0.3625,-0.1386
2.4,4.8,4.4,2.4,3.5,12.9,2.1,12.4,36.8,-0.6022,0.4165,-0.2995,0.0789,0.3659,0.3119,-0.287,-0.2029
2.4,4.8,4.9,1.3,4.4,3.5,18.0,11.4,16.6,0.3576,0.0961,-0.1093,0.0597,-0.0168,0.0946,0.1952,-0.8812
2.4,4.0,2.2,1.7,3.9,18.9,21.0,10.3,18.5,-0.7379,0.6653,-0.0048,-0.0046,0.0008,0.001,0.03,0.0356
2.4,4.0,1.4,1.3,1.1,11.7,16.9,11.1,17.6,-0.1862,0.2364,-0.1761,-0.1785,0.2045,0.3687,-0.7868,-0.1689
2.4,4.5,3.4,2.3,2.8,19.0,9.8,15.0,29.3,-0.7978,0.5953,-0.0085,0.0118,0.01,-0.005,0.0145,0.021
2.4,4.3,2.7,4.7,2.8,4.8,10.0,24.3,21.4,-0.4073,0.036,-0.216,-0.3352,0.1917,0.52,-0.5553,-0.2173
2.4,2.3,2.1,3.2,4.9,3.9,2.0,23.3,31.3,-0.5771,0.1439,-0.3988,0.0547,0.2334,0.5034,-0.2022,-0.3543
2.4,5.0,1.1,1.7,1.4,9.6,11.9,36.9,21.6,-0.752,0.0753,-0.2747,0.204,0.3002,-0.1581,-0.1139,0.4143
2.4,3.1,2.9,1.9,1.8,11.4,10.9,32.5,15.4,-0.5339,-0.0348,-0.4361,0.0926,0.4738,0.0407,-0.4078,0.3266
2.4,2.2,3.0,2.8,1.2,12.6,7.9,6.1,9.3,-0.3855,0.2749,-0.4133,-0.0009,-0.4602,-0.0266,0.0611,-0.616
2.4,3.1,1.8,2.4,2.4,4.3,19.2,38.0,10.3,-0.0391,0.4932,-0.0706,0.0002,0.078,0.0137,-0.8489,-0.047
2.4,1.2,3.4,4.8,3.8,19.1,20.2,38.8,16.6,-0.9489,0.2647,-0.0044,-0.0119,0.002,0.0075,0.0338,0.1325
2.4,4.5,4.0,4.7,2.2,11.1,20.7,41.3,27.7,-0.922,0.1437,-0.0083,-0.033,0.0069,0.0404,0.0513,0.3403
2.4,1.1,2.6,3.6,3.7,6.4,4.6,26.7,39.0,-0.4513,0.2603,-0.4291,0.2101,0.4866,0.1125,-0.4774,-0.1077
2.4,2.4,3.1,3.7,3.2,12.8,19.9,38.0,10.7,-0.6484,-0.2327,0.0102,-0.0465,-0.0139,0.0402,-0.2509,0.6621
2.4,4.0,1.1,3.3,3.5,16.5,15.7,13.8,39.6,-0.7876,0.0598,-0.0443,0.4172,0.1153,-0.2428,-0.1236,0.299
2.4,1.6,3.6,4.6,3.8,20.1,14.3,14.4,16.9,-0.9017,0.409,0.035,-0.0313,-0.0411,0.0127,0.0019,0.0125
2.4,1.2,4.5,3.4,4.5,7.7,6.1,37.5,22.2,-0.4831,0.2902,-0.4182,-0.1873,0.4391,0.2431,-0.4566,0.0356
2.4,4.7,2.0,2.4,5.0,21.9,8.0,6.6,40.3,-0.616,0.7428,-0.1841,-0.1164,-0.08,-0.0231,0.069,0.0328
2.4,3.9,2.7,3.7,4.8,18.2,21.0,9.6,9.4,-0.9421,0.2566,-0.0104,-0.0244,0.0018,0.0098,0.0345,0.1543
2.4,3.8,1.1,2.5,1.8,16.9,13.8,36.0,33.3,-0.8833,0.4331,0.009,0.0942,0.0033,-0.0716,0.0401,0.0992
2.4,4.1,2.3,4.5,4.2,14.0,18.9,9.8,43.5,-0.3066,-0.008,0.0956,-0.0132,0.0411,-0.1457,0.2186,-0.8305
2.4,1.8,1.9,1.5,1.1,19.0,21.0,36.0,38.0,-0.7435,0.6589,-0.0217,-0.0175,0.0038,0.0042,0.0318,0.0376
2.4,4.9,3.2,2.9,1.4,22.0,15.0,27.5,39.1,-0.5161,0.7756,-0.2215,-0.1898,-0.0377,0.0057,0.0847,0.0336
2.4,4.7,1.4,1.2,2.3,8.9,19.1,27.2,41.2,-0.6029,0.7496,0.1502,0.147,-0.0255,-0.041,0.0217,0.034
2.4,4.8,3.4,3.8,1.3,5.7,19.4,33.7,26.1,-0.6232,-0.3751,0.0009,-0.0066,-0.002,0.0047,-0.3537,0.5767
2.4,1.5,1.0,3.8,2.2,9.6,20.6,9.2,36.2,-0.0823,0.062,0.1235,-0.084,-0.1495,0.0282,-0.8948,0.0778
2.4,3.4,1.4,1.6,4.1,8.0,4.2,20.6,11.3,-0.1941,0.1411,-0.1297,-0.694,-0.4033,0.2326,-0.3591,0.296
2.4,4.2,3.1,4.0,3.5,14.9,15.8,17.6,26.9,-0.8792,-0.126,-0.097,0.2032,0.1096,-0.1361,-0.0963,0.3242
2.4,3.5,3.1,1.3,1.7,17.9,9.3,24.8,39.0,-0.7116,0.6767,0.0881,0.1208,-0.0186,-0.0438,0.0256,0.0385
2.4,2.8,1.3,1.0,1.9,2.6,9.5,9.6,26.5,0.306,0.1927,-0.2525,-0.0431,-0.6252,0.4335,-0.1911,-0.4164
2.4,1.0,2.7,3.2,2.3,12.7,12.2,24.1,10.7,-0.3423,-0.1128,-0.2142,-0.2467,-0.0092,0.6774,-0.3455,-0.409
2.4,4.0,1.3,2.9,2.3,18.5,20.7,27.5,16.6,-0.8741,0.4769,-0.0021,-0.0031,0.0003,0.0006,0.0157,0.0304
2.4,2.7,3.8,2.9,1.7,20.2,12.2,16.4,11.7,-0.8098,0.5754,0.031,-0.0265,-0.0395,-0.001,0.001,0.0045
2.4,2.8,3.3,3.1,3.5,5.3,16.6,38.7,30.3,-0.8201,-0.0146,-0.0274,0.1531,0.0347,-0.1405,-0.041,0.5161
2.4,3.4,4.1,3.2,3.0,19.1,8.5,16.2,30.6,-0.8746,0.4742,-0.0093,0.0093,0.0094,-0.0036,0.0117,0.024
2.4,2.7,1.1,3.1,1.1,6.5,9.2,17.6,43.7,-0.3658,0.4662,-0.2534,0.3013,0.4107,0.2919,-0.3865,-0.2701
2.4,4.4,1.4,2.4,1.6,17.1,7.3,5.9,6.9,-0.5497,0.6858,-0.0957,0.0054,-0.1663,-0.02,-0.3203,-0.2769
2.4,4.7,2.2,3.3,1.2,5.3,10.2,22.5,28.4,-0.2732,-0.0809,-0.3138,-0.24,0.2924,0.4194,-0.6938,-0.0813
2.4,1.0,4.4,2.4,3.1,12.2,2.5,38.1,21.5,-0.5784,0.2324,-0.418,-0.1782,0.4444,0.2333,-0.3065,0.2196
2.4,4.7,3.6,1.2,3.8,21.8,8.0,27.9,23.9,-0.3946,0.8994,-0.0762,-0.1333,0.0003,0.0627,0.001,0.0097
2.4,3.4,4.9,4.9,2.8,4.4,14.8,15.6,15.1,-0.4529,0.0697,-0.0601,-0.1222,-0.0209,0.3207,-0.2042,-0.7848
2.4,1.7,4.7,4.2,4.4,2.7,19.9,29.4,33.9,-0.9618,0.181,-0.0368,-0.0932,0.006,0.0335,0.0166,0.1247
2.4,1.1,3.1,3.6,4.8,4.1,16.3,28.8,19.6,-0.2256,0.2296,-0.2293,-0.0195,0.2322,0.1793,-0.7302,-0.4536
2.4,4.5,2.1,1.9,2.5,11.6,17.7,24.5,21.5,-0.8465,-0.1616,-0.0172,0.171,0.0463,-0.0973,-0.1091,0.4326
2.4,4.7,1.7,4.1,2.6,10.0,17.7,37.5,39.0,-0.912,0.3029,0.0283,0.1621,-0.0102,-0.1255,0.0213,0.1425
2.4,2.1,1.7,2.9,3.9,19.6,16.4,31.6,39.5,-0.8455,0.5239,0.0036,0.0136,-0.0003,-0.0025,0.0114,0.0205
2.4,1.0,3.6,4.3,3.5,15.6,15.1,19.4,25.0,-0.1835,-0.1329,-0.3583,0.0363,0.3622,0.0741,-0.805,0.0672
2.4,2.0,4.5,1.4,1.7,14.0,20.4,19.1,30.7,-0.9359,0.0692,-0.02,-0.037,0.0017,0.0162,0.0182,0.3155
2.4,4.6,3.9,3.2,2.5,2.4,7.8,33.3,41.9,-0.5443,0.2056,-0.1893,0.5222,0.3168,-0.2871,-0.2879,0.2671
2.4,3.7,2.4,1.3,3.8,2.8,4.1,6.3,32.0,0.1912,0.4442,-0.2031,0.1546,-0.654,0.3364,-0.134,-0.3514
2.4,3.4,3.0,2.8,2.8,16.1,7.7,4.2,6.7,-0.6799,0.5463,-0.2059,-0.1179,-0.2354,-0.1383,-0.1371,-0.2905
2.4,4.3,2.4,3.1,3.3,17.7,13.3,23.2,11.0,-0.9005,0.3893,-0.1018,0.0604,0.1106,0.0036,0.0091,0.0519
2.4,3.1,4.3,1.7,1.4,16.1,3.2,12.0,24.6,-0.8895,0.0572,-0.1311,0.0042,0.0687,0.2302,0.0053,0.3311
2.4,3.3,4.6,2.9,4.7,8.2,20.7,36.8,11.2,-0.0666,-0.0706,0.0971,-0.1108,-0.1262,0.0639,-0.8643,0.4184
2.4,1.9,2.5,2.3,2.9,4.1,4.0,9.8,15.4,-0.1362,0.5916,-0.2523,-0.2931,-0.4872,-0.3159,-0.0243,-0.3709
2.4,1.5,2.3,1.3,2.3,15.7,13.9,34.2,32.8,-0.8365,0.3647,0.055,0.2482,0.0041,-0.1713,0.0516,0.2404
2.4,1.9,2.6,3.0,3.8,16.0,11.4,40.8,27.0,-0.8587,0.2385,-0.0584,0.1964,0.0613,-0.1918,0.0424,0.3329
2.4,2.4,3.0,2.4,3.1,19.0,6.7,22.3,13.6,-0.8522,0.5024,-0.0564,0.0282,0.0497,0.0501,0.0154,0.0306
2.4,4.8,3.1,4.1,3.0,6.9,10.0,26.0,17.8,-0.431,0.0005,-0.2932,-0.2977,0.2744,0.4983,-0.537,-0.1256
2.4,3.7,1.6,4.4,1.1,18.8,20.2,28.0,14.3,-0.9401,0.3284,-0.0003,-0.0007,0.0001,0.0002,0.011,0.0343
2.4,2.4,3.1,1.3,3.2,6.1,13.3,9.4,9.7,0.0237,0.7946,-0.0496,-0.2889,-0.505,-0.0531,-0.1105,-0.0482
2.4,1.1,3.9,2.2,1.7,7.8,3.5,6.0,17.1,-0.1771,0.3633,-0.4286,-0.1726,-0.4744,-0.1923,0.18,-0.5674
2.4,2.9,2.8,1.4,1.6,11.6,18.0,10.9,42.9,-0.4883,0.7801,0.2053,0.2357,-0.0231,-0.0908,0.026,0.0518
2.4,4.1,2.4,3.4,4.0,13.3,8.7,25.2,22.6,-0.7611,0.0483,-0.3971,0.0155,0.4048,0.1676,-0.2022,0.133
2.4,1.2,4.4,2.9,1.8,16.4,12.6,22.7,16.9,-0.5843,-0.3149,-0.3109,0.1585,0.3195,-0.0502,-0.4033,0.3786
2.4,3.0,4.7,4.4,4.7,15.7,16.1,30.7,14.9,-0.9434,-0.0369,-0.0097,0.1012,0.0188,-0.0687,-0.023,0.282
2.4,3.9,1.7,3.9,1.7,7.3,4.8,38.6,42.5,-0.456,0.2016,0.0066,0.4649,0.2721,-0.3394,0.01,0.4226
2.4,2.3,4.3,3.7,4.2,16.1,13.0,35.4,5.4,-0.7762,0.2859,-0.2111,-0.1811,0.243,0.3592,-0.1757,-0.0715
2.4,4.0,3.4,3.6,2.2,21.6,15.4,5.4,24.5,-0.7392,0.6666,-0.0022,-0.0177,-0.0222,-0.0346,0.0118,0.0105
2.4,4.2,2.6,2.4,1.8,14.0,10.7,15.4,43.1,-0.419,0.0395,-0.0871,0.5972,0.3194,-0.2424,-0.3977,0.3382
2.4,3.5,3.0,4.6,3.9,10.3,9.2,37.3,5.6,-0.7954,0.1741,-0.0529,-0.3292,0.0759,0.4166,-0.1495,0.1233
2.4,4.2,3.1,2.3,1.7,19.4,15.7,37.5,15.9,-0.773,0.6287,-0.0011,-0.0014,0.0005,0.0009,0.0135,0.0174
2.4,1.6,2.6,4.7,3.2,8.8,14.6,30.2,13.7,-0.3594,0.2759,-0.2735,-0.2045,0.2793,0.3088,-0.6313,-0.302
2.4,4.3,3.4,2.8,2.2,5.7,15.3,8.2,41.5,-0.6424,0.619,-0.0859,0.1007,0.2223,0.2448,-0.1663,-0.187
2.4,3.8,4.6,2.0,3.4,14.1,18.2,22.1,28.2,-0.9473,0.2279,0.0145,0.038,-0.002,-0.0167,0.043,0.1911
2.4,4.1,2.1,1.7,4.1,15.4,20.8,4.7,14.0,-0.5942,0.673,-0.0003,-0.0101,-0.0272,-0.0234,-0.3212,-0.286
2.4,2.6,3.2,2.1,4.9,20.2,2.3,43.0,8.4,-0.6838,0.7204,0.0448,0.0075,-0.0476,-0.0102,0.0144,0.0183
2.4,2.3,2.5,2.3,4.9,8.2,9.2,14.1,38.3,-0.517,0.3993,-0.2723,0.2078,0.2981,0.3808,-0.2841,-0.3624
2.4,4.7,4.0,4.5,1.7,13.8,13.3,34.9,24.6,-0.9591,0.0631,-0.0169,0.079,0.0214,-0.0643,0.009,0.2424
2.4,1.1,2.4,1.4,1.9,4.7,4.1,23.8,41.0,-0.2858,0.3262,-0.3236,0.4597,0.4668,0.1582,-0.461,-0.1625
2.4,1.8,2.9,4.1,4.5,20.9,21.1,10.9,25.4,-0.7669,0.6234,0.047,0.0483,0.0133,0.0104,0.0112,0.0086
2.4,3.5,1.6,4.4,1.9,2.5,10.8,21.4,24.9,-0.3362,0.0227,-0.0587,-0.3368,0.0043,0.549,-0.5814,-0.3446
2.4,4.9,2.7,1.3,4.1,3.6,13.3,31.1,20.6,-0.2465,0.1185,-0.3972,0.1813,0.3839,0.3515,-0.5388,-0.3904
2.4,4.3,3.4,3.2,4.1,4.5,17.7,26.7,20.4,-0.0266,-0.096,-0.1253,0.0629,0.1368,0.0093,-0.9631,0.0153
2.4,4.0,1.6,1.7,1.1,9.8,17.4,18.7,16.0,-0.0707,-0.1603,-0.2327,0.0852,0.2465,0.0607,-0.905,0.0336
2.4,1.6,1.7,2.1,1.9,21.4,12.1,7.4,43.2,-0.6034,0.7371,-0.2325,-0.0381,-0.1358,0.0224,0.0464,-0.0075
2.4,1.2,4.0,2.7,3.1,6.1,12.0,21.5,33.0,-0.3311,0.0367,-0.4583,0.1567,0.48,0.1331,-0.6206,-0.073
2.4,2.2,2.4,3.4,5.0,14.0,21.8,33.1,29.3,-0.9155,0.2644,-0.1375,-0.1854,-0.0176,0.0348,0.0391,0.1524
2.4,4.3,3.1,4.2,1.8,14.8,10.3,19.8,32.0,-0.8439,-0.0587,-0.2893,0.1555,0.2972,-0.0631,-0.1342,0.2342
2.4,3.5,4.3,1.8,3.0,17.7,10.9,21.3,32.3,-0.8187,0.5424,0.0345,0.1301,0.0022,-0.0654,0.0266,0.0579
2.4,2.5,4.8,3.4,4.3,12.4,16.0,19.5,40.1,-0.8475,0.3816,0.0813,0.2939,0.0036,-0.1223,-0.0044,0.0914
2.4,1.3,3.1,4.6,2.2,3.3,14.2,25.6,11.2,-0.4689,0.174,-0.1361,-0.1811,0.0902,0.3824,-0.4009,-0.6093
2.4,1.7,3.7,1.2,3.4,10.2,16.6,39.7,14.9,0.0461,0.268,-0.2004,0.111,0.2351,-0.0751,-0.8067,0.3662
2.4,3.4,4.4,4.3,2.0,12.0,6.0,17.9,30.1,-0.6281,-0.1721,-0.2563,-0.2774,0.2365,0.4651,-0.3514,0.1523
2.4,1.4,3.8,3.5,2.7,9.0,19.0,41.0,36.9,-0.897,0.3816,-0.0002,0.0036,0.0002,-0.0035,0.0718,0.1768
2.4,4.8,2.8,1.7,3.5,6.5,12.9,39.5,43.4,-0.607,0.5702,0.1999,0.3651,-0.031,-0.2409,0.0599,0.2266
2.4,3.7,2.5,2.6,5.0,8.4,18.1,14.1,43.4,-0.5739,0.7382,0.1471,0.2535,0.0032,-0.0829,0.0301,0.0514
2.4,3.8,4.1,3.8,2.1,2.7,18.7,22.0,20.5,-0.1272,0.1896,-0.0122,0.0021,0.0117,0.0096,-0.8096,-0.5284
2.4,4.5,3.6,2.2,2.9,3.6,11.0,10.2,39.8,-0.5682,0.474,-0.1757,0.1927,0.2516,0.366,-0.2395,-0.3448
2.4,4.2,3.2,3.7,4.7,6.6,3.7,26.0,26.7,-0.6372,0.11,-0.3731,-0.1028,0.3387,0.4418,-0.2982,-0.1548
2.4,1.4,4.0,1.4,1.2,8.4,7.7,34.8,28.7,-0.4457,-0.0335,-0.3649,0.2231,0.4144,-0.121,-0.4404,0.4705
2.4,4.6,3.5,1.1,2.6,2.3,21.8,22.7,19.2,0.059,-0.141,0.0492,-0.1333,-0.1104,-0.0442,-0.8871,-0.3657
2.4,3.6,3.1,2.6,3.6,21.1,16.2,40.6,35.5,-0.6813,0.4882,-0.0518,0.0229,0.0467,0.1338,-0.0594,-0.2703
2.4,3.4,3.3,1.3,1.5,17.3,7.0,31.9,40.4,-0.7263,0.6455,0.1192,0.1513,-0.0294,-0.0612,0.037,0.0628
2.4,3.9,3.5,2.5,1.8,20.1,19.7,12.2,21.0,-0.7671,0.6345,0.0011,0.0011,-0.0002,-0.0002,0.004,0.0056
2.4,4.6,2.3,4.9,4.4,7.7,14.0,43.9,13.1,-0.2555,0.3165,-0.4608,-0.0871,0.4655,0.0926,-0.531,0.295
2.4,3.9,1.9,3.6,3.1,20.2,14.3,17.8,9.5,-0.8145,0.5626,0.0648,-0.0365,-0.0782,-0.0332,-0.0061,-0.0011
2.4,2.7,4.9,4.3,3.3,14.4,6.3,33.4,15.5,-0.7546,0.0274,-0.3801,-0.0654,0.3929,0.1274,-0.2036,0.2425
2.4,2.1,3.2,1.5,2.3,5.9,7.8,16.8,11.0,0.1573,0.4289,-0.1551,-0.5486,-0.6227,0.0983,-0.2409,-0.0106
2.4,2.4,4.7,4.9,3.8,12.2,9.6,13.4,33.7,-0.7389,0.14,-0.2282,-0.1826,0.2148,0.4545,-0.2191,-0.1916
2.4,2.6,3.2,1.5,3.2,21.8,17.5,18.7,18.7,-0.459,0.8816,-0.0311,-0.0277,0.0034,0.0055,0.0032,0.0017
2.4,2.8,2.9,4.5,2.8,13.3,19.5,21.2,36.0,-0.9739,0.1344,-0.0113,-0.0301,0.0023,0.0121,0.0122,0.1219
2.4,3.4,1.7,4.4,4.7,15.5,5.5,13.5,34.1,-0.791,0.2305,-0.2582,-0.1064,0.2673,0.3505,-0.1664,-0.0948
2.4,3.8,3.5,3.0,4.2,10.2,5.0,37.4,29.6,-0.6315,0.1209,-0.3532,0.2751,0.3769,-0.2273,-0.2476,0.3463
2.4,3.7,4.9,1.9,2.9,19.7,7.5,26.6,33.5,-0.7033,0.7046,-0.0118,-0.0174,0.0025,0.0072,0.0061,0.0068
2.4,3.9,3.7,4.4,1.2,13.1,13.1,12.8,13.3,-0.3213,0.3537,0.1584,-0.0104,-0.1774,0.1223,-0.658,-0.5027
2.4,2.3,4.1,3.4,3.6,7.3,9.5,19.7,30.5,-0.4859,0.1186,-0.4131,-0.066,0.3899,0.3893,-0.4482,-0.2431
2.4,3.5,2.2,4.7,4.2,20.6,6.0,41.9,22.0,-0.8291,0.5384,0.008,-0.09,-0.0079,0.0899,-0.0099,0.0013
2.4,5.0,1.2,1.4,1.5,4.1,13.2,30.0,10.2,0.0295,-0.1164,-0.5137,-0.1595,-0.1196,0.7024,-0.0559,-0.4007
2.4,4.1,1.1,1.2,1.5,5.8,10.7,19.2,42.7,-0.2092,0.3481,-0.2324,0.5413,0.4838,0.0426,-0.4843,-0.0312
2.4,4.2,3.7,3.1,1.7,14.2,16.0,32.7,30.4,-0.9584,0.176,0.0074,0.0666,0.0023,-0.0427,0.0309,0.1912
2.4,4.0,3.6,3.1,2.6,10.7,7.9,9.5,31.5,-0.2381,0.1922,0.2601,-0.0347,-0.3276,0.4034,-0.6807,-0.2858
2.4,2.2,1.8,3.8,2.9,9.2,10.8,41.8,30.1,-0.6791,0.0484,-0.212,0.2462,0.2123,-0.246,-0.119,0.5473
2.4,3.2,4.5,3.7,2.8,21.4,12.6,39.0,13.6,-0.7183,0.67,-0.0272,-0.073,-0.0032,0.0384,0.0378,0.0318
2.4,2.7,2.6,1.3,3.5,13.8,2.7,4.9,10.1,-0.4415,0.6629,-0.2073,-0.1825,-0.2774,-0.1984,-0.26,-0.3154
2.4,4.9,1.9,3.9,2.0,21.8,7.9,6.7,40.2,-0.7421,0.6,-0.1789,-0.1809,-0.0798,-0.0319,0.0669,0.048
2.4,3.3,4.0,1.6,4.4,2.9,19.7,20.2,27.7,-0.4686,-0.4116,0.0015,-0.0375,-0.0145,0.0189,-0.5138,0.5529
2.4,3.9,4.5,3.6,3.8,20.1,5.4,29.6,29.5,-0.8075,0.5745,-0.0183,-0.0883,-0.0041,0.0445,-4.4524e-05,0.0067
2.4,2.6,3.5,4.5,2.4,5.5,3.1,39.2,8.2,-0.5833,0.2018,-0.0439,-0.4713,0.0466,0.4777,-0.3035,0.2528
2.4,1.9,3.1,3.0,3.4,10.4,6.0,38.9,36.3,-0.6605,0.1165,-0.2173,0.3618,0.2356,-0.3309,-0.1919,0.3991
2.4,1.2,4.1,3.9,3.5,10.6,9.1,5.1,28.0,-0.6331,0.0865,-0.1654,0.2535,-0.1898,0.2318,0.0593,-0.6327
2.4,3.8,2.3,1.9,4.6,18.5,7.2,8.9,18.0,-0.826,0.5252,-0.0532,0.0391,0.0042,0.0857,0.0628,0.1001
2.4,4.1,4.5,1.3,1.8,16.7,10.5,10.3,29.8,-0.8008,0.4844,-0.1742,0.0357,0.2213,0.0523,0.0444,0.1559
2.4,4.3,2.0,4.2,1.1,16.1,21.8,29.0,27.4,-0.9764,0.1453,-0.0192,-0.0374,-0.0018,0.006,0.0181,0.1309
2.4,1.2,4.5,4.0,3.4,14.8,10.4,24.2,9.2,-0.4171,-0.1891,-0.2595,-0.2169,-0.125,0.729,-0.1669,-0.2816
2.4,3.0,4.9,3.9,1.5,18.8,9.7,42.2,41.6,-0.8672,0.4648,0.0254,0.0393,-0.0238,-0.0363,0.0638,0.1221
2.4,1.6,3.7,2.6,1.3,12.9,15.3,21.6,24.8,-0.3492,-0.4291,-0.1691,0.1421,0.18,-0.0607,-0.644,0.4166
2.4,4.0,4.7,3.9,1.3,15.8,12.6,19.4,29.6,-0.9437,-0.0256,-0.0917,0.1311,0.0983,-0.0854,-0.0312,0.2328
2.4,2.9,2.6,1.0,2.6,14.6,2.5,26.3,21.5,-0.7146,0.4239,-0.3262,0.2194,0.2763,0.2537,-0.0275,0.035
2.4,1.8,1.1,1.8,4.7,5.7,18.3,36.2,15.2,-0.342,0.384,-0.2247,0.0132,0.2774,0.2325,-0.6105,-0.3901
2.4,3.1,4.4,1.1,2.4,18.5,2.0,5.2,15.8,-0.766,0.2932,-0.0979,0.0013,-0.0517,0.0802,0.1426,0.4636
2.4,3.0,4.5,1.7,3.0,19.3,12.8,39.3,18.4,-0.6906,0.7161,0.0045,0.0111,-0.0022,-0.0082,0.029,0.0292
2.4,2.2,1.1,4.0,4.9,12.7,21.1,7.4,8.6,-0.5297,-0.0256,0.0572,-0.1279,0.0193,-0.1685,0.1044,-0.7951
2.4,5.0,4.0,4.8,1.9,13.7,5.1,18.8,12.5,-0.638,-0.3829,-0.0634,-0.1653,0.0037,0.3465,-0.3408,0.4001
2.4,1.5,4.2,3.3,1.7,4.4,12.4,13.4,9.9,0.2487,0.2624,-0.1237,-0.0115,-0.5508,0.1266,0.3688,-0.6191
2.4,4.1,3.3,4.0,4.9,12.9,9.7,37.7,8.3,-0.8076,0.2587,-0.1769,-0.2548,0.2021,0.3358,-0.1204,0.0927
2.4,3.0,1.4,2.7,1.6,8.0,15.1,32.0,32.7,-0.6914,-0.1755,-0.1906,0.2794,0.2161,-0.1995,-0.2615,0.4561
2.4,3.8,1.4,2.5,1.2,16.6,13.3,30.9,30.4,-0.9178,0.3531,-0.0109,0.0997,0.024,-0.0658,0.0297,0.0994
2.4,2.0,4.7,3.6,2.4,6.1,19.3,18.5,16.2,-0.2267,0.1974,0.0128,-0.0064,-0.014,-0.0136,-0.6252,-0.7119
2.4,1.4,3.3,2.5,1.8,13.2,12.7,25.7,24.2,-0.4639,-0.3024,-0.3242,0.1883,0.3409,-0.0623,-0.5216,0.3777
2.4,4.6,3.1,3.7,3.7,8.8,12.5,41.9,40.0,-0.8277,0.3345,0.0164,0.2534,-0.018,-0.2538,0.0225,0.253
2.4,1.4,4.8,2.2,2.7,9.8,19.1,21.6,27.0,-0.3785,-0.4679,-0.0028,0.0018,0.0023,-3.4591e-06,-0.6171,0.4817
2.4,3.3,3.8,3.6,1.7,6.2,3.8,7.2,20.1,-0.4195,0.1255,-0.3321,0.1166,-0.3714,0.0912,0.1075,-0.7212
2.4,3.2,1.4,3.0,2.5,5.7,19.3,36.1,16.3,-0.117,-0.1583,-0.0691,0.0471,0.0748,-0.0332,-0.8148,0.5095
2.4,1.5,3.2,3.1,2.2,20.3,8.1,17.5,16.2,-0.8442,0.5204,0.0195,-0.0126,-0.0247,-0.0141,0.003,0.0076
2.4,3.8,4.3,1.9,1.5,19.7,6.3,36.2,30.9,-0.7125,0.696,-0.0037,-0.0094,0.0007,0.0063,0.0088,0.0098
2.4,1.8,2.2,4.3,2.9,3.3,18.0,38.2,17.0,-0.0286,0.0008,-0.128,0.0379,0.1301,-0.0328,-0.8866,0.3939
2.4,1.1,2.6,2.1,1.6,19.1,9.2,18.4,11.6,-0.91,0.2888,-0.1475,0.041,0.1098,0.1437,0.0144,0.0925
2.4,4.6,1.2,4.6,2.4,20.7,21.8,21.0,41.0,-0.8495,0.5145,-0.0446,-0.0696,-0.0017,-0.0008,0.0031,0.0046
2.4,2.2,4.7,4.5,2.5,7.9,9.1,27.3,4.8,-0.1198,0.2113,-0.2862,-0.5764,-0.6071,0.3294,0.1182,0.1186
2.4,4.4,1.1,1.4,3.4,8.7,12.1,15.5,10.3,-0.0294,0.262,-0.1246,-0.6258,-0.5157,0.2091,-0.3895,0.2204
2.4,4.2,3.4,1.8,1.8,18.8,10.9,28.5,35.6,-0.744,0.6614,0.0139,0.0295,-0.0027,-0.0123,0.0135,0.0166
2.4,2.5,4.5,1.1,4.6,16.9,2.6,7.1,23.6,0.11,0.3151,-0.0042,0.1003,-0.3409,0.4289,-0.7135,0.1564
2.4,1.4,3.2,4.6,5.0,2.4,3.8,27.6,12.5,-0.0159,0.1204,-0.2481,-0.5198,-0.7066,0.3595,0.0337,0.0721
2.4,2.0,3.6,1.1,2.0,8.1,13.0,37.6,35.7,-0.7409,0.283,0.0512,0.3262,0.0148,-0.2618,0.0415,0.418
2.4,1.8,4.5,3.4,1.2,20.3,4.9,13.6,10.8,-0.86,0.4955,0.0152,-0.0159,-0.0064,-0.0294,0.0026,0.0058
2.4,3.7,4.5,2.5,1.9,7.4,15.9,38.2,22.2,-0.6506,-0.1921,-0.0421,0.1076,0.0503,-0.0933,-0.222,0.6721
2.4,4.0,4.6,3.1,1.8,17.3,20.1,16.0,17.4,-0.9576,0.2324,-0.0043,-0.0098,0.0008,0.0036,0.0287,0.1296
2.4,4.7,2.5,1.9,3.0,21.2,15.6,28.5,4.1,-0.6195,0.7334,0.0293,-0.2221,-0.0959,0.1073,-0.0182,0.0221
2.4,4.9,4.8,3.1,2.1,2.2,2.4,32.7,22.5,-0.4471,0.0141,-0.2945,-0.3119,0.3059,0.473,-0.5329,0.0603
2.4,3.3,3.9,4.4,3.9,11.3,11.9,22.4,38.4,-0.6301,-0.0125,-0.266,0.4523,0.32,-0.2321,-0.3135,0.2409
2.4,2.9,1.9,1.4,2.5,14.7,6.9,7.2,8.5,-0.1881,0.6358,-0.126,-0.1665,-0.4068,-0.1276,-0.5054,-0.2601
2.4,2.2,2.1,1.6,1.2,2.2,10.2,39.1,40.5,-0.5198,0.2497,-0.1746,0.4454,0.229,-0.3852,-0.2111,0.4196
2.4,1.5,1.4,3.4,4.0,2.8,16.1,16.7,13.9,0.2061,0.3791,-0.2086,-0.3915,-0.5849,0.3049,0.3427,-0.2035
2.4,3.3,1.1,3.0,4.4,19.1,11.3,17.8,6.3,-0.8533,0.5113,-0.0187,-0.0107,-0.0102,0.0008,0.0117,0.0211
2.4,1.4,1.5,4.0,2.8,6.1,2.9,39.0,31.6,-0.4985,0.0995,-0.4649,0.1056,0.4693,-0.0958,-0.3948,0.3428
2.4,1.6,3.2,1.7,4.4,8.2,7.6,18.1,13.6,-0.0789,0.3389,-0.1932,-0.6808,-0.4645,0.2564,-0.207,0.2064
2.4,1.7,4.5,2.3,4.7,5.2,16.2,16.0,42.0,-0.7095,0.5677,0.1307,0.3294,0.0027,-0.1414,-0.0026,0.0834
2.4,1.6,3.0,2.7,1.9,20.0,14.0,6.7,8.7,-0.864,0.476,-0.001,-0.0005,-0.0021,0.0022,0.0223,0.0516
2.4,4.1,4.5,4.0,4.2,14.6,16.8,36.0,30.4,-0.9487,0.2501,0.0101,0.0487,-0.0036,-0.0345,0.0402,0.1627
2.4,4.2,1.2,2.0,3.3,7.9,10.2,42.0,33.4,-0.6031,0.2451,-0.2044,0.3549,0.21,-0.3484,-0.087,0.4719
2.4,2.7,2.9,4.1,1.4,3.0,7.5,13.1,19.3,-0.3176,0.1004,-0.0592,0.1649,-0.2848,0.1424,-0.1402,-0.8541
2.4,4.2,2.7,4.2,3.0,16.9,3.5,6.8,21.8,-0.4895,0.6046,0.0164,0.0875,-0.0798,0.0568,-0.4666,-0.3709
2.4,4.9,1.5,3.9,3.2,15.5,11.0,6.8,43.0,-0.7193,0.5401,0.0298,0.1039,0.1318,0.1839,-0.1881,-0.2917
2.4,3.0,2.5,2.7,2.0,14.3,16.1,7.5,20.1,-0.4971,0.4716,0.1202,0.038,-0.1157,0.0877,-0.4904,-0.4923
2.4,3.2,3.3,3.4,4.5,14.1,11.1,14.2,35.5,-0.5484,0.306,-0.4076,0.047,0.4516,0.2153,-0.3958,-0.1271
2.4,3.0,4.4,3.0,4.0,10.7,11.0,42.3,4.2,-0.7341,0.4883,-0.1071,-0.2866,0.1075,0.2876,-0.0191,0.1622
2.4,2.6,3.6,1.3,1.8,8.3,5.1,7.7,11.3,-0.097,0.5614,-0.3078,-0.2778,-0.4673,-0.275,-0.1584,-0.4209
2.4,2.6,2.4,4.9,2.5,19.3,18.9,16.3,11.2,-0.9391,0.3259,-0.0002,0.0001,0.0001,-2.353e-05,0.0082,0.0284
2.4,4.8,3.3,1.5,1.7,19.8,17.6,32.3,43.9,-0.6188,0.781,0.0117,0.0134,-0.0027,-0.0047,0.0052,0.0045
2.4,1.5,2.3,1.4,4.1,10.4,3.8,22.7,28.6,-0.3948,0.1704,-0.5711,0.2471,0.2192,0.5056,-0.1303,-0.3059
2.4,3.3,1.5,3.8,4.0,12.1,2.8,29.7,21.8,-0.7602,0.0497,-0.3319,-0.153,0.337,0.3305,-0.2084,0.1072
2.4,2.3,4.9,3.0,2.3,14.1,11.2,29.5,10.3,-0.4767,-0.0184,-0.4623,-0.0412,0.4781,0.2015,-0.4978,0.1434
2.4,3.2,4.2,4.3,2.9,6.8,20.9,10.7,6.2,-0.0794,-0.0009,0.1301,-0.1002,0.0702,-0.1535,0.4124,-0.8656
2.4,3.1,1.6,4.4,4.7,16.5,14.5,32.3,14.7,-0.8813,0.1132,-0.244,0.1555,0.2561,-0.0967,-0.0683,0.186
2.4,2.2,3.1,1.4,1.6,11.1,8.7,39.1,25.9,-0.6252,0.1356,-0.2484,0.2791,0.271,-0.2523,-0.1072,0.5362
2.4,1.7,3.7,1.2,4.4,5.2,8.6,33.6,37.9,-0.4275,0.2357,-0.1541,0.5545,0.3437,-0.2933,-0.3429,0.304
2.4,1.3,3.1,3.7,3.5,11.8,9.1,7.2,17.6,-0.2936,0.219,-0.4127,0.1103,-0.4826,0.0674,0.2639,-0.6052
2.4,4.7,1.9,2.3,2.7,21.0,7.8,20.2,32.4,-0.6575,0.7279,-0.0446,-0.1529,-0.0102,0.0666,-0.0012,0.0121
2.4,2.5,3.2,2.7,3.3,21.8,9.9,22.5,5.2,-0.6496,0.6601,0.1606,-0.1742,-0.1698,-0.2076,-0.0504,-0.0613
2.4,2.6,4.1,3.0,4.7,6.6,2.9,4.8,7.9,-0.6277,0.4085,-0.0637,-0.3801,-0.0848,-0.398,0.0237,-0.3485
2.4,3.3,4.2,3.8,2.4,20.3,17.7,32.1,15.1,-0.834,0.5444,-0.0036,-0.0071,0.0008,0.0021,0.0008,0.0017
2.4,3.7,3.0,4.5,3.8,3.9,19.9,34.5,12.9,-0.001,0.1379,0.063,-0.028,-0.0714,0.0082,-0.9703,0.084
2.4,4.7,1.7,2.4,3.5,4.6,21.1,17.6,5.2,0.3599,0.6295,0.2461,-0.0236,0.1135,-0.0826,0.4843,-0.3469
2.4,1.5,3.8,4.2,1.3,5.2,9.5,11.0,28.1,-0.4621,0.1934,0.0455,0.1485,-0.1851,0.1184,-0.2995,-0.7609
2.4,2.1,4.5,1.6,2.8,17.8,11.6,27.4,22.7,-0.8487,0.4716,0.0197,0.1572,0.0172,-0.0883,0.0362,0.0983
2.4,4.1,1.5,3.1,4.7,10.7,10.2,26.4,35.0,-0.5525,0.0668,-0.3824,0.3786,0.4366,-0.1377,-0.3814,0.1811
2.4,1.6,4.6,2.0,1.5,6.5,19.7,21.0,15.5,-0.0022,0.002,0.0107,-0.0111,-0.0133,-0.0081,-0.8003,-0.5873
2.4,4.7,3.7,1.1,1.6,13.9,19.4,29.0,43.7,0.2225,-0.0182,0.0616,-0.0532,-0.022,-0.0494,-0.3823,-0.6494
2.4,1.8,3.3,2.8,2.6,7.7,20.5,6.4,39.6,-0.7219,0.6528,-0.1018,-0.1188,0.001,0.0159,0.0229,0.0268
2.4,3.0,3.3,3.0,2.7,16.0,2.1,21.4,17.2,-0.9198,0.0504,-0.1916,-0.0092,0.1129,0.2519,-0.0191,0.1637
2.4,3.7,2.5,1.5,1.9,7.2,5.7,18.3,8.9,0.0837,0.2799,-0.1229,-0.5749,-0.6041,0.0727,-0.4331,0.0178
2.4,4.5,1.7,2.9,3.9,3.1,6.1,34.5,25.0,-0.527,0.2521,-0.4042,-0.1508,0.4398,0.2973,-0.4248,-0.0009
2.4,2.7,2.8,1.8,2.6,2.4,9.9,38.4,20.3,-0.2543,0.4087,-0.4085,-0.1382,0.4371,0.1814,-0.5686,0.1459
2.4,4.0,1.8,1.1,2.7,17.5,13.2,43.0,33.8,-0.5705,0.8035,0.0387,0.053,-0.0362,-0.0511,0.0846,0.0649
2.4,4.3,2.1,2.1,3.8,3.1,19.4,17.6,22.9,-0.0511,0.08,-0.0444,0.0258,0.0468,0.0332,-0.8488,-0.4904
2.4,3.9,2.7,3.2,1.3,9.8,16.9,11.0,34.9,-0.3979,0.3803,-0.1724,-0.1564,0.1844,0.2782,-0.5902,-0.4072
2.4,1.8,3.0,1.1,2.6,15.0,13.5,30.3,9.1,-0.3122,0.1333,-0.5473,0.2221,0.2383,0.5367,-0.1629,-0.3588
2.4,1.7,2.9,2.3,2.3,21.9,11.0,25.3,12.4,-0.5923,0.7646,0.0495,-0.1827,-0.1125,0.0631,-0.0098,0.0144
2.4,2.3,4.2,3.4,3.8,10.1,19.2,21.9,20.1,-0.0491,-0.2498,0.0139,-0.0161,-0.0178,0.0047,-0.9421,0.1496
2.4,4.3,3.4,4.0,2.4,3.4,11.2,11.8,32.5,-0.4601,0.0173,0.0907,-0.2519,-0.1859,0.6135,-0.3972,-0.3591
2.4,5.0,2.2,2.0,3.1,19.7,10.3,27.0,5.6,-0.6997,0.7045,0.0508,-0.0427,-0.0076,-0.0546,0.0044,0.0023
2.4,1.6,4.1,4.2,4.1,14.2,6.0,37.6,12.9,-0.6964,0.1918,-0.2883,-0.3111,0.3005,0.3457,-0.2403,0.147
2.4,3.8,4.9,3.9,1.6,7.9,13.6,27.4,30.5,-0.5737,-0.3846,-0.1654,0.1872,0.1762,-0.119,-0.4175,0.4754
2.4,2.1,1.6,3.4,4.9,16.2,11.9,27.0,39.1,-0.8286,0.0883,-0.0192,0.4119,0.0901,-0.2199,-0.0897,0.2429
2.4,3.3,1.7,3.0,5.0,5.9,15.6,23.9,8.7,-0.3721,0.5369,-0.2611,-0.6071,-0.2028,0.2065,0.0681,0.1817
2.4,4.4,4.5,4.4,2.6,19.1,17.3,31.1,35.6,-0.8981,0.4317,-0.0029,-0.0054,0.0008,0.002,0.0066,0.0152
2.4,1.8,2.5,3.9,1.9,14.8,16.0,40.4,42.4,-0.8125,0.4547,0.0778,0.216,-0.078,-0.2173,-0.0262,0.0826
2.4,3.8,3.2,3.7,2.2,15.2,21.4,8.9,20.8,-0.354,0.5275,0.033,-0.0106,-0.0535,-0.0344,-0.6352,-0.4123
2.4,4.4,4.0,4.1,4.6,20.6,11.6,27.1,18.8,-0.7993,0.5824,-0.004,-0.1074,-0.0193,0.054,-0.002,0.0069
2.4,1.9,1.3,4.2,3.5,18.6,8.4,31.2,32.7,-0.9432,0.2698,-0.0155,0.1152,0.0258,-0.0779,0.0124,0.0864
2.4,2.1,3.6,3.7,4.1,8.6,16.0,23.9,40.7,-0.8402,0.3472,0.0664,0.3407,0.0215,-0.1464,-0.0175,0.1058
2.4,3.6,3.7,2.5,2.0,8.1,16.6,15.5,32.4,-0.1243,-0.1584,-0.2458,0.1317,0.2702,-0.0132,-0.8639,0.1808
2.4,3.3,3.1,2.0,4.6,12.9,9.7,29.0,6.3,-0.6546,0.3647,-0.3112,-0.4938,-0.0467,0.1803,0.016,0.2353
2.4,4.3,4.5,2.8,2.6,7.1,5.6,25.4,26.7,-0.5211,-0.023,-0.4506,-0.0769,0.4421,0.3452,-0.4387,0.0225
2.4,3.1,4.8,1.4,4.1,13.5,12.6,37.4,31.9,-0.8096,0.4633,0.0787,0.1994,-0.0266,-0.143,0.0828,0.2138
2.4,1.7,2.5,1.4,3.7,17.5,2.2,16.6,28.8,-0.7218,0.4219,-0.307,0.1799,0.3241,0.2215,-0.0795,0.0062
2.4,1.2,3.4,4.6,4.7,5.7,13.9,29.3,8.3,-0.0403,0.2258,-0.4782,-0.2634,-0.3531,0.382,0.5191,-0.2687
2.4,2.9,2.6,1.4,3.3,15.9,10.2,21.6,15.3,-0.7517,0.309,-0.3581,0.1684,0.2791,0.2937,-0.0543,0.031
2.4,4.1,1.5,1.2,1.8,15.6,8.0,31.2,5.2,-0.6637,0.5627,-0.4268,-0.122,-0.09,0.092,0.1113,0.0834
2.4,2.1,1.5,2.7,2.5,15.4,6.0,4.6,43.5,-0.6913,0.463,0.0509,0.2249,0.1242,0.2791,-0.1433,-0.3647
2.4,2.5,1.5,4.8,4.3,6.3,2.8,11.2,43.5,-0.6855,0.3645,-0.0857,0.2466,0.0844,0.3892,-0.0802,-0.3963
2.4,4.7,1.6,2.9,4.6,3.0,4.8,12.6,33.8,-0.5312,0.1017,-0.4241,0.1031,-0.0162,0.5912,0.052,-0.3896
2.4,1.2,2.8,2.9,1.2,2.6,16.5,9.9,39.2,-0.5716,0.339,-0.3026,-0.0504,0.3399,0.3119,-0.38,-0.2871
2.4,2.5,4.1,1.3,1.7,17.5,2.9,26.1,36.7,-0.7558,0.5451,0.0524,0.2881,0.0333,-0.1519,0.0121,0.0975
2.4,1.7,2.0,3.1,4.9,14.9,12.2,43.9,34.1,-0.8039,0.286,-0.0337,0.2415,0.0343,-0.2412,0.0579,0.3726
2.4,3.7,3.7,3.8,1.8,11.1,2.5,41.2,40.3,-0.7835,0.1782,-0.0612,0.3218,0.0652,-0.3149,-0.0536,0.3628
2.4,4.8,4.1,2.2,1.2,18.9,8.9,42.4,10.3,-0.7652,0.636,-0.004,0.0107,0.0043,-0.0103,0.0352,0.043
2.4,3.4,1.0,3.3,2.9,12.0,5.0,31.2,18.5,-0.7618,0.0085,-0.3164,-0.1645,0.3286,0.303,-0.2014,0.2078
2.4,2.3,4.2,2.4,4.8,17.1,2.9,41.9,18.5,-0.76,0.4565,-0.285,0.0403,0.2901,-0.0337,0.0025,0.1903
2.4,2.7,2.4,3.6,4.0,8.3,10.6,17.9,5.2,-0.3075,0.4741,0.267,-0.3699,-0.506,-0.1478,-0.4206,-0.1
2.4,1.4,5.0,3.7,2.4,13.8,9.8,32.9,20.2,-0.568,-0.2134,-0.3277,0.1554,0.3402,-0.1008,-0.4002,0.4457
2.4,1.9,2.0,1.3,3.8,20.3,16.1,5.4,35.9,-0.6051,0.7777,0.0286,-0.0143,-0.0393,0.0091,0.0284,0.0314
2.4,3.8,2.3,3.8,2.6,20.9,2.2,38.7,20.1,-0.7783,0.6035,0.0477,-0.0915,-0.0571,0.0777,-0.0031,0.0108
2.4,4.5,1.8,1.8,5.0,18.6,8.2,40.6,18.0,-0.6995,0.7042,-0.0307,0.0447,0.0366,-0.0373,0.0309,0.0353
2.4,4.1,4.2,3.5,2.0,10.5,4.2,41.4,42.1,-0.7758,0.1939,-0.0061,0.3019,0.0004,-0.3754,-0.0565,0.3008
2.4,4.1,4.8,2.3,4.8,12.3,6.2,18.6,14.6,-0.4254,-0.0439,-0.6062,-0.2849,-0.2791,0.5021,0.0464,0.1435
2.4,2.2,2.4,2.4,4.3,3.0,10.1,6.3,30.0,-0.2176,0.2838,-0.303,0.3002,-0.4351,0.255,0.1369,-0.638
2.4,1.0,3.3,1.8,2.0,10.2,18.7,23.4,30.1,-0.6001,-0.4237,-0.0158,0.0765,0.0309,-0.0377,-0.389,0.5248
2.4,4.0,3.9,2.0,4.5,14.0,12.7,7.5,20.3,-0.3581,0.5133,0.1451,0.152,-0.1438,0.1969,-0.5671,-0.4119
2.4,1.1,3.3,2.8,3.9,3.3,8.1,41.7,6.3,-0.677,0.3607,-0.0195,-0.4064,0.0257,0.417,-0.1404,0.2035
2.4,3.7,2.9,1.1,4.1,9.2,6.8,35.9,42.2,-0.5799,0.3977,0.1776,0.4956,0.036,-0.3181,-0.0361,0.3327
2.4,4.8,3.2,1.3,3.3,6.5,3.4,42.2,13.8,-0.5512,0.4844,-0.3036,-0.2852,0.3225,0.3026,-0.099,0.2645
2.4,1.4,1.3,1.8,4.9,7.1,9.3,26.1,23.1,-0.2347,0.0837,-0.6863,0.022,-0.0436,0.5754,0.0731,-0.3353
2.4,4.9,2.3,1.9,1.3,5.7,19.1,35.6,11.9,-0.0769,-0.153,-0.0405,0.0386,0.0499,-0.0178,-0.8874,0.395
2.4,3.9,1.3,4.5,4.5,11.0,12.2,38.2,10.4,-0.7343,0.2577,-0.2069,-0.3314,0.2193,0.3685,-0.1867,0.1213
2.4,4.8,3.5,3.6,4.2,10.1,9.5,13.5,12.3,0.0753,0.2838,-0.1795,-0.0571,-0.783,0.1598,-0.2518,-0.3983
2.4,4.3,1.6,1.6,3.6,21.7,9.6,13.7,12.0,-0.4988,0.8295,0.1005,-0.1403,-0.0368,-0.1548,-0.0066,-0.0254
2.4,4.5,4.1,1.4,2.5,10.4,6.5,41.0,11.5,-0.5844,0.4518,-0.365,-0.1692,0.4026,0.2119,-0.1274,0.2387
2.4,1.1,1.8,2.6,3.4,8.1,16.2,14.4,37.7,-0.445,0.3093,-0.3984,0.1497,0.4597,0.1938,-0.4758,-0.1754
2.4,2.5,2.5,1.1,4.5,6.9,5.3,8.2,38.6,-0.3292,0.4249,-0.2275,0.4,0.1077,0.4942,-0.0813,-0.4739
2.4,2.1,2.7,2.2,3.6,14.2,15.9,30.6,26.0,-0.8783,-0.0114,-0.0229,0.2317,0.0575,-0.1506,-0.0504,0.3622
2.4,2.4,3.3,1.9,1.9,9.6,11.7,16.5,27.1,-0.3199,-0.0375,-0.4082,-0.0926,0.3905,0.4057,-0.6109,-0.1231
2.4,1.3,2.7,2.9,3.9,18.3,5.8,32.0,43.6,-0.8662,0.29,0.1709,0.2915,0.0091,-0.0829,0.0298,0.1753
2.4,4.9,1.1,4.2,1.2,6.8,18.2,10.8,40.3,-0.6647,0.4284,-0.2201,-0.0409,0.2566,0.2879,-0.2792,-0.2734
2.4,1.5,1.2,1.7,1.6,4.0,6.7,11.0,34.1,-0.3173,-0.1151,-0.4147,-0.1148,-0.0623,0.7733,-0.1275,-0.2438
2.4,2.1,4.3,1.3,3.6,2.5,5.5,18.8,6.5,-0.1342,0.4676,0.1275,-0.5541,-0.4993,-0.0498,-0.4231,-0.043
2.4,1.4,5.0,1.2,3.0,15.6,6.3,33.9,32.2,-0.7113,0.2923,-0.0541,0.436,0.1556,-0.289,-0.0716,0.2958
2.4,1.3,1.8,3.0,3.2,10.8,4.9,21.1,11.6,0.0613,0.1807,-0.1386,-0.5387,-0.714,0.1561,-0.3246,0.0325
2.4,4.8,1.8,4.8,3.8,18.1,11.1,42.2,9.5,-0.8891,0.4309,-0.0404,0.0225,0.0404,-0.0224,0.0473,0.1025
2.4,1.5,2.8,3.3,4.1,4.5,7.2,26.1,17.1,-0.2569,-0.1772,-0.3365,-0.2136,-0.2142,0.744,-0.0894,-0.3464
2.4,1.6,3.3,4.4,4.5,5.6,8.0,5.5,12.7,-0.5515,0.5254,-0.2267,-0.3422,-0.2436,-0.3604,0.1998,-0.1328
2.4,3.1,3.4,1.5,1.9,16.3,19.8,13.9,14.8,-0.9263,0.1735,-0.0031,-0.0041,0.0008,0.0022,0.0486,0.2958
2.4,3.8,2.3,3.2,4.4,5.2,4.8,20.5,42.5,-0.3788,0.4034,-0.3251,0.2855,0.4404,0.221,-0.451,-0.221
2.4,1.4,3.9,2.5,2.6,16.2,18.8,24.1,8.6,-0.3001,-0.4396,-0.0234,0.0362,0.0283,-0.0145,-0.6919,0.4294
2.4,2.3,4.6,4.8,4.3,21.0,7.3,16.8,23.2,-0.77,0.5827,0.1294,-0.085,-0.1684,-0.0415,-0.0245,-0.0007
2.4,4.7,4.7,1.5,4.3,9.7,13.9,13.0,30.3,-0.2813,0.2066,-0.3995,0.1864,0.4958,0.0514,-0.64,0.0689
2.4,1.2,1.1,4.6,4.7,9.2,13.6,21.7,17.8,-0.3122,-0.2017,-0.1002,-0.2409,-0.2884,0.7153,-0.2241,-0.3635
2.4,1.5,4.7,4.0,3.6,10.7,18.9,22.2,12.1,-0.2129,0.2247,0.0066,-0.0035,-0.0085,-0.0052,-0.6893,-0.6422
2.4,4.7,1.7,4.4,3.0,13.5,19.6,5.0,24.0,-0.8567,0.3464,0.0065,0.0005,-0.0071,0.0051,-0.1404,-0.3497
2.4,3.2,4.4,4.9,4.6,15.6,18.5,21.1,35.8,-0.9641,0.2302,0.0024,0.0165,-0.0001,-0.0063,0.0146,0.0722
2.4,4.8,4.8,2.4,1.4,13.8,7.8,10.9,21.5,-0.0333,0.1585,0.1182,-0.0336,-0.1394,0.2075,-0.9321,0.017
2.4,5.0,3.8,3.3,2.4,6.9,15.7,21.9,17.7,-0.081,0.0751,-0.2082,-0.0006,0.2077,0.1214,-0.88,-0.3089
2.4,4.7,3.4,1.4,1.4,2.3,16.5,42.0,33.5,-0.724,0.087,-0.002,0.1567,0.0116,-0.1477,0.0381,0.6325
2.4,4.7,2.6,4.9,2.0,5.7,15.1,16.9,17.4,-0.4524,0.186,0.0038,-0.1909,-0.0472,0.3482,-0.4165,-0.6462
2.4,4.7,5.0,2.4,1.3,15.9,8.2,4.1,4.9,-0.7211,0.5186,-0.2558,0.0259,-0.2579,0.0241,-0.0879,-0.254
2.4,4.9,4.7,1.4,1.5,18.9,6.3,11.0,34.1,-0.6709,0.7333,-0.0255,0.0156,0.0369,0.006,0.0229,0.0233
2.4,2.5,2.0,3.5,4.2,18.6,5.2,27.3,28.7,-0.9116,0.3695,-0.0431,0.1051,0.0536,-0.0618,0.0101,0.0532
2.4,1.2,5.0,5.0,3.6,2.9,15.2,6.8,39.8,-0.875,0.3815,-0.0321,0.0524,0.0808,0.2059,-0.0523,-0.1453
2.4,1.0,3.6,2.4,1.1,16.9,5.2,27.4,24.5,-0.8569,-0.036,-0.2767,0.065,0.286,0.0462,-0.1044,0.2717
2.4,4.4,2.9,2.5,3.2,8.0,21.4,34.6,33.0,-0.8944,0.3632,-0.099,-0.1314,0.0089,0.0399,0.0522,0.1501
2.4,4.2,3.3,4.1,5.0,6.4,2.6,14.6,5.4,-0.5231,0.5021,0.1195,-0.2253,-0.265,-0.3609,-0.2607,-0.3694
2.4,3.1,1.6,4.9,2.8,20.9,6.4,33.3,27.7,-0.8036,0.5627,0.0001,-0.1307,-0.0274,0.0769,0.0052,0.0218
2.4,2.3,4.8,1.9,3.2,9.5,10.8,33.0,13.1,-0.424,0.2252,-0.3502,-0.0631,0.3759,0.4078,-0.5032,-0.2536
2.4,4.1,3.3,2.6,3.5,7.5,9.1,35.6,37.9,-0.7092,0.1436,-0.1065,0.4263,0.1678,-0.3184,-0.1497,0.3468
2.4,2.5,3.3,4.1,4.3,4.6,18.4,8.6,10.3,0.1786,0.4422,-0.0832,-0.0263,-0.0594,0.0404,0.7852,-0.3469
2.4,4.4,4.4,1.5,4.0,4.0,19.4,40.1,38.2,-0.6456,0.7531,-0.0023,0.0003,0.001,-0.0001,0.031,0.0293
2.4,3.0,2.6,2.3,2.7,5.7,7.8,21.4,43.2,-0.2991,0.3353,-0.2953,0.4799,0.4918,0.0245,-0.4726,-0.0191
2.4,2.5,4.6,2.6,2.2,6.4,6.9,28.9,10.6,-0.2941,-0.1495,-0.2419,-0.2161,-0.1225,0.7611,-0.3026,-0.2867
2.4,2.2,2.0,2.0,2.2,5.1,4.3,26.1,19.6,-0.3036,-0.2184,-0.3144,-0.2023,0.009,0.7292,-0.3929,-0.1404
2.4,3.7,4.9,2.2,2.2,3.8,5.9,18.9,4.8,-0.188,0.519,0.1645,-0.4584,-0.5039,-0.17,-0.3893,-0.1303
2.4,1.0,2.2,4.1,1.3,5.0,8.3,23.3,9.8,-0.1883,-0.0191,0.1394,-0.0997,-0.3965,0.463,-0.4776,-0.5676
2.4,1.7,4.9,1.7,2.0,8.7,5.3,10.7,19.5,0.1433,0.2395,-0.2785,0.0855,-0.593,0.1937,-0.258,-0.6076
2.4,2.7,2.3,1.6,3.8,2.4,21.6,9.0,19.9,-0.2133,0.0851,0.0458,-0.1361,-0.0452,-0.1568,-0.2431,-0.9067
2.4,1.1,1.6,1.0,3.7,6.8,8.1,18.3,28.7,-0.1167,0.2148,-0.7166,0.2084,0.0314,0.4924,0.0521,-0.35
2.4,3.8,1.5,2.0,3.4,2.3,21.6,42.7,41.2,-0.4722,0.8313,-0.112,-0.0507,0.1163,0.0564,-0.1685,-0.071
2.4,4.4,4.2,3.4,2.7,20.8,3.1,22.8,40.4,-0.7454,0.6243,-0.1585,-0.1317,-0.0387,-0.0149,0.0231,0.0125
2.4,4.9,2.7,2.2,4.6,21.8,6.2,20.4,30.5,-0.5809,0.768,-0.1117,-0.214,0.002,0.0787,0.0072,0.0273
2.4,2.8,1.8,4.3,2.5,4.1,5.8,14.8,18.2,-0.1354,0.1433,-0.094,0.1595,-0.517,0.1962,-0.2031,-0.7545
2.4,1.1,2.3,2.8,3.1,12.0,7.2,15.0,17.9,0.1155,0.0528,-0.1403,-0.0901,-0.6993,0.3989,-0.3443,-0.4156
2.4,3.0,3.2,3.6,1.4,10.0,18.3,5.7,39.2,-0.619,0.3172,0.1259,-0.3358,-0.1009,0.4244,-0.3374,-0.0834
2.4,2.5,4.0,2.9,4.9,19.9,13.9,26.9,7.2,-0.806,0.5779,0.0159,-0.0717,-0.0313,0.0378,0.0025,0.0099
2.4,2.3,3.1,4.8,1.1,4.4,20.8,24.9,9.8,-0.2367,0.2972,0.0483,-0.015,-0.0562,-0.0417,-0.7226,-0.5611
2.4,2.6,4.0,2.4,3.5,9.3,13.7,25.9,24.1,-0.2796,-0.1963,-0.3525,0.2148,0.3834,-0.0356,-0.6988,0.2376
2.4,1.6,4.1,2.4,2.1,5.5,2.9,20.8,19.0,0.0454,-0.1886,-0.178,-0.1903,-0.4696,0.6202,-0.4367,-0.2901
2.4,1.4,4.4,3.9,4.0,21.8,14.9,20.5,33.9,-0.3925,0.7858,-0.2417,-0.2226,-0.0756,0.0161,0.2041,0.0542
2.4,1.9,1.8,2.0,4.0,5.1,2.0,32.6,17.7,-0.411,-0.0875,-0.453,-0.0916,-0.0418,0.7436,-0.0707,-0.1746
2.4,4.2,2.2,3.0,3.1,13.9,4.1,17.2,13.1,-0.6232,-0.2727,-0.3404,-0.1613,-0.2052,0.4495,-0.1555,0.3299
2.4,2.9,4.7,2.0,2.9,11.2,17.8,37.8,26.1,-0.8861,0.172,0.0104,0.0458,-0.0028,-0.0357,0.0749,0.406
2.4,2.2,1.2,3.0,3.4,17.1,9.0,42.2,15.8,-0.7983,0.3807,-0.2457,0.0756,0.2456,-0.0756,0.0442,0.269
2.4,2.9,2.9,2.5,2.8,15.0,8.6,19.5,12.2,-0.7306,-0.1377,-0.3503,-0.0651,0.0671,0.5137,-0.1088,0.1524
2.4,3.2,2.2,4.3,3.4,3.2,17.0,8.9,34.5,-0.6913,0.1629,-0.0633,-0.2579,0.06,0.5006,-0.265,-0.2828
2.4,3.2,3.5,3.9,1.6,8.0,14.3,25.8,36.6,-0.7242,-0.2183,-0.1766,0.3169,0.1995,-0.1986,-0.2542,0.3667
2.4,2.3,1.9,1.5,2.0,9.6,8.7,18.5,43.2,-0.2303,0.3127,-0.2287,0.5492,0.4845,-0.0088,-0.4938,0.0127
2.4,2.7,4.9,1.2,2.0,19.7,13.5,9.6,23.7,-0.6043,0.7884,-0.0106,0.0107,0.0146,-0.0049,0.0162,0.0141
2.4,2.1,2.2,4.4,2.0,5.7,10.2,39.8,42.5,-0.7502,0.2083,-0.0763,0.3701,0.0746,-0.3769,-0.1203,0.2734
2.4,2.3,2.9,1.4,3.8,8.3,3.6,42.8,36.2,-0.3784,0.366,-0.27,0.4039,0.2795,-0.3959,-0.1947,0.4463
2.4,4.4,1.5,1.4,2.2,9.6,13.1,17.3,22.6,-0.453,-0.0398,-0.4469,-0.033,0.4046,0.4653,-0.4411,0.0248
2.4,1.1,3.4,3.6,3.4,4.3,10.2,6.6,11.4,-0.3873,0.6537,-0.2432,-0.2905,-0.2988,-0.3304,0.2485,-0.1136
2.4,2.7,2.6,2.8,1.4,21.8,7.4,17.3,19.4,-0.6617,0.7315,0.0574,-0.0609,-0.085,-0.05,-0.0016,0.0006
2.4,1.2,4.5,3.7,4.8,10.2,14.3,41.7,30.4,-0.8291,0.0381,-0.0457,0.1924,0.0473,-0.1895,-0.028,0.4706
2.4,3.9,1.2,1.5,4.8,12.5,7.3,25.7,33.9,-0.5227,0.2412,-0.2875,0.4998,0.4145,-0.1594,-0.3071,0.1729
2.4,3.5,3.1,3.5,4.8,19.7,13.5,10.9,25.4,-0.8285,0.5453,0.0441,-0.0101,-0.0569,-0.0218,0.0004,0.0071
2.4,3.0,2.7,4.6,3.2,10.1,5.4,29.1,39.5,-0.5522,0.0244,-0.324,0.4168,0.3795,-0.2252,-0.3885,0.2397
2.4,1.2,1.5,3.1,4.6,10.5,20.0,28.6,27.2,-0.8082,-0.2911,-0.0051,-0.0089,0.0012,0.006,-0.1743,0.4535
2.4,4.1,1.6,2.1,4.3,3.8,8.7,23.1,4.4,-0.276,0.3263,0.2542,-0.5381,-0.4861,0.035,-0.4651,0.0467
2.4,4.2,4.9,2.2,4.4,3.2,18.8,5.7,4.4,-0.3643,0.9134,-0.0158,-0.031,-0.0042,0.0155,0.1444,0.0563
2.4,1.6,3.0,4.5,4.8,13.3,10.2,42.0,21.9,-0.5635,0.0198,-0.3771,0.1807,0.3772,-0.1803,-0.3011,0.4761
2.4,3.5,3.2,1.8,1.5,12.1,9.7,10.6,7.3,0.0383,0.4661,-0.2541,-0.1556,-0.6661,-0.0192,-0.3425,-0.3413
2.4,1.8,2.1,2.0,4.0,7.4,20.1,39.1,37.0,-0.7868,0.5993,-0.0166,-0.0148,0.0068,0.0074,0.0405,0.0585
2.4,1.3,2.7,1.7,3.9,8.0,21.0,31.8,23.0,-0.6348,-0.3127,-0.0113,-0.1398,-0.037,0.0755,-0.3171,0.5884
2.4,1.2,3.6,1.6,1.1,2.5,16.1,40.2,20.2,0.0504,0.0994,-0.1169,0.0649,0.1219,-0.0591,-0.7648,0.5905
2.4,3.5,1.7,2.4,4.3,5.6,15.7,37.3,15.7,-0.3511,0.4579,-0.3315,-0.1325,0.3714,0.2293,-0.5682,-0.0953
5.0,3.9,3.4,4.0,1.9,15.8,7.7,38.1,32.9,-0.0692,-0.0021,0.0711,-0.1024,0.0844,-0.0958,0.402,-0.8739
5.0,2.0,2.8,2.1,3.0,9.1,4.9,41.5,14.2,0.1119,0.9528,0.005,0.0035,0.0044,0.0037,-0.2387,0.0332
5.0,2.7,4.7,1.7,4.7,4.5,16.2,6.4,42.9,0.1369,0.552,-0.2372,-0.1837,-0.4076,-0.0014,-0.6358,-0.023
5.0,2.9,4.1,1.5,3.2,15.6,10.2,39.9,21.4,0.1832,0.7899,0.0543,0.0524,-0.1696,0.0177,0.4631,-0.0468
5.0,3.8,4.4,4.4,4.1,13.7,7.6,27.8,34.8,-0.3079,-0.0539,0.2026,-0.2913,0.3168,-0.152,0.5218,-0.5487
5.0,4.1,1.9,1.0,1.1,9.9,14.2,26.8,36.9,0.4186,0.8912,0.0437,0.0811,-0.1097,0.0095,0.0042,0.0015
5.0,3.3,2.5,4.4,2.5,4.7,10.8,25.5,12.4,0.051,0.1685,-0.1027,-0.2156,0.3018,-0.0979,0.8528,-0.2424
5.0,4.2,4.6,4.9,3.9,14.5,14.4,7.4,11.2,0.3224,0.3444,-0.337,-0.2632,-0.6204,0.134,-0.3984,-0.1327
5.0,3.8,2.8,3.8,1.6,12.0,17.9,24.2,31.1,0.3189,0.8225,0.1703,0.2169,-0.2687,-0.1736,-0.0889,0.139
5.0,4.8,4.1,2.4,2.0,12.7,20.1,13.7,39.7,0.1442,0.6018,0.0898,-0.5726,-0.3024,-0.2902,-0.196,-0.197
5.0,3.2,3.1,3.7,3.6,5.8,10.1,26.3,21.9,-0.0089,0.1906,-0.026,0.1927,-0.2243,0.0021,0.9214,-0.0108
5.0,2.8,2.1,1.9,4.3,13.0,2.2,21.0,40.9,0.3351,0.6818,0.0285,-0.3845,-0.1192,0.4037,-0.0779,0.2747
5.0,4.0,2.3,4.2,2.7,14.7,8.2,31.3,21.2,0.4027,0.8756,0.1588,0.0469,0.0074,0.0369,-0.1071,0.0512
5.0,4.0,4.8,3.4,1.9,14.2,2.9,36.9,7.1,-0.1372,0.1917,-0.1386,-0.038,-0.2513,-0.4235,0.7124,0.3464
5.0,4.5,2.6,4.6,4.2,9.5,12.9,28.4,6.2,-0.2295,0.9164,0.2111,-0.1748,-0.0164,0.138,-0.0195,0.025
5.0,1.2,3.0,2.0,1.2,3.6,15.3,30.4,25.7,0.0978,0.0645,0.2779,0.2138,-0.3629,0.2175,0.7492,-0.316
5.0,2.5,5.0,4.7,1.9,4.7,14.6,31.5,39.1,-0.1682,0.1962,0.0998,-0.5223,0.415,-0.1884,0.5875,-0.2567
5.0,4.9,4.4,3.7,1.8,9.1,11.3,14.5,30.0,-0.3635,0.924,-0.0475,0.0015,-0.0016,0.0036,0.0512,0.0209
5.0,3.8,4.3,3.1,4.4,15.0,10.9,35.4,38.8,0.5069,0.4804,0.3922,-0.3529,-0.047,0.2348,-0.0876,0.3393
5.0,4.5,4.0,1.2,2.5,19.4,13.5,13.4,21.3,0.5455,0.0702,-0.0379,0.5509,0.1724,0.2935,-0.2509,-0.4215
5.0,4.0,4.4,1.0,3.0,8.3,20.4,29.8,30.0,0.24,0.9506,-0.0255,-0.097,0.1232,-0.0157,-0.0552,0.0148
5.0,4.6,1.8,3.8,3.5,19.0,14.2,11.5,13.4,-0.2741,-0.0419,-0.5717,0.1583,0.2708,0.6689,-0.1736,-0.024
5.0,1.9,2.9,2.4,4.1,18.8,10.4,23.7,9.1,-0.1016,0.1791,-0.0968,-0.2355,0.1688,0.2069,0.5467,0.7063
5.0,4.3,2.6,1.0,2.1,3.7,12.4,7.4,25.4,0.1791,0.4482,0.146,0.0981,0.2461,-0.0787,-0.7714,0.239
5.0,4.4,3.2,4.4,3.6,16.8,19.5,18.2,25.8,-0.2083,0.3765,0.2483,0.2997,-0.3723,-0.4087,-0.4981,0.2959
5.0,3.2,2.9,1.2,2.6,11.8,9.2,17.9,19.3,0.3885,0.9156,0.0057,-0.0007,-0.0017,0.0001,0.0101,-0.0036
5.0,4.0,3.9,4.8,3.6,13.0,17.1,39.9,34.4,0.0482,0.6433,0.4484,-0.0968,0.4495,-0.0972,0.1473,-0.3422
5.0,4.0,4.8,4.2,3.6,14.3,15.0,40.4,29.9,-0.01,0.5265,0.3987,0.289,0.3959,0.2888,-0.0197,-0.4643
5.0,3.2,4.8,2.2,2.7,5.4,12.7,11.8,40.6,-0.0232,0.096,-0.111,-0.3827,-0.2783,0.2267,-0.6366,0.5115
5.0,3.8,3.5,4.2,4.6,12.4,10.7,19.2,40.8,-0.0211,0.8152,0.0583,-0.1225,-0.3139,0.0054,-0.4412,0.0103
5.0,2.1,4.8,4.1,3.8,6.8,13.7,31.3,17.6,-0.2702,0.2707,-0.1733,0.5277,-0.452,0.2047,0.4563,-0.257
5.0,2.1,2.5,4.4,1.4,19.6,11.6,17.2,13.4,-0.6069,0.1941,-0.2067,-0.177,0.2912,0.2732,0.0046,0.5879
5.0,4.9,1.1,4.2,1.2,6.8,18.2,10.8,40.3,-0.6061,0.0577,-0.2957,-0.3498,-0.0684,0.2262,-0.0493,0.5821
5.0,2.0,4.8,2.2,3.5,19.6,16.9,6.3,11.0,0.3411,0.4515,-0.3458,-0.0459,-0.5104,0.1986,-0.4967,0.0026
5.0,3.9,2.0,3.2,2.7,11.1,10.7,22.5,22.6,0.153,0.9673,-0.159,0.0242,0.0458,-0.0167,-0.0458,0.016
5.0,2.4,3.8,3.7,3.8,9.9,20.0,32.9,33.1,-0.033,0.8888,0.3262,0.2259,0.0594,0.1561,-0.0323,-0.0624
5.0,2.7,4.6,2.6,3.1,18.9,14.3,32.1,12.7,-0.2532,0.1685,-0.6938,-0.0929,0.0086,-0.4794,-0.095,-0.391
5.0,3.7,4.9,1.4,2.7,9.6,9.9,11.4,16.6,0.3317,0.9324,0.0626,-0.0315,-0.0053,0.0016,0.0095,-0.0026
5.0,3.2,4.2,3.7,1.5,2.4,18.5,30.4,26.8,-0.0283,-0.1837,0.155,-0.0014,-0.1031,0.5226,0.7706,-0.1991
5.0,4.1,1.2,2.3,2.1,21.2,4.8,31.8,43.4,0.3893,0.1065,-0.5305,-0.2373,0.3048,-0.5723,0.1202,-0.124
5.0,4.1,3.4,2.7,4.1,17.3,12.9,33.3,21.9,0.1063,0.2673,0.0743,0.5197,-0.4381,-0.1513,0.5965,0.2015
5.0,1.9,2.5,1.6,4.0,4.5,15.0,18.1,22.1,0.0483,0.2928,0.2709,0.4206,0.0312,-0.4588,-0.0467,0.6544
5.0,3.4,2.4,2.8,2.0,18.4,9.9,7.5,12.8,-0.0073,0.1657,-0.0073,-0.149,-0.171,-0.0132,-0.9471,-0.0686
5.0,2.2,3.0,1.5,1.2,5.0,21.6,36.5,16.9,-0.1905,0.5693,0.0417,0.4796,-0.113,0.4534,-0.0758,-0.4055
5.0,3.9,2.8,1.6,4.2,2.6,14.1,22.1,15.6,0.3682,0.7767,-0.2615,0.2156,0.2621,-0.2157,0.0347,0.1329
5.0,4.3,2.0,1.8,2.4,3.7,2.2,30.5,36.3,-0.1063,0.4943,0.1366,-0.4541,0.5342,-0.1637,0.3661,-0.2265
5.0,3.6,4.1,2.0,4.1,13.7,11.3,30.4,36.1,0.167,0.9028,0.3532,-0.0743,0.041,0.0203,-0.0721,-0.0028
5.0,1.9,3.6,1.9,2.4,16.4,14.5,7.5,21.8,0.5763,0.3501,-0.1902,0.4838,0.0301,0.3186,-0.0258,-0.3933
5.0,1.9,2.8,3.0,4.1,4.5,2.3,23.3,36.9,-0.0069,0.4539,-0.2301,-0.2676,0.0187,0.4967,0.5478,0.284
5.0,2.6,3.2,4.5,1.6,4.2,6.4,30.9,11.9,-0.4677,-0.2202,-0.1676,0.144,-0.2118,0.0698,0.4199,-0.6637
5.0,2.2,3.5,5.0,3.7,2.2,16.3,36.4,41.7,-0.1459,-0.038,-0.3687,-0.1011,0.1146,-0.8079,0.118,-0.2429
5.0,2.7,4.8,4.1,2.7,8.3,9.5,28.9,28.5,-0.7409,0.6176,0.0177,0.013,0.0054,0.007,-0.1459,-0.1808
5.0,4.4,1.3,3.2,3.1,10.5,15.4,38.7,38.1,-0.1145,0.8981,0.0811,-0.0933,0.3131,0.033,0.1827,0.01
5.0,4.3,4.4,3.3,2.4,19.6,2.6,6.4,25.7,0.4422,0.2441,0.3812,-0.0433,0.5164,-0.178,-0.2052,-0.4874
5.0,1.6,2.0,1.5,3.7,6.4,7.5,17.7,20.4,0.1001,0.8921,0.3597,0.0201,-0.1603,-0.0629,0.1312,0.0529
5.0,1.0,2.3,1.1,4.7,11.4,7.4,16.5,42.4,0.4284,0.8511,-0.2578,0.0187,0.1006,0.0321,0.0377,0.0118
5.0,3.6,3.1,2.1,3.3,4.8,16.9,36.7,26.5,-0.4781,0.4176,0.2538,-0.2127,0.4505,0.4041,-0.1655,-0.2452
5.0,2.3,3.9,4.5,1.3,12.5,7.5,39.3,22.2,0.041,0.9446,0.0779,0.0329,0.0764,0.0327,0.2677,-0.0211
5.0,2.4,2.9,1.7,4.4,9.0,12.2,19.0,7.4,0.0925,0.9882,-0.0224,0.0095,-0.0011,0.0037,0.0746,-0.0061
5.0,2.2,2.1,3.5,3.8,20.5,21.2,36.8,16.6,-0.2391,0.4264,-0.2202,0.4389,-0.3648,0.3582,0.223,-0.4373
5.0,2.4,2.7,4.5,2.4,6.5,18.8,4.1,5.7,-0.0711,0.4216,-0.1717,0.1296,-0.2797,0.1985,-0.7445,-0.2993
5.0,1.6,2.5,1.7,2.0,11.3,20.9,28.8,23.2,0.3788,0.7519,0.0248,0.4095,-0.2036,-0.2275,0.0754,0.0957
5.0,4.2,3.4,2.3,2.2,13.4,19.4,6.7,43.8,0.4033,0.694,-0.0507,-0.4187,-0.2017,-0.3022,-0.0659,-0.1633
5.0,1.1,2.5,2.5,4.0,19.3,18.2,39.7,20.7,0.0804,0.4985,0.016,0.4814,-0.1169,0.4769,0.1373,-0.484
5.0,3.7,2.2,1.7,3.6,7.6,7.5,16.3,11.7,-0.1274,0.9662,0.0904,0.0356,-0.0514,-0.0347,0.1653,0.0291
5.0,4.4,4.9,3.1,3.1,18.8,3.7,31.3,21.1,0.1952,0.5541,0.2392,0.5117,-0.3696,0.294,0.2353,-0.1955
5.0,4.7,4.2,1.8,1.0,17.7,15.2,31.1,15.6,0.1752,0.0076,-0.5267,-0.1232,0.2306,-0.6268,0.2281,-0.3703
5.0,1.8,3.7,4.8,5.0,4.8,5.1,41.5,16.5,-0.4387,0.5895,0.076,0.2723,0.0638,0.2743,-0.3561,-0.3958
5.0,4.6,3.5,4.7,1.5,17.3,4.6,26.2,6.2,0.3716,0.0166,-0.1368,0.0713,0.2599,-0.2239,0.1137,0.8266
5.0,4.9,1.4,4.7,2.0,12.5,19.6,41.3,34.9,0.2104,0.6687,0.371,0.024,0.3924,0.0197,0.2978,-0.3179
5.0,4.3,2.9,2.6,2.3,12.0,3.2,32.8,13.2,0.4956,0.695,-0.4179,-0.1538,-0.0344,-0.2052,-0.1108,0.0164
5.0,3.3,1.5,1.1,3.0,15.9,6.3,27.0,36.1,0.3654,0.2143,0.2625,-0.577,0.2352,0.3414,0.1386,0.4367
5.0,3.1,4.0,2.4,3.0,21.7,10.3,30.7,14.0,-0.6421,0.3129,-0.2669,-0.1906,-0.0563,-0.1607,-0.1787,-0.5395
5.0,4.8,3.4,2.8,4.0,13.0,4.9,15.0,35.8,-0.1233,0.3926,0.1571,-0.4544,-0.5302,-0.08,-0.5213,-0.0639
5.0,4.5,2.1,1.8,3.3,7.5,6.0,26.0,25.1,-0.0574,0.0599,0.0289,0.0753,0.2096,0.3317,0.1649,-0.8562
5.0,2.8,4.0,3.8,1.8,19.3,7.8,39.2,36.0,-0.568,0.5221,-0.0375,-0.0872,-0.0348,-0.0863,-0.3901,-0.4536
5.0,3.3,4.5,3.8,5.0,2.2,14.0,19.5,18.6,0.0101,0.4684,-0.1604,0.4266,0.2989,-0.3855,-0.32,0.4666
5.0,4.3,4.6,1.3,3.1,4.0,9.7,13.7,18.8,0.4535,0.8742,-0.0976,0.0462,0.0094,-0.0024,0.0063,-0.0022
5.0,3.3,3.1,1.2,4.9,17.4,6.8,5.2,10.0,0.7698,0.4954,-0.1419,0.0938,-0.2195,0.2009,0.0478,-0.1803
5.0,4.8,3.7,3.6,2.1,10.9,8.3,33.0,24.4,0.0589,0.9926,0.0196,0.0066,0.004,0.003,-0.0021,0.0002
5.0,5.0,4.3,3.0,1.6,22.0,20.2,30.6,30.5,-0.1721,-0.1356,0.1413,0.0558,0.1982,0.4653,0.6801,-0.4189
5.0,2.5,1.5,1.7,3.5,14.6,8.6,25.7,36.5,0.0002,0.6188,0.183,-0.2,0.5002,-0.0565,0.4591,-0.1659
5.0,2.2,3.3,1.6,2.1,16.8,18.7,37.5,4.2,0.473,0.4071,-0.2698,-0.2269,0.2976,-0.5111,0.1774,-0.2864
5.0,3.8,4.9,4.4,4.0,3.1,2.5,8.4,14.4,-0.4535,0.0516,-0.3872,0.0567,0.5198,0.4158,-0.3746,0.2076
5.0,1.8,3.8,1.2,4.7,7.6,15.7,28.7,8.9,-0.3289,0.4882,-0.4366,-0.0404,-0.1369,-0.2057,-0.4004,-0.444
5.0,1.8,1.4,4.2,1.8,10.8,19.7,30.5,24.2,0.0257,0.8977,0.0064,0.2926,-0.2928,0.006,0.0651,-0.0009
5.0,4.0,4.5,1.1,1.5,16.5,19.9,34.2,37.8,0.2133,0.2649,0.0719,-0.6393,0.382,0.265,0.3434,0.3051
5.0,1.9,3.6,1.1,5.0,17.9,7.7,39.1,43.8,0.7752,0.5248,-0.1885,0.1369,-0.0135,-0.038,-0.0816,0.1473
5.0,1.9,3.0,3.1,1.8,11.6,2.1,6.1,5.1,0.278,0.8534,-0.1116,-0.2612,-0.269,-0.1579,-0.0246,-0.0763
5.0,3.1,1.1,2.7,3.5,21.9,8.6,4.3,27.7,0.0371,0.029,-0.0223,-0.1538,0.0438,-0.2095,-0.5711,-0.7555
5.0,2.7,4.9,2.2,1.5,5.8,9.8,38.6,15.8,-0.3729,0.8544,-0.0669,-0.0188,-0.0416,-0.0192,-0.3031,-0.1369
5.0,1.6,3.8,1.7,5.0,5.2,11.2,27.8,21.6,0.4091,0.0213,-0.0579,0.4455,-0.1499,-0.2927,0.2963,0.6281
5.0,4.5,3.5,2.4,4.7,11.6,15.0,11.7,29.0,0.3094,0.6919,0.1724,0.3978,0.4068,-0.0916,-0.2115,0.0471
5.0,3.2,2.7,1.6,3.9,4.2,10.4,32.9,4.7,0.0344,0.0748,-0.0783,-0.2128,0.1836,-0.1393,0.7392,-0.5605
5.0,4.8,3.9,4.5,2.9,14.1,8.6,27.2,38.3,-0.0304,0.9828,0.0461,0.0163,0.0093,0.0079,-0.0034,0.0004
5.0,2.2,1.6,1.8,2.2,4.8,13.8,4.2,22.1,0.0387,0.3536,0.2241,0.312,0.373,0.2027,-0.6367,-0.3548
5.0,1.5,1.4,3.8,4.9,22.0,5.9,16.6,9.5,-0.2824,0.2084,-0.3922,0.0916,0.5594,0.169,-0.5492,0.2383
5.0,3.3,3.3,3.9,3.5,3.0,2.6,26.4,43.1,0.3604,0.2565,-0.3733,-0.1625,0.5987,-0.2429,0.4073,0.1563
5.0,3.6,1.2,1.4,1.3,14.3,6.5,27.9,31.5,0.7495,0.5088,0.2531,0.126,-0.0751,0.2419,-0.0871,0.1086
5.0,2.0,3.8,2.9,4.4,9.4,6.3,28.1,29.9,-0.1888,0.9604,0.0468,0.1121,-0.0097,0.0902,-0.0424,-0.0208
5.0,4.7,3.1,4.5,3.6,14.9,17.6,23.1,18.1,-0.0598,0.357,-0.5146,0.2183,-0.0435,-0.6463,-0.1187,0.2802
5.0,3.9,2.6,2.9,2.1,16.2,17.2,14.7,27.6,0.3961,-0.1059,0.3441,0.0259,0.283,-0.6871,-0.2787,-0.2125
5.0,4.4,4.0,4.9,3.9,10.8,3.0,6.7,4.8,-0.022,0.9275,-0.0076,-0.2344,-0.2464,-0.0974,-0.0643,-0.028
5.0,4.5,4.2,3.2,4.2,12.0,18.2,21.8,28.0,0.1782,0.796,0.222,0.3043,-0.2257,-0.3032,-0.0321,0.1882
5.0,1.4,2.2,3.0,1.2,10.4,3.6,27.2,26.2,0.0676,0.9692,0.0151,0.1349,-0.1467,-0.0154,0.0131,0.004
5.0,3.4,1.4,1.9,2.7,19.0,15.7,13.5,13.9,-0.1895,0.2431,-0.4683,0.4579,0.4432,0.4794,-0.0967,-0.1342
5.0,3.3,2.3,2.1,3.8,5.6,8.9,16.2,42.6,-0.2423,-0.0287,0.0038,0.0522,0.0187,-0.0443,-0.2038,0.9114
5.0,4.7,1.5,1.6,4.6,2.6,7.5,30.1,35.1,0.0015,0.4548,0.0709,-0.4505,0.431,-0.3073,0.3604,-0.3833
5.0,1.1,2.4,1.9,3.8,5.9,11.8,4.7,12.4,0.1412,0.7526,-0.1773,-0.0276,-0.286,0.061,-0.535,0.0334
5.0,4.8,2.0,3.5,1.3,12.9,9.2,36.7,33.9,-0.0499,0.1898,-0.016,0.0291,-0.0414,-0.0097,0.8836,0.3207
5.0,2.0,3.2,4.3,3.0,8.6,11.8,6.8,41.8,-0.8124,0.3698,-0.0479,-0.0328,0.0053,0.0203,0.1605,0.3805
5.0,1.5,4.3,3.3,1.5,18.0,8.5,35.1,13.1,-0.3579,-0.1011,-0.0027,0.0166,-0.0074,0.0135,0.2639,-0.875
5.0,3.2,2.5,3.4,4.9,9.5,16.6,7.7,28.7,-0.0979,0.9466,-0.0162,0.194,0.1791,0.1003,-0.0222,-0.0181
5.0,3.4,1.9,4.0,3.2,13.2,5.2,23.9,42.1,0.1632,0.8461,-0.1452,-0.261,0.3097,0.1961,0.0773,0.1019
5.0,3.9,1.2,3.3,2.8,3.7,9.2,15.1,39.7,0.2045,-0.0917,0.0044,-0.0219,-0.0165,-0.0078,-0.5887,-0.6289
5.0,4.2,4.0,4.1,4.8,9.9,5.6,27.3,27.1,-0.0433,0.9578,0.0047,0.1911,-0.1431,0.1017,0.0261,-0.0191
5.0,4.6,4.6,4.2,2.7,17.3,10.3,27.9,36.1,-0.3467,0.649,0.5265,0.2169,0.05,0.1632,-0.1302,-0.1785
5.0,3.9,2.4,4.3,2.0,14.9,9.7,15.6,39.1,0.4306,0.7109,0.3523,-0.0714,0.0622,-0.0905,0.2076,-0.2014
5.0,1.7,4.6,4.7,1.4,12.5,3.7,16.7,26.7,-0.0829,0.5739,0.146,0.1457,-0.2109,-0.2334,-0.707,0.0134
5.0,2.9,1.1,3.2,4.9,20.7,22.0,19.4,20.8,-0.1243,0.4884,0.1868,0.5078,0.038,-0.4649,-0.0166,0.4699
5.0,2.6,2.9,2.2,1.9,14.5,11.8,34.7,5.6,0.1129,0.1386,-0.1398,-0.3735,0.3417,0.1816,0.6779,0.3944
5.0,4.3,1.3,1.3,4.6,12.7,4.1,4.4,29.9,0.5411,0.7735,0.1957,-0.0043,0.2388,-0.0378,-0.0724,-0.0109
5.0,1.4,3.2,4.8,1.9,4.2,8.2,38.0,13.0,-0.6699,0.3014,0.0048,0.0323,0.0037,0.0317,-0.2723,-0.6079
5.0,4.4,2.6,2.5,2.4,8.7,17.8,39.2,5.9,-0.1231,0.9818,-0.0011,-0.0002,-0.0011,-0.0004,-0.1096,-0.0139
5.0,3.2,2.3,2.2,2.9,11.7,12.4,34.6,34.8,0.1144,0.749,0.5765,0.0471,0.1044,0.1533,-0.1627,-0.0696
5.0,1.7,3.4,3.1,1.5,13.6,2.1,40.0,40.0,0.0193,0.4784,0.0656,-0.5819,0.0593,-0.3511,0.0175,-0.1935
5.0,3.3,2.6,3.6,2.5,4.4,20.9,20.0,14.8,-0.4112,0.4809,-0.0819,0.3453,0.0824,-0.3451,0.2838,0.5062
5.0,2.9,2.0,2.4,1.6,12.0,6.8,40.7,12.2,0.3777,0.8563,-0.1363,-0.0116,-0.1363,-0.0111,0.2327,-0.1238
5.0,4.4,2.8,2.9,3.2,9.6,8.0,5.8,18.9,-0.2265,0.8747,-0.1027,0.2451,0.2216,-0.1873,0.0533,0.0961
5.0,4.9,4.3,2.9,3.5,3.1,15.7,24.0,31.9,0.1081,0.6034,0.3403,-0.1928,-0.4131,0.2409,0.4084,0.2383
5.0,1.3,1.4,4.8,4.7,14.6,5.3,30.6,32.2,-0.2506,-0.0414,0.4244,-0.0627,0.3984,0.5171,0.5199,0.1622
5.0,2.8,2.2,4.6,1.4,21.4,3.9,43.5,33.7,-0.1382,0.2688,-0.054,-0.0852,0.0902,-0.2591,-0.7727,-0.4417
5.0,1.6,2.8,3.9,2.4,16.7,4.9,22.4,26.9,0.3865,0.3176,0.333,-0.0794,-0.3836,0.0957,-0.1708,0.6511
5.0,2.4,4.2,3.5,1.2,12.4,13.1,43.0,37.6,0.2559,0.7058,0.2605,0.0585,0.4687,-0.0756,-0.2918,-0.0469
5.0,1.5,2.9,1.3,1.8,13.9,7.7,12.5,41.1,0.3835,0.8663,-0.2649,0.0114,0.0769,0.0317,0.0329,0.0093
5.0,4.0,2.7,2.9,3.6,15.3,12.9,21.3,30.3,-0.0515,0.5258,0.3761,0.2902,-0.376,-0.2901,0.1918,0.4588
5.0,1.9,3.5,4.2,2.9,4.2,13.1,24.0,27.7,-0.093,0.4131,0.2292,0.1359,-0.3597,-0.0627,0.68,0.3697
5.0,1.3,1.1,4.5,3.0,6.0,12.5,13.3,36.6,-0.3938,0.3036,0.3369,-0.3832,-0.515,0.101,-0.3856,0.219
5.0,1.1,1.9,4.1,3.8,18.9,14.2,6.3,40.5,-0.0478,0.4188,0.0395,-0.4853,-0.2817,-0.4008,-0.313,-0.4795
5.0,1.4,1.7,2.4,2.8,18.7,11.0,6.2,34.2,0.1877,0.2919,0.1964,0.3059,0.3608,-0.2946,-0.5466,0.4377
5.0,4.1,2.0,4.6,3.7,19.4,13.1,42.1,4.4,-0.0315,0.3591,-0.1894,-0.3987,-0.2744,-0.3803,-0.2868,-0.594
5.0,4.2,4.1,2.0,2.8,9.9,19.8,34.5,27.8,0.1709,0.9664,0.0197,0.1157,-0.0997,0.0687,0.0022,-0.0072
5.0,3.5,1.7,5.0,4.6,21.2,2.8,18.2,27.6,-0.2881,0.2816,0.4393,0.0118,-0.5197,-0.0846,-0.3233,0.4955
5.0,2.0,3.1,1.8,2.6,5.4,9.8,38.0,5.7,-0.3787,0.1428,-0.0611,-0.0876,-0.0298,-0.0893,-0.2779,-0.8435
5.0,1.2,2.5,1.4,1.9,9.7,3.4,19.3,27.7,0.206,0.9717,0.0115,0.02,-0.0083,-0.021,0.0434,-0.0074
5.0,1.5,3.3,1.8,4.7,11.9,3.6,37.9,4.5,0.2624,0.7124,-0.2803,-0.3718,0.0159,-0.3934,0.0072,-0.2035
5.0,1.4,2.9,4.7,2.5,13.8,9.1,11.0,23.2,0.478,-0.035,-0.1002,0.0885,0.0191,0.0848,-0.1031,-0.8279
5.0,2.9,2.1,4.0,4.3,17.8,4.1,25.7,5.3,0.3732,0.5993,-0.3068,-0.225,0.5305,0.0421,0.1572,0.1891
5.0,2.8,4.4,2.1,4.3,18.6,3.5,33.0,32.1,-0.1467,0.1748,0.2868,-0.4551,0.5628,0.2442,0.4762,0.1472
5.0,3.7,1.7,2.0,1.5,17.0,10.5,13.3,6.9,0.2098,-0.1955,-0.019,-0.2328,-0.1419,-0.1159,-0.7022,-0.5513
5.0,1.5,3.2,4.8,3.8,17.6,17.6,14.2,42.9,0.1661,0.2321,-0.4125,-0.4595,-0.4573,0.4398,-0.236,0.2079
5.0,4.3,2.1,1.3,2.0,11.5,20.8,30.3,40.9,0.5072,0.7804,0.1955,-0.2578,-0.0271,0.1173,-0.0132,0.0563
5.0,4.1,4.7,4.9,1.1,14.7,12.0,39.5,19.2,-0.0786,0.7997,-0.2887,0.077,-0.3423,0.0482,0.3366,-0.0987
5.0,2.9,4.6,4.9,1.8,5.7,12.8,41.3,13.4,-0.311,0.5951,-0.2372,0.0186,-0.2543,0.0212,-0.5218,-0.3666
5.0,3.6,3.8,3.5,3.5,6.1,20.9,25.1,10.7,0.0641,0.1517,0.0468,0.0542,0.0273,-0.4024,0.8366,-0.2769
5.0,2.3,2.3,4.2,2.9,16.4,15.4,17.4,14.4,-0.2881,0.4623,-0.4445,0.0895,0.5346,-0.0272,-0.2611,0.3606
5.0,3.4,4.4,4.3,2.0,12.0,6.0,17.9,30.1,-0.1269,0.6238,0.1006,0.0137,-0.1738,-0.0929,-0.7067,-0.1206
5.0,2.3,3.7,4.2,4.6,18.3,3.8,35.2,36.6,-0.3455,0.3876,0.0908,-0.5294,0.3087,-0.3648,0.2319,-0.3724
5.0,3.7,2.7,4.9,1.4,8.4,19.2,32.7,31.2,-0.7393,0.645,0.0102,-0.016,0.0151,-0.0087,-0.1064,-0.1247
5.0,1.3,1.8,3.2,1.6,7.4,15.4,20.9,21.5,-0.3396,0.5916,0.2344,0.1558,-0.2585,-0.1531,0.4398,0.3967
5.0,3.7,4.0,2.4,2.0,18.9,21.3,31.3,26.6,0.4413,-0.0833,0.4073,0.0241,-0.3042,0.6138,0.2981,0.1851
5.0,3.6,3.7,4.2,3.3,15.8,9.3,26.4,8.8,0.1673,-0.1081,0.0633,-0.1415,0.0824,0.1012,0.5706,0.7524
5.0,2.7,3.9,1.2,1.8,10.5,18.2,42.0,40.7,0.4677,0.8624,0.0796,-0.0615,0.054,-0.0402,-0.0261,0.0141
5.0,3.7,4.4,4.6,3.3,13.2,15.2,36.5,5.8,0.2967,0.1955,-0.2564,-0.0595,0.4541,-0.6811,0.2368,0.1333
5.0,4.5,1.2,1.9,1.8,18.0,20.9,36.0,16.6,-0.0755,0.5214,-0.2062,0.3351,-0.5182,0.1532,0.4441,-0.2362
5.0,4.2,3.0,5.0,1.7,6.0,9.1,32.3,36.6,-0.8119,0.4684,0.0744,0.0872,0.0226,0.0515,-0.1221,-0.2411
5.0,3.2,4.1,1.5,3.3,13.1,18.9,9.4,25.1,0.4526,0.5689,0.1893,0.4431,0.3662,0.1909,-0.1977,-0.1189
5.0,4.6,1.5,2.7,2.6,10.9,17.0,36.9,37.9,0.2381,0.5954,0.4151,-0.3856,-0.013,0.3117,-0.0865,0.2984
5.0,1.2,2.3,1.7,1.9,21.5,19.0,14.8,43.8,0.3062,0.2437,-0.4043,-0.289,-0.3133,0.5103,-0.2435,0.3877
5.0,4.3,1.4,4.6,2.5,15.1,3.7,28.2,22.4,0.2868,0.6933,0.135,0.3979,-0.4682,0.0018,0.1425,0.0343
5.0,3.2,4.9,4.7,3.6,6.4,8.6,8.1,16.4,-0.7405,0.5757,-0.0934,-0.1102,0.0338,0.075,0.1388,0.2105
5.0,4.7,3.1,2.4,3.6,5.7,20.2,36.2,28.5,-0.4438,0.6557,0.2402,-0.2045,0.4117,-0.1021,-0.1063,-0.2571
5.0,1.1,4.6,1.5,4.2,4.0,20.9,12.7,35.9,-0.0049,0.5158,-0.0081,-0.4777,-0.5171,0.1136,-0.4424,0.092
5.0,4.6,2.1,4.5,3.1,5.5,12.7,23.9,34.6,-0.0294,0.4448,-0.0373,-0.2302,-0.1728,0.4346,0.6646,0.242
5.0,2.3,1.9,1.1,3.4,8.0,14.0,26.0,34.3,-0.0977,0.7576,0.2147,-0.3552,0.231,0.2724,-0.268,0.0149
5.0,3.3,1.6,4.7,4.7,14.6,7.2,30.0,25.3,0.5938,0.4038,0.4082,0.2461,-0.172,0.3473,-0.1608,0.2165
5.0,1.0,1.3,2.7,2.4,19.0,17.1,40.9,34.4,0.051,0.5262,0.4013,-0.2771,0.409,-0.2795,-0.076,-0.4556
5.0,5.0,3.2,4.4,1.5,21.7,13.1,35.7,37.9,-0.2895,0.3595,0.2925,-0.3832,0.4704,-0.2082,0.4085,-0.3008
5.0,1.0,4.9,4.2,3.5,13.4,21.0,17.9,13.2,-0.2342,0.3448,-0.4246,0.1212,0.5319,-0.0326,-0.4286,0.3839
5.0,2.0,1.6,1.6,4.2,19.4,6.5,40.4,39.9,0.0487,0.7338,-0.3815,-0.2449,-0.2587,-0.2722,-0.2093,-0.2168
5.0,4.4,1.5,4.3,4.4,3.4,9.2,26.6,26.7,-0.017,0.1201,-0.0452,0.0575,-0.0917,-0.0126,0.9693,0.0813
5.0,2.5,4.0,1.4,1.9,8.6,12.4,6.2,14.3,-0.1139,0.9656,-0.0845,0.0296,0.0065,0.013,0.1795,0.0245
5.0,3.3,3.9,4.4,3.9,11.3,11.9,22.4,38.4,-0.0751,0.8309,0.4396,0.0407,-0.0277,0.1358,-0.2118,-0.0271
5.0,1.0,1.1,4.3,1.7,11.2,5.7,33.2,6.6,0.5433,0.3647,-0.2971,-0.1389,0.1259,-0.3151,-0.2632,0.4517
5.0,1.0,4.8,1.8,1.9,8.0,12.7,22.2,10.1,-0.0445,0.8289,-0.1096,0.0051,0.0802,0.0044,0.5252,0.0376
5.0,2.8,3.3,3.3,1.7,4.2,6.2,21.5,26.8,-0.311,0.2371,0.0361,-0.1855,-0.0391,0.186,0.4468,0.7476
5.0,2.2,3.0,1.4,2.1,18.6,7.3,32.1,31.1,-0.0055,0.0625,0.0563,-0.2261,0.2801,0.0033,0.9045,-0.0294
5.0,3.5,1.6,3.1,3.8,19.5,4.0,8.4,38.9,-0.0139,0.5553,0.0239,-0.471,-0.4905,-0.0837,-0.4469,-0.0615
5.0,3.1,1.6,4.7,1.5,7.0,10.9,9.8,42.4,-0.653,-0.1451,-0.1065,-0.1978,-0.0418,0.111,-0.1833,0.6591
5.0,3.9,2.7,1.2,1.8,2.8,15.4,9.5,23.7,0.1878,0.2857,0.2732,0.254,0.4227,-0.0973,-0.719,0.1488
5.0,1.4,4.6,1.4,2.1,21.6,4.8,14.6,12.5,-0.0191,0.2991,-0.1832,0.3411,0.437,-0.2345,-0.4862,0.509
5.0,4.8,4.6,1.0,1.6,18.6,20.3,16.7,39.8,0.312,0.5576,-0.1382,-0.3392,-0.3701,0.2984,-0.3534,0.2864
5.0,1.4,2.8,2.6,4.7,14.4,14.2,39.0,35.6,-0.0862,0.7732,0.1916,-0.1778,0.4454,-0.0655,0.3035,-0.0883
5.0,2.1,1.5,3.5,1.8,21.7,11.0,13.3,23.1,-0.0008,0.0835,0.0439,0.3216,0.2968,-0.1217,-0.799,0.3499
5.0,2.4,3.7,3.7,4.2,14.5,15.6,18.8,13.0,-0.2758,0.6059,-0.3891,-0.0205,0.5253,0.0965,-0.2173,0.2422
5.0,1.3,2.1,2.7,3.7,12.1,12.3,43.0,8.8,0.2887,0.4259,-0.0361,-0.4761,-0.1012,-0.4507,-0.0124,-0.5174
5.0,3.9,3.6,1.3,4.0,8.6,11.8,4.7,28.0,-0.3389,0.6669,0.0611,0.0094,-0.0336,-0.0218,0.5434,0.3079
5.0,4.1,1.9,2.3,4.6,2.8,11.2,13.5,7.0,-0.1769,0.0162,-0.2322,-0.3623,-0.1521,0.2935,-0.3493,0.732
5.0,4.7,2.1,2.2,4.2,3.0,19.6,32.0,12.4,-0.3219,0.2763,-0.4023,0.4202,-0.5293,-0.4014,0.1393,0.0038
5.0,1.1,1.8,4.0,3.9,13.8,13.4,8.3,5.3,0.093,0.4352,-0.1048,-0.4895,-0.4313,-0.2838,-0.3967,-0.3408
5.0,4.0,3.8,3.4,4.7,11.3,12.9,27.2,29.6,0.2098,0.6231,0.1332,0.4561,-0.4121,-0.2245,0.2636,0.168
5.0,5.0,3.8,4.0,4.9,21.1,14.1,15.4,28.1,-0.3662,0.0419,0.6039,-0.0303,-0.0349,-0.6096,0.0294,0.312
5.0,1.2,1.2,2.6,1.2,5.7,14.6,19.5,31.4,-0.3942,0.5132,0.3186,-0.0501,-0.3193,0.05,0.357,0.4809
5.0,2.1,4.1,1.0,3.3,8.8,15.3,21.1,14.2,0.362,0.8988,-0.0366,0.1416,0.0503,-0.1469,0.0843,-0.0083
5.0,2.0,4.4,2.9,3.7,6.3,16.8,20.8,13.1,-0.2073,0.6694,-0.3084,0.2792,0.3152,-0.2788,0.2022,0.3257
5.0,2.6,3.7,3.4,1.3,3.9,21.5,37.5,21.9,-0.2997,0.3317,0.2785,0.2695,0.4191,0.4036,0.2156,-0.484
5.0,2.0,4.3,1.0,2.1,18.5,6.8,22.6,20.3,0.3535,0.8894,0.1836,-0.0323,-0.1429,0.016,0.0814,-0.005
5.0,3.8,1.3,1.2,4.5,5.3,10.9,22.5,37.1,0.532,0.7597,0.1543,-0.1538,-0.1645,0.1573,-0.0546,0.1132
5.0,3.3,3.2,4.7,2.8,14.4,8.7,28.1,4.1,0.7458,0.329,0.0386,-0.0143,-0.0023,0.0171,-0.214,0.509
5.0,2.8,4.8,2.9,2.7,9.9,8.3,6.0,17.3,-0.396,0.2438,-0.2668,0.2471,0.3473,-0.1967,-0.1366,0.5633
5.0,1.9,4.5,1.6,1.7,4.0,14.1,39.6,26.2,-0.2088,0.2205,0.2505,0.1348,0.1572,0.2786,-0.3879,-0.7388
5.0,4.2,4.8,2.7,3.0,16.1,10.1,34.8,10.3,0.0282,0.0992,-0.0148,-0.1814,0.1771,-0.0749,0.871,-0.3585
5.0,4.1,2.7,4.2,3.6,21.5,19.7,12.4,10.3,-0.4086,-0.0717,-0.3678,0.0131,0.4392,0.4632,-0.4338,0.2828
5.0,1.5,4.1,2.9,3.6,10.0,20.8,40.1,23.7,-0.0121,0.9419,-0.0499,0.2122,-0.0692,0.2112,-0.0022,-0.0531
5.0,4.7,3.2,1.8,4.9,4.4,10.0,32.8,16.9,0.1677,0.9448,-0.2333,0.0593,-0.0347,-0.0027,-0.0511,3.8105e-05
5.0,1.8,3.4,3.1,1.8,8.3,12.8,15.2,13.3,-0.5695,0.7681,-0.0762,0.0901,0.128,0.0701,0.1588,0.1236
5.0,4.0,2.6,2.8,3.1,12.5,10.2,14.6,4.6,0.5722,0.7646,0.2014,-0.0896,0.039,-0.0375,0.1009,-0.095
5.0,4.7,2.9,3.1,1.5,11.6,2.5,13.7,27.6,0.245,0.9226,0.0799,0.2011,0.108,-0.1344,0.0034,0.0184
5.0,1.4,1.4,3.3,1.4,4.1,17.1,13.6,32.1,-0.5399,0.0606,0.3307,0.0149,-0.436,-0.1799,-0.2157,0.5579
5.0,3.8,2.7,2.6,2.3,5.2,6.8,29.6,19.0,-0.287,0.5159,0.2782,0.5108,-0.0372,0.3902,0.0143,-0.3676
5.0,4.9,3.8,3.9,3.0,5.8,12.9,6.8,41.0,0.0328,0.3736,-0.0466,-0.1937,-0.2826,0.0196,-0.8491,0.0565
5.0,4.0,3.4,2.3,1.2,10.6,20.2,24.6,7.6,0.1686,0.9661,-0.0146,-0.1216,0.0662,0.0992,0.0083,0.0121
5.0,2.4,4.5,4.7,4.3,15.9,11.8,9.2,15.3,-0.2088,0.4223,-0.763,-0.124,-0.0418,0.3412,0.1708,0.1101
5.0,4.7,2.2,1.0,1.3,2.4,10.3,31.5,7.3,0.0829,0.1779,-0.0375,-0.0628,0.0802,-0.0358,0.8742,-0.4002
5.0,4.4,3.4,4.6,1.1,7.2,9.9,4.7,29.7,-0.2678,0.7131,-0.0022,0.0108,0.0285,0.0116,-0.6012,-0.2253
5.0,2.8,4.0,1.8,1.7,17.8,8.2,5.9,36.2,0.0328,0.4014,0.1533,-0.0511,-0.283,-0.0278,-0.8143,0.1645
5.0,1.2,4.8,2.4,4.1,5.4,13.0,16.6,14.1,-0.2224,0.6055,-0.5092,0.3688,0.124,0.351,0.162,-0.0552
5.0,4.5,1.0,1.7,2.1,11.6,2.8,19.8,29.3,0.4674,0.8235,0.1525,0.1568,-0.0994,-0.1744,0.0511,0.0209
5.0,3.6,2.5,1.1,4.3,3.9,18.6,30.0,18.2,0.1737,0.5067,0.1619,0.4321,-0.5046,0.0162,0.4743,-0.011
5.0,4.1,2.7,3.3,3.0,5.1,4.9,27.7,25.7,-0.0943,-0.0792,0.1089,0.0536,0.1431,0.5512,0.7419,-0.259
5.0,2.4,2.8,2.6,4.0,16.9,8.2,12.9,28.9,0.0207,-0.0815,0.0636,-0.1277,-0.1457,-0.0409,-0.9293,-0.2158
5.0,2.1,4.0,4.7,3.5,16.0,12.1,4.1,12.5,-0.0914,0.5764,-0.3246,-0.1477,-0.4521,-0.1059,-0.4263,-0.3526
5.0,2.4,4.2,3.8,4.2,9.8,8.1,29.3,29.1,-0.0306,0.9899,0.0292,0.0117,0.0066,0.0057,-0.0003,-0.0003
5.0,4.3,4.4,4.7,3.6,12.2,8.7,22.5,43.6,0.2887,0.9229,0.0154,0.0061,-0.0453,0.0079,-0.2001,0.0674
5.0,1.3,2.6,1.7,4.8,2.6,13.3,21.4,22.3,0.2905,0.347,0.0477,0.4104,0.0752,-0.4398,-0.1219,0.6252
5.0,2.7,3.7,2.2,4.5,13.9,20.9,42.3,30.9,0.3287,0.7549,0.364,-0.0326,0.3674,-0.0348,0.0132,-0.1846
5.0,1.1,2.6,1.7,3.1,3.1,21.3,25.1,31.6,0.436,0.3005,0.2337,-0.2487,-0.3695,0.5209,0.3581,0.1997
5.0,2.4,3.1,2.5,4.3,17.8,3.8,36.5,9.4,-0.2288,0.2338,-0.299,0.182,-0.5795,-0.3399,0.5269,0.0828
5.0,1.9,1.1,3.5,2.9,21.0,7.6,16.5,23.0,-0.2277,0.3357,0.2534,0.0015,-0.422,-0.3433,-0.6417,-0.1378
5.0,2.8,1.8,2.4,1.2,8.2,16.4,34.4,8.6,-0.42,0.882,-0.0349,0.0503,-0.0833,0.004,-0.1386,-0.0709
5.0,5.0,4.9,3.6,1.8,10.6,20.8,28.8,16.8,0.0353,0.7698,-0.4974,-0.2643,-0.0496,-0.2151,-0.0933,-0.1031
5.0,2.0,2.1,1.8,2.7,4.1,5.4,15.6,30.9,-0.1625,0.3462,0.2597,-0.368,-0.4418,0.2944,-0.2323,0.5448
5.0,1.3,4.2,2.0,1.9,4.3,8.7,8.7,38.3,-0.1729,0.9571,-0.0472,-0.0137,0.0183,0.0098,0.0651,0.0207
5.0,4.6,3.6,4.9,4.5,9.5,16.7,20.9,5.7,-0.2075,0.9304,0.1002,-0.1623,-0.1008,0.1621,0.0726,0.0556
5.0,2.2,1.5,3.7,3.9,8.6,8.8,6.0,40.7,-0.6905,0.1889,-0.0259,0.0222,0.0308,-0.0176,0.1453,0.6424
5.0,4.9,2.7,5.0,2.0,16.0,5.1,32.2,29.7,-0.0289,-0.0833,0.2174,0.0129,0.2263,0.2721,0.8278,0.3212
5.0,1.9,2.3,3.7,1.9,9.5,11.4,36.2,22.6,-0.3194,0.929,-0.1258,0.0245,0.0281,-0.0308,-0.0526,-0.0136
5.0,3.7,3.4,1.2,1.2,11.4,14.3,16.0,31.7,0.5454,0.756,0.0315,0.2687,0.1191,0.1642,-0.0242,-0.0488
5.0,4.6,3.7,1.4,4.5,8.8,7.2,4.9,31.8,-0.325,0.6948,0.0253,-0.0003,-0.0326,0.0003,0.5372,0.2789
5.0,2.9,1.1,4.1,4.4,12.4,21.4,34.1,17.7,-0.2274,0.4784,-0.2392,0.4156,-0.5138,-0.1268,0.4299,0.0622
5.0,2.2,2.9,3.9,4.2,18.4,16.2,20.2,34.9,-0.0888,0.5694,0.3831,-0.2847,-0.4071,0.2785,-0.1535,0.3956
5.0,2.7,1.1,2.9,2.4,13.7,13.4,21.3,33.7,0.1426,0.6778,0.4438,0.0568,-0.4558,-0.0541,0.0694,0.2936
5.0,4.9,2.7,1.1,1.0,8.7,7.7,23.8,16.9,0.37,0.9161,0.0073,-0.0011,-0.0075,0.0008,0.1126,-0.0466
5.0,3.5,2.3,4.3,3.6,17.2,13.8,31.8,13.7,-0.363,0.055,-0.5267,0.2039,-0.3631,-0.5873,0.2022,0.0618
5.0,3.9,1.2,2.4,4.5,9.7,7.5,20.7,33.9,0.1459,0.9754,0.1055,0.0156,-0.0687,-0.0191,0.0335,0.0033
5.0,1.2,3.4,4.3,4.5,5.2,4.0,26.1,15.9,-0.3482,0.1728,-0.2875,-0.0671,-0.4437,-0.5603,0.47,-0.0584
5.0,2.5,2.5,2.8,1.9,9.2,4.9,30.8,37.7,-0.2707,0.9487,0.0931,0.0293,0.0292,0.0171,-0.0535,-0.0197
5.0,3.6,3.2,3.2,1.2,6.2,11.7,38.4,20.3,-0.5801,0.391,0.1856,0.216,0.0885,0.1942,-0.2574,-0.5435
5.0,4.0,2.3,4.2,2.6,5.4,15.4,35.7,9.2,-0.6895,0.3379,-0.2704,0.0305,-0.3423,-0.0381,-0.0842,-0.4452
5.0,1.5,4.5,3.3,3.0,9.6,3.2,36.0,27.1,-0.2268,0.954,0.0393,0.1159,-0.0128,0.0939,-0.0239,-0.0179
5.0,3.2,2.0,4.0,1.3,20.3,12.6,28.8,24.0,0.084,0.1306,0.1795,0.3163,-0.4257,-0.0464,0.7721,0.1969
5.0,3.5,3.6,3.5,4.4,19.1,3.6,41.2,35.3,-0.1254,0.4489,0.0561,-0.4485,0.061,-0.4504,-0.2515,-0.5323
5.0,2.5,2.2,1.3,1.8,14.4,5.9,20.9,26.9,0.5074,0.7681,0.2176,-0.0039,-0.2185,0.0041,-0.1436,0.1566
5.0,2.8,2.0,3.8,4.2,4.7,16.5,13.0,18.2,-0.2102,0.3177,-0.1239,0.5456,0.4377,-0.2362,-0.4429,0.292
5.0,4.5,2.1,3.8,1.2,5.5,3.8,16.3,21.9,-0.6003,0.1928,0.3474,0.04,-0.4579,-0.1793,-0.1367,0.4484
5.0,4.8,2.2,4.7,2.1,9.0,13.5,8.3,36.3,-0.5312,0.7711,0.0956,0.2414,0.0013,-0.1645,0.064,0.0995
5.0,4.8,2.4,1.1,2.2,11.6,21.1,36.4,12.8,0.5489,0.771,-0.2566,-0.0567,-0.1185,-0.1043,-0.0378,-0.0205
5.0,3.0,3.3,3.8,1.6,19.6,20.2,8.8,43.1,0.3766,0.2721,-0.3606,-0.2436,-0.6063,0.1269,-0.3487,-0.2344
5.0,1.2,3.5,3.8,3.6,13.4,19.7,16.3,38.7,-0.1515,0.5692,0.1246,-0.4538,-0.4098,0.2735,-0.3492,0.2186
5.0,3.3,3.2,4.4,1.7,21.5,2.2,16.0,15.1,-0.5442,0.133,-0.2543,0.3031,0.3299,-0.2296,-0.1461,0.5779
5.0,3.2,3.3,4.2,2.6,8.4,11.8,5.8,8.8,-0.7839,0.3258,-0.0309,-0.0134,-0.0015,0.0146,0.1821,0.4671
5.0,2.4,1.5,3.9,1.5,18.1,20.8,43.8,24.2,0.3551,0.3966,0.3717,0.1836,0.5363,0.0793,-0.1015,-0.4596
5.0,3.9,3.8,2.4,2.4,20.8,11.2,33.1,34.1,-0.5421,0.4721,0.4289,0.1456,0.0721,0.1709,-0.2223,-0.3932
5.0,4.2,4.6,4.4,1.6,5.5,4.9,40.4,10.0,-0.5814,0.5188,0.0002,0.098,-4.4917e-05,0.0978,-0.3916,-0.4542
5.0,4.3,4.8,2.4,3.5,3.7,17.6,30.2,10.5,-0.2529,-0.0392,-0.5455,0.0578,-0.0472,-0.6298,0.0444,-0.4557
5.0,3.1,1.9,2.8,4.5,13.6,7.1,39.9,10.4,0.2541,0.7313,-0.2446,0.0206,-0.2913,0.0105,0.418,-0.2397
5.0,3.5,4.5,3.1,1.6,14.2,2.1,19.2,31.8,0.128,0.5646,0.3068,0.1046,-0.3694,-0.1327,-0.5167,0.346
5.0,3.4,4.0,2.7,2.9,11.5,6.9,5.5,38.9,-0.0324,0.9113,0.0267,-0.1822,-0.3195,0.0194,-0.1081,0.0072
5.0,2.1,1.2,3.2,1.1,10.7,8.2,12.5,33.4,0.311,0.9231,0.1198,0.0419,-0.0124,-0.0314,0.0774,-0.0279
5.0,4.0,1.3,1.4,2.7,21.6,5.7,7.2,24.1,0.5212,0.4779,0.299,0.1579,0.4451,-0.2744,-0.2866,0.1223
5.0,3.9,4.5,4.6,2.5,7.8,18.6,36.5,39.6,-0.6278,0.6871,-0.1976,0.0683,-0.0163,-0.1363,-0.1789,-0.1517
5.0,1.7,2.9,4.7,4.4,2.4,21.8,7.4,14.5,-0.2307,-0.0458,-0.2333,-0.0938,0.2265,0.7216,-0.5418,0.0315
5.0,3.1,1.9,1.1,4.8,12.1,9.9,43.3,10.7,0.6496,0.7205,0.0291,-0.027,0.0314,-0.0275,0.143,-0.13
5.0,3.9,4.8,1.7,2.8,6.9,18.0,41.8,8.4,0.0409,0.904,-0.1523,0.1048,-0.1536,0.1046,-0.3131,-0.0218
5.0,1.0,3.4,2.2,2.6,3.0,2.5,9.2,27.3,0.3552,-0.0555,0.4023,0.0044,0.3192,-0.6707,-0.367,-0.0522
5.0,3.8,3.0,3.9,2.5,11.2,5.0,38.7,22.7,0.0554,0.932,0.135,0.1977,0.0714,0.1945,-0.0599,-0.0425
5.0,4.7,4.6,4.6,1.5,7.3,4.3,15.6,15.9,-0.7663,0.56,0.0248,0.1227,0.0091,-0.0921,0.1436,0.2181
5.0,3.9,3.3,4.2,2.0,2.6,10.3,24.8,9.4,-0.1624,0.3299,-0.0214,-0.1112,0.1351,0.07,0.7991,0.419
5.0,1.9,2.9,3.6,4.1,12.6,12.2,40.9,29.4,-0.0845,0.4513,0.2533,0.4092,0.2544,0.4086,-0.0714,-0.5395
5.0,3.1,1.8,2.1,1.3,5.5,16.8,18.6,15.2,-0.3039,0.6895,-0.1989,0.3243,0.2393,-0.3185,0.1716,0.2971
5.0,1.1,2.9,1.7,3.4,6.6,8.9,40.5,4.6,0.1308,0.0196,-0.0042,0.0382,-0.0069,0.0383,0.0522,-0.9678
5.0,1.3,2.0,2.2,4.5,14.5,7.3,10.8,15.5,-0.1347,0.275,-0.1973,0.4082,0.5428,0.045,-0.6168,0.0139
5.0,1.9,2.5,4.4,2.4,7.7,3.9,39.8,9.6,-0.4795,0.664,-0.0042,0.1084,-0.0077,0.1087,-0.4285,-0.3234
5.0,4.6,1.1,1.8,4.3,7.4,15.3,20.7,29.0,0.0212,0.9522,0.109,-0.1019,-0.1411,0.1028,0.1772,0.0236
5.0,3.6,2.0,4.3,3.4,20.4,9.0,10.6,36.2,-0.5609,0.7765,0.098,0.069,-0.032,-0.0381,0.0909,0.0848
5.0,1.8,2.2,4.2,3.9,11.3,16.5,30.3,13.7,0.1954,0.3321,-0.7238,-0.2392,0.1115,-0.4582,-0.1413,0.0045
5.0,2.0,2.5,1.7,4.5,10.1,20.5,32.5,34.6,0.2637,0.9198,0.2577,-0.0093,0.0724,0.0232,-0.0346,-0.0102
5.0,3.3,3.2,1.5,4.7,15.8,9.5,9.9,13.9,-0.0882,0.0034,-0.0585,-0.149,-0.0545,0.1396,-0.35,0.8731
5.0,4.9,3.2,4.2,1.6,7.4,14.7,34.7,15.6,-0.6976,0.6151,-0.068,0.185,-0.1194,0.1362,-0.1234,-0.1964
5.0,4.3,1.1,4.2,4.4,11.0,10.1,37.4,34.9,-0.1709,0.8765,0.3672,0.1138,0.0682,0.0826,-0.1104,-0.0607
5.0,2.2,2.1,4.6,4.5,9.0,17.2,5.8,25.1,-0.6687,0.6538,-0.0843,0.0586,0.0219,0.0931,0.1807,0.1965
5.0,4.3,3.5,1.7,1.1,10.8,15.9,30.4,30.2,0.3446,0.9149,-0.047,0.1539,-0.0262,-0.0913,0.0036,0.013
5.0,2.9,5.0,1.4,1.9,4.7,8.9,25.6,15.6,0.2722,0.246,-0.0216,0.0156,-0.0284,0.0144,0.5687,-0.7029
5.0,2.5,4.1,3.9,1.1,5.0,20.5,5.9,33.0,-0.0113,0.2609,-0.0376,-0.0905,0.0641,-0.2202,-0.9209,-0.0994
5.0,4.3,2.9,4.8,4.0,16.6,6.2,19.3,21.2,-0.3136,0.6859,0.1725,0.1725,-0.317,-0.3005,-0.3615,-0.0307
5.0,1.8,1.2,2.8,4.9,15.6,20.8,11.5,5.7,0.254,0.5066,-0.2204,-0.4687,-0.4775,0.1893,-0.3429,0.1404
5.0,2.4,3.2,4.9,4.4,3.3,2.3,39.0,27.0,-0.2381,0.3181,0.4607,-0.0607,0.4756,-0.0538,0.1439,-0.5969
5.0,4.7,3.1,1.3,1.1,6.7,3.0,42.6,11.2,0.0718,0.9382,0.081,0.1133,0.0829,0.1123,-0.2524,-0.0005
5.0,3.7,2.2,2.8,2.7,14.3,18.0,21.9,33.4,0.2755,0.6596,0.4235,-0.0384,-0.4416,0.0448,-0.0369,0.3056
5.0,1.8,1.9,3.6,4.4,15.4,21.3,26.1,35.3,-0.1289,0.0197,0.5023,-0.1081,0.1654,0.7857,0.082,0.134
5.0,1.0,1.9,4.8,3.6,13.0,2.6,7.0,22.5,-0.0031,0.7262,0.0795,0.3898,0.4213,0.2261,-0.2098,-0.17
5.0,1.1,2.4,3.6,3.5,2.9,7.7,9.4,10.3,-0.0491,0.0336,-0.189,0.0651,0.2667,0.1149,-0.9267,-0.0219
5.0,4.4,1.8,3.2,3.7,13.7,8.2,39.9,12.3,0.405,0.4609,-0.1572,0.0794,-0.1652,0.0778,0.5032,-0.5236
5.0,3.9,1.9,1.0,4.5,2.2,15.6,42.4,7.0,0.0666,0.7609,-0.3028,-0.0254,-0.4059,-0.0093,-0.3392,-0.1259
5.0,4.7,1.1,1.7,1.5,18.9,17.6,37.6,9.8,-0.2084,0.1959,-0.2373,-0.2228,-0.4572,-0.37,0.4613,-0.4658
5.0,2.9,2.2,1.1,2.4,10.5,11.8,27.7,8.4,0.506,0.8553,0.0518,-0.0401,-0.0071,0.0074,-0.002,0.002
5.0,3.9,3.1,2.2,1.2,9.8,21.9,21.1,11.8,0.073,0.9893,-0.0364,-0.0458,0.0345,0.0459,0.0385,0.0011
5.0,4.9,4.6,1.9,4.4,20.4,15.3,38.6,6.4,-0.0593,0.2787,-0.4856,-0.2728,-0.0578,-0.4423,-0.1911,-0.5881
5.0,4.0,2.5,2.0,2.8,19.5,5.6,42.2,18.3,-0.0298,0.6213,0.2492,0.3133,0.2054,0.3538,-0.4244,-0.2797
5.0,2.7,2.4,1.1,3.5,4.5,11.1,20.5,22.6,0.3914,0.1485,0.0451,0.2721,0.0233,-0.3018,-0.058,0.7852
5.0,2.6,1.7,1.4,1.9,12.0,12.2,23.6,22.6,0.5309,0.826,-0.1165,0.0836,0.0457,-0.0426,-0.04,0.0372
5.0,1.2,4.3,1.6,4.0,9.6,16.1,8.1,23.6,0.0779,0.987,-0.021,0.0139,-0.0001,0.0022,0.0477,-0.0016
5.0,2.7,1.7,1.1,1.7,13.5,20.6,11.4,31.4,0.6713,0.4596,0.3385,0.2165,0.155,-0.3636,-0.0011,0.0605
5.0,3.2,3.4,2.6,1.1,12.3,20.7,14.0,30.2,0.6114,0.6579,0.1969,0.1973,0.181,-0.2037,0.1009,-0.0933
5.0,2.7,1.9,3.6,4.7,14.4,7.3,27.5,27.3,0.6733,0.3966,0.2656,0.1766,-0.2604,0.3302,-0.1264,0.2557
5.0,2.7,2.9,1.3,4.8,12.7,7.7,28.5,17.1,0.0751,0.5223,0.0441,0.348,-0.4894,0.054,0.5539,-0.0567
5.0,3.4,3.0,2.6,4.7,11.5,7.5,16.2,21.0,0.0877,0.9587,0.2099,0.0817,-0.0766,-0.0687,0.0252,0.0211
5.0,4.8,1.0,2.0,2.4,20.2,8.6,8.1,19.3,-0.0007,0.5855,0.1733,0.507,0.1356,-0.4316,-0.071,0.348
5.0,1.1,4.6,3.7,1.4,13.2,2.8,15.9,42.9,0.0519,0.1122,-0.2408,0.0006,-0.1224,0.7345,-0.3292,-0.4132
5.0,3.7,1.8,3.5,4.0,3.4,19.6,9.9,18.1,-0.1533,0.4197,-0.1706,0.4862,0.5234,-0.0094,-0.4965,0.0463
5.0,1.4,1.1,1.4,1.4,14.6,3.5,23.8,22.9,0.4241,0.5626,0.1847,0.4211,-0.2874,-0.3393,0.1429,0.2451
5.0,1.2,4.3,4.7,1.2,11.1,19.3,18.0,34.5,-0.0353,0.6166,0.2998,0.2052,-0.3349,-0.2339,-0.4906,0.2257
5.0,3.6,2.5,3.1,1.7,14.5,8.8,6.6,19.6,0.0857,0.9847,0.0292,0.0147,-0.0071,-0.0079,0.0025,-0.0005
5.0,4.8,1.2,1.6,3.0,21.3,14.6,13.3,11.8,-0.1921,0.3113,-0.6572,0.2698,0.1955,0.4839,0.2198,0.1328
5.0,4.8,1.8,2.7,4.0,6.4,16.8,7.7,33.8,-0.5174,0.3282,0.2877,-0.0855,-0.5219,-0.3012,-0.0093,0.3845
5.0,5.0,1.1,4.4,4.0,11.6,14.7,13.1,33.2,0.2225,0.5928,0.6305,0.2586,0.0301,-0.281,0.1736,0.0217
5.0,3.4,2.5,4.6,3.7,16.6,16.3,28.5,18.8,-0.1265,0.4009,-0.2183,0.5259,-0.4154,-0.278,0.4008,0.2659
5.0,1.2,1.3,4.5,3.8,8.5,20.5,21.4,35.6,-0.5056,0.7291,-0.0511,-0.1198,0.0506,0.1198,0.3235,0.2486
5.0,4.1,3.3,4.2,1.1,8.9,10.8,35.6,43.8,-0.5458,0.8269,0.016,0.0048,0.002,0.0017,-0.0803,-0.054
5.0,4.6,1.6,1.9,4.0,9.6,18.2,17.6,17.9,0.1853,0.9703,-0.1205,0.0214,0.0275,-0.001,0.0321,-0.0026
5.0,1.7,4.1,3.6,4.0,18.4,2.8,18.4,31.2,-0.1713,0.3555,0.4119,-0.183,-0.4964,0.139,-0.3451,0.4893
5.0,5.0,4.0,1.4,2.4,11.1,6.2,10.8,38.7,0.3953,0.5671,0.1736,-0.5414,-0.1424,-0.2654,-0.0783,-0.1982
5.0,1.8,3.3,3.6,2.7,3.1,9.0,22.9,18.1,-0.1145,0.8293,0.0354,-0.3302,0.1618,-0.298,0.0711,-0.1288
5.0,1.1,3.5,2.5,3.9,19.9,9.8,38.4,39.8,-0.1028,0.4561,-0.0108,-0.1757,0.2478,0.0797,0.6951,0.2869
5.0,3.8,3.3,2.4,3.6,20.5,21.6,21.1,41.1,0.0105,0.5901,-0.2973,-0.3689,0.3008,0.3693,0.171,0.3863
5.0,3.6,4.1,2.9,3.8,12.9,6.6,6.8,35.6,-0.2359,0.2609,0.2979,-0.2822,-0.5553,-0.3327,-0.459,-0.1779
5.0,5.0,4.0,4.8,1.9,13.7,5.1,18.8,12.5,0.0481,0.4131,-0.2296,-0.0007,0.2741,0.0377,-0.7839,0.2508
5.0,3.9,2.8,2.6,4.4,2.4,15.9,7.5,28.5,0.3019,0.2973,0.3222,0.1668,0.4894,-0.2849,-0.5598,0.1981
5.0,3.1,3.3,4.3,4.2,18.7,17.2,8.0,7.0,0.3109,0.306,-0.3508,-0.2706,-0.6088,0.1187,-0.4418,-0.1453
5.0,2.1,3.7,1.2,4.6,14.8,19.6,23.5,14.9,0.5481,0.7234,-0.2153,0.1663,0.2212,-0.1714,-0.0111,0.1135
5.0,3.3,1.8,2.4,1.2,6.9,5.5,37.9,21.0,-0.4198,0.7017,0.2663,-0.002,0.4276,0.0865,-0.0602,-0.1912
5.0,3.3,3.4,1.6,2.2,3.0,5.1,7.2,29.1,0.0717,-0.077,0.0176,-0.0664,-0.1507,-0.6337,-0.7241,-0.1177
5.0,2.7,4.6,4.3,3.3,21.7,4.7,13.6,13.8,-0.4783,0.0457,-0.2624,0.3422,0.3849,-0.1912,-0.3029,0.5411
5.0,2.7,4.8,3.8,5.0,6.1,7.0,30.3,24.5,-0.1416,-0.0859,0.2093,-0.169,0.3103,-0.0171,0.7785,-0.4031
5.0,2.5,3.0,1.3,3.8,21.9,21.2,15.0,14.1,-0.0218,0.5581,-0.044,0.4272,0.5627,-0.0724,-0.3936,0.0798
5.0,4.1,3.5,1.5,3.1,5.4,17.8,43.8,16.1,0.2272,0.5375,0.1944,0.3514,0.1154,0.4587,-0.4706,-0.1325
5.0,3.4,2.0,1.0,2.8,4.3,7.6,18.7,28.8,-0.1543,0.2841,-0.1417,-0.3374,0.0811,0.3508,0.3435,0.6903
5.0,4.5,2.2,2.0,1.9,21.2,12.5,9.8,39.8,0.2711,0.1601,0.0785,-0.5831,-0.2721,-0.32,-0.3907,-0.4273
5.0,4.6,3.7,3.8,2.6,16.6,11.1,16.3,12.9,-0.3532,0.1081,-0.4629,-0.3166,-0.112,0.3685,-0.004,0.6108
5.0,2.6,3.3,1.0,3.4,20.0,13.3,41.0,8.0,-0.0923,0.1471,-0.0954,-0.1047,-0.4557,-0.4818,-0.2642,-0.5597
5.0,3.7,4.1,1.3,4.2,10.7,20.2,17.1,39.8,0.4841,0.7518,0.1838,-0.3258,0.0044,-0.1749,0.0112,-0.0925
5.0,3.7,1.5,3.3,3.6,16.8,6.5,5.3,27.3,0.62,0.4108,0.2848,-0.0142,0.4263,-0.1367,0.0442,-0.3798
5.0,3.6,3.1,1.6,3.0,2.1,4.4,5.9,28.7,0.5293,0.0968,0.2219,-0.2087,0.3148,-0.5701,-0.3136,-0.2784
5.0,1.6,1.2,4.8,2.4,2.3,19.2,19.0,11.4,-0.3853,0.2207,-0.3543,0.1701,0.36,-0.1672,-0.0105,0.6927
5.0,3.2,4.5,4.9,3.2,19.9,9.9,9.4,40.7,0.1604,-0.0795,0.1376,-0.2878,-0.1673,-0.1846,-0.5689,-0.6597
5.0,2.8,4.9,2.9,2.8,16.4,17.9,31.4,31.3,0.0637,-0.1261,0.5555,0.0065,-0.0566,0.7539,0.2282,-0.093
5.0,2.9,2.2,3.7,2.4,13.3,5.5,25.2,40.0,-0.0269,0.7933,-0.0124,-0.3523,0.3818,0.1574,0.2118,0.087
5.0,3.1,3.8,3.5,2.3,14.8,20.4,39.1,32.7,0.0967,0.4698,0.4493,-0.0372,0.4634,-0.0331,0.2613,-0.507
5.0,2.4,3.4,2.4,3.1,16.9,3.2,17.9,24.7,-0.1848,0.1548,0.1914,-0.007,-0.4448,-0.6406,-0.446,-0.1754
5.0,1.6,2.1,2.2,3.5,6.2,10.0,39.5,30.0,-0.4552,0.701,0.1083,0.0472,0.0747,0.0496,-0.4191,-0.2907
5.0,2.8,2.8,1.2,3.3,8.1,7.0,35.1,32.5,0.0976,0.9787,-0.0958,-0.0082,-0.0491,-0.015,-0.1027,0.0041
5.0,2.0,1.5,1.5,3.8,7.8,8.6,5.2,35.2,0.0409,0.4751,0.4191,0.0017,-0.5321,-0.0129,-0.1482,0.5073
5.0,1.1,3.2,1.8,2.0,10.1,8.6,29.1,33.2,0.2211,0.9656,0.0215,-0.0007,0.0051,0.0011,-0.0003,-0.0001
5.0,3.2,3.3,2.5,4.9,16.0,20.5,37.7,37.4,0.059,0.6229,0.0969,-0.3888,0.3994,-0.2854,0.3325,-0.2731
5.0,4.0,2.6,4.1,3.4,3.0,21.9,38.2,34.1,-0.4238,0.3745,0.147,-0.3823,0.1765,-0.3708,-0.0953,-0.5621
5.0,4.0,2.4,2.1,3.3,16.1,6.6,31.1,26.6,0.671,0.4484,0.4746,0.0587,0.0371,0.2495,-0.128,0.1283
5.0,2.1,2.9,1.5,3.1,21.9,9.3,34.7,23.2,0.3928,-0.2479,-0.0046,0.0459,-0.0216,-0.0222,0.5091,0.6483
5.0,1.5,4.3,2.6,4.7,3.3,11.2,31.7,29.1,-0.2808,-0.0313,0.2274,0.3471,-0.1181,0.2676,0.3458,-0.7135
5.0,3.4,3.4,4.7,1.4,9.0,9.9,37.9,10.9,-0.518,0.8403,0.0127,0.0055,0.0056,0.0033,-0.1053,-0.0657
5.0,4.9,5.0,4.8,1.3,4.4,7.1,30.1,9.3,-0.2524,-0.2606,-0.0806,0.0538,-0.1011,0.0163,0.6835,-0.6004
5.0,4.0,1.3,2.0,4.9,13.6,15.3,6.0,8.0,0.3126,0.6001,-0.2651,-0.3589,-0.3914,-0.2681,-0.2609,-0.2006
5.0,1.6,4.4,2.4,4.2,17.9,12.7,15.5,25.3,0.0974,0.2531,0.149,0.3669,0.3638,-0.2131,-0.6642,0.3575
5.0,3.4,2.7,2.1,3.2,16.7,9.5,25.4,17.6,-0.1353,0.9231,-0.2309,-0.0406,-0.107,-0.0467,-0.1463,-0.0599
5.0,1.2,1.8,4.8,4.5,12.5,16.3,10.4,32.1,0.1066,-0.0212,0.6254,0.1545,0.1799,-0.7037,-0.0666,-0.1002
5.0,1.0,4.5,2.7,2.3,14.3,5.9,22.2,13.7,0.1279,0.1057,-0.1295,0.292,0.1317,-0.2929,0.1472,0.8493
5.0,2.2,4.8,2.6,4.5,21.5,11.8,23.5,6.1,-0.0404,0.1809,-0.1266,-0.3106,0.1788,0.2905,0.4089,0.7411
5.0,4.8,3.9,3.5,2.2,11.8,17.6,10.0,18.7,0.1426,0.7072,-0.5353,0.2989,-0.0635,0.221,0.0912,-0.1634
5.0,3.9,2.9,3.1,2.8,20.1,20.3,13.4,14.1,-0.3587,0.2412,-0.3729,0.2578,0.6023,0.0914,-0.4081,0.2324
5.0,1.6,4.7,3.5,3.0,5.8,4.1,31.1,5.3,-0.2931,-0.1218,-0.3165,-0.0187,-0.3749,-0.5277,0.5457,-0.2466
5.0,3.7,2.1,3.2,2.3,15.6,17.5,29.2,19.8,0.0396,0.4476,-0.1131,0.5832,-0.3772,-0.2964,0.354,0.2654
5.0,4.1,4.9,2.8,1.1,19.7,3.1,10.2,38.9,-0.2063,0.4849,0.1909,-0.4267,-0.541,-0.0076,-0.4236,0.0315
5.0,4.8,4.2,2.4,3.4,6.5,14.6,38.9,8.3,-0.3499,0.8583,-0.0965,0.0432,-0.217,-0.0077,-0.2371,-0.1199
5.0,2.7,4.2,1.8,2.3,20.7,13.6,4.2,15.1,0.3622,0.6382,-0.2453,0.0412,-0.3589,0.1641,-0.4671,0.1144
5.0,2.8,2.1,4.9,3.2,20.7,2.5,40.6,21.9,-0.0573,0.6069,0.307,0.3475,0.3452,0.3453,-0.0914,-0.3829
5.0,2.4,1.1,1.4,1.2,7.5,11.3,26.3,35.8,-0.4697,0.6149,0.2631,0.0128,0.0707,0.0997,-0.3799,-0.3518
5.0,5.0,4.9,1.7,4.7,21.5,16.1,41.3,32.4,0.1564,0.8361,0.2792,-0.1562,0.3298,-0.1625,-0.0446,-0.133
5.0,1.2,3.2,2.6,4.6,14.6,17.1,18.7,32.7,-0.2744,0.616,0.2591,-0.1512,-0.5661,-0.0764,-0.3185,0.0745
5.0,4.9,1.4,2.2,2.0,15.7,4.0,33.7,17.7,-0.0876,0.4132,-0.121,0.4614,-0.5303,-0.0356,0.5356,0.0091
5.0,3.0,4.4,3.0,4.0,10.7,11.0,42.3,4.2,0.1733,0.9639,0.1519,-0.0334,0.0359,-0.017,0.0535,-0.0155
5.0,4.7,1.0,4.3,2.2,8.4,8.0,29.5,37.8,-0.6457,0.7383,-0.0051,-0.0088,-0.001,-0.0038,-0.12,-0.1081
5.0,3.4,1.4,2.7,4.3,14.5,15.8,26.5,18.8,0.2774,0.5539,-0.4556,0.4284,0.0141,-0.3283,-0.0766,0.307
5.0,3.2,2.6,1.2,4.3,12.5,12.1,35.0,41.7,0.6535,0.7067,0.1683,-0.1615,-0.0288,0.0463,-0.0292,0.0471
5.0,2.1,4.1,3.4,2.2,2.6,8.3,7.4,32.0,-0.0001,0.025,0.0384,-0.0251,-0.0577,-0.0014,-0.9643,0.2138
5.0,1.4,4.7,1.9,2.3,19.1,3.6,28.8,32.4,-0.0644,-0.1866,0.2883,-0.0772,0.3437,0.6845,0.4875,0.0824
5.0,2.9,1.4,1.5,1.5,15.9,15.2,9.1,9.2,0.4686,0.2672,-0.3897,-0.3099,-0.5256,-0.0425,-0.3616,-0.1927
5.0,1.0,4.5,1.1,3.1,9.8,14.5,41.0,11.1,0.3359,0.9348,0.0011,-0.0055,0.0085,-0.0083,-0.0382,0.0126
5.0,1.7,2.8,1.7,2.1,20.6,7.4,38.5,29.6,0.2566,0.1641,0.1033,-0.191,0.135,-0.1901,0.3027,-0.8241
5.0,2.5,3.2,3.5,4.0,8.4,2.2,11.5,38.1,-0.5968,0.7509,-0.1463,-0.0631,0.0356,0.034,0.1462,0.1301
5.0,3.4,5.0,2.3,4.1,8.2,9.6,38.0,4.9,-0.185,0.9641,-0.0183,-0.0019,-0.0086,-0.0022,-0.157,-0.031
5.0,4.3,2.3,3.7,3.6,12.9,4.2,23.6,33.1,0.4832,0.5597,0.3093,-0.0498,-0.4466,0.1376,-0.0737,0.3282
5.0,4.5,1.0,2.2,2.6,13.1,9.1,12.4,8.5,0.6678,0.7229,-0.0747,0.0117,0.0028,0.0088,0.0764,-0.0732
5.0,3.8,3.0,2.7,1.2,9.7,8.9,28.4,18.9,-0.2719,0.9505,0.0023,0.0036,0.0006,0.0016,-0.0633,-0.0211
5.0,2.2,3.1,1.2,3.0,16.3,15.2,34.0,39.9,0.422,0.2646,-0.0011,-0.6035,0.2583,0.313,0.2681,0.3347
5.0,4.5,2.9,2.3,3.1,6.0,13.0,38.9,34.3,-0.1519,0.8315,0.2442,-0.2054,0.3091,-0.1976,-0.0767,-0.1575
5.0,2.3,1.5,1.7,3.0,14.2,12.4,22.5,30.3,0.2074,0.3596,0.2942,0.3756,-0.3157,-0.3634,0.2769,0.5091
5.0,4.3,1.6,1.8,4.2,7.4,20.6,28.8,12.0,-0.3327,0.8254,-0.0986,0.1974,-0.3193,-0.0354,-0.1713,-0.1026
5.0,1.6,4.9,1.7,1.3,20.4,19.6,17.9,39.1,0.1368,0.5795,0.0659,-0.4319,-0.2679,0.4123,-0.1945,0.3921
5.0,1.2,1.9,4.0,4.8,21.6,3.4,28.2,22.0,0.0612,0.5838,0.082,0.4392,-0.5061,-0.031,0.4242,0.0479
5.0,4.3,1.4,5.0,1.5,2.7,10.4,40.4,40.4,-0.17,0.1159,0.0604,-0.3127,0.0621,-0.308,0.0741,-0.8447
5.0,2.7,3.6,3.5,1.2,3.7,20.0,33.7,33.5,-0.574,0.0689,0.3196,-0.1121,0.4108,0.0148,0.164,-0.5791
5.0,3.8,4.1,1.1,2.2,7.8,10.6,30.3,24.8,0.0172,0.9807,0.044,-0.0102,0.0139,0.0001,-0.1476,-0.0009
5.0,1.2,2.9,3.2,3.5,17.1,15.1,38.0,27.4,-0.3168,0.2528,0.1805,0.3108,0.3725,0.4706,0.2809,-0.4819
5.0,1.3,1.3,3.5,3.0,12.3,11.5,20.5,23.7,0.2337,0.7028,-0.2241,0.237,0.215,-0.2403,-0.3768,0.2799
5.0,1.0,4.8,4.6,4.2,17.1,16.0,39.0,34.1,-0.2928,0.5242,0.4312,-0.1795,0.4722,-0.1588,0.1899,-0.342
5.0,4.9,3.7,1.8,4.6,2.4,16.7,6.4,24.0,0.155,0.5257,0.2761,0.2171,0.4435,0.0416,-0.6002,-0.0774
5.0,1.5,4.7,4.0,2.2,21.3,9.4,30.7,28.9,-0.1055,-0.1691,-0.022,0.1041,-0.0799,0.0466,0.8426,-0.4492
5.0,2.0,3.6,2.5,3.0,2.1,17.1,28.6,6.1,0.2298,0.2439,-0.3309,-0.3036,0.5107,-0.1748,0.6074,-0.1005
5.0,1.3,3.7,1.9,4.4,3.3,3.9,6.1,33.1,0.1839,0.0569,-0.0243,-0.1364,-0.0348,-0.7802,-0.5359,-0.1501
5.0,2.9,1.8,3.0,2.1,10.8,9.8,36.8,9.7,0.4091,0.8699,0.1204,-0.0314,-0.0255,0.0191,-0.1172,0.0739
5.0,1.2,2.8,4.1,4.3,18.6,8.1,35.4,40.4,0.5621,0.6277,-0.2171,0.013,0.012,-0.0736,-0.2318,0.2702
5.0,3.3,4.8,1.6,2.1,18.2,3.2,36.0,35.8,0.0123,0.4703,0.1364,-0.4015,0.4516,-0.2813,0.3785,-0.382
5.0,1.6,3.8,1.7,1.7,10.4,20.3,4.7,7.8,0.3043,0.9216,-0.0362,-0.1512,-0.0825,-0.1244,-0.0116,-0.0201
5.0,1.9,4.1,1.6,4.5,5.0,18.0,24.7,22.7,0.0712,0.6153,0.3042,0.1901,-0.4019,-0.117,0.5146,0.1788
5.0,3.8,3.3,5.0,2.5,6.4,9.4,35.6,12.7,-0.7866,0.4741,-0.0523,-0.0542,-0.021,-0.0377,-0.1889,-0.3215
5.0,2.3,4.3,3.8,1.5,2.2,8.5,35.0,30.2,-0.4513,-0.1205,0.0014,-0.0065,0.0031,-0.005,0.234,-0.8399
5.0,2.4,3.2,3.1,4.9,20.8,17.2,36.3,9.4,-0.3404,0.1008,-0.4579,0.2048,-0.3916,-0.6512,0.1016,-0.0424
5.0,1.4,2.1,3.9,1.2,4.0,8.9,42.2,38.6,-0.6314,0.425,0.0337,0.003,-0.0359,-0.0096,0.0743,0.366
5.0,2.1,1.4,1.7,2.3,14.5,20.9,14.3,26.4,0.5593,0.4104,0.3608,0.265,0.3174,-0.4248,-0.081,0.1014
5.0,4.5,3.0,1.3,4.7,11.9,14.7,34.9,16.2,0.4519,0.8318,-0.2766,0.1268,-0.03,-0.0066,-0.0476,0.017
5.0,1.1,3.9,1.7,3.1,17.3,19.9,36.2,24.8,0.327,0.3655,0.4467,0.3364,-0.172,0.522,0.0725,-0.3348
5.0,1.1,4.1,1.9,4.3,17.8,13.4,27.3,32.5,0.2629,0.3203,0.2908,0.3075,-0.2949,0.4282,0.3427,-0.4648
5.0,3.8,3.0,2.1,3.2,8.9,20.0,16.6,32.4,-0.0197,0.9937,0.0089,0.0086,-0.0044,-0.0088,0.064,0.0021
5.0,4.7,4.8,1.8,2.2,4.4,15.9,35.3,28.3,-0.4969,0.4221,0.4473,-0.1028,0.0888,0.2824,-0.309,-0.3972
5.0,3.8,3.0,1.0,4.9,5.2,10.7,37.9,21.8,0.2385,0.2125,0.1031,0.242,-0.1465,0.2728,0.384,-0.7242
5.0,2.5,4.5,2.2,4.0,20.8,11.7,35.9,24.9,0.0855,0.1782,0.093,0.295,-0.238,0.2277,0.6267,-0.5747
5.0,2.8,4.6,3.3,1.5,7.6,4.2,4.8,41.3,0.1179,0.4299,-0.1139,0.1716,-0.2136,0.2658,-0.7805,0.0535
5.0,2.1,3.8,2.1,1.3,2.0,3.8,30.8,27.0,-0.0244,-0.1655,0.1705,-0.0119,0.1897,0.5944,0.7233,0.0278
5.0,2.4,2.3,1.3,2.5,2.4,13.2,32.5,29.2,-0.1411,0.0839,0.4091,0.2339,-0.0565,0.3727,0.0659,-0.7539
5.0,4.6,3.2,2.6,3.1,6.6,14.7,7.4,8.0,-0.1308,-0.0329,-0.2112,-0.1284,-0.109,0.2667,-0.3415,0.8382
5.0,2.1,3.6,4.2,1.9,17.9,20.8,24.6,17.8,-0.5069,0.2224,-0.3394,0.1932,-0.4018,-0.5506,0.1392,0.1348
5.0,3.4,3.7,4.3,1.4,18.4,9.4,36.6,14.8,-0.683,0.1069,-0.0438,-0.1135,-0.0081,-0.0941,-0.0828,-0.6838
5.0,4.5,1.7,4.7,2.0,19.8,16.1,40.1,32.7,-0.2913,0.263,0.3536,-0.2079,0.3473,-0.2091,-0.0484,-0.6982
5.0,4.2,2.2,1.9,2.3,6.9,17.7,9.1,11.0,-0.5585,0.5811,-0.1871,0.1858,0.2698,0.1905,0.2697,0.2905
5.0,3.2,1.5,2.1,3.1,17.7,17.9,27.8,27.5,0.4138,0.3713,0.3641,0.2488,-0.5444,0.1481,0.3964,-0.0059
5.0,1.9,1.8,2.8,2.1,11.9,12.0,25.3,6.8,0.5306,0.6686,0.2209,-0.2877,-0.0808,0.2214,-0.1231,0.2257
5.0,2.2,4.7,1.0,1.7,6.8,14.1,30.0,6.4,-0.4907,0.5296,-0.2537,-0.0337,-0.0794,-0.0988,-0.4072,-0.4437
5.0,1.7,4.5,4.9,1.8,14.3,19.9,4.4,40.2,-0.1499,0.63,-0.0151,-0.4404,-0.1913,-0.4366,-0.1244,-0.3437
5.0,4.8,4.3,2.5,3.1,12.6,14.3,41.9,39.2,0.2936,0.8969,0.1808,-0.094,0.1793,-0.0959,0.0774,-0.0701
5.0,3.1,1.1,1.1,1.6,4.6,21.1,21.9,18.3,0.086,0.6087,0.2647,0.3497,-0.2682,-0.3484,0.3863,0.2668
5.0,2.9,4.6,3.9,4.0,10.9,10.8,43.0,18.2,-0.1977,0.8013,-0.4137,-0.1536,0.097,0.15,0.1696,0.1405
5.0,1.2,1.4,3.0,2.3,2.6,20.5,22.6,4.9,0.0872,0.4761,-0.4147,-0.2221,0.4746,0.2009,0.2194,0.4676
5.0,4.5,1.5,3.7,3.7,18.1,4.7,6.0,29.4,0.4285,0.1448,0.2753,-0.1469,0.4502,-0.3401,-0.2301,-0.5536
5.0,2.0,2.2,4.5,4.6,9.4,9.8,30.5,6.3,-0.3312,0.9287,0.0995,0.0203,0.0079,0.0037,-0.0208,-0.0094
5.0,4.8,3.4,4.4,4.8,6.6,10.4,35.2,41.4,-0.7475,0.4906,-0.1383,-0.1021,-0.0385,-0.0669,-0.1991,-0.3333
5.0,3.0,1.9,1.2,3.9,12.8,9.9,9.9,15.3,-0.2332,0.1202,-0.195,-0.2239,0.005,0.2365,0.008,0.8103
5.0,2.3,1.0,3.0,4.3,17.1,10.2,21.6,42.3,0.4513,0.5415,0.1682,-0.1767,-0.1742,0.1761,-0.3851,0.4509
5.0,1.5,1.5,4.7,3.4,20.4,10.6,42.2,8.2,-0.2692,0.3276,-0.1264,-0.2458,-0.2108,-0.235,-0.4623,-0.6386
5.0,2.8,3.0,1.1,2.0,17.1,4.9,15.7,10.4,0.0133,0.0424,-0.1423,0.3559,0.4512,0.2064,-0.6749,-0.3328
5.0,4.2,1.3,1.4,3.4,13.6,5.6,8.7,12.4,0.5576,0.5423,-0.4853,-0.1628,0.0746,0.3199,0.104,0.0569
5.0,1.2,2.6,2.5,1.5,10.0,13.8,6.8,15.9,0.0643,0.9121,-0.03,-0.2301,-0.2779,0.0319,-0.0896,0.0098
5.0,2.3,1.1,3.2,2.6,9.4,8.4,13.2,40.7,-0.2802,0.9473,-0.0598,-0.0708,0.0176,0.0491,0.0418,0.0183
5.0,2.2,3.6,1.1,3.5,21.2,3.9,5.4,40.8,0.3336,0.6942,-0.2441,-0.1572,-0.4183,0.0455,-0.3606,0.0324
5.0,4.7,4.0,4.8,2.3,21.1,19.3,29.6,28.1,-0.0674,-0.1847,0.1208,0.0595,0.0123,0.515,0.7989,-0.0974
5.0,4.1,3.2,4.2,3.2,21.8,7.5,31.9,5.3,-0.0517,-0.0833,-0.1422,0.1104,-0.207,-0.0149,0.9194,-0.1975
5.0,1.7,5.0,4.6,3.1,14.9,14.5,7.3,20.7,0.1001,0.385,-0.1953,0.5411,0.1593,0.4387,-0.1508,-0.5033
5.0,3.3,3.2,1.3,3.8,21.3,16.9,17.7,11.0,-0.1376,0.5197,-0.1952,0.4688,0.5401,0.3381,-0.0229,-0.1233
5.0,4.9,2.2,4.5,2.3,18.4,8.9,19.0,37.5,-0.3336,0.916,0.0323,0.0152,-0.0249,-0.0138,0.0462,0.0266
5.0,2.5,1.3,4.9,3.6,11.9,5.1,10.1,26.1,0.3964,0.7022,0.1843,0.3654,0.3519,-0.1871,0.038,-0.0208
5.0,3.4,1.6,2.3,1.1,9.7,12.7,33.6,38.8,-0.0375,0.9795,0.1624,0.0189,0.0365,0.0129,-0.0312,-0.008
5.0,4.7,4.6,1.3,4.8,6.9,13.5,26.7,15.5,-0.0476,0.6696,-0.3755,0.3773,-0.1995,-0.3158,-0.2913,0.0351
5.0,1.8,2.7,4.7,1.8,7.3,5.7,14.4,19.8,-0.3454,0.3339,0.6581,0.1898,0.0656,-0.4154,0.1401,0.1906
5.0,1.0,2.8,1.5,2.8,21.5,18.0,27.8,30.9,0.3753,0.1549,0.4232,0.1198,-0.3262,0.5728,0.2913,-0.2948
5.0,4.6,2.8,3.4,4.9,7.5,16.1,6.8,42.2,-0.4167,-0.0074,-0.1715,-0.1351,-0.0479,0.1652,-0.0785,0.843
5.0,2.2,3.8,3.1,3.1,9.1,18.6,17.7,14.0,-0.2673,0.9512,-0.0348,-0.0459,0.0188,0.0423,0.0854,0.0281
5.0,4.7,3.9,3.5,2.7,17.2,18.3,31.3,28.4,0.3659,-0.0956,0.4205,0.0791,-0.3545,0.6118,0.3308,0.1692
5.0,2.7,2.8,4.0,2.0,3.5,9.8,40.6,18.4,0.2297,0.8476,-0.218,0.0306,-0.3182,0.0576,0.1229,-0.1259
5.0,1.3,1.8,1.6,3.9,15.2,15.1,17.2,39.5,0.1636,0.6343,-0.0964,-0.3189,-0.4552,0.1021,-0.4602,0.097
5.0,4.5,1.7,3.1,1.3,19.0,17.5,4.6,4.6,0.2147,0.3639,-0.3627,-0.2873,-0.4255,-0.2606,-0.0961,-0.5817
5.0,1.5,1.3,3.4,2.3,16.6,4.8,29.1,18.3,-0.2408,0.4439,-0.232,0.4514,-0.5266,-0.0273,0.438,-0.0122
5.0,4.2,2.9,4.5,1.5,5.9,12.7,42.4,5.2,-0.356,0.5886,-0.1234,-0.0493,-0.16,-0.0417,-0.5687,-0.3732
5.0,1.4,4.9,4.7,4.3,12.2,3.3,24.2,17.6,-0.3547,0.0962,-0.2784,0.0427,-0.2312,-0.8052,0.1462,0.0015
5.0,1.9,4.2,4.1,4.6,20.4,8.0,30.4,37.6,-0.2368,0.9423,-0.1102,-0.0662,-0.0291,-0.033,-0.0126,-0.0116
5.0,1.9,4.3,4.8,4.5,2.9,12.7,14.3,29.6,-0.4388,-0.0045,0.5971,0.0866,0.0673,-0.5232,-0.0164,0.3773
5.0,3.4,3.5,1.9,3.1,2.8,11.0,9.1,27.0,0.0454,0.1219,0.0822,0.1973,0.2169,-0.0766,-0.8786,0.3051
5.0,3.8,2.7,3.7,1.9,17.3,13.7,37.2,18.6,-0.0518,0.612,-0.2615,0.2899,-0.4241,0.2059,0.4091,-0.2468
5.0,2.9,3.9,3.1,2.2,16.0,5.5,4.4,31.4,0.3984,0.0535,0.1559,-0.2028,0.234,-0.2588,-0.1371,-0.7808
5.0,1.3,4.7,2.4,3.5,6.0,18.4,23.6,39.5,-0.1082,0.5376,-0.1757,-0.3603,0.3391,0.3101,0.3829,0.3967
5.0,4.8,3.2,2.0,2.4,12.5,18.3,21.0,7.3,0.6835,0.3682,-0.0162,-0.2476,-0.0303,0.3023,0.1942,-0.3002
5.0,1.5,3.4,1.7,4.8,9.9,9.7,21.6,36.7,0.1827,0.9742,0.0546,-0.009,-0.0353,0.0036,0.0582,-0.0078
5.0,4.8,3.2,4.3,1.5,12.8,21.5,25.2,36.0,0.4609,0.3881,0.2698,0.0147,-0.5022,0.305,-0.055,0.4167
5.0,2.0,4.1,1.4,2.3,21.5,13.2,29.3,20.0,0.6351,0.364,-0.2508,0.4586,-0.0107,-0.2453,-0.0003,0.3206
5.0,4.0,3.8,1.7,3.2,8.7,13.1,33.5,34.9,0.0464,0.9874,-0.0059,-0.0751,0.0494,-0.0527,-0.0567,-0.0017
5.0,2.2,3.3,4.9,3.3,20.8,14.0,16.2,14.1,-0.4909,0.3683,-0.4119,0.0994,0.5385,0.045,-0.221,0.3011
5.0,4.4,2.6,4.0,1.8,17.2,7.0,27.6,12.0,0.0156,-0.0441,-0.1359,0.0038,-0.1192,-0.2677,0.7401,0.567
5.0,3.2,2.8,3.9,3.2,17.2,5.9,31.3,43.9,0.4593,-0.0285,-0.4711,-0.0318,0.0245,-0.5054,0.0599,0.4933
5.0,2.0,4.3,2.6,1.5,20.2,16.1,22.3,35.1,0.0713,0.5599,0.4109,-0.1987,-0.4151,0.2009,0.3526,0.337
5.0,1.4,1.8,4.1,1.8,8.6,8.3,27.8,6.0,-0.8458,0.3659,0.0024,0.0378,-0.0071,0.027,-0.1301,-0.3248
5.0,1.3,1.9,4.1,3.5,3.3,12.8,21.5,38.7,-0.0656,0.3808,0.0776,-0.4616,-0.1279,0.4722,0.0117,0.6057
5.0,4.8,2.8,2.9,1.8,20.2,18.9,27.4,42.2,0.2134,0.4156,-0.2659,-0.383,0.5066,0.1444,0.4537,0.2326
5.0,2.1,4.1,2.8,3.1,14.6,19.7,33.4,19.5,-0.0288,0.5766,-0.0164,0.4816,-0.4895,0.0576,0.4142,-0.0393
5.0,1.1,4.2,2.0,2.0,7.3,4.5,23.4,18.6,-0.5445,0.3134,-0.0062,-0.0423,-0.4179,-0.3033,-0.0686,-0.4104
5.0,4.8,1.3,2.9,2.6,13.3,15.7,32.4,36.9,0.2514,0.3898,0.5784,-0.427,0.0539,0.3416,-0.0371,0.3381
5.0,1.8,1.0,4.8,2.5,7.9,18.2,23.4,28.7,-0.0163,0.4423,-0.0089,-0.0805,-0.0759,0.1486,0.8585,0.0336
5.0,1.6,1.8,4.3,3.2,3.9,14.2,38.7,11.1,-0.4057,0.4256,-0.4302,0.0043,-0.4421,-0.0011,-0.0602,-0.5044
5.0,1.7,4.0,3.3,3.7,7.1,8.7,25.0,8.5,-0.0146,0.4664,0.013,-0.0081,0.027,0.0026,0.8713,0.0151
5.0,4.9,2.8,4.1,2.6,21.1,13.8,43.0,38.2,-0.0789,0.3518,0.2043,-0.4312,-0.1641,-0.4858,-0.2053,-0.5512
5.0,2.0,4.0,2.1,1.6,3.0,6.3,11.2,6.1,-0.0765,0.0003,-0.2288,0.1214,0.3854,0.1818,-0.855,-0.0221
5.0,4.4,2.5,1.0,1.1,8.1,9.1,29.9,25.3,0.1377,0.9794,-0.0083,0.0009,-0.0032,-0.0002,-0.0996,0.0119
5.0,1.1,3.1,1.3,2.9,16.2,6.2,18.5,27.9,0.1076,0.6389,0.1204,-0.1082,-0.3373,0.0505,-0.6163,0.1635
5.0,3.8,1.7,4.5,1.6,16.5,11.3,37.6,27.9,-0.0584,0.1031,-0.0468,0.2956,-0.0074,0.3267,0.5744,-0.6543
5.0,2.4,5.0,4.9,2.4,3.7,2.0,12.7,4.7,-0.2974,-0.1573,-0.2437,-0.1087,0.2451,0.523,-0.5857,0.3583
5.0,4.6,1.3,4.2,3.9,9.7,10.1,10.1,7.4,-0.1118,0.9765,0.1463,0.0038,0.0076,-0.0036,0.0127,0.0002
5.0,1.6,4.8,2.4,2.0,2.8,5.7,11.5,41.3,0.3289,0.5357,-0.5365,-0.3148,-0.0663,0.3889,0.0587,0.1102
5.0,2.1,2.4,3.7,2.5,16.3,19.8,11.2,32.3,-0.2271,-0.1119,0.3728,-0.0143,-0.3529,-0.601,-0.5342,-0.0217
5.0,4.5,1.9,1.5,1.4,6.7,16.7,28.4,11.8,-0.5121,0.5143,-0.2086,0.1466,-0.2015,-0.2176,-0.357,-0.399
5.0,2.7,3.6,4.6,4.2,3.7,19.5,4.1,25.7,0.0062,0.4416,0.4356,-0.0011,0.5109,-0.0255,-0.2919,-0.5066
5.0,3.4,2.5,3.8,1.2,17.6,2.9,15.2,36.9,-0.3422,0.1667,0.3356,-0.3143,-0.4676,0.1714,-0.4109,0.4511
5.0,3.8,4.3,3.9,2.0,6.6,6.6,21.0,33.8,-0.4836,0.7242,-0.03,-0.0554,0.0299,0.0554,0.3912,0.2663
5.0,1.6,1.9,2.2,2.5,19.7,3.1,9.6,16.7,-0.2019,0.3735,-0.2286,0.4665,0.5676,0.1455,-0.4335,-0.0691
5.0,1.2,2.0,4.0,3.9,21.1,15.4,5.7,27.4,0.0788,0.4806,0.3698,0.1554,0.5391,0.0621,-0.3921,-0.3752
5.0,2.2,3.2,4.3,1.8,17.4,7.0,30.3,40.7,0.3254,0.721,-0.3904,-0.2647,0.0679,-0.2257,-0.1459,0.0425
5.0,3.5,4.4,2.5,1.6,14.8,10.6,34.9,24.1,0.6242,0.0008,-0.1195,0.2263,-0.0217,-0.1525,0.0868,0.6729
5.0,2.3,1.6,4.2,4.5,3.6,4.3,30.6,24.7,0.195,-0.0936,0.5282,0.1789,-0.3134,0.6758,0.2353,-0.0174
5.0,3.5,2.1,3.1,4.8,11.9,13.5,29.7,32.8,0.076,0.5223,0.6012,0.3661,-0.0222,0.3683,-0.0802,-0.2332
5.0,3.3,4.4,3.3,2.9,13.3,6.0,40.2,28.3,0.3965,0.7658,0.1926,0.0092,0.1914,0.0095,0.3343,-0.2233
5.0,3.6,2.6,2.4,3.7,16.8,8.6,30.3,20.1,0.2893,0.9418,0.101,0.0085,0.0212,0.0099,-0.0061,-0.0003
5.0,2.3,4.5,4.7,3.9,9.7,11.6,21.3,14.9,-0.2477,0.8721,-0.2014,-0.1552,0.2145,0.1555,0.134,0.1159
5.0,4.0,4.3,4.2,2.3,11.0,4.7,41.8,19.1,-0.4442,0.582,-0.1308,0.2798,0.1753,0.4504,0.1279,0.0031
5.0,3.9,4.2,1.2,2.3,13.3,14.8,31.8,21.9,0.6534,0.6941,-0.1788,0.1968,0.036,-0.0702,-0.0311,0.06
5.0,4.5,4.0,4.7,2.2,11.1,20.7,41.3,27.7,0.0259,0.9493,0.0909,0.1675,0.1075,0.1664,0.082,-0.0427
5.0,3.8,1.2,3.7,4.8,22.0,13.7,11.8,4.3,0.0443,0.1664,-0.1986,-0.5139,-0.4196,0.2229,-0.5509,0.3507
5.0,1.4,2.2,1.4,2.1,20.4,9.4,32.9,34.4,-0.5714,0.1904,0.0177,0.0138,0.0062,0.0144,-0.2034,-0.7267
5.0,4.8,4.8,1.8,4.9,15.6,8.0,10.8,8.6,0.8662,0.3717,-0.1213,0.0715,0.004,0.0324,0.0996,-0.2486
5.0,4.7,2.5,1.7,4.9,15.0,12.9,42.4,9.3,0.1563,0.4226,-0.273,-0.4015,-0.283,-0.4013,-0.201,-0.4995
5.0,3.7,4.3,2.4,1.8,10.4,13.2,19.4,13.9,0.209,0.9138,0.0277,-0.1802,-0.195,0.1687,-0.0645,0.0563
5.0,1.3,3.3,1.5,1.9,3.6,2.5,26.3,15.3,-0.2788,-0.0057,-0.2301,0.0937,-0.5195,-0.6623,0.2548,-0.213
5.0,4.4,1.5,1.8,2.9,6.3,20.4,7.7,18.6,0.1169,0.4993,-0.0366,0.4041,0.4076,-0.2819,-0.4199,0.3652
5.0,2.7,2.7,2.1,1.4,20.6,17.9,41.5,8.8,0.024,0.3345,-0.443,-0.1035,-0.447,-0.1016,-0.2719,-0.6109
5.0,4.4,4.5,5.0,3.0,19.9,18.8,40.0,41.0,-0.1429,0.4687,-0.2336,-0.4281,-0.234,-0.4285,0.0339,-0.506
5.0,3.6,4.6,4.8,1.2,5.9,13.9,5.2,43.1,-0.2031,0.4932,-0.1124,-0.0858,-0.195,-0.0606,-0.7217,-0.3507
5.0,3.6,1.7,2.9,2.6,2.7,16.3,43.9,24.6,0.076,0.4125,0.337,0.2243,0.4647,0.1357,-0.5264,-0.3559
5.0,1.5,3.8,3.4,1.3,18.8,2.3,19.7,34.6,-0.2354,0.2499,0.2693,-0.2856,-0.269,0.2853,0.1113,0.7371
5.0,3.6,1.6,2.4,2.2,2.2,7.8,15.5,29.6,-0.1501,-0.0048,0.1205,-0.2204,-0.208,0.1694,-0.4724,0.7735
5.0,5.0,3.0,2.3,3.4,14.4,2.7,9.0,20.3,0.1804,0.5721,0.0091,0.5606,0.3685,0.2661,-0.2665,-0.1868
5.0,2.3,1.7,3.0,2.2,10.9,16.8,26.5,41.5,0.1517,0.8361,0.2771,-0.3322,-0.0363,0.2432,-0.0158,0.1142
5.0,4.8,3.2,1.5,2.9,12.1,17.7,43.0,6.3,0.4943,0.7934,0.0648,-0.217,0.0632,-0.2117,0.0569,-0.0967
5.0,4.3,1.0,2.2,1.9,16.4,4.2,24.9,5.4,0.4732,0.6388,-0.3008,-0.2136,0.4034,0.1292,0.047,0.1992
5.0,3.6,2.1,3.6,2.9,9.5,15.1,28.3,9.9,-0.1952,0.9508,0.0377,-0.1535,0.1312,0.0611,0.001,0.0036
5.0,4.4,1.5,3.6,3.4,12.9,20.6,25.7,21.7,0.1374,0.6966,-0.0592,0.4815,-0.1986,-0.3765,0.1258,0.2216
5.0,3.3,2.4,4.2,4.1,15.3,18.3,31.6,33.6,-0.2719,0.1,0.4868,-0.3065,0.4387,0.4678,0.3228,0.1977
5.0,4.3,2.4,1.4,2.0,7.6,15.4,26.7,13.5,-0.3814,0.6795,-0.1873,0.1557,-0.1672,-0.1755,-0.4073,-0.2589
5.0,2.1,4.3,3.7,1.8,12.4,10.5,25.2,24.3,0.5264,0.754,-0.1915,0.0727,0.0604,-0.0547,-0.2244,0.1839
5.0,4.6,3.3,1.7,1.5,11.1,6.5,17.1,34.8,0.444,0.8806,0.1179,-0.0088,-0.0364,-0.0111,0.0168,-0.0046
5.0,3.1,3.3,1.5,3.8,18.9,17.9,30.8,5.6,0.3182,0.3919,-0.3058,-0.3447,0.4545,-0.2275,0.458,-0.2183
5.0,4.3,3.9,2.7,2.1,14.0,15.6,12.7,43.1,0.3559,0.4819,-0.0202,-0.5682,-0.2864,-0.3249,-0.1962,-0.2608
5.0,1.4,2.4,3.2,2.2,9.0,8.5,39.8,5.1,-0.282,0.9121,0.0015,0.0013,0.0015,0.0013,-0.2548,-0.0777
5.0,1.0,1.1,3.4,3.8,15.3,18.9,19.3,17.6,-0.1143,0.5351,-0.2878,0.3697,0.3809,-0.3311,-0.2603,0.3819
5.0,1.7,3.8,4.4,2.9,5.5,12.4,36.0,19.3,-0.2189,0.2054,-0.048,0.4796,-0.2311,0.3756,0.3602,-0.5743
5.0,4.5,2.3,2.0,3.5,21.0,20.4,40.3,36.7,0.0927,0.5002,0.068,-0.4803,0.1064,-0.4831,-0.0192,-0.4854
5.0,1.7,4.8,1.3,2.2,12.4,16.0,12.0,39.2,0.5528,0.7098,0.2856,-0.2689,0.038,-0.0977,0.0509,-0.0941
5.0,2.6,5.0,3.1,4.0,11.3,9.2,13.8,5.1,0.3835,0.9106,0.0827,-0.0132,0.0022,-0.0043,0.0465,-0.0217
5.0,1.6,1.1,1.1,4.6,12.6,15.0,12.0,6.0,0.4295,0.4061,-0.2008,-0.5201,-0.3934,-0.2198,-0.3005,-0.1689
5.0,5.0,1.4,2.0,1.7,9.1,4.2,8.3,28.3,-0.0751,0.9881,-0.0039,0.0225,0.0248,-0.0075,0.0843,0.0081
5.0,2.0,3.3,3.1,3.5,12.1,19.5,8.7,29.3,0.45,0.59,0.2675,0.3295,0.4486,-0.1886,-0.1165,-0.0105
5.0,2.3,3.8,4.0,2.0,2.2,15.0,24.6,25.3,0.0132,0.2733,0.2714,0.2034,-0.409,-0.1183,0.6302,0.4629
5.0,1.2,1.4,2.3,2.1,13.4,6.2,9.9,39.1,-0.027,0.5903,0.0223,-0.4887,-0.4852,0.059,-0.3822,0.0445
5.0,2.7,1.6,2.2,4.0,18.8,17.4,38.7,26.4,-0.2145,0.1582,0.2351,-0.0314,0.4525,0.7343,0.1469,-0.1574
5.0,3.2,4.8,3.1,4.6,6.0,4.0,4.8,8.3,-0.0504,0.4582,0.0139,0.2996,-0.064,0.3601,-0.6766,-0.3113
5.0,1.1,2.9,1.0,2.7,15.8,4.4,13.6,15.8,0.0328,0.3532,0.0498,0.4567,0.5146,-0.0064,-0.6116,-0.0247
5.0,4.7,1.4,1.9,2.0,3.2,14.2,18.3,16.0,-0.0751,0.707,-0.2743,0.2968,0.4034,-0.2739,-0.0987,0.2646
5.0,1.8,3.1,2.1,3.8,4.9,17.4,17.1,30.3,-0.3922,0.5845,0.26,-0.1713,-0.5811,-0.0964,-0.0492,0.1982
5.0,2.5,4.7,2.0,2.6,11.6,18.1,29.7,18.7,0.3539,0.77,-0.4069,0.2652,0.0415,-0.1163,-0.0817,0.1017
5.0,2.8,4.0,3.3,1.7,18.7,19.1,29.3,12.9,-0.0742,-0.2007,-0.2016,-0.0196,-0.0723,-0.6611,0.6593,-0.0945
5.0,1.4,2.3,2.4,4.1,20.0,15.7,30.6,36.6,0.0199,0.35,0.2981,-0.6052,0.3319,0.3534,0.231,0.3249
5.0,2.9,1.7,3.9,1.7,14.7,17.6,19.0,9.0,0.0712,0.4754,-0.3017,-0.2845,0.31,0.2879,-0.4559,0.4413
5.0,3.5,2.3,1.3,3.8,21.1,5.6,22.7,28.0,0.5412,0.5767,0.3207,-0.2058,-0.3244,0.2087,0.0093,0.2517
5.0,3.7,4.5,4.1,1.1,9.5,7.0,29.8,36.8,-0.3778,0.9066,0.0737,0.0898,0.0179,0.0567,-0.0209,-0.0172
5.0,1.3,2.8,2.2,3.9,15.6,13.0,8.0,10.5,0.2023,0.4101,-0.2628,-0.2822,-0.4882,0.0993,-0.614,0.0563
5.0,4.4,3.6,2.8,1.6,16.7,15.6,42.0,31.6,0.0929,0.3813,0.418,0.2291,0.4221,0.2276,-0.0607,-0.5975
5.0,1.8,3.6,2.3,1.0,13.5,3.1,7.0,25.8,0.6036,0.6374,0.2186,0.1476,0.3389,0.0181,0.0444,-0.1672
5.0,1.7,2.6,1.5,3.7,18.1,12.2,16.3,6.9,0.2279,0.309,-0.1707,-0.2779,-0.3036,0.2729,-0.5622,0.4939
5.0,4.7,4.9,1.5,1.8,3.0,13.5,13.1,43.9,0.0733,0.1115,-0.1643,-0.2407,-0.2484,0.1751,-0.7191,0.5095
5.0,2.6,3.9,4.0,2.4,10.1,21.7,30.3,30.9,-0.0285,0.9386,0.0643,0.2495,-0.1201,0.1356,0.0209,-0.0275
5.0,1.5,3.3,3.8,2.4,20.2,21.2,26.5,9.6,0.1481,-0.0332,-0.1295,0.1032,0.2682,-0.5037,0.671,0.3881
5.0,4.3,2.7,5.0,3.9,19.6,21.4,21.3,30.3,-0.1162,0.2777,0.356,-0.2401,-0.3603,0.2402,0.0738,0.7155
5.0,4.3,2.5,4.5,3.8,3.3,16.7,20.0,36.6,-0.3105,0.4277,0.0643,-0.4478,-0.0811,0.4431,0.0793,0.5405
5.0,2.6,4.8,1.7,4.7,2.1,18.6,14.3,21.4,0.1656,0.4126,0.1993,0.4587,0.3481,-0.3478,-0.3892,0.378
5.0,2.2,2.1,3.3,3.1,12.2,21.4,20.1,4.2,0.0337,0.7665,-0.0599,-0.3933,0.0808,0.398,-0.1616,0.2157
5.0,3.9,2.3,1.3,3.8,16.4,11.2,19.4,39.8,0.1297,0.5714,-0.2027,-0.2518,-0.3994,-0.0945,-0.5357,-0.1205
5.0,2.3,2.7,4.5,3.7,20.9,16.3,10.2,24.1,0.1946,0.1955,0.3058,0.4234,0.5558,-0.1965,-0.5267,0.083
5.0,3.8,2.6,2.1,3.7,2.8,7.3,17.1,34.1,-0.4799,0.509,-0.1689,-0.2816,0.077,0.2666,0.297,0.465
5.0,4.9,3.9,2.4,3.2,21.5,3.8,20.0,21.2,0.1596,0.5252,0.5219,0.1981,-0.1653,-0.393,0.3424,0.1698
5.0,1.3,2.1,3.4,2.3,8.3,16.9,33.0,13.5,-0.6843,0.5867,-0.1357,0.1884,-0.2114,0.1086,-0.1157,-0.2228
5.0,2.4,3.6,2.0,4.3,15.5,9.1,23.8,25.0,0.677,0.6582,-0.0235,-0.0195,0.0172,-0.0486,-0.2043,0.2145
5.0,2.6,1.8,4.7,2.9,17.5,3.0,32.5,37.4,-0.3323,0.3439,0.232,-0.4845,0.4479,-0.2243,0.3672,-0.2729
5.0,1.7,3.0,4.6,1.0,2.7,4.3,16.1,31.9,-0.5433,-0.0521,0.1711,-0.1434,-0.1976,0.115,-0.1692,0.7479
5.0,1.8,2.6,2.4,3.9,18.3,11.2,14.8,32.1,-0.4382,0.4611,0.522,0.1849,-0.0798,-0.231,0.2057,0.393
5.0,3.0,4.1,4.1,2.5,16.0,7.9,23.0,9.3,0.2761,-0.0087,-0.0191,0.052,0.044,-0.0644,0.0645,0.9417
5.0,4.5,2.2,3.5,1.7,13.1,10.8,18.6,42.3,-0.0458,0.7798,-0.0459,-0.1378,-0.3068,-0.0588,-0.4731,-0.0718
5.0,3.8,4.3,3.1,3.6,17.4,17.8,13.0,22.8,0.1951,0.4251,0.2189,0.4827,0.4909,-0.1626,-0.4441,0.1359
5.0,4.8,4.2,4.7,1.7,4.4,10.0,34.8,24.7,-0.6525,-0.1031,0.0409,0.1167,-0.0152,0.0783,0.1317,-0.7119
5.0,3.7,3.4,4.4,4.0,4.7,13.8,34.6,39.9,-0.3547,0.1222,-0.2246,-0.4834,0.1179,-0.3436,0.1957,-0.6171
5.0,3.0,2.6,3.3,1.5,6.6,21.8,25.7,16.1,-0.2813,0.0126,-0.178,-0.1682,-0.3131,-0.4194,0.4755,-0.5684
5.0,4.0,3.7,3.6,2.2,7.8,20.6,42.9,24.6,0.0183,0.7109,0.0186,-0.0691,0.0533,-0.0947,-0.6607,0.0275
5.0,2.0,3.8,3.8,4.6,5.1,4.3,19.7,9.1,-0.3176,0.2734,-0.3125,0.2961,0.3449,-0.2845,-0.0491,0.6517
5.0,2.9,3.8,3.4,1.2,16.7,13.3,32.3,11.4,0.0874,-0.025,-0.3053,-0.1554,0.4009,-0.338,0.7192,-0.2361
5.0,3.1,3.6,4.3,3.9,13.0,13.8,28.8,16.8,0.0679,0.4873,-0.6944,0.2771,0.0125,-0.33,-0.1295,0.2286
5.0,1.8,4.8,2.5,3.0,4.6,20.6,29.7,23.9,0.2492,0.1609,0.4162,0.3054,-0.4413,0.3998,0.4273,-0.2862
5.0,4.1,2.3,4.3,2.2,7.9,5.8,29.3,13.8,-0.7755,0.5414,-0.0133,0.0947,-0.0386,0.0662,-0.1499,-0.2334
5.0,2.6,2.9,4.8,2.5,11.8,17.9,29.0,40.4,-0.0887,0.6658,0.1057,-0.4908,0.3613,0.2534,0.227,0.1638
5.0,4.2,3.3,4.1,5.0,6.4,2.6,14.6,5.4,-0.6868,0.3301,-0.289,0.1507,0.4072,0.2075,0.0198,0.3052
5.0,1.6,3.4,4.2,1.4,18.6,18.7,6.2,13.4,0.0555,0.0647,-0.0476,0.1367,-0.2281,0.4078,-0.791,-0.338
5.0,2.8,1.7,3.8,4.1,8.5,11.1,32.0,29.2,-0.5415,0.8215,0.0407,-0.0095,-0.0033,0.0142,-0.1105,-0.0748
5.0,3.3,4.8,2.3,4.1,19.7,12.2,17.9,29.9,-0.3924,0.4018,0.4328,0.1776,-0.1074,-0.261,0.2849,0.5268
5.0,3.7,3.6,1.6,3.2,14.9,11.2,4.4,29.4,0.6902,0.1942,-0.0869,0.2764,-0.0154,0.2259,0.0487,-0.564
5.0,2.1,3.6,2.0,4.4,6.2,5.0,4.9,9.4,0.0749,0.3779,0.0659,0.3661,-0.018,0.4572,-0.6214,-0.3252
5.0,4.7,3.0,4.8,2.7,14.0,19.8,7.0,36.2,-0.1024,0.114,0.5707,-0.191,-0.1694,-0.6499,-0.111,-0.3405
5.0,3.7,3.2,3.8,2.8,4.8,13.9,23.4,6.8,-0.1503,0.5141,-0.2392,-0.0788,0.319,0.0405,0.646,0.3397
5.0,4.6,2.0,4.6,4.6,20.6,4.7,37.9,23.1,-0.2814,0.4742,0.2939,0.2288,0.4485,0.3848,0.328,-0.2596
5.0,1.9,4.4,2.2,2.6,19.7,19.7,37.0,42.8,0.2277,0.3294,-0.4202,-0.3205,0.1891,-0.5713,0.1105,-0.3806
5.0,3.8,3.3,1.3,3.8,20.0,9.3,23.2,44.0,0.7861,0.3997,0.007,-0.0106,-0.0142,0.0229,-0.1863,0.3939
5.0,3.1,2.1,2.6,1.4,9.9,16.1,9.5,12.1,-0.0107,0.979,0.0033,-0.1258,-0.1175,-0.0228,-0.0088,-0.0019
5.0,1.4,2.6,2.8,3.3,7.9,21.5,34.9,29.7,-0.5854,0.5881,0.1806,-0.243,0.2879,-0.1637,-0.1196,-0.2802
5.0,3.5,2.9,3.9,3.8,11.6,7.0,22.0,7.7,0.2686,0.9276,-0.1144,-0.0404,0.1344,0.0364,-0.1342,0.0586
5.0,1.0,2.5,2.3,3.7,16.0,6.6,19.6,22.7,0.4016,0.3057,0.4379,-0.1166,-0.1342,-0.3685,0.2313,-0.4452
5.0,3.4,1.3,1.6,4.2,11.8,19.9,27.8,29.3,0.4747,0.7387,0.1699,0.201,-0.3451,0.0853,0.1393,-0.0343
5.0,1.9,4.1,1.6,4.0,18.0,20.6,33.1,14.7,0.0464,0.2574,-0.248,0.6234,-0.4279,-0.3059,0.2864,0.3049
5.0,2.7,3.6,2.6,3.6,17.8,15.3,15.3,14.6,-0.2826,0.3932,-0.2982,0.425,0.5357,0.3362,-0.2387,-0.1362
5.0,1.5,3.0,3.1,1.4,19.0,18.0,19.7,5.8,0.0564,0.2993,-0.3065,-0.3218,0.3072,0.3222,-0.1307,0.6927
5.0,2.5,4.5,3.7,1.8,4.0,16.1,41.7,4.8,-0.1915,0.3583,-0.303,-0.1529,-0.3187,-0.1487,-0.4828,-0.5867
5.0,5.0,1.2,1.7,4.4,12.6,10.6,30.0,36.6,0.2705,0.915,0.2562,-0.0657,0.0332,0.0056,-0.0469,0.0037
5.0,1.5,4.9,4.7,4.0,11.7,15.9,16.8,43.1,0.0944,0.6213,-0.104,-0.4433,-0.46,0.2438,-0.282,0.14
5.0,1.6,3.5,2.8,1.6,15.3,8.6,40.1,35.8,-0.413,0.4316,-0.0129,-0.0273,-0.014,-0.0272,-0.5425,-0.5496
5.0,2.3,2.0,1.6,2.0,3.0,21.8,20.6,8.4,0.1032,0.532,-0.4798,0.0998,0.4799,-0.0997,0.1967,0.4163
5.0,2.6,4.5,2.0,3.3,17.6,16.7,13.3,35.0,0.0509,0.3757,0.4405,-0.582,-0.2732,-0.38,-0.0614,-0.2687
5.0,4.8,3.5,2.0,1.3,15.6,4.5,28.3,4.3,0.6006,0.681,-0.1827,-0.1645,0.2995,-0.1081,-0.0013,0.0562
5.0,5.0,4.6,3.2,2.1,6.3,14.5,19.2,35.0,-0.4316,0.7206,0.1846,-0.2507,-0.2475,0.2262,0.139,0.2297
5.0,3.0,3.7,3.0,2.6,10.5,14.4,33.2,43.3,0.1259,0.8861,0.2205,-0.2986,-0.0065,0.1966,-0.0032,0.0712
5.0,2.5,1.1,4.9,3.9,15.6,19.7,10.4,43.3,0.2858,0.4654,-0.2159,-0.4659,-0.5652,0.1011,-0.2864,0.009
5.0,2.9,2.2,3.5,1.4,11.8,11.0,31.3,7.8,0.5632,0.6382,0.2629,-0.2352,-0.0858,0.1685,-0.1538,0.2467
5.0,3.2,4.4,4.2,4.5,21.2,12.2,36.0,13.3,-0.5395,0.4054,-0.3177,0.2168,-0.4471,-0.4054,0.0542,-0.0505
5.0,2.4,1.6,1.4,4.5,3.9,19.3,33.6,29.5,0.0303,0.504,0.6691,-0.3138,0.1523,0.3113,-0.2295,0.0047
5.0,4.0,4.6,1.3,3.9,18.0,17.1,19.0,27.9,0.1384,0.3463,0.6281,-0.0136,-0.2007,-0.4965,0.3018,0.2259
5.0,2.0,2.2,4.1,1.8,2.0,21.4,36.8,4.5,-0.1832,0.2707,-0.3732,-0.2325,-0.4159,-0.262,0.3362,-0.5719
5.0,4.9,3.3,1.9,4.9,14.6,16.8,32.1,42.5,0.2982,0.458,-0.1436,-0.5508,0.4188,0.1896,0.3386,0.1524
5.0,4.6,2.7,4.7,1.3,6.9,16.4,29.0,34.2,-0.7597,0.022,0.1784,-0.0083,0.2174,0.1199,0.0435,-0.5529
5.0,3.8,3.2,3.3,2.6,19.7,17.7,40.0,4.2,-0.0171,0.3972,-0.2659,-0.4048,-0.2663,-0.4054,0.0395,-0.5913
5.0,4.4,3.9,3.3,4.7,21.8,21.2,36.9,24.5,-0.3583,0.1492,0.3277,-0.0725,0.4871,0.6128,0.2379,-0.1102
5.0,3.4,1.9,1.6,1.3,14.5,14.3,14.8,11.7,0.6053,0.2438,-0.3655,-0.0995,-0.4532,0.3989,-0.2081,-0.0122
5.0,3.9,4.8,3.6,3.9,16.7,3.9,26.4,9.6,0.5529,0.0625,-0.2652,0.0398,0.4122,-0.4403,0.1829,0.4448
5.0,3.1,2.4,4.3,4.5,3.1,4.2,23.8,42.4,0.1656,0.5921,-0.4026,-0.1545,0.507,0.1158,0.1821,0.3308
5.0,2.2,3.7,4.5,1.6,20.5,8.6,33.8,43.2,0.0168,0.0716,0.0014,-0.0034,0.0034,-0.0022,0.9216,-0.3225
5.0,3.5,4.2,4.1,3.0,16.1,10.4,35.8,41.8,-0.0044,0.4377,0.0393,-0.1914,0.2813,-0.0058,0.8073,-0.0133
5.0,3.3,3.0,3.3,4.5,14.5,15.9,31.7,25.8,0.2646,0.4415,0.2585,0.4741,-0.5026,0.1576,0.3681,-0.0964
5.0,4.9,1.7,4.6,1.8,6.8,13.9,32.5,38.7,-0.7405,0.2982,-0.1706,-0.3221,-0.0127,-0.2037,-0.0665,-0.4082
5.0,1.7,3.6,2.7,2.0,3.6,10.2,24.5,16.5,0.0503,0.1973,-0.0723,-0.3359,0.2221,-0.2803,0.5141,-0.625
5.0,2.6,3.6,3.0,3.0,20.0,5.0,30.3,41.6,0.3175,0.5001,-0.4019,-0.4423,0.2788,-0.3834,0.0816,-0.159
5.0,2.6,4.8,4.9,3.8,9.3,12.4,37.2,10.5,-0.3319,0.9074,0.0855,-0.1064,0.1764,-0.0434,0.0045,-0.0228
5.0,4.3,3.8,3.2,1.2,15.2,8.4,22.5,13.5,0.3285,0.1067,-0.0205,0.0287,0.0216,-0.0289,-0.2584,0.8854
5.0,4.0,2.3,4.0,2.0,18.0,5.7,34.7,33.8,-0.2596,-0.0052,0.2739,-0.2243,0.3604,-0.1329,0.5292,-0.5923
5.0,3.5,3.7,3.0,4.3,21.7,21.5,39.6,32.9,-0.1205,0.4517,0.26,-0.4011,0.2879,-0.397,-0.0268,-0.5355
5.0,2.6,1.4,4.2,4.5,16.6,14.1,27.2,42.5,0.0956,0.4523,-0.0952,-0.475,0.4287,0.2718,0.4339,0.2881
5.0,4.5,1.7,4.9,4.6,4.0,10.9,40.6,25.4,-0.4262,0.4469,0.1867,0.1923,0.1859,0.1917,-0.4022,-0.5429
5.0,3.1,4.3,2.8,2.0,6.7,12.8,27.9,26.9,-0.4509,-0.0843,0.1507,0.1463,-0.0461,0.1338,0.205,-0.8065
5.0,3.6,1.9,1.8,4.8,6.3,18.7,35.6,26.8,-0.2257,0.6816,0.4547,-0.3312,0.138,0.2758,-0.2264,-0.031
5.0,1.9,4.8,1.8,4.5,19.3,15.5,28.9,4.5,0.1885,0.2808,-0.2043,-0.4664,0.4422,0.179,0.5627,0.2527
5.0,4.3,2.3,3.2,3.0,17.9,18.0,26.9,24.6,0.3092,0.4417,0.2977,0.3692,-0.5279,-0.1234,0.3524,0.2165
5.0,2.8,3.5,1.9,4.7,12.8,21.2,29.6,41.2,0.2645,0.6097,-0.1092,-0.5026,0.3893,0.1968,0.2524,0.1307
5.0,4.8,1.8,1.8,4.8,17.7,4.2,41.6,17.8,0.2678,0.5109,-0.0888,0.4612,-0.1176,0.4657,-0.0034,-0.4433
5.0,3.6,4.5,4.9,4.7,8.7,7.8,8.4,18.0,-0.6408,0.7386,0.0248,0.0664,-0.0013,-0.0476,0.1163,0.1081
5.0,3.2,2.7,4.8,1.2,15.1,9.0,35.2,17.0,-0.8193,0.3206,-0.0335,-0.0635,-0.0121,-0.0484,-0.1409,-0.4035
5.0,2.7,3.4,3.6,4.7,10.6,3.8,41.1,33.3,0.136,0.8758,0.2875,0.0273,0.2873,0.0272,0.1226,-0.1148
5.0,4.7,3.0,4.5,1.6,3.0,7.1,11.1,7.1,-0.0661,-0.126,-0.141,0.0433,0.1773,0.0453,-0.9152,0.2764
5.0,3.4,1.5,1.9,4.3,15.7,19.3,11.1,22.8,0.2559,0.5057,0.1905,0.4794,0.4831,0.0565,-0.3998,-0.0368
5.0,4.3,3.3,2.3,1.9,16.4,10.2,18.0,33.7,-0.2374,0.0387,0.1064,0.222,0.0264,-0.2094,-0.1152,0.8777
5.0,3.9,1.1,4.4,4.8,18.2,7.8,34.5,26.3,-0.1127,0.0661,0.2858,-0.0837,0.3652,0.2737,0.7823,0.1779
5.0,1.1,4.6,1.4,2.6,16.0,3.5,22.4,5.7,0.4034,0.7207,-0.3717,-0.063,0.3645,0.0661,0.0593,0.1606
5.0,2.6,1.6,3.2,4.9,17.6,10.9,17.2,37.3,-0.0903,0.4263,0.1334,-0.468,-0.4211,-0.2809,-0.4334,-0.2914
5.0,1.7,4.7,4.1,2.2,13.2,3.0,40.6,38.9,-0.0087,0.156,0.0294,-0.5208,-0.0495,-0.3675,-0.3002,0.1323
5.0,2.8,3.6,1.2,4.1,20.9,11.8,4.0,19.1,0.5346,0.7434,-0.278,0.1797,0.0144,0.0712,0.1374,-0.1105
5.0,2.0,3.8,4.6,1.4,10.6,16.9,38.5,40.4,-0.2055,0.8682,0.2408,-0.1444,0.2727,-0.1281,0.1077,-0.0738
5.0,2.4,3.7,3.5,4.3,16.2,7.9,24.0,31.4,-0.1496,0.1504,-0.0479,-0.0572,-0.0151,0.156,0.6115,0.719
5.0,1.9,3.2,3.6,1.1,17.8,7.4,7.6,5.6,0.204,-0.1286,-0.0942,-0.0142,0.0312,0.2154,-0.487,-0.7946
5.0,3.1,1.4,3.0,1.6,6.0,18.4,18.7,34.8,-0.4978,0.5934,0.0925,-0.2995,-0.1093,0.295,0.2368,0.3679
5.0,4.2,1.0,3.5,2.7,12.4,2.8,5.1,25.9,0.2745,0.851,0.1358,0.2439,0.2604,0.1891,-0.0141,-0.0929
5.0,4.3,4.9,1.8,2.7,13.9,13.5,36.3,25.7,0.4613,0.225,0.0333,0.5375,-0.2241,-0.3384,0.2488,0.4129
5.0,2.1,3.0,1.5,1.8,15.1,20.0,30.2,16.0,0.2259,0.2209,-0.5726,0.4877,-0.2302,-0.3961,-0.0167,0.3096
5.0,4.1,4.1,2.9,2.6,17.1,7.8,6.4,14.9,-0.0807,0.284,-0.1217,-0.0196,0.2346,0.1848,-0.8757,-0.1428
5.0,4.1,2.8,2.2,4.3,5.8,3.7,29.2,21.9,-0.0361,0.2069,0.4133,0.4219,-0.1456,0.4285,0.1583,-0.5923
5.0,2.9,4.6,2.2,2.3,19.3,17.7,20.2,26.5,0.0673,0.3401,0.2864,0.3494,-0.3276,-0.3545,0.0234,0.6488
5.0,2.1,4.9,2.8,3.9,4.2,11.4,21.6,6.1,-0.3035,0.2714,-0.156,-0.214,0.136,0.1991,0.4241,0.7156
5.0,1.8,4.8,4.2,1.8,19.6,9.8,34.6,34.2,-0.7239,0.1446,0.1012,0.1606,0.022,0.1224,-0.0799,-0.6066
5.0,1.4,1.9,4.4,3.2,7.2,6.5,21.1,10.4,-0.5374,0.5233,0.0047,0.1419,-0.0028,-0.1419,0.4135,0.4632
5.0,1.1,4.7,2.3,5.0,15.4,18.7,7.8,24.4,0.1856,0.5731,0.2417,0.3657,0.4789,0.1383,-0.3937,-0.1671
5.0,1.9,1.4,2.8,1.0,2.7,21.9,20.4,30.8,-0.2266,0.2381,0.294,-0.198,-0.2943,0.1981,0.2286,0.7566
5.0,3.4,3.7,1.7,2.2,21.0,6.7,21.3,34.1,-0.2736,0.4636,-0.1258,-0.2132,0.1237,0.2136,0.5682,0.4866
5.0,4.3,1.6,2.0,3.0,18.2,2.2,34.4,12.3,-0.194,0.1219,-0.3566,0.3402,-0.574,-0.3859,0.422,0.1295
5.0,2.6,4.1,3.6,5.0,8.2,17.0,38.8,29.2,-0.4379,0.8481,0.0681,-0.1047,0.0907,-0.0959,-0.1786,-0.1122
5.0,1.7,1.5,3.4,4.2,3.1,5.4,29.6,30.4,-0.2368,-0.0951,0.3446,-0.0126,0.3756,0.5908,0.5448,-0.0487
5.0,4.0,1.2,4.5,3.0,10.4,6.2,29.8,23.5,-0.0982,0.9329,-0.011,0.2517,-0.1824,0.0978,0.0396,-0.0247
5.0,1.4,3.9,2.5,1.1,11.1,15.8,11.8,28.7,0.4095,0.7608,0.0503,0.3558,0.2004,0.2186,-0.0007,-0.1196
5.0,1.9,2.3,4.2,4.7,10.8,17.3,13.0,9.0,0.1804,0.7001,-0.1968,-0.4809,-0.3296,0.2454,-0.1065,0.1043
5.0,5.0,2.7,3.6,1.1,15.5,3.1,39.0,28.5,0.0633,0.5135,0.2204,0.1229,0.2421,0.1368,0.7166,-0.2227
5.0,3.7,3.2,3.2,3.6,20.3,2.2,24.9,8.6,0.3808,0.258,-0.3676,0.1124,0.5231,-0.2958,0.3291,0.3903
5.0,5.0,3.0,4.9,4.1,21.0,21.2,17.3,26.3,-0.3547,0.1852,0.3972,0.0806,-0.5084,-0.2092,-0.3948,0.4438
5.0,3.0,4.5,1.0,4.2,16.5,8.7,25.2,20.9,0.5781,0.7988,0.1023,0.0053,0.0671,0.0235,-0.0119,-0.0015
5.0,2.8,3.0,2.7,2.3,13.2,13.1,21.7,24.3,0.4549,0.7391,-0.1729,0.2068,0.1473,-0.1999,-0.2161,0.2271
5.0,4.2,1.8,2.1,1.5,13.8,9.6,20.3,41.0,0.5694,0.7208,0.0344,-0.0078,-0.028,0.0067,0.1482,-0.1735
5.0,1.7,3.1,2.2,3.0,8.6,21.0,39.8,28.2,-0.1615,0.9334,0.0353,-0.1299,0.04,-0.1299,-0.2207,-0.0583
5.0,2.9,4.8,1.6,1.4,15.5,15.5,30.3,38.1,0.3185,0.6451,0.5138,-0.3414,0.012,0.1827,-0.1243,0.1457
5.0,2.1,4.3,2.2,4.3,15.0,11.8,7.5,40.3,0.5784,0.6809,0.2927,-0.213,0.0652,-0.1082,0.1058,-0.1574
5.0,1.3,2.7,1.1,3.1,21.9,14.1,37.5,37.0,0.1393,0.6737,-0.1072,-0.3103,0.4741,-0.0309,0.393,-0.006
5.0,4.2,2.7,1.9,3.9,2.5,18.6,24.9,34.1,0.4423,0.2151,0.1115,-0.243,-0.2467,0.6597,0.3845,0.0504
5.0,3.7,1.2,3.1,3.3,15.5,2.5,12.0,4.3,0.3318,0.5613,-0.2306,-0.4547,-0.4509,0.204,-0.2203,0.111
5.0,1.3,1.5,4.6,3.8,16.7,6.5,29.4,18.7,-0.3103,0.4582,-0.218,0.4891,-0.4784,0.1245,0.3605,-0.1217
5.0,1.8,2.9,3.0,3.1,10.0,8.2,37.5,29.7,0.044,0.9895,0.0336,0.0074,0.0138,0.0062,-0.001,-0.0004
5.0,3.6,3.5,1.5,2.8,8.2,13.5,35.7,16.5,0.0448,0.9033,0.1161,0.2738,-0.0169,0.2594,-0.0677,-0.0769
5.0,3.8,3.7,1.6,3.5,20.0,10.1,32.2,38.9,0.5711,0.777,0.1753,-0.0955,-0.0066,0.013,-0.0307,0.0296
5.0,2.7,3.6,4.7,1.2,13.4,4.9,17.0,18.6,-0.485,0.4368,-0.0778,0.4707,0.1903,-0.3845,-0.0845,0.3662
5.0,4.9,2.9,3.8,4.5,4.2,20.7,16.2,39.7,-0.3039,0.3523,-0.4018,-0.474,-0.0265,0.3775,0.0014,0.4835
5.0,1.8,1.6,2.2,4.5,18.6,4.2,25.2,28.9,0.4688,0.5674,0.3602,-0.0528,-0.4742,0.1551,0.147,0.1958
5.0,4.1,4.9,4.9,1.6,6.9,10.0,36.1,42.3,-0.8047,0.4234,-0.0437,-0.0494,-0.0159,-0.0334,-0.1791,-0.3503
5.0,2.7,3.8,1.5,5.0,18.5,8.3,40.7,43.6,0.1877,0.6904,-0.01,0.0425,-0.1076,0.0208,0.6135,-0.1294
5.0,2.4,2.5,3.8,3.1,13.5,21.8,34.8,4.2,0.3532,0.5542,-0.3468,-0.3974,0.2891,-0.4166,-0.0317,-0.0896
5.0,2.9,1.5,2.0,1.2,10.2,11.8,38.6,30.5,0.1871,0.9742,-0.0167,0.0243,-0.0651,0.0225,0.0085,-0.0036
5.0,2.3,2.6,2.2,1.4,11.3,18.4,5.5,37.7,0.1761,0.5747,0.5899,0.2113,-0.043,-0.3661,0.1836,0.1534
5.0,3.4,4.4,4.8,2.9,20.0,8.3,24.6,28.4,-0.1041,0.1321,0.0048,0.0031,0.0053,0.0139,0.7618,0.6061
5.0,4.0,2.7,4.9,2.2,13.0,16.1,21.5,32.4,0.1593,0.5952,0.4054,0.1452,-0.4203,-0.1446,-0.2475,0.3954
5.0,2.4,2.0,1.7,2.8,6.5,18.2,15.6,17.3,-0.1248,0.5641,0.1271,0.5018,0.0934,-0.463,0.0054,0.3992
5.0,1.8,4.1,4.1,3.3,21.3,18.0,37.6,31.2,-0.3571,0.3647,0.4401,-0.0805,0.4987,-0.0455,0.1192,-0.503
5.0,4.9,1.8,1.2,1.8,3.7,13.6,14.0,26.5,-0.3144,0.1579,0.4125,0.143,-0.0206,-0.3064,0.1795,0.7304
5.0,1.6,1.3,1.1,4.0,20.4,6.3,32.8,5.2,0.284,0.5329,-0.5962,-0.2175,-0.1292,-0.3625,-0.1258,-0.2315
5.0,2.6,3.4,4.9,1.4,18.9,17.4,8.7,13.2,-0.0393,-0.1336,-0.0596,-0.0626,-0.0623,0.5129,-0.831,0.0115
5.0,1.6,2.0,2.6,3.8,13.6,2.0,28.9,42.7,0.2319,0.6386,-0.1633,-0.4282,0.4671,0.0485,0.2948,0.047
5.0,4.6,3.8,4.8,4.1,16.7,2.2,41.6,34.4,-0.0391,0.3481,0.1795,-0.3856,0.2533,-0.4115,-0.2364,-0.6139
5.0,3.9,2.2,2.7,3.2,4.4,10.5,25.4,13.0,0.1593,0.3995,-0.0641,-0.164,0.2502,-0.1034,0.7619,-0.3232
5.0,2.7,4.5,2.6,3.9,19.3,21.2,8.9,40.3,0.1358,0.5575,-0.1285,-0.4527,-0.4913,-0.0116,-0.4333,-0.0201
5.0,3.2,2.7,3.4,3.6,20.7,16.9,14.2,5.7,0.0866,0.0378,-0.5421,-0.2786,-0.3054,0.5795,-0.2038,0.3618
5.0,3.6,4.5,1.2,2.4,16.0,17.4,24.2,27.8,0.4783,0.3524,0.2622,0.3876,-0.2893,-0.3638,0.1753,0.3975
5.0,1.2,3.2,2.8,2.2,21.3,13.2,24.5,42.1,0.2129,0.1771,-0.0032,-0.4509,0.175,0.3716,0.2633,0.6725
5.0,4.5,2.1,1.8,3.2,17.8,6.5,7.9,7.0,0.6939,0.4246,-0.3163,-0.1822,-0.2174,0.3766,0.0299,-0.0527
5.0,3.7,3.0,1.1,2.9,10.5,8.6,8.8,16.8,0.6014,0.7822,-0.0831,0.0417,0.0105,-0.0012,0.0093,-0.0073
5.0,2.8,1.1,4.3,2.9,14.7,3.6,30.1,27.7,0.4238,-0.0851,0.3663,0.1203,-0.2806,0.5835,0.179,0.4186
5.0,2.2,4.5,2.1,1.8,10.4,9.3,25.4,37.9,-0.3142,0.7848,0.2109,0.1595,0.1182,0.1484,-0.1607,-0.1756
5.0,1.9,1.9,3.5,1.8,19.4,10.1,25.8,19.9,0.5397,0.5379,-0.388,0.1848,0.0824,-0.1609,-0.2059,0.3432
5.0,1.5,1.3,4.1,2.1,6.7,13.7,9.0,36.1,-0.561,0.2251,0.4007,-0.1681,-0.5264,-0.2191,-0.248,0.1887
5.0,4.0,3.2,1.5,1.7,6.4,15.7,36.7,11.7,-0.2147,0.9075,-0.0528,0.1452,-0.2561,-0.0009,-0.1613,-0.0532
5.0,1.2,4.5,3.7,4.8,10.2,14.3,41.7,30.4,-0.0888,0.7943,0.2025,0.3302,0.2064,0.328,-0.0246,-0.1951
5.0,2.9,2.6,3.4,1.6,14.4,7.6,42.4,5.1,0.5486,0.7102,-0.0874,-0.0051,-0.1357,0.0226,0.2969,-0.2487
5.0,3.4,4.1,2.0,4.5,4.0,6.0,12.4,4.9,0.4256,0.198,-0.6934,0.2034,0.1309,0.4019,0.1139,-0.2163
5.0,3.2,4.7,3.3,1.6,21.7,3.8,21.4,22.6,0.16,0.5193,0.4602,0.1182,-0.455,-0.1181,-0.1036,0.4737
5.0,1.5,4.7,1.6,4.2,20.8,5.0,31.6,37.1,0.018,0.4908,-0.0696,-0.5046,0.3456,-0.37,0.3088,-0.3488
5.0,3.9,2.4,1.6,2.4,8.1,9.4,10.5,17.9,0.0286,0.9894,-0.0361,0.0057,0.0109,0.0001,0.0701,0.0001
5.0,4.9,1.6,1.2,2.6,18.7,10.0,8.7,15.5,-0.0968,0.0548,-0.1116,-0.1708,-0.0145,0.1869,-0.0596,0.9129
5.0,3.8,3.6,1.5,2.2,4.3,12.8,19.2,21.4,0.1048,0.1835,0.1554,0.3504,0.0195,-0.3871,-0.0342,0.7925
5.0,1.9,2.8,4.0,1.2,10.8,16.1,24.9,5.9,0.0741,0.9169,0.0635,-0.2655,0.0478,0.2367,-0.033,0.0698
5.0,2.4,1.8,2.1,2.2,3.5,19.0,32.3,16.1,-0.2392,0.5056,-0.2217,0.4159,-0.5591,0.0962,0.3036,-0.1836
5.0,4.1,1.4,3.6,4.1,7.6,11.5,28.2,41.3,-0.737,0.4829,-0.1598,-0.0917,-0.026,-0.0614,-0.2044,-0.3472
5.0,4.0,3.6,4.4,4.3,10.1,9.6,37.5,24.6,0.001,0.9839,-0.1196,-0.0058,-0.001,-0.0039,-0.0193,0.0019
5.0,2.2,1.8,3.2,3.4,9.9,4.8,29.1,38.0,-0.019,0.8121,0.4792,-0.2102,-0.051,0.155,-0.0859,0.0751
5.0,1.4,3.7,1.2,4.2,13.7,15.9,33.3,20.8,0.6034,0.3941,-0.1787,0.5212,-0.0593,-0.2716,0.0497,0.2729
5.0,3.0,2.9,3.4,4.4,8.1,12.0,8.0,21.3,-0.7294,0.4342,0.1351,0.0868,-0.0318,-0.0649,0.2225,0.4162
5.0,4.0,2.6,1.9,3.9,12.7,8.4,8.6,8.7,0.6219,0.7652,-0.1101,0.014,0.0196,0.0146,0.0502,-0.0396
5.0,2.0,1.6,2.7,2.1,9.6,10.1,29.1,4.8,-0.1399,0.9827,0.0389,0.001,0.0043,0.0007,-0.0219,-0.0042
5.0,3.1,1.1,4.5,1.8,13.8,6.2,25.0,9.1,0.6059,0.3241,-0.1771,-0.0257,0.3279,-0.1309,-0.1982,0.5551
5.0,3.2,2.5,4.5,3.3,21.2,3.4,17.9,32.5,-0.409,0.2266,0.2614,-0.3073,-0.3012,0.285,-0.0541,0.6537
5.0,3.1,1.8,3.6,1.6,18.4,8.1,12.3,23.1,0.2823,-0.1612,0.1786,-0.1001,-0.1019,-0.1676,-0.4641,-0.7405
5.0,3.3,4.2,1.0,3.6,4.7,18.7,5.1,24.0,0.3658,0.6577,0.2238,0.0275,0.3298,-0.118,-0.4749,0.1542
5.0,1.4,1.1,3.2,3.4,16.7,15.2,42.4,20.1,0.0579,0.4782,-0.2071,0.4855,0.0108,0.4797,0.0153,-0.4853
5.0,4.9,3.4,4.8,4.0,2.9,16.4,36.5,22.2,-0.1513,-0.0098,0.5249,0.1288,-0.1551,0.6998,-0.0396,-0.3337
5.0,3.7,3.7,3.8,2.6,21.0,11.6,26.1,35.8,-0.1563,0.2162,0.6734,0.1896,-0.0971,0.5155,-0.1024,-0.289
5.0,1.9,2.4,1.6,3.7,21.8,9.4,22.8,12.6,-0.1893,0.6801,-0.033,-0.0099,0.0274,0.0154,0.6635,0.1933
5.0,1.4,4.6,3.2,3.8,2.5,3.2,44.0,13.9,0.0231,0.2747,0.0486,0.2848,-0.1139,0.482,-0.6347,-0.4021
5.0,2.3,4.7,3.2,4.6,2.2,10.7,31.0,43.0,0.0138,0.0237,-0.0206,-0.3172,0.2883,0.0217,0.8784,0.0902
5.0,3.8,3.8,3.7,3.4,14.8,20.6,30.0,13.6,-0.0116,-0.0872,-0.5804,0.1782,-0.247,-0.6316,0.231,0.2839
5.0,1.1,4.6,3.5,5.0,19.2,13.8,42.7,26.6,-0.2142,0.4526,0.2909,0.2977,0.3156,0.2914,-0.2873,-0.5353
5.0,2.9,2.1,4.4,2.6,3.5,19.8,17.1,37.2,-0.4413,0.3678,0.07,-0.4592,-0.158,0.4089,-0.0455,0.495
5.0,1.3,1.3,4.1,2.5,21.6,13.3,25.5,34.8,0.0316,-0.099,0.2195,0.0242,-0.2253,0.7615,0.5112,-0.036
5.0,3.6,3.4,1.1,2.0,21.6,7.4,33.7,18.7,-0.0273,0.8986,0.3176,0.0426,0.1504,0.07,-0.1838,-0.0677
5.0,1.3,2.2,3.9,3.6,4.0,21.5,14.5,14.7,-0.4397,0.2417,-0.3479,0.3353,0.5105,-0.1333,-0.3154,0.3548
5.0,4.9,3.4,3.4,2.6,20.9,17.3,34.0,8.7,-0.3575,-0.1226,-0.2619,-0.0296,-0.3339,-0.5769,0.4207,-0.3706
5.0,1.1,1.0,4.7,3.7,20.2,8.1,24.6,26.3,0.1863,0.0456,0.0993,-0.1541,-0.2278,0.2339,0.1451,0.877
5.0,2.5,3.8,3.6,1.2,14.5,10.9,33.0,31.7,0.0081,0.0969,0.0244,0.213,-0.2246,0.0361,0.9196,-0.1126
5.0,3.6,1.0,1.9,3.9,11.8,11.7,35.7,17.9,0.3611,0.8504,-0.331,0.1343,0.0128,-0.0381,-0.0597,0.0381
5.0,1.6,1.9,4.4,3.2,8.7,18.8,10.6,5.7,-0.7681,0.5819,-0.0466,0.0346,0.0492,0.0402,0.126,0.1743
5.0,4.6,3.5,4.9,1.1,2.2,8.9,41.3,17.5,-0.5286,0.7147,-0.024,-0.025,-0.0192,-0.026,-0.3417,-0.2574
5.0,4.9,3.6,2.9,1.1,11.4,11.9,43.9,43.3,0.1298,0.9781,0.1154,-0.0247,0.0386,-0.0138,0.0221,-0.0083
5.0,3.3,1.6,4.2,4.3,6.5,6.5,5.2,33.9,0.0455,0.3667,-0.1469,0.0262,0.0173,-0.2772,-0.8528,0.1436
5.0,1.1,3.3,3.1,3.7,8.8,14.1,42.4,5.9,-0.1562,0.8482,-0.0714,0.0003,-0.0948,0.0094,-0.4564,-0.0857
5.0,3.4,1.2,4.8,1.9,14.5,16.4,27.3,6.8,0.516,0.3536,-0.3056,-0.1979,0.5474,-0.0541,0.0446,0.3868
5.0,4.1,1.2,3.4,3.1,7.7,12.0,8.2,36.4,-0.5174,0.4398,0.1459,-0.414,-0.2899,0.2901,-0.0142,0.3806
5.0,4.2,2.8,2.1,2.6,18.2,20.1,32.0,14.4,-0.1651,0.1248,-0.3999,0.433,-0.526,-0.4001,0.3342,0.178
5.0,1.5,3.5,3.1,4.0,4.8,17.7,41.8,28.3,-0.1251,0.5825,0.4391,-0.0202,0.4501,-0.0238,-0.2648,-0.3976
5.0,4.6,4.5,1.5,1.0,19.9,6.3,12.5,28.1,0.0246,-0.0931,0.1044,-0.1741,-0.2372,-0.0877,-0.8883,-0.2389
5.0,1.6,2.1,3.0,2.7,14.3,3.5,34.9,33.3,-0.2019,0.3288,0.3506,-0.1443,0.5529,0.0827,0.5724,-0.1983
5.0,1.4,3.5,2.5,2.6,2.9,10.3,23.8,35.1,0.1146,0.6706,0.046,0.1183,-0.2593,0.0575,0.6362,-0.1065
5.0,4.9,4.7,1.5,5.0,11.0,14.3,18.0,24.6,0.4801,0.7931,-0.1754,0.2621,-0.0279,0.1442,0.0146,-0.0668
5.0,2.8,4.3,4.4,1.0,12.7,4.8,22.6,5.9,0.3342,0.829,-0.1453,-0.0672,0.1552,0.0671,-0.3217,0.1661
5.0,2.4,2.5,2.1,4.5,16.0,10.0,10.3,35.7,-0.0714,0.9276,0.2982,-0.0021,-0.0708,-0.0246,0.0984,0.0344
5.0,1.9,1.6,1.6,1.4,15.6,18.6,6.0,24.9,0.5002,0.398,0.2078,0.4453,0.3381,0.3071,-0.1737,-0.3107
5.0,3.2,3.9,3.3,1.6,12.9,12.8,18.4,28.5,0.1985,0.419,0.0493,-0.2076,0.314,-0.5431,-0.5364,-0.0849
5.0,3.6,3.0,1.9,2.1,2.4,20.1,23.1,5.1,0.1283,0.4886,-0.4438,-0.1476,0.4753,0.1281,0.3566,0.3789
5.0,2.7,2.7,1.5,1.5,4.7,20.8,41.2,32.4,-0.0387,0.6197,0.1795,-0.3837,0.1799,-0.3836,-0.3646,-0.3162
5.0,4.6,1.2,1.0,1.9,3.4,18.8,9.8,15.3,-0.0581,0.5393,-0.1296,0.5151,0.5843,0.1711,-0.182,-0.0419
5.0,3.4,2.2,3.6,2.7,16.6,10.2,26.1,14.0,0.0535,0.2662,-0.0589,-0.3133,0.36,-0.0874,0.7848,-0.1973
5.0,3.2,1.5,3.4,3.8,14.8,10.4,10.0,14.6,-0.3706,0.3858,-0.5391,-0.3727,0.0071,0.2982,0.09,0.3961
5.0,5.0,4.2,3.5,1.2,6.6,18.7,25.0,43.1,-0.0977,0.6632,-0.1395,0.0584,0.2019,-0.0932,0.6625,0.1427
5.0,4.5,4.0,3.6,1.4,14.7,2.2,28.0,6.0,0.6065,0.5774,-0.2179,-0.1689,0.3714,-0.0287,-0.0988,0.2398
5.0,4.4,4.3,3.3,2.9,9.1,17.8,34.1,18.5,-0.2348,0.9553,-0.1402,-0.0056,-0.016,-0.0062,-0.053,-0.0157
5.0,1.4,4.9,4.8,2.7,15.7,8.7,23.9,27.7,0.0124,-0.0005,-0.0059,-0.0171,0.001,-0.0926,0.3319,0.9238
5.0,5.0,4.5,5.0,3.8,4.2,21.2,9.4,22.8,0.1646,-0.0883,0.3832,0.1369,0.434,-0.5472,-0.5311,0.0716
5.0,3.6,1.4,2.2,4.0,15.5,16.3,18.4,7.0,0.3559,0.3375,-0.4339,-0.3021,-0.1665,0.5925,0.0264,0.2832
5.0,4.0,3.5,4.1,4.4,20.9,9.6,35.7,42.4,-0.0156,0.0495,0.0359,-0.2032,0.1647,-0.1236,0.7372,-0.5698
5.0,2.2,2.8,4.4,2.0,11.7,19.4,6.2,25.5,0.2416,0.8189,0.1152,0.3029,0.3062,0.2014,0.0075,-0.1231
5.0,1.3,2.1,1.2,1.2,2.2,18.3,12.3,13.6,-0.37,0.2066,-0.3453,0.2959,0.5819,0.4521,-0.0675,0.2116
5.0,2.0,2.9,1.3,1.1,5.1,18.8,11.5,38.8,0.0287,0.5827,-0.0086,-0.4582,-0.4678,0.2175,-0.3482,0.1909
5.0,3.7,4.5,4.1,2.0,17.7,10.7,11.7,35.3,-0.5766,0.2342,0.4317,0.3389,0.0096,-0.2355,0.034,0.4526
5.0,4.3,2.6,2.1,1.8,7.4,20.2,38.1,6.0,-0.2759,0.9139,-0.0894,0.0886,-0.1291,0.0802,-0.184,-0.0765
5.0,4.1,3.6,4.9,3.1,9.7,8.7,29.7,24.9,-0.2624,0.9586,-0.0159,-0.0072,-0.0036,-0.0026,-0.0054,-0.002
5.0,4.9,1.2,4.2,3.5,4.2,16.0,17.8,4.7,-0.5845,0.2338,-0.2378,-0.1319,0.41,0.3763,-0.0706,0.4507
5.0,2.7,3.4,2.2,1.7,13.5,19.0,5.7,34.9,0.5816,0.4348,0.3054,0.0229,0.4864,-0.2847,-0.1428,-0.1371
5.0,2.3,3.8,1.7,2.5,20.4,2.8,29.4,24.3,0.4663,0.3833,0.3639,0.276,-0.4427,0.3304,0.2776,-0.1564
5.0,4.0,1.8,1.6,3.9,15.9,7.4,27.5,14.8,0.1713,0.0113,-0.3427,0.4436,-0.3676,-0.3914,0.2994,0.4876
5.0,4.2,3.6,4.9,2.6,11.1,3.8,39.7,44.0,-0.114,0.9314,-0.099,-0.1724,-0.0966,-0.172,0.1329,-0.0221
5.0,2.7,4.8,4.7,4.8,20.5,12.5,33.0,35.4,-0.2592,0.3104,0.3883,-0.4539,0.4117,0.3603,0.2847,0.2565
5.0,1.8,2.5,3.4,3.6,13.7,8.1,5.2,6.1,0.6142,0.6744,-0.0691,-0.0665,-0.1266,0.1086,0.2484,-0.2343
5.0,3.2,1.9,1.4,4.0,9.3,14.5,4.4,38.9,0.0262,0.9602,0.058,-0.0112,-0.0312,-4.1613e-05,0.2268,0.0028
5.0,3.6,3.8,3.9,3.7,5.2,11.3,33.6,13.4,-0.5492,0.4785,-0.5258,0.1124,-0.0294,-0.3015,-0.1917,-0.1781
5.0,2.8,2.8,5.0,1.8,2.9,11.3,17.6,33.4,-0.6806,0.3284,0.221,0.1254,-0.2881,-0.1912,0.0927,0.4698
5.0,4.3,4.1,1.1,4.6,13.3,7.2,22.7,20.9,0.4599,0.8633,0.1234,-0.0236,-0.1177,0.0209,0.0627,-0.0149
5.0,4.8,3.0,4.7,3.9,11.9,10.0,16.2,36.9,-0.0385,0.9156,0.3565,0.0375,0.0031,-0.0331,0.0815,0.0011
5.0,3.7,5.0,3.9,4.3,21.1,9.4,17.2,34.7,-0.439,0.8335,0.2119,0.0756,-0.0732,-0.0505,0.1373,0.101
5.0,2.2,3.1,2.6,3.9,18.1,4.4,19.4,17.2,-0.1331,0.4746,-0.0387,0.4884,0.1126,-0.4797,0.0057,0.5101
5.0,3.9,3.1,1.3,1.7,12.3,4.9,37.3,41.6,0.413,0.7595,-0.1372,-0.2937,0.1015,-0.3183,0.0406,-0.1275
5.0,3.9,3.8,1.0,1.2,15.3,10.2,22.4,15.7,0.3449,0.0057,-0.0221,-0.1293,0.017,0.1317,0.1057,0.8807
5.0,1.5,4.7,4.1,3.1,12.1,2.8,21.8,34.8,0.093,0.4299,0.3724,-0.3011,-0.3792,0.302,-0.0369,0.5617
5.0,3.4,2.5,1.3,4.9,9.6,10.1,9.4,43.1,0.3303,0.9392,0.0182,-0.0077,-0.0032,0.001,0.0189,-0.0061
5.0,3.7,4.7,4.1,4.6,9.9,3.2,17.2,17.9,-0.2484,0.7461,-0.1195,0.2996,0.4361,0.1138,-0.2215,-0.055
5.0,2.3,1.1,3.7,3.2,16.9,8.6,13.5,23.3,0.5658,-0.0042,0.2514,-0.0973,-0.0346,-0.1795,-0.058,-0.7089
5.0,2.0,1.6,3.8,1.4,15.9,7.3,36.3,39.7,-0.3248,0.7627,-0.2241,-0.3232,-0.0863,-0.2737,-0.0516,-0.1691
5.0,3.3,4.1,1.7,1.3,10.3,2.1,15.4,33.7,0.2812,0.9372,0.1167,0.0985,-0.0263,-0.095,0.0036,0.0124
5.0,3.9,4.4,2.2,1.3,15.3,5.6,19.9,13.0,0.333,0.501,-0.1826,0.0802,0.2256,-0.0721,-0.554,0.4659
5.0,1.4,4.3,3.0,2.3,20.1,13.4,28.0,42.6,0.1293,0.1117,-0.0643,-0.4446,0.3293,0.2333,0.5875,0.479
5.0,1.6,3.6,4.5,4.4,6.7,10.7,19.3,34.4,-0.4417,0.7078,0.3103,-0.0305,-0.3978,-0.0193,-0.0373,0.1587
5.0,4.7,4.8,3.9,2.4,18.9,7.4,43.3,21.5,0.565,0.6648,0.1052,-0.0083,0.1634,-0.0406,0.2911,-0.2859
5.0,2.2,2.3,5.0,4.9,16.1,12.8,7.2,21.4,0.0164,0.374,-0.1125,0.5142,0.234,0.4243,-0.2754,-0.5072
5.0,4.9,4.2,1.6,3.3,4.4,5.3,26.8,26.2,0.2096,0.0613,-0.0389,-0.2117,0.0159,0.6571,0.6388,0.1663
5.0,3.8,1.6,2.1,3.8,18.4,16.1,14.1,40.9,0.1675,0.467,-0.1441,-0.4465,-0.4686,0.1489,-0.4903,0.1744
5.0,2.6,2.2,2.5,3.5,7.1,16.6,14.5,20.2,-0.5038,0.498,0.3766,0.2769,-0.1034,-0.2305,0.1887,0.4057
5.0,1.0,1.4,3.2,2.6,10.0,4.8,39.4,15.0,-0.1754,0.7862,-0.1293,-0.034,-0.1708,-0.123,0.1454,0.1413
5.0,1.8,1.4,1.7,4.7,12.3,4.3,38.4,5.2,0.3024,0.6724,-0.304,-0.3728,0.012,-0.4073,-0.0071,-0.219
5.0,4.8,3.6,1.9,1.8,6.6,3.3,12.6,12.2,-0.4459,0.7515,-0.0523,0.2703,0.1688,-0.2115,0.1899,0.203
5.0,2.2,2.9,3.0,2.5,2.1,3.5,31.4,21.7,0.169,0.3955,0.3608,0.5162,-0.345,0.3846,0.2247,-0.2816
5.0,4.0,4.2,4.6,3.0,20.0,9.6,4.3,31.9,-0.2601,0.4577,0.0115,0.1061,0.1484,0.0868,-0.6965,-0.4267
5.0,3.5,3.2,2.5,2.4,11.3,15.8,25.6,30.6,0.3361,0.7951,0.0982,0.3296,-0.2403,-0.2243,0.0627,0.0983
5.0,4.4,1.2,4.0,3.5,4.1,21.4,8.2,13.7,-0.3597,-0.0563,-0.2738,-0.083,0.3601,0.5602,-0.4645,0.3363
5.0,4.8,3.5,2.8,3.3,6.6,3.2,22.9,34.3,-0.1394,0.8322,-0.1117,-0.1193,0.0892,0.132,0.4609,0.1065
5.0,1.3,2.9,3.2,3.0,15.5,20.4,34.1,38.6,-0.1225,0.5312,0.0979,-0.4763,0.4447,-0.2264,0.3951,-0.1964
5.0,1.8,2.8,4.1,3.0,20.0,9.3,28.6,25.2,0.0254,-0.0482,-0.0461,0.1109,-0.1059,-0.0459,0.8756,0.4143
5.0,2.0,1.3,1.7,3.7,19.8,10.1,20.5,7.1,0.4212,0.2034,0.0251,-0.1476,-0.0613,0.1549,-0.3025,0.7827
5.0,4.9,4.7,2.6,1.1,12.7,9.2,15.4,16.5,0.0066,0.0242,0.0148,-0.0892,-0.092,-0.0048,-0.9421,-0.0778
5.0,3.0,3.7,4.2,4.2,21.6,14.7,37.9,15.9,-0.1937,0.5385,-0.341,0.3184,-0.4289,0.276,0.2152,-0.361
5.0,2.2,1.1,4.9,1.7,2.1,2.1,29.5,29.7,-0.1982,-0.1714,0.1892,0.1472,0.2133,0.3859,0.7598,-0.2855
5.0,1.0,1.3,1.1,4.2,6.6,8.4,11.3,42.0,0.4514,0.7317,-0.4396,0.0996,0.1089,0.0605,0.0997,-0.0053
5.0,4.1,4.9,4.0,4.3,15.4,21.4,30.4,32.3,-0.1174,-0.0659,0.5275,-0.2192,0.3482,0.5723,0.3256,0.2515
5.0,4.8,2.2,1.5,2.7,7.2,11.6,15.7,5.5,-0.1059,0.97,-0.1047,0.0218,0.0206,0.0061,0.1638,0.0211
5.0,2.6,2.3,2.5,2.6,10.8,19.1,33.4,29.1,0.2809,0.8665,0.107,0.269,-0.1784,0.1898,0.0368,-0.0493
5.0,2.1,4.9,4.1,4.8,4.9,20.0,35.1,23.0,-0.118,0.1166,0.6721,0.216,-0.1296,0.5758,-0.0276,-0.2981
5.0,4.0,1.6,1.0,2.8,18.7,10.8,35.2,30.1,0.1286,0.1181,0.1338,0.1869,-0.1335,0.2113,0.4625,-0.7615
5.0,2.1,1.2,2.3,2.6,20.9,11.4,35.4,31.0,-0.3846,0.2056,0.4995,0.1184,0.0018,0.3888,-0.1705,-0.5711
5.0,2.4,3.8,4.2,3.4,18.9,13.5,15.6,43.2,0.0456,0.1699,-0.2442,-0.4188,-0.3804,0.3471,-0.4829,0.4564
5.0,2.8,3.1,2.4,4.7,21.7,2.0,31.2,31.3,-0.2016,0.0959,0.5074,-0.3766,0.4446,0.529,0.1722,0.1059
5.0,1.7,3.6,3.0,2.3,11.6,14.2,30.3,21.9,0.3444,0.672,-0.336,0.4126,0.042,-0.2721,-0.0428,0.217
5.0,2.7,2.2,1.9,4.4,6.0,5.9,21.6,16.8,-0.138,0.8036,0.2197,0.1795,-0.2101,-0.1812,0.3744,0.1634
5.0,2.5,4.9,2.5,1.8,7.7,12.6,40.3,25.7,-0.2589,0.8619,0.0634,0.0146,0.0619,0.0034,-0.3896,-0.1199
5.0,3.7,2.8,2.3,2.5,17.9,4.3,31.1,10.3,0.158,-0.2097,-0.4153,0.136,-0.2406,-0.5877,0.4084,0.3728
5.0,3.0,1.7,1.5,2.5,17.3,14.9,8.3,26.3,0.3303,0.2437,0.3093,0.4152,0.4745,0.1573,-0.4929,-0.2229
5.0,2.1,2.8,3.8,3.2,19.7,5.8,25.5,43.3,0.5582,0.4189,-0.2867,-0.0959,0.4895,-0.2003,-0.0073,0.3217
5.0,1.5,2.0,3.1,1.7,3.7,18.5,22.3,15.1,-0.0666,0.4145,-0.1034,0.3448,0.1929,-0.3925,0.5275,0.4559
5.0,2.3,4.1,4.0,1.9,17.6,16.7,4.9,14.0,0.1641,0.2567,-0.2827,0.2137,-0.4421,0.3319,-0.5269,-0.4301
5.0,4.9,3.4,1.4,2.0,3.0,7.1,37.9,33.7,-0.4704,0.5646,-0.169,-0.1617,-0.102,-0.1624,-0.4021,-0.4244
5.0,2.1,4.3,1.8,3.7,14.5,5.2,21.2,20.8,0.1218,0.8098,0.3206,0.2088,-0.2699,-0.2234,0.1636,0.1427
5.0,4.1,1.6,2.2,4.9,13.6,18.4,26.9,17.9,0.3191,0.6696,-0.4993,0.2953,0.0155,-0.2049,-0.1562,0.1762
5.0,2.7,2.2,2.2,2.8,10.8,11.2,42.0,4.3,0.2825,0.9453,0.1108,-0.0411,0.0391,-0.0198,0.0287,-0.0143
5.0,3.4,3.7,2.1,4.2,20.4,11.9,37.2,39.7,0.1262,0.5466,-0.0414,-0.2789,0.401,-0.1,0.6093,-0.154
5.0,3.2,4.9,4.6,4.7,7.4,20.5,15.6,5.9,-0.7263,0.5182,-0.1742,0.1259,0.2563,-0.0094,0.1198,0.2593
5.0,3.3,4.7,1.4,1.0,4.9,14.4,41.7,42.6,-0.2013,0.3719,-0.2768,-0.1675,-0.2031,-0.2357,-0.5099,-0.5644
5.0,2.2,3.6,4.6,1.3,10.4,8.3,22.6,9.6,-0.0695,0.9883,-0.0043,-0.0049,0.0142,0.0042,-0.0455,-0.0008
5.0,1.7,2.0,3.1,2.6,17.7,7.2,40.3,27.5,0.398,0.3156,0.2397,-0.1206,0.2413,-0.121,0.3374,-0.6735
5.0,1.2,3.7,3.6,3.0,17.8,15.7,7.4,32.4,0.2491,0.0593,0.3494,0.0702,0.4665,-0.5721,-0.4871,0.0043
5.0,2.2,3.4,1.8,1.1,12.7,10.6,37.7,31.0,0.0372,0.5901,0.0422,0.0635,-0.1321,0.0045,0.7536,-0.0039
5.0,2.7,4.5,2.2,3.9,3.1,11.6,18.7,7.8,-0.3829,0.2342,-0.246,-0.214,0.0846,0.2363,0.2587,0.7398
5.0,4.8,3.7,3.0,3.9,18.7,18.2,37.3,26.4,-0.2965,0.0392,0.2191,0.0507,0.438,0.676,0.3684,-0.1165
5.0,3.8,2.5,3.7,2.2,9.6,18.5,22.3,17.8,0.0281,0.917,-0.0236,-0.0733,0.2681,-0.0141,0.24,-0.0077
5.0,4.0,2.9,2.5,1.0,20.3,4.0,33.6,32.4,-0.1831,0.0036,0.2961,-0.0671,0.4232,0.0998,0.6597,-0.4687
5.0,2.5,1.4,4.4,4.5,13.4,9.2,25.2,22.6,0.4649,0.8251,-0.1225,-0.0242,-0.0039,-0.0441,-0.2124,0.1253
5.0,2.7,2.4,2.5,2.2,14.9,20.5,36.7,35.4,-0.0656,0.5742,0.3284,-0.1973,0.5071,-0.1115,0.3777,-0.285
5.0,4.3,4.6,2.0,4.7,5.8,2.0,16.1,36.8,-0.2962,0.6191,-0.3257,-0.3651,0.1124,0.3382,0.1692,0.3453
5.0,1.7,2.1,4.7,2.9,6.9,10.1,11.2,43.4,-0.5387,-0.2145,-0.062,-0.2195,-0.0597,0.1272,-0.3284,0.6795
5.0,3.3,4.9,3.0,1.6,17.3,21.7,23.3,12.3,0.2405,0.1665,-0.3055,0.2369,0.3217,-0.2429,0.1482,0.7478
5.0,4.8,2.1,1.6,3.7,20.0,12.6,39.2,37.1,0.2173,0.7773,0.0638,-0.1995,0.366,-0.1591,0.3066,-0.1542
5.0,3.4,3.1,3.9,1.7,16.2,16.9,25.5,13.0,0.2814,0.1561,-0.3071,0.1137,0.4945,-0.3217,0.3853,0.5198
5.0,2.2,1.7,3.2,4.7,7.5,21.8,38.2,11.3,-0.4893,0.6578,-0.1125,0.2954,-0.172,0.2684,-0.1775,-0.2844
5.0,4.0,1.1,4.3,2.1,7.7,21.0,23.7,43.7,-0.0022,0.6322,-0.0179,0.0659,0.0808,-0.1099,0.7403,0.0011
5.0,3.6,1.0,1.5,3.2,15.6,12.3,14.5,11.6,0.1393,0.2378,-0.5274,-0.3255,-0.0988,0.4999,-0.0245,0.5015
5.0,1.5,2.3,3.6,4.0,3.9,3.8,19.3,40.9,-0.0488,0.2048,-0.4931,-0.0589,0.0478,0.705,0.195,-0.0001
5.0,1.4,5.0,3.4,4.9,18.5,14.8,23.5,34.8,0.1579,0.7101,0.3455,-0.2017,-0.4126,0.2278,0.0544,0.2559
5.0,1.8,1.4,1.2,3.4,3.5,15.3,15.7,9.5,-0.1013,0.5258,-0.646,0.1563,0.1575,0.304,0.3312,0.1691
5.0,4.1,1.4,2.0,2.6,15.6,9.3,29.8,7.0,0.8598,0.3855,-0.0122,0.0038,0.0016,-0.003,-0.1185,0.2771
5.0,4.2,4.2,3.8,1.7,4.8,19.0,12.6,18.3,-0.328,0.2744,-0.1063,0.5577,0.3684,-0.3039,-0.3417,0.3667
5.0,2.2,2.0,2.1,2.1,19.1,15.4,11.6,11.4,0.0379,-0.1133,-0.5262,-0.0189,-0.1105,0.7253,-0.2318,0.3078
5.0,1.0,1.4,2.8,3.7,9.4,9.2,9.7,4.6,-0.3705,0.9128,0.0008,-2.9771e-05,-0.0003,-0.0001,0.0795,0.0363
5.0,1.7,4.8,3.1,2.5,20.4,5.9,25.4,27.6,0.2148,-0.0727,0.0248,-0.1514,-0.1338,0.3127,0.507,0.7223
5.0,4.7,3.4,1.4,3.3,6.4,5.0,35.5,20.5,-0.0033,0.8814,0.3874,-0.0184,0.1385,0.0495,-0.1882,-0.0618
5.0,1.2,2.8,2.5,2.3,16.5,5.1,30.5,9.3,0.1757,-0.2023,-0.3521,0.0775,-0.1822,-0.5565,0.4542,0.4696
5.0,4.3,1.1,2.5,3.5,6.8,15.0,39.8,42.0,-0.3136,0.8385,-0.1355,-0.0084,-0.2384,-0.0478,-0.2859,-0.1431
5.0,4.0,2.9,4.6,1.5,21.8,7.4,9.9,5.2,-0.019,-0.0165,-0.1249,0.0108,0.1517,0.1038,-0.9596,-0.1038
5.0,2.0,3.6,4.8,1.4,8.9,13.8,35.1,16.9,-0.6637,0.7257,-0.0074,-0.0091,-0.0037,-0.0079,-0.1066,-0.0996
5.0,1.5,3.8,2.9,2.4,11.3,9.8,5.2,30.2,0.6026,0.7035,-0.1407,0.0613,-0.0317,0.0414,0.2129,-0.2048
5.0,3.8,1.6,1.3,4.1,12.2,7.8,7.0,32.1,0.5939,0.6733,0.3491,0.0714,-0.1309,-0.1686,0.0879,0.0082
5.0,4.3,3.3,2.0,2.8,19.5,2.6,19.0,37.7,0.0364,0.4982,0.0028,-0.4872,-0.1235,0.4861,-0.0605,0.4886
5.0,3.6,3.5,1.0,2.6,18.1,7.1,38.5,27.4,0.0789,0.4429,-0.0147,-0.1389,0.2492,-0.025,0.7955,-0.0743
5.0,3.0,2.5,2.3,2.3,15.7,17.7,20.6,22.9,0.3162,0.5846,-0.036,0.4147,0.0367,-0.4152,-0.1857,0.4001
5.0,1.9,3.3,1.2,4.7,13.6,16.6,12.9,8.4,0.4049,0.4587,-0.3067,-0.3402,-0.3423,0.3595,-0.2735,0.2822
5.0,4.5,2.0,2.4,4.9,17.9,13.4,20.7,37.9,0.279,0.7109,0.1965,-0.2552,-0.3021,0.2529,-0.2523,0.2778
5.0,1.2,1.2,4.6,2.1,11.9,16.8,9.8,9.9,0.5088,0.1881,-0.309,-0.1752,-0.513,0.3563,-0.0547,-0.3953
5.0,1.8,2.9,4.2,3.4,8.1,16.2,26.9,33.5,-0.7138,0.1306,0.24,-0.025,0.3219,0.195,0.0258,-0.4918
5.0,3.2,1.8,4.7,2.0,20.2,6.6,42.5,16.8,-0.1638,0.3501,0.1365,-0.0517,-0.0418,0.4628,-0.7226,-0.2129
5.0,1.5,3.8,4.9,2.0,18.5,8.1,13.7,15.6,-0.7972,0.0247,0.0056,0.0858,0.016,-0.0628,0.0041,0.5775
5.0,2.7,2.3,3.8,1.7,9.5,3.1,4.3,11.2,-0.3896,0.9016,0.02,-0.0505,-0.0825,-0.0411,0.0572,0.0288
5.0,4.3,3.3,4.8,4.7,16.0,11.9,40.8,20.5,0.1816,0.5218,-0.3271,0.2909,-0.1953,0.3638,0.3212,-0.3967
5.0,1.4,4.9,4.7,4.2,3.1,11.9,13.9,26.5,-0.2836,-0.1156,0.2126,0.4054,0.1935,-0.2539,-0.4732,0.5946
5.0,4.4,3.2,4.3,1.7,10.8,16.6,37.0,31.2,0.1189,0.9189,0.0769,0.2415,-0.0776,0.2099,-0.0424,-0.0392
5.0,1.7,2.5,1.4,3.7,17.5,2.2,16.6,28.8,0.2756,0.1892,0.6135,-0.3442,-0.2486,-0.4673,0.1145,-0.2564
5.0,1.9,2.1,3.2,4.4,13.1,11.1,10.8,12.2,0.0052,0.1868,-0.2977,-0.5157,-0.3355,0.3414,-0.4065,0.4377
5.0,4.7,4.8,1.3,4.7,10.8,8.5,6.4,14.1,0.572,0.8106,-0.0564,0.0151,0.0208,0.001,0.0097,-0.0063
5.0,4.7,3.1,1.3,3.1,18.5,13.4,31.2,28.4,0.2205,0.2617,0.2883,0.262,-0.4058,0.1825,0.6488,-0.2761
5.0,3.1,3.5,3.0,2.6,18.6,11.9,29.4,26.7,0.0589,0.0598,0.1216,0.3317,-0.3392,-0.0436,0.8392,0.1358
5.0,3.2,3.7,3.9,1.7,17.7,11.2,36.3,35.6,-0.5015,0.3705,0.4503,-0.1766,0.1672,0.509,-0.1267,-0.1192
5.0,4.7,3.2,3.2,4.5,3.3,18.7,37.1,23.1,-0.1319,0.2435,0.628,0.1789,-0.0296,0.5331,-0.1725,-0.3833
5.0,1.3,4.1,4.7,2.8,20.6,14.2,35.4,9.5,-0.5042,0.0208,-0.227,-0.149,-0.3266,-0.4362,0.2557,-0.5377
5.0,2.5,3.0,2.8,2.7,6.5,5.7,36.9,32.1,-0.5683,0.6009,-0.0585,-0.2121,-0.0214,-0.2004,-0.2941,-0.3541
5.0,4.9,3.8,3.0,2.8,5.9,17.7,20.6,14.8,-0.3601,0.6963,-0.0181,0.3302,0.0276,-0.3294,0.264,0.2951
5.0,2.6,1.5,1.9,4.7,21.8,16.5,7.5,6.4,0.2532,0.5107,-0.2724,-0.2216,-0.4779,0.0541,-0.5558,0.0433
5.0,1.1,3.7,2.7,3.9,16.8,7.7,42.9,42.9,0.4931,0.7815,-0.103,0.0107,-0.1449,0.0382,0.2353,-0.1753
5.0,2.2,4.3,2.2,3.5,16.4,15.2,15.6,26.1,0.2404,0.3257,0.2876,0.3585,0.3831,-0.3598,-0.4284,0.3792
5.0,1.3,1.2,3.4,1.3,12.3,6.2,12.6,31.6,0.0337,-0.0678,0.2188,-0.0257,-0.1785,-0.3443,-0.6273,-0.5988
5.0,1.8,4.7,4.3,4.2,14.0,14.7,14.8,30.4,-0.118,-0.0253,0.6477,0.0359,0.0291,-0.7214,-0.0644,0.084
5.0,4.6,3.5,3.3,1.2,9.1,10.5,35.0,17.1,-0.3322,0.8993,0.0608,-0.1582,0.1778,-0.0316,-0.0179,-0.0287
5.0,4.6,2.1,4.3,1.6,16.7,21.2,39.2,7.1,0.095,0.4072,-0.3383,-0.1618,-0.334,-0.161,0.5482,-0.473
5.0,2.1,1.5,1.7,2.8,7.0,14.8,42.7,4.6,0.035,0.7669,-0.2067,-0.0145,-0.2433,0.0107,-0.5361,-0.0374
5.0,3.9,4.4,3.3,4.7,5.2,6.0,32.6,7.8,-0.3973,0.0255,-0.2482,0.3174,-0.3933,0.1664,0.3523,-0.5928
5.0,1.2,3.1,1.1,1.4,10.1,14.9,30.9,38.4,0.3364,0.9234,0.1426,-0.0326,0.0362,0.0011,-0.0166,2.406e-05
5.0,3.8,2.1,1.3,2.9,9.9,15.3,11.9,20.4,0.3645,0.9223,-0.0837,0.0462,-0.0007,0.0024,0.0113,-0.0046
5.0,2.9,1.4,1.9,1.1,13.6,16.8,38.3,31.1,-0.0064,0.4991,0.0212,0.2589,0.1559,0.3423,0.6826,-0.1416
5.0,4.4,4.2,3.5,4.4,7.7,12.1,17.2,17.7,-0.4726,0.831,0.1312,0.0752,-0.0632,-0.0565,0.1782,0.1187
5.0,3.0,3.1,4.5,3.4,2.9,2.8,32.0,10.3,-0.4064,-0.0252,-0.3841,0.0585,-0.4926,-0.1938,0.4683,-0.4101
5.0,3.4,4.0,3.2,2.1,11.4,12.3,15.6,8.4,0.314,0.5719,0.0673,-0.5192,-0.1616,-0.383,-0.0845,-0.2979
5.0,2.4,3.6,3.1,3.4,14.8,11.2,20.4,17.0,0.0025,0.9161,-0.2561,0.0303,0.2695,-0.029,-0.0352,0.0779
5.0,1.8,2.2,1.2,4.1,5.1,7.7,26.7,28.9,-0.0803,0.1205,0.1205,-0.0417,0.4784,0.4461,0.6749,0.1664
5.0,2.8,4.7,1.9,3.3,14.7,13.9,9.7,29.5,0.2234,0.28,0.2943,0.3704,0.4909,-0.0045,-0.6143,-0.0356
5.0,3.8,4.3,1.9,1.5,19.7,6.3,36.2,30.9,0.0346,0.115,0.1147,-0.1836,0.2231,-0.1308,0.6343,-0.6591
5.0,2.4,1.4,4.7,3.5,4.2,16.1,10.0,38.0,-0.1993,0.3329,0.2287,-0.469,-0.5046,0.017,-0.5482,0.0549
5.0,2.4,2.3,2.2,1.0,18.7,5.5,30.3,20.3,0.0904,0.5791,0.1232,0.5146,-0.3822,0.278,0.2918,-0.2107
5.0,4.0,2.9,1.2,2.9,15.3,5.1,34.9,14.0,0.4061,-0.0421,-0.2422,0.5084,-0.2381,-0.2602,0.2813,0.5148
5.0,1.0,1.7,3.9,1.8,21.0,4.0,42.1,20.8,-0.087,0.6787,0.1643,0.3607,0.3518,0.3187,-0.2199,-0.2844
5.0,4.7,1.1,4.0,2.0,21.0,20.9,13.9,32.4,-0.3954,-0.0093,0.3793,-0.0614,-0.4832,-0.1278,-0.4656,0.4572
5.0,1.9,2.4,4.0,1.1,18.8,7.1,23.8,18.2,-0.4329,0.1996,-0.2167,-0.1895,-0.3885,-0.5223,0.3862,-0.208
5.0,5.0,1.9,5.0,4.7,21.7,12.5,13.0,10.8,-0.4644,-0.0912,-0.5087,0.0394,0.1079,0.6311,-0.1179,0.2705
5.0,3.3,4.9,4.3,3.2,11.2,14.1,19.5,18.1,-0.0935,0.894,-0.2349,0.0613,0.3102,-0.0328,-0.1373,0.07
5.0,1.0,3.7,2.9,3.5,19.5,4.8,31.9,9.0,-0.0767,-0.105,-0.3695,0.1319,-0.3859,-0.4926,0.5767,0.2819
5.0,1.2,3.8,2.7,1.8,13.5,19.9,38.5,29.7,0.1371,0.5396,0.319,0.2474,0.3609,0.2621,0.3489,-0.4251
5.0,2.0,4.3,1.6,4.9,10.5,6.4,26.5,30.8,0.4439,0.8432,0.0613,0.1662,-0.0847,0.1919,0.0154,-0.0414
5.0,3.9,2.7,1.7,4.2,22.0,5.2,23.0,15.9,0.0109,0.5462,0.2135,0.3416,-0.1978,-0.3527,0.5197,0.2928
5.0,4.1,4.9,3.1,3.7,7.1,13.7,6.4,32.2,-0.3131,-0.0567,0.2456,0.0219,0.0702,-0.3554,-0.1408,0.813
5.0,4.2,3.6,2.9,3.6,3.5,10.2,23.4,42.0,-0.0268,0.0868,-0.0138,-0.2249,0.1158,0.2002,0.4656,0.7981
5.0,1.2,2.6,2.9,3.2,10.0,15.2,27.9,30.7,0.0196,0.9174,0.0166,0.2605,-0.2425,-0.0695,0.0674,0.0205
5.0,2.6,4.3,3.2,2.8,2.6,15.5,24.1,4.4,0.017,0.3221,-0.252,-0.2996,0.3721,0.2314,0.5569,0.477
5.0,4.9,1.0,2.6,4.0,21.9,8.1,35.0,23.7,0.039,-0.0328,0.398,-0.2964,0.3627,0.4157,0.4407,0.4054
5.0,2.8,1.5,1.4,3.0,20.9,21.7,38.4,25.3,-0.0814,0.1581,0.3533,-0.1838,0.4725,0.6985,0.0048,-0.0323
5.0,1.5,5.0,4.8,4.5,7.1,13.5,42.5,5.1,-0.3524,0.5614,-0.1753,-0.1285,-0.2366,-0.1167,-0.5053,-0.4118
5.0,4.6,3.3,1.6,3.1,10.1,7.9,43.9,34.2,0.3464,0.9156,-0.0249,0.0868,0.0835,-0.0968,-0.0013,0.0159
5.0,3.3,2.2,2.4,2.2,6.6,16.6,9.0,12.6,-0.6449,0.3016,-0.2487,0.1396,0.3432,0.2814,0.1248,0.4298
5.0,2.8,4.9,4.5,1.7,18.6,10.8,27.3,24.2,0.0533,-0.0171,-0.0379,0.2153,-0.1514,-0.1328,0.6879,0.6389
5.0,2.8,2.1,1.4,2.0,2.8,5.5,26.6,28.6,0.3043,-0.1106,0.125,-0.166,-0.0493,0.6899,0.511,0.2818
5.0,3.3,1.6,1.2,3.1,12.9,8.4,18.5,27.7,0.7697,0.5744,0.1265,-0.0722,-0.0091,-0.0251,0.0962,-0.144
5.0,1.4,4.4,3.9,4.7,21.7,6.1,20.1,29.5,-0.2504,0.0885,0.1604,-0.2763,-0.1808,0.2694,-0.1499,0.8225
5.0,3.5,3.8,4.1,4.1,12.1,14.8,30.9,22.5,0.1378,0.5649,-0.0795,0.5782,-0.3042,-0.3216,0.2173,0.2393
5.0,2.6,4.7,2.7,2.3,2.2,2.7,23.1,20.0,-0.0728,0.6474,0.2092,0.358,-0.3124,-0.3312,0.2832,0.3139
5.0,4.5,3.3,3.8,4.4,10.3,19.9,5.5,30.3,0.1131,0.9282,0.0725,0.1718,0.2596,0.0717,-0.0748,-0.0242
5.0,2.5,2.1,3.6,1.9,11.1,20.6,23.2,16.0,0.3735,0.7211,-0.2264,-0.1042,0.4784,-0.0956,0.0258,0.1232
5.0,2.1,3.8,3.5,2.2,11.1,19.7,32.9,21.7,-0.0093,0.8238,0.0075,0.3732,-0.3702,-0.0302,0.1666,0.0197
5.0,2.9,3.6,3.0,4.2,9.0,6.2,11.0,12.8,-0.2655,0.9534,-0.0407,-0.0391,0.0137,0.0295,0.063,0.0208
5.0,2.4,2.3,4.5,3.5,19.4,19.1,38.4,40.3,-0.0267,0.3084,-0.2829,-0.3241,0.1377,-0.6451,-0.0737,-0.3023
5.0,1.2,2.5,3.1,1.8,17.2,17.5,10.5,14.6,-0.3383,-0.0608,-0.4262,0.0881,0.4023,0.6104,-0.366,0.0741
5.0,4.4,3.8,1.0,1.8,15.2,7.8,34.6,8.7,0.8756,0.4261,-0.0824,0.064,-0.0017,-0.0156,-0.0674,0.1476
5.0,3.6,3.5,4.9,4.6,18.2,15.8,9.2,33.8,-0.275,0.019,0.5872,-0.1817,-0.2595,-0.6439,-0.1455,-0.1288
5.0,2.5,4.6,3.8,3.8,11.8,2.7,41.1,14.2,0.2554,0.6566,-0.4062,0.0873,-0.4128,0.0891,0.1532,-0.3286
5.0,3.9,4.4,2.3,4.2,5.4,13.6,16.7,18.9,-0.0746,0.3208,0.105,0.4963,0.1731,-0.436,-0.2067,0.5905
5.0,3.7,2.4,3.1,2.5,14.1,16.0,42.3,19.4,0.2257,0.6596,-0.4212,0.3234,-0.1072,0.3211,0.1441,-0.2747
5.0,4.8,2.4,3.0,2.4,15.0,4.9,15.1,28.3,0.5319,-0.0749,0.3812,-0.0397,-0.0991,-0.3823,-0.0679,-0.601
5.0,2.9,2.1,4.2,3.9,18.3,19.9,32.6,28.8,-0.2196,-0.1329,0.3887,-0.0057,0.2807,0.677,0.4607,0.0117
5.0,3.8,1.4,4.6,1.9,10.3,7.3,33.0,18.1,-0.3414,0.5086,-0.2915,0.3486,-0.5012,0.0026,0.3441,-0.0577
5.0,1.9,2.9,3.2,3.6,19.1,8.0,33.6,42.8,0.34,-0.1393,-0.1515,0.1422,-0.0927,-0.1385,0.4066,0.7296
5.0,1.6,1.9,1.4,1.3,15.0,21.4,30.2,12.5,0.5651,-0.0225,-0.462,-0.0317,0.1453,-0.6146,0.0963,0.1692
5.0,4.8,1.0,2.6,2.3,9.3,12.7,9.8,5.9,-0.1283,0.9818,0.0731,-0.0439,0.007,-0.0266,0.0496,0.0056
5.0,4.3,4.7,3.6,2.5,15.3,5.7,9.4,20.0,0.0574,0.7775,0.0637,0.4323,0.3272,-0.2078,-0.1568,0.0989
5.0,3.3,1.7,4.7,2.4,16.6,11.7,9.1,9.7,0.1843,0.1269,-0.292,-0.2956,-0.5549,0.1013,-0.6579,-0.0911
5.0,4.6,4.3,3.3,1.9,12.6,4.2,10.7,12.8,0.6309,0.5518,-0.3365,-0.1989,-0.1052,0.2661,0.1475,-0.144
5.0,1.9,3.6,1.3,2.1,7.3,14.4,11.4,9.8,-0.3411,0.8316,-0.2669,0.076,0.0457,0.0605,0.2816,0.128
5.0,1.3,1.1,3.4,3.0,6.3,17.8,13.1,18.3,-0.2897,0.3124,-0.1143,0.5472,0.3778,-0.3081,-0.3504,0.3633
5.0,1.9,4.0,4.9,4.3,19.0,16.0,13.0,13.5,-0.4612,0.0869,-0.4542,0.1743,0.4887,0.4378,-0.3129,0.0256
5.0,1.3,1.7,4.9,4.9,12.8,13.4,36.5,6.9,0.1304,0.2736,-0.4372,-0.4397,0.3807,-0.5262,0.074,-0.255
5.0,1.9,3.0,4.2,4.4,16.4,16.0,30.4,36.9,-0.194,0.3532,0.2983,-0.5096,0.4311,0.2928,0.3572,0.2565
5.0,2.7,3.8,2.4,2.1,14.2,9.0,44.0,6.1,0.6929,0.6467,0.0292,-0.001,-0.0064,-0.0129,0.1974,-0.2142
5.0,2.2,2.3,1.6,3.4,9.7,7.7,32.9,14.3,0.2326,0.9651,-0.0549,0.001,-0.0186,-0.004,-0.0123,0.0014
5.0,3.0,4.0,4.6,1.1,10.8,19.0,36.0,21.3,-0.2255,0.8787,-0.0881,0.2413,-0.2815,0.0847,0.0959,-0.027
5.0,4.8,1.5,1.4,4.5,3.9,14.3,31.5,38.9,0.1633,0.4243,-0.1469,-0.4185,0.4566,-0.1551,0.5409,-0.2059
5.0,2.1,1.8,2.7,1.5,7.4,18.6,19.6,26.6,-0.4105,0.7419,0.1798,-0.094,-0.1819,0.0938,0.3512,0.2517
5.0,4.8,4.3,2.7,3.8,21.2,4.9,27.6,22.7,0.4814,0.4982,0.3038,0.2701,-0.4614,0.2806,0.1899,-0.0516
5.0,3.5,2.8,5.0,2.2,16.5,7.4,29.9,39.6,-0.0136,0.8599,-0.2768,-0.3074,0.0157,-0.177,-0.0356,-0.0534
5.0,4.3,3.0,4.0,3.6,18.7,4.4,30.8,7.8,0.0584,-0.2188,-0.3595,0.0133,-0.1519,-0.6236,0.5185,0.3327
5.0,3.8,2.4,1.9,4.9,13.1,6.1,12.3,28.4,0.4814,0.7006,0.4498,0.1093,-0.0906,-0.1855,0.0833,0.0293
5.0,4.5,1.6,1.0,5.0,7.3,9.6,37.7,39.2,0.1789,0.2489,-0.0162,-0.0208,0.0147,-0.0227,0.528,-0.4562
5.0,3.7,2.8,3.0,3.5,9.2,19.5,36.7,15.3,-0.1325,0.9753,-0.1049,-0.0538,-0.0549,-0.0452,-0.0528,-0.016
5.0,4.6,3.2,2.7,3.5,20.7,13.3,32.6,14.4,-0.193,0.362,-0.6247,0.386,-0.2045,-0.4541,-0.0952,0.0882
5.0,4.1,1.9,4.2,2.7,2.9,8.1,39.9,36.6,-0.4688,0.7455,-0.0727,-0.1134,-0.0757,-0.1137,-0.3269,-0.2361
5.0,2.4,4.9,3.9,3.3,13.0,8.0,18.5,26.3,0.1353,0.6957,0.0261,-0.0084,-0.0401,0.0009,-0.674,0.1352
5.0,2.2,1.7,2.7,3.9,19.0,13.5,17.1,11.5,-0.4212,0.2645,-0.3482,0.1999,0.4979,0.551,-0.0814,0.0958
5.0,1.7,2.3,1.8,2.8,13.1,7.7,31.7,40.1,0.1344,0.8724,-0.357,-0.1573,-0.1118,-0.1488,-0.0487,-0.0684
5.0,1.4,2.3,1.2,4.5,7.4,3.4,8.9,11.6,-0.22,0.4963,-0.2256,0.4587,0.5716,0.3117,-0.0115,-0.0348
5.0,1.5,2.8,2.9,2.6,18.5,20.5,31.1,38.9,-0.079,0.493,0.0552,-0.512,0.4927,-0.0763,0.4576,-0.0622
5.0,3.9,4.1,3.1,4.0,5.8,7.2,27.4,9.3,-0.1448,-0.018,-0.2165,0.1132,-0.3046,0.0305,0.6245,-0.6377
5.0,2.9,4.2,4.1,2.0,19.9,16.3,42.6,11.8,-0.0132,0.3367,-0.3635,0.1272,-0.4292,0.1557,-0.4664,-0.5365
5.0,2.2,3.7,3.1,1.9,15.7,19.0,22.5,18.8,-0.2095,-0.0115,-0.3371,0.2003,-0.0321,-0.736,-0.2375,-0.0985
5.0,3.2,3.0,3.1,1.8,4.3,15.0,29.9,29.8,-0.2604,-0.1969,0.3045,0.0219,-0.0799,0.4884,0.4182,-0.5948
5.0,3.1,4.9,1.7,2.6,16.8,9.9,33.4,27.2,0.217,-0.2319,0.0031,0.1365,-0.0838,-0.0596,0.7162,0.5434
5.0,1.1,1.7,1.8,2.3,19.0,3.9,27.1,23.9,0.4105,0.5448,0.3063,0.272,-0.5074,0.0755,0.2942,0.0279
5.0,4.8,4.9,1.3,4.4,3.5,18.0,11.4,16.6,0.0874,0.4934,0.0518,0.5459,0.5153,0.0906,-0.3849,-0.0908
5.0,2.4,4.4,1.6,4.6,15.5,9.2,41.8,41.5,0.3996,0.8552,0.0135,-0.0093,0.0241,-0.0106,0.2448,-0.103
5.0,2.4,4.4,2.5,2.6,20.6,20.7,33.4,18.2,-0.1007,0.5008,-0.0704,0.5033,-0.4441,0.2572,0.368,-0.2505
5.0,1.7,4.8,2.3,1.9,10.7,2.4,35.2,40.6,0.0753,0.8526,-0.0377,-0.3186,0.3498,-0.0176,0.1485,-0.0014
5.0,3.3,3.4,1.3,1.2,21.2,16.5,17.2,14.1,-0.3266,0.6172,-0.2408,0.1547,0.5764,0.0464,0.0802,0.2595
5.0,3.2,3.7,3.7,4.0,8.6,14.3,12.1,8.9,-0.4684,0.871,0.0017,-0.0073,-0.005,-0.0025,0.0916,0.051
5.0,4.6,4.8,1.6,4.7,14.3,18.9,14.2,30.7,0.3256,0.6083,0.6354,0.0161,-0.1451,-0.2201,0.164,0.0727
5.0,4.3,4.9,1.7,2.6,20.5,19.2,34.4,32.4,-0.2993,0.3116,0.3175,-0.3898,0.6217,0.3062,0.1929,-0.0594
5.0,1.8,4.1,4.9,4.5,18.8,20.0,29.3,38.9,-0.1324,0.4759,0.1073,-0.5199,0.4907,0.029,0.4559,0.0451
5.0,1.5,1.2,4.3,1.7,20.6,9.3,13.6,28.0,-0.1468,-0.1649,-0.0131,0.0346,0.0269,-0.0213,-0.7401,0.6154
5.0,3.7,3.0,1.2,2.9,4.3,7.2,13.2,14.0,-0.4292,0.5622,0.2608,0.2326,-0.1207,-0.2311,0.3376,0.4193
5.0,1.6,1.9,4.3,1.7,13.1,12.6,9.7,5.9,0.2189,0.3084,-0.2113,-0.4444,-0.5019,-0.2124,-0.3962,-0.3771
5.0,4.6,4.1,4.7,2.7,17.4,8.7,6.5,27.6,0.1199,-0.0553,-0.0252,0.0264,0.0208,0.034,-0.4535,-0.8667
5.0,4.3,3.8,1.3,2.8,6.8,8.0,36.0,42.1,-0.4092,0.6802,0.1897,0.124,0.1013,0.124,-0.3626,-0.3034
5.0,1.9,2.1,4.8,3.3,8.1,21.3,22.2,34.6,-0.2888,0.7281,-0.0582,-0.094,0.0114,0.1072,0.5424,0.2248
5.0,3.0,1.3,2.4,2.9,5.0,7.3,15.2,37.8,-0.3895,0.6501,-0.2818,-0.3442,0.0969,0.2928,0.1596,0.2983
5.0,2.3,2.7,4.2,1.6,7.2,17.5,9.2,35.8,-0.7143,0.1805,0.3116,-0.1319,-0.4047,-0.0693,-0.0738,0.3881
5.0,3.4,3.1,1.2,3.2,20.6,5.5,26.3,36.1,0.0001,0.5792,0.0091,-0.3256,0.5624,0.0169,0.4593,0.0042
5.0,2.7,3.7,2.3,2.8,17.8,15.6,37.9,21.4,0.2824,0.5766,-0.0148,0.3325,-0.3,0.3269,0.3512,-0.3703
5.0,2.2,4.4,3.5,3.1,16.7,10.5,14.0,30.1,-0.1732,-0.0778,0.0825,0.3032,0.1627,-0.1937,-0.5927,0.6484
5.0,3.9,4.4,2.6,4.2,4.1,13.8,16.0,42.4,-0.2847,0.1416,-0.3241,-0.3658,-0.0403,0.3458,-0.0657,0.7146
5.0,2.4,1.7,3.1,3.3,15.9,10.6,30.4,39.5,0.5304,0.4957,0.4288,-0.3119,-0.0604,0.2014,-0.1006,0.3083
5.0,1.8,3.4,4.1,2.7,13.1,14.5,38.1,5.8,0.0403,0.4968,0.0944,-0.3887,0.0161,-0.4384,0.4765,-0.3808
5.0,1.7,1.3,1.0,1.9,17.0,6.7,24.2,41.4,0.3784,0.7133,-0.266,-0.1565,0.3997,0.0198,0.2671,0.0184
5.0,3.9,3.0,4.1,2.0,17.1,2.6,34.1,26.3,-0.1232,-0.0108,0.1952,0.1079,0.2519,0.4813,0.7646,0.1405
5.0,1.4,1.6,4.0,3.2,9.4,9.4,34.6,24.5,-0.4189,0.898,-0.0209,-0.0084,-0.0063,-0.0036,-0.0434,-0.0223
5.0,2.8,4.3,3.7,2.0,17.6,9.8,18.5,25.9,0.2015,0.1961,-0.0492,0.1024,0.0806,-0.0929,-0.5986,0.7151
5.0,5.0,3.6,3.6,3.5,2.7,13.4,37.8,37.8,-0.0375,0.4083,0.1338,-0.4417,0.2926,-0.3857,0.3358,-0.4957
5.0,4.0,4.0,2.8,3.7,21.8,9.8,9.0,38.0,0.4635,0.7762,0.3277,-0.1032,0.0203,-0.0456,0.0877,-0.0778
5.0,2.8,3.7,3.0,2.4,3.3,12.4,41.3,14.4,-0.0991,0.7338,-0.3256,0.0099,-0.3425,0.0161,-0.4068,-0.2048
5.0,3.7,3.9,3.7,4.1,20.0,13.0,19.4,28.4,-0.4129,0.3827,0.2716,0.2381,-0.3594,-0.2753,0.1162,0.5607
5.0,1.1,4.0,1.7,4.0,14.3,20.3,35.8,36.2,-0.0257,0.5166,0.0084,-0.4388,0.5204,0.0126,0.4834,0.0412
5.0,3.7,3.9,4.1,1.9,14.2,19.3,29.2,28.8,0.5946,0.1823,0.3117,0.1267,-0.465,0.2756,0.0691,0.4128
5.0,2.2,1.8,3.7,1.8,4.8,6.2,33.1,27.9,-0.4386,-0.0766,0.2459,-0.1644,0.3084,-0.0897,0.3375,-0.69
5.0,1.3,1.2,3.3,1.4,17.4,2.4,37.1,11.2,-0.0675,0.2211,-0.4019,0.0188,-0.4269,0.006,0.3521,-0.6767
5.0,4.5,2.8,2.9,3.4,6.1,3.3,17.1,24.3,-0.5107,0.5749,0.2895,-0.1238,-0.4338,0.0304,0.0967,0.3131
5.0,2.4,4.4,4.9,3.2,5.5,13.3,30.9,26.2,-0.467,-0.1707,0.3521,0.2231,-0.1403,0.2867,0.2677,-0.6199
5.0,2.4,1.0,3.9,1.8,19.5,4.2,31.6,23.9,0.1132,-0.1853,0.2884,0.0624,-0.1149,0.7199,0.4548,0.2857
5.0,2.9,4.4,4.9,3.9,10.7,21.7,6.6,21.9,-0.1059,0.8631,-0.0248,0.3214,0.2525,0.217,-0.0946,-0.0861
5.0,4.7,2.0,3.6,4.9,20.4,17.9,16.7,23.2,-0.0192,0.2891,0.4591,0.4689,0.1828,-0.4625,-0.0783,0.4591
5.0,1.1,4.6,3.1,2.2,4.4,16.1,29.3,22.0,0.0703,0.2501,0.1451,0.4227,-0.4598,0.0273,0.7072,0.0147
5.0,2.0,4.9,3.8,2.3,3.8,11.1,21.4,4.2,-0.216,0.0086,-0.019,-0.4199,0.1312,-0.0335,0.3788,0.6863
5.0,4.7,2.1,3.4,2.1,18.0,20.7,41.5,16.6,-0.0673,0.3848,-0.2054,0.421,-0.2121,0.4258,-0.1134,-0.6045
5.0,1.4,4.0,4.7,3.4,2.2,2.8,38.0,5.7,-0.175,0.346,-0.4435,-0.1295,-0.4794,-0.1515,0.3546,-0.4911
5.0,2.7,2.5,3.4,4.7,15.9,16.6,5.2,28.0,0.19,0.6024,0.3757,0.1977,0.4951,0.1354,-0.2644,-0.2743
5.0,3.1,2.0,3.3,1.4,10.5,4.8,36.0,40.7,-0.1304,0.8926,0.06,-0.2739,0.1962,-0.2104,0.0556,-0.0706
5.0,2.0,3.8,2.4,2.3,21.1,19.8,35.4,5.1,0.0259,-0.0265,-0.3905,0.0203,-0.0303,-0.831,0.2721,-0.2042
5.0,1.9,4.5,3.0,2.2,10.8,2.1,5.4,42.9,0.0946,0.9004,-0.0258,-0.2829,-0.1462,-0.239,-0.0381,-0.0765
5.0,1.7,4.4,3.1,1.3,17.3,3.2,20.2,12.4,0.0325,0.1702,-0.313,0.1968,0.3095,-0.1971,-0.0493,0.8243
5.0,4.0,2.0,1.8,1.7,8.7,17.8,20.9,6.5,0.0701,0.9865,-0.0144,0.0142,0.0139,-0.014,0.116,-0.0075
5.0,3.4,4.7,2.8,3.4,15.8,11.0,34.9,9.0,0.0705,0.1891,-0.0598,-0.2652,0.2615,-0.1484,0.7707,-0.4157
5.0,1.2,1.8,4.6,2.2,9.2,14.8,36.0,28.7,-0.5996,0.7804,-0.0163,0.0216,-0.0225,0.0178,-0.0961,-0.0779
5.0,1.2,2.8,1.2,4.7,14.3,20.2,16.0,24.8,0.3399,0.4821,0.3414,0.3867,0.146,-0.4592,-0.1104,0.3495
5.0,3.3,1.1,1.4,3.4,5.3,16.4,20.4,6.2,-0.0729,0.8143,-0.2563,0.006,0.3515,-0.0101,0.3321,0.1403
5.0,3.8,3.7,5.0,2.2,20.3,17.3,32.5,10.6,-0.3826,-0.1432,-0.2805,-0.1,-0.3389,-0.3917,0.5201,-0.4293
5.0,4.7,2.3,4.2,2.8,20.9,12.3,16.7,18.5,-0.1041,0.396,-0.1943,0.4089,0.4186,-0.2514,-0.5001,0.3452
5.0,2.2,4.3,4.3,2.2,18.4,8.5,8.6,12.9,-0.0305,-0.102,0.0034,-0.0065,-0.0072,0.0029,-0.954,0.2448
5.0,1.8,3.7,2.7,2.7,10.2,10.0,24.0,35.9,0.0403,0.7505,-0.0079,0.2034,-0.3684,0.0535,0.4394,-0.045
5.0,1.9,4.4,3.0,3.7,10.8,4.5,37.9,27.2,0.2902,0.875,0.2705,0.1195,0.0597,0.1444,-0.0981,0.0028
5.0,3.3,3.2,2.6,3.1,19.0,13.3,9.1,7.2,0.1343,0.1853,-0.2362,-0.3584,-0.4528,0.0052,-0.7361,-0.0386
5.0,4.9,4.6,1.5,2.0,3.1,20.3,29.7,4.4,0.3643,0.2846,-0.354,-0.1662,0.4362,-0.3361,0.4839,-0.2774
5.0,3.8,3.8,2.7,1.1,7.5,8.7,5.6,37.4,0.166,0.1929,0.0389,-0.0087,-0.0466,0.0045,-0.6773,0.6607
5.0,4.4,2.1,4.3,2.0,16.1,12.8,25.7,4.4,0.2625,0.3031,-0.0501,-0.4901,0.233,0.4105,0.1609,0.5737
5.0,2.4,4.9,2.8,3.1,5.8,14.4,14.5,4.0,-0.4626,0.0957,-0.3456,-0.289,-0.0146,0.2751,-0.0234,0.6958
5.0,2.5,3.0,4.7,1.4,17.4,15.8,22.6,17.5,0.0334,0.3514,-0.1125,0.347,0.3354,-0.4509,0.3795,0.5025
5.0,3.7,3.0,1.0,3.5,5.5,12.6,11.1,42.2,-0.0896,0.1243,-0.2842,-0.2841,-0.0259,0.3364,-0.0529,0.8042
5.0,2.4,2.0,3.2,4.0,13.6,19.0,17.5,32.6,-0.2655,0.4941,0.3069,-0.1045,-0.5709,-0.1823,-0.4376,0.0764
5.0,2.2,1.7,2.3,2.1,20.1,14.3,22.5,43.7,0.2195,0.2524,-0.1567,-0.4242,0.2175,0.3962,0.22,0.6368
5.0,4.0,3.1,2.6,2.2,5.5,6.5,8.9,40.0,0.0997,0.4221,-0.4428,-0.473,-0.1567,0.444,-0.0848,0.3424
5.0,1.8,3.8,1.4,1.9,9.2,14.7,34.0,21.4,0.104,0.9873,0.0339,-0.0101,0.003,0.0004,-0.0463,0.0037
5.0,2.6,3.1,3.4,4.7,9.0,12.6,29.0,25.9,-0.3562,0.9188,-0.0764,0.022,0.0054,-0.0154,-0.0767,-0.0313
5.0,2.2,1.2,2.7,1.7,20.0,13.3,15.8,35.3,-0.3862,0.5184,0.357,-0.1253,-0.5635,-0.0544,-0.1691,0.2586
5.0,1.2,2.2,3.2,4.3,16.4,2.1,7.6,26.1,0.344,0.5654,0.3044,0.2552,0.5554,-0.0416,-0.2542,-0.1279
5.0,1.7,1.3,2.6,3.9,5.3,13.4,22.6,24.4,-0.1893,0.5213,0.297,0.2178,-0.3127,-0.2132,0.4562,0.4364
5.0,4.2,1.5,2.5,4.2,16.6,16.7,37.2,30.7,-0.2781,0.3265,0.3069,-0.2119,0.5808,0.4544,0.2868,0.0332
5.0,2.3,3.5,4.5,2.4,10.2,4.6,35.6,39.0,-0.3262,0.7643,0.1142,-0.3527,0.257,-0.2516,0.0826,-0.123
5.0,1.5,1.5,4.0,4.9,17.3,4.1,25.4,40.9,-0.0458,0.6968,-0.127,-0.3596,0.369,0.2837,0.2784,0.2342
5.0,1.0,4.3,4.7,4.6,12.0,18.8,39.9,17.5,-0.1863,0.5558,-0.3433,0.3376,-0.3538,0.3329,0.2088,-0.3554
5.0,4.5,2.0,4.3,4.7,16.6,10.5,12.7,38.2,0.3418,0.3005,0.469,-0.4487,-0.0297,-0.3361,-0.031,-0.4586
5.0,1.4,3.3,1.3,3.2,5.6,19.6,39.5,28.6,-0.0512,0.7813,0.3131,-0.1109,0.4382,-0.1114,-0.1032,-0.1981
5.0,2.9,2.5,3.9,2.1,14.6,19.9,18.4,30.6,0.0196,0.4504,0.3794,0.1567,-0.4123,-0.1727,-0.4687,0.4356
5.0,2.1,4.5,1.6,2.8,6.3,13.4,17.3,31.8,-0.2004,0.8489,0.3199,-0.1632,-0.0682,-0.1174,0.2682,0.0677
5.0,3.5,2.3,4.4,2.2,2.3,15.4,18.3,26.2,-0.3902,0.187,0.3231,0.227,-0.3542,-0.245,-0.1226,0.6653
5.0,3.3,4.3,2.4,1.0,11.4,2.3,24.5,17.7,0.4633,0.7548,-0.191,-0.0198,0.3662,-0.1196,0.055,0.0515
5.0,4.7,3.5,3.3,1.7,19.1,19.8,19.5,11.6,-0.173,0.2348,-0.4215,0.0611,0.4558,-0.0477,-0.2364,0.6714
5.0,1.1,1.4,2.7,5.0,8.7,17.5,8.2,20.4,-0.1598,0.0989,0.1057,0.3789,0.1436,-0.3071,-0.3329,0.7244
5.0,4.8,3.4,2.5,4.9,4.2,18.7,39.6,34.4,-0.0875,0.559,0.1118,-0.4653,0.1878,-0.457,-0.0322,-0.4298
5.0,1.6,2.3,2.7,3.0,18.6,7.0,7.9,22.0,0.356,0.698,0.2322,0.3724,0.2753,-0.2948,-0.0589,0.0922
5.0,1.5,1.8,2.7,4.8,12.9,19.5,8.2,5.9,0.2194,0.6477,-0.1885,-0.3923,-0.4564,-0.1534,-0.2938,-0.1269
5.0,4.8,3.8,3.3,2.9,12.1,10.1,17.7,34.6,-0.4341,0.5536,0.3616,0.2748,-0.1133,-0.2352,0.1826,0.3678
5.0,1.4,4.3,2.4,4.8,9.9,10.2,12.9,33.5,0.0563,0.5372,0.0364,0.5126,0.4108,0.0277,-0.3576,-0.0338
5.0,1.1,4.7,1.2,1.7,10.5,18.6,15.4,38.2,0.4131,0.8711,0.2155,-0.0961,-0.0166,-0.0064,0.0295,-0.0118
5.0,1.3,4.5,3.9,1.4,15.7,3.7,26.6,19.9,-0.1299,0.7114,-0.0146,0.3769,-0.4282,-0.1635,0.2942,0.132
5.0,1.0,3.7,1.1,4.6,5.6,7.0,16.4,35.5,-0.1921,0.8342,-0.3176,-0.0941,0.174,0.1151,0.2645,0.147
5.0,1.7,3.8,2.2,1.8,18.9,7.1,8.1,27.1,0.378,-0.2145,0.2129,-0.0653,-0.1296,-0.2768,-0.392,-0.6954
5.0,4.4,4.1,2.8,3.9,13.6,17.1,21.9,21.9,0.3316,0.7208,-0.1673,0.3362,0.1543,-0.3323,-0.1318,0.2545
5.0,2.6,2.2,4.5,4.9,19.0,18.6,16.8,35.6,-0.2786,0.4046,0.2796,-0.4028,-0.4816,0.2113,-0.3701,0.2964
5.0,2.4,2.7,2.3,2.7,8.1,4.9,27.2,30.1,-0.6073,0.6169,0.134,-0.1145,0.23,-0.0336,-0.2297,-0.295
5.0,4.1,3.5,1.6,4.9,13.4,4.8,43.8,38.5,0.4081,0.3383,-0.0828,-0.3128,-0.0205,-0.6093,-0.2174,-0.087
5.0,3.5,1.8,4.8,1.3,19.3,8.2,7.4,4.5,0.0501,-0.0358,-0.0772,0.0025,0.0416,0.1386,-0.5632,-0.797
5.0,2.5,3.7,1.4,2.0,17.1,17.4,6.5,38.4,0.4396,0.5241,0.3488,-0.4701,-0.0251,-0.2819,0.0594,-0.2876
5.0,4.7,3.0,4.2,2.3,18.0,2.8,26.2,28.8,0.2884,0.0057,0.1834,-0.1133,-0.3278,0.3591,0.3507,0.695
5.0,4.8,1.7,1.6,3.6,10.1,6.2,14.5,32.6,0.318,0.9328,0.1327,0.0147,-0.0516,-0.0241,0.0137,0.0032
5.0,3.1,2.5,1.0,2.5,12.1,15.2,25.0,32.9,0.5242,0.6594,0.2851,0.1278,-0.3783,-0.003,0.1753,0.0295
5.0,1.6,3.1,4.7,1.2,19.4,21.3,41.6,15.3,-0.2436,0.3216,-0.0533,0.24,-0.1204,0.2583,-0.5422,-0.6138
5.0,1.0,4.0,3.8,3.0,4.8,9.5,15.8,18.1,0.0679,0.883,-0.3829,0.0112,-0.0289,0.051,0.1052,-0.0339
5.0,1.1,4.6,2.7,3.8,8.2,19.5,29.3,38.7,-0.2324,0.2133,-0.1582,-0.5239,0.1892,-0.3779,0.2963,-0.5388
5.0,3.6,3.4,1.2,3.5,8.9,6.2,7.5,32.9,0.2202,0.967,-0.0392,-0.0213,0.0224,0.0229,0.0631,-0.0118
5.0,3.4,1.2,3.1,2.8,9.2,16.8,17.1,35.1,-0.1918,0.9654,0.0921,0.0662,-0.0484,-0.0549,0.0575,0.0206
5.0,3.5,3.3,3.4,3.0,14.1,14.9,7.0,28.0,0.3263,0.4405,0.2697,0.4081,0.4845,0.2102,-0.2839,-0.2881
5.0,3.0,2.0,1.6,2.3,19.7,20.3,16.2,33.6,-0.108,0.5795,0.268,-0.2551,-0.5716,0.1152,-0.2906,0.2628
5.0,3.2,3.0,4.5,3.4,19.8,16.6,29.2,31.2,-0.2285,-0.2097,0.3828,0.0176,0.1437,0.7067,0.4327,-0.1334
5.0,1.9,2.2,2.2,1.8,17.8,5.2,7.7,13.8,-0.0585,-0.1221,-0.2852,0.0552,0.333,0.6023,-0.6017,-0.2054
5.0,3.4,2.1,1.2,2.5,9.9,14.2,35.7,26.0,0.3987,0.9067,-0.0531,0.0794,0.0059,-0.0403,-0.0069,0.007
5.0,1.8,2.3,1.1,2.4,3.2,4.3,34.0,37.5,0.0901,0.4652,-0.1334,-0.4866,0.2096,-0.4579,0.1781,-0.4606
5.0,4.2,1.1,2.3,1.0,9.1,11.6,30.5,14.5,-0.1778,0.9767,0.021,-0.0274,0.0052,0.0172,-0.0549,-0.0107
5.0,3.7,3.4,3.2,4.7,2.6,9.3,10.5,16.1,-0.3828,0.8594,-0.2428,-0.0773,0.0705,0.0481,0.1174,0.0802
5.0,1.6,2.4,4.9,4.9,20.7,20.6,10.8,17.3,-0.3266,0.343,-0.3287,0.4017,0.5322,0.1321,-0.4361,-0.0556
5.0,3.2,3.2,2.0,2.6,17.0,17.3,33.2,39.7,0.1093,0.4729,-0.0941,-0.5036,0.4864,0.0676,0.4783,0.0673
5.0,4.8,2.1,4.8,4.0,20.1,13.7,12.3,18.7,-0.143,0.3233,-0.1849,0.5043,0.4956,0.0206,-0.5695,0.0061
5.0,3.0,2.8,2.8,1.6,8.8,4.5,12.4,35.1,-0.3786,0.9151,-0.0045,-0.0114,-0.0001,0.0081,0.087,0.0375
5.0,4.4,3.8,4.3,4.5,5.9,20.8,34.7,26.6,-0.6672,0.3495,0.2878,-0.1461,0.4025,0.0068,-0.0275,-0.3872
5.0,1.2,2.1,1.8,2.2,17.8,13.3,38.7,4.5,0.4606,0.2101,-0.085,0.0379,0.2479,-0.6426,0.3032,-0.277
5.0,4.9,3.3,1.3,1.8,12.4,19.7,23.0,33.9,0.4581,0.8171,0.2276,0.0134,-0.2156,-0.0192,-0.0559,0.0908
5.0,4.6,1.8,1.1,2.0,17.9,7.6,14.8,37.7,-0.1159,0.3704,-0.2612,-0.4372,0.0085,0.4368,0.0585,0.582
5.0,2.2,3.3,1.8,1.2,7.7,20.6,22.8,37.5,0.1615,0.7524,-0.1599,-0.1033,0.1183,0.1395,0.5519,-0.0835
5.0,4.0,3.3,4.1,2.6,19.3,6.1,21.5,14.4,-0.383,0.3226,-0.0121,0.2494,0.0184,-0.2503,0.3961,0.6714
5.0,4.7,3.5,4.6,2.5,13.4,20.0,32.1,18.5,-0.2167,0.5061,-0.2016,0.4744,-0.4888,-0.1123,0.3905,0.0809
5.0,2.9,4.5,2.6,1.5,21.3,8.6,41.5,16.3,-0.2977,0.7198,0.009,0.0088,0.0096,0.0088,-0.5612,-0.2327
5.0,1.7,4.0,1.7,1.6,12.3,11.2,42.3,40.0,0.4871,0.8238,0.0948,-0.0317,0.0936,-0.0477,-0.0752,0.0546
5.0,4.3,3.2,5.0,2.7,15.4,2.1,24.4,10.4,0.3793,0.1907,-0.2828,0.0919,0.4291,-0.2003,0.0258,0.6966
5.0,3.2,4.1,1.4,1.8,12.8,14.6,22.9,40.1,0.2952,0.7959,0.1963,-0.0871,-0.042,0.0951,-0.2539,0.0231
5.0,1.7,3.9,2.2,4.9,4.4,2.6,12.0,12.6,-0.2861,0.2537,-0.3442,0.4273,0.5954,0.3038,-0.3021,-0.0458
5.0,3.0,4.8,3.7,2.5,13.4,21.6,38.3,11.3,0.1281,0.5904,-0.348,-0.095,-0.3936,-0.1164,0.4394,-0.3469
5.0,1.3,1.5,4.0,1.8,7.0,17.7,10.4,19.0,-0.3105,0.1933,-0.0887,0.5651,0.3504,-0.2925,-0.4145,0.3762
5.0,3.5,1.6,2.0,3.2,4.7,6.8,30.1,30.5,-0.2775,0.2329,0.3248,-0.2745,0.5709,-0.0522,0.3611,-0.4496
5.0,4.7,4.1,2.0,3.3,13.3,14.9,21.4,17.6,0.2706,0.8891,-0.1962,0.0937,0.2226,-0.0974,-0.1048,0.0908
5.0,3.4,2.3,4.0,4.5,6.5,17.3,14.9,38.1,-0.5647,0.3458,-0.252,-0.4272,0.0102,0.3021,0.0385,0.4552
5.0,3.6,3.8,3.9,3.9,17.3,7.3,4.4,6.7,0.6063,0.2234,-0.1002,0.0658,-0.1839,0.1423,0.1946,-0.6775
5.0,2.0,2.6,2.5,2.0,16.2,7.8,40.5,39.3,-0.0965,0.8401,-0.1306,-0.0556,-0.1832,-0.0848,-0.0344,0.0681
5.0,4.0,3.5,2.7,1.6,9.9,19.1,43.6,10.1,-0.0704,0.9783,0.005,-0.0977,-0.0638,-0.0823,0.0348,-0.0017
5.0,4.7,4.8,2.9,4.0,15.4,2.7,42.4,43.0,0.226,0.7451,-0.2908,-0.2758,-0.3128,-0.2671,-0.0613,-0.2049
5.0,3.1,2.2,3.1,3.4,21.9,6.1,5.8,27.5,0.2251,-0.0092,0.0888,-0.1969,0.2298,-0.4665,-0.5505,-0.5509
5.0,3.5,1.7,2.3,3.0,21.6,13.3,6.9,31.8,0.2787,0.192,0.3235,0.1302,0.4222,-0.4013,-0.5306,0.343
5.0,1.9,2.4,2.4,1.9,2.5,18.0,26.8,27.1,0.2621,0.1646,0.3744,0.0697,-0.5209,0.258,0.6271,0.0786
5.0,4.6,3.1,1.6,2.8,15.0,12.9,30.0,6.0,0.7471,0.3824,0.1671,-0.3625,-0.0144,0.2108,-0.0279,0.2716
5.0,2.0,2.8,2.5,3.1,12.1,6.9,31.8,13.2,0.5915,0.0144,-0.39,0.2244,-0.0924,-0.2485,0.0474,0.5684
5.0,1.1,2.0,1.9,4.7,20.9,2.9,7.5,14.3,0.1139,0.0236,-0.5444,0.119,0.1697,0.7916,0.0072,-0.0351
5.0,5.0,1.5,1.9,3.8,20.9,2.7,37.2,22.6,0.0665,0.4295,0.4898,0.3816,0.0359,0.4516,-0.1005,-0.4331
5.0,2.9,4.4,1.6,1.8,9.7,8.8,21.4,32.1,0.2774,0.9529,0.0012,-0.0001,-0.0012,0.0001,0.0683,-0.0203
5.0,2.3,3.5,3.3,3.3,20.8,4.7,39.6,11.7,-0.1325,0.2258,-0.2384,0.325,-0.2417,0.3243,-0.0491,-0.7619
5.0,3.2,3.5,2.1,2.8,18.2,19.9,8.7,20.9,0.1757,0.4679,0.1308,0.5179,0.4631,0.1632,-0.4294,-0.1537
5.0,2.5,3.7,5.0,1.1,21.3,3.5,6.2,16.3,-0.0506,0.0958,0.0905,-0.073,-0.062,0.4093,-0.8847,-0.0443
5.0,2.2,3.4,2.8,1.2,2.2,7.6,15.1,27.4,-0.0759,-0.0461,0.0645,-0.0982,-0.1061,0.0668,-0.6588,0.7148
5.0,4.0,1.6,2.0,4.9,7.5,15.9,38.7,26.6,-0.1559,0.9311,0.0434,-0.1349,0.2311,0.0382,-0.1419,-0.0277
5.0,2.9,2.3,1.2,3.3,19.5,4.7,5.9,27.2,0.6608,0.4818,0.2584,0.023,0.3803,-0.2849,-0.1581,0.0236
5.0,1.5,2.7,2.7,2.5,11.3,9.0,28.4,41.5,0.2432,0.9609,0.0183,-0.0008,0.0021,0.001,-0.0167,0.0054
5.0,1.9,4.4,3.8,1.3,7.8,3.2,12.8,6.3,-0.8153,0.3813,-0.1096,0.0907,0.1498,-0.028,0.1331,0.3415
5.0,2.3,4.2,1.4,1.2,6.8,18.3,36.0,29.7,-0.337,0.8301,0.0923,-0.1648,0.2749,0.0217,-0.2323,-0.1224
5.0,2.0,2.4,2.0,4.0,18.0,16.8,18.6,6.2,0.2268,0.28,-0.4812,-0.295,-0.0774,0.5876,0.0806,0.4174
5.0,3.4,1.8,3.7,2.4,11.3,15.8,9.8,26.3,0.1913,0.8457,0.0415,0.3451,0.2925,0.1371,-0.0787,-0.0534
5.0,2.0,2.0,4.2,3.9,17.1,6.6,7.7,23.3,0.4659,0.6278,0.2176,0.2808,0.4529,-0.1701,-0.0043,-0.0852
5.0,1.8,3.4,3.0,3.7,15.4,18.1,20.3,9.0,-0.0533,0.57,-0.4111,-0.2496,0.4296,0.2521,-0.0927,0.4131
5.0,3.4,2.7,4.6,2.4,14.0,12.6,29.3,38.1,0.059,0.359,0.5118,-0.467,0.0908,0.4149,0.0586,0.4133
5.0,1.6,4.3,4.4,1.7,12.0,5.0,42.3,10.7,0.5376,0.4855,-0.2168,0.0185,-0.2602,0.03,0.3132,-0.4791
5.0,1.7,1.5,2.9,4.0,3.9,4.8,38.4,30.9,-0.2061,0.3745,0.3538,-0.2998,0.4284,-0.2699,0.1326,-0.5546
5.0,4.3,1.1,1.7,1.1,2.1,2.1,8.7,32.5,0.0374,0.0165,0.0543,-0.0548,-0.1174,-0.6135,-0.7603,0.0806
5.0,2.8,3.4,2.7,2.2,15.3,16.1,11.1,17.9,0.0502,0.3565,-0.3901,0.5864,0.2487,0.3856,-0.1547,-0.3476
5.0,3.1,3.3,4.4,4.8,11.6,15.7,19.7,32.7,-0.2129,0.7236,0.3319,0.0669,-0.4418,-0.1266,-0.2601,0.1377
5.0,1.2,3.7,2.6,2.9,18.6,21.9,39.1,5.9,-0.0146,0.5799,-0.3699,-0.2422,-0.4329,-0.2591,0.2233,-0.3759
5.0,1.9,4.3,1.4,1.5,5.1,6.6,41.7,25.2,0.1889,0.0609,0.0458,-0.2983,0.0389,-0.2954,-0.2804,-0.8113
5.0,2.0,1.7,2.8,3.8,3.9,7.7,12.8,34.3,-0.5083,0.157,0.0349,-0.43,-0.1933,0.3172,-0.1106,0.5966
5.0,4.2,3.8,2.2,2.2,21.2,15.1,25.7,33.7,0.3202,0.4271,0.2876,-0.0876,-0.4357,0.3447,0.5326,-0.0401
5.0,1.0,2.3,4.6,2.6,7.7,16.3,41.7,20.2,-0.3408,0.578,0.1102,0.2222,0.275,0.2094,-0.4433,-0.3894
5.0,4.4,3.5,2.9,4.4,20.4,15.0,5.9,18.0,0.1108,0.3851,-0.3779,0.5142,0.1645,0.4464,-0.0351,-0.4302
5.0,1.8,1.3,1.0,1.3,17.2,18.3,35.2,21.0,0.3133,0.5861,0.1825,0.2906,-0.4351,0.1655,0.4182,-0.1628
5.0,3.3,3.9,2.4,2.6,19.6,10.9,27.7,14.1,-0.0477,0.0538,-0.167,-0.3236,0.1999,-0.2584,0.516,-0.6715
5.0,1.4,1.5,2.6,3.4,18.9,18.9,22.3,29.9,0.1235,0.5831,0.4776,-0.0123,-0.4902,0.0163,0.1201,0.3808
5.0,2.8,4.5,1.2,2.1,20.5,12.1,16.3,22.7,0.109,0.3656,0.1535,0.1988,0.3178,-0.0454,-0.7982,0.1018
5.0,3.6,2.9,3.0,4.9,21.1,17.1,8.1,39.6,0.0477,0.4257,-0.0473,-0.4882,-0.4391,-0.2167,-0.5068,-0.2443
5.0,2.6,2.6,4.0,4.5,9.8,19.1,8.9,39.9,-0.1237,0.8554,0.3357,-0.2692,0.0314,-0.2073,0.0336,-0.0747
5.0,3.7,3.3,3.1,3.7,2.5,3.1,21.2,39.7,-0.0975,0.6315,-0.2623,-0.3572,0.2683,0.3559,0.237,0.3536
5.0,3.4,3.6,1.5,3.7,4.5,14.8,23.6,21.7,0.016,0.4424,0.273,0.2762,-0.3612,-0.2152,0.5793,0.3468
5.0,1.7,1.4,1.0,3.1,18.0,12.4,5.8,25.5,0.5844,0.0759,0.0278,0.4292,0.1257,0.3224,-0.1912,-0.5329
5.0,1.9,4.3,4.1,3.9,6.3,11.5,36.9,6.8,-0.6683,0.3002,-0.2733,-0.1471,-0.0191,-0.1585,-0.1968,-0.5362
5.0,1.6,1.1,4.3,1.8,15.7,6.8,6.0,31.7,0.039,-0.0174,0.0035,-0.0289,0.1334,-0.3703,-0.6378,-0.6447
5.0,4.6,4.4,2.4,4.1,16.7,14.5,26.1,5.5,0.3619,0.2572,-0.0606,-0.517,0.2284,0.3894,0.2539,0.4952
5.0,4.4,4.0,1.4,2.8,17.7,9.6,35.5,26.1,0.4009,-0.281,-0.0059,0.093,-0.0415,-0.0463,0.5246,0.6272
5.0,2.1,2.7,2.8,1.6,12.0,15.3,17.8,22.3,0.2099,0.837,0.0252,0.1846,0.3696,-0.1312,-0.211,0.0688
5.0,1.7,3.1,1.0,1.5,19.2,8.9,38.9,13.2,-0.003,0.0159,0.0163,0.0489,0.0057,0.0513,-0.1811,-0.9581
5.0,4.9,4.2,2.8,4.0,20.7,18.2,29.0,38.4,0.018,0.4159,0.0069,-0.5261,0.4782,0.13,0.5101,0.136
5.0,3.5,4.1,1.9,4.2,16.7,6.7,38.1,15.6,-0.2409,0.3176,0.1128,0.4158,0.0001,0.4079,-0.1309,-0.6619
5.0,3.7,2.3,2.2,1.3,18.4,19.0,25.8,42.0,0.2892,0.4246,-0.1416,-0.496,0.3225,0.3678,0.2573,0.3742
5.0,4.9,3.9,3.2,1.4,19.1,17.4,6.2,7.7,0.1751,0.2253,-0.4023,-0.0769,-0.4837,-0.0243,-0.3446,-0.6197
5.0,1.2,3.2,2.6,2.5,2.3,11.0,14.2,16.9,-0.0482,0.7741,-0.5556,0.1448,-0.0118,0.1401,0.144,-0.0293
5.0,4.1,4.1,4.0,1.0,17.5,6.9,38.2,36.9,-0.5925,0.1338,0.0193,-0.2055,0.0468,-0.1895,-0.0727,-0.7108
5.0,2.5,4.6,2.6,2.2,6.4,6.9,28.9,10.6,-0.5344,-0.0137,-0.1197,0.211,-0.1906,0.1579,0.1399,-0.7405
5.0,2.7,3.4,3.4,3.7,7.1,14.2,28.3,39.4,-0.2406,0.019,-0.1272,-0.4413,0.1946,-0.2839,0.4275,-0.6244
5.0,2.9,4.0,4.5,1.7,16.6,10.4,24.4,27.6,0.0766,0.0046,-0.0372,0.1797,-0.0687,-0.16,0.3577,0.8811
5.0,2.6,1.5,2.2,4.6,19.5,18.4,41.0,17.2,0.2232,0.601,-0.2316,0.378,-0.2683,0.3784,0.1098,-0.384
5.0,3.2,4.2,4.6,3.8,6.3,9.5,43.0,40.4,-0.1969,0.4091,0.0426,-0.0919,-0.1609,-0.0731,-0.7674,-0.3607
5.0,2.9,2.1,2.7,2.7,10.8,3.6,10.1,36.3,0.2673,0.7408,0.566,-0.0538,-0.0212,-0.1148,0.1372,-0.0466
5.0,3.9,2.5,3.0,1.9,7.8,17.3,27.5,4.5,-0.7272,0.3829,-0.165,0.0256,-0.0198,-0.1193,-0.2238,-0.4516
5.0,4.2,1.2,4.3,3.0,7.4,3.0,26.8,37.8,-0.4592,0.11,-0.0117,-0.4555,0.166,-0.3153,0.2002,-0.6015
5.0,4.1,4.2,2.1,4.8,11.6,6.7,41.9,33.0,0.4462,0.8159,0.1682,-0.0504,0.1703,-0.0503,0.179,-0.1371
5.0,1.7,3.9,1.8,1.5,2.8,2.9,11.3,25.1,0.3041,-0.1111,0.4387,-0.0128,0.2048,-0.7257,-0.3276,0.0362
5.0,1.7,3.4,1.5,2.4,8.0,14.1,40.6,32.0,0.0491,0.9403,0.1218,-0.0657,0.1305,-0.0667,-0.2419,-0.0081
5.0,2.8,2.7,1.4,1.1,8.9,12.3,43.2,31.2,0.4321,0.7333,0.0049,0.0018,0.0145,-0.0102,-0.3572,0.2593
5.0,3.6,3.5,2.9,4.0,21.7,8.5,14.6,4.0,0.0012,0.0354,-0.013,0.0308,0.0375,0.0056,-0.9788,-0.0575
5.0,2.6,2.2,2.6,1.7,16.0,9.1,15.1,12.4,0.038,0.0632,0.0013,-0.0099,-0.0082,0.0073,-0.8151,0.5528
5.0,2.8,1.1,1.9,2.9,19.0,8.2,26.4,33.1,-0.1097,0.0691,0.2269,-0.0826,0.4413,0.3909,0.7034,0.1929
5.0,3.8,2.8,3.6,2.8,18.0,21.4,24.3,33.3,0.1785,0.1515,0.1282,-0.2416,-0.3115,0.5013,0.4621,0.528
5.0,1.9,3.7,1.6,4.8,7.6,18.4,18.9,20.9,-0.185,0.8253,0.356,0.0559,-0.1788,-0.0923,0.28,0.1498
5.0,4.7,3.0,1.5,3.8,14.4,14.4,35.2,20.1,0.5918,0.5126,-0.2689,0.4392,0.005,-0.2264,-0.0104,0.2207
5.0,2.0,2.8,2.3,4.7,2.9,14.3,40.9,26.2,-0.2809,0.5088,0.2932,0.232,0.39,0.249,-0.2425,-0.4693
5.0,3.0,3.0,3.3,4.4,2.8,6.4,18.9,34.9,-0.5019,0.5092,-0.1021,-0.3324,0.0417,0.3153,0.227,0.4459
5.0,1.4,1.7,3.6,4.0,13.7,19.4,17.8,40.2,-0.0371,0.5839,0.0334,-0.4807,-0.321,0.366,-0.2746,0.3061
5.0,2.6,3.3,2.9,1.8,16.5,12.6,4.5,31.0,0.0358,0.2298,0.2406,0.2865,0.3338,0.2353,-0.5203,-0.5898
5.0,3.8,3.3,4.4,4.0,13.4,6.5,8.2,22.2,0.2369,0.8403,0.1306,0.3368,0.2293,-0.1927,-0.0141,0.0437
5.0,2.0,4.5,3.9,1.9,21.4,2.6,29.1,28.5,-0.075,-0.1567,0.0976,0.0712,0.0739,0.4859,0.8213,-0.1068
5.0,4.8,2.4,2.2,2.6,7.6,22.0,23.9,31.8,0.1306,0.864,-0.0708,-0.0567,0.0383,0.0884,0.4461,-0.0628
5.0,2.0,1.0,3.8,2.8,10.1,17.8,31.3,19.4,-0.0755,0.7444,-0.4788,0.3048,0.0507,-0.2599,-0.0552,0.1409
5.0,3.2,1.7,1.5,2.7,17.2,18.0,27.3,36.9,0.3696,0.4541,0.4414,-0.4999,0.0862,0.3049,-0.0441,0.2901
5.0,3.6,4.1,1.3,1.9,18.2,16.8,16.9,6.8,0.4352,0.2556,-0.3347,-0.1401,-0.33,0.4867,-0.3208,0.381
5.0,3.3,4.2,4.4,4.9,17.1,12.2,24.0,7.8,-0.0812,0.3649,-0.2044,-0.3448,0.3137,0.31,0.4128,0.5645
5.0,1.6,4.6,4.4,4.6,20.1,19.0,41.3,31.5,-0.1109,0.438,0.4173,-0.2408,0.4235,-0.2419,-0.028,-0.549
5.0,2.0,2.9,4.3,2.2,4.2,16.2,29.4,37.8,-0.2873,0.3411,0.2786,-0.4405,0.5239,-0.011,0.475,-0.0605
5.0,4.1,2.7,4.3,1.0,21.7,12.6,21.7,13.6,-0.4753,0.4279,-0.3082,-0.0356,0.3089,0.0355,0.2878,0.549
5.0,1.6,2.0,2.3,1.4,3.2,6.5,39.1,8.0,-0.0127,0.1143,-0.19,0.2478,-0.1945,0.2473,-0.0064,-0.8767
5.0,3.4,4.3,4.5,3.9,21.2,15.7,43.6,29.1,0.121,0.3689,0.3598,-0.0145,0.5218,-0.1438,-0.5349,-0.3318
5.0,2.2,4.9,2.2,4.7,21.1,19.9,36.1,11.8,-0.2803,0.3892,-0.2723,0.3616,-0.6226,-0.2209,0.3155,0.0109
5.0,4.8,2.8,3.1,5.0,9.1,2.5,25.8,24.3,-0.2146,0.9497,-0.0463,0.1207,-0.0619,-0.0993,-0.0858,-0.013
5.0,3.2,3.6,4.7,2.2,17.6,8.6,29.3,34.8,-0.4378,-0.2663,-0.0026,0.0264,-0.0123,0.0174,0.4596,-0.6823
5.0,1.7,1.3,3.3,3.1,14.8,20.7,18.4,23.0,0.3001,0.2793,0.367,0.2409,0.273,-0.692,0.0718,0.0561
5.0,4.7,1.7,4.4,2.3,8.2,10.5,8.4,40.7,-0.7599,0.564,-0.0243,-0.0189,0.0056,0.0099,0.1742,0.2419
5.0,4.6,1.4,3.9,3.5,13.3,17.8,42.8,25.7,0.2276,0.7276,0.1732,0.3681,0.2528,0.3446,-0.0165,-0.2314
5.0,3.0,1.2,2.4,1.0,15.5,16.7,37.0,4.5,-0.0194,0.0397,0.1145,-0.0609,-0.0149,-0.5261,0.7418,0.2891
5.0,3.4,1.5,4.2,1.9,9.2,6.7,38.0,16.0,-0.3624,0.9181,-0.05,-0.0463,-0.041,-0.0432,-0.0714,-0.0336
5.0,1.5,4.6,1.4,2.7,8.7,20.8,30.8,32.5,-0.0854,0.9412,0.019,-0.1904,0.1752,-0.1294,-0.0773,-0.0388
5.0,3.5,1.9,4.4,5.0,10.0,15.8,29.2,39.5,-0.06,0.8345,0.4204,-0.2338,-0.0741,0.1853,-0.0544,0.0882
5.0,2.5,4.0,3.8,3.3,10.9,14.3,16.1,4.1,0.01,0.8091,-0.0466,-0.3288,-0.4019,-0.0919,-0.22,-0.0578
5.0,2.8,1.9,4.5,4.2,8.7,10.5,6.5,23.0,-0.6986,0.6448,-0.0296,-0.0117,0.0064,0.0075,0.1763,0.2017
5.0,2.8,1.8,4.6,4.3,20.4,3.5,22.0,23.5,0.0099,0.6253,0.3888,0.2695,-0.4011,-0.2691,0.0211,0.3686
5.0,4.0,1.8,3.7,3.2,15.2,11.2,22.7,28.1,0.1611,0.2463,0.0659,0.4246,-0.121,-0.412,0.0977,0.7122
5.0,4.9,4.8,2.3,1.1,16.0,6.4,21.0,20.6,0.2249,0.8944,0.2774,0.0685,-0.1251,-0.0979,0.0863,0.019
5.0,4.1,3.3,2.7,3.6,19.3,20.9,18.1,42.1,0.2382,0.3514,-0.4867,-0.3178,-0.0747,0.5676,0.1251,0.2904
5.0,1.2,4.3,2.2,3.6,4.4,12.2,25.9,26.6,-0.0377,0.364,0.149,0.1967,-0.2972,-0.0695,0.7944,0.2454
5.0,3.2,3.3,1.6,1.3,10.6,10.9,40.7,43.3,0.3371,0.9332,0.0582,-0.0257,-0.0084,0.0068,-0.0094,0.0055
5.0,3.3,3.7,4.4,2.8,12.2,17.4,32.6,9.5,0.5172,0.3366,-0.3903,-0.2881,0.3881,-0.417,-0.0287,0.1581
5.0,2.2,3.7,1.0,1.7,11.2,16.3,40.6,35.0,0.1753,0.6026,0.0979,-0.0661,0.4672,0.2726,0.2263,0.0696
5.0,1.0,2.9,2.1,3.2,8.2,20.1,17.6,17.1,-0.3558,0.6921,0.2183,0.33,-0.1103,-0.3135,0.1796,0.2824
5.0,1.7,1.7,1.7,4.3,13.9,6.9,37.1,43.5,0.382,0.7532,-0.449,-0.0812,-0.132,-0.1645,-0.1036,-0.0427
5.0,3.8,3.0,1.6,4.9,6.5,12.4,43.4,42.2,0.0372,0.8489,-0.1528,-0.014,-0.1674,-0.004,-0.455,-0.0103
5.0,3.4,4.4,4.0,3.5,2.2,7.9,9.2,15.0,-0.6161,-0.0964,-0.0225,0.1763,0.0766,-0.1258,-0.1634,0.7109
5.0,1.3,2.1,3.4,2.6,9.5,20.3,12.6,26.9,-0.3394,0.9228,-0.0234,0.0879,0.0845,-0.0271,0.0254,0.0163
5.0,4.4,1.2,2.5,2.6,17.8,10.4,9.3,33.9,-0.0672,0.0678,0.2091,0.3783,0.2238,-0.2887,-0.4483,0.6416
5.0,1.9,2.8,3.8,1.7,21.9,19.4,9.5,36.5,-0.4612,0.2022,0.4093,-0.2147,-0.5621,-0.2283,-0.3534,0.1201
5.0,4.4,1.1,2.2,3.6,17.6,10.2,12.5,19.2,0.4785,0.8015,-0.2898,0.1157,-0.0223,0.0321,0.0543,-0.0498
5.0,1.8,2.7,2.7,4.2,14.8,5.8,37.7,40.2,-0.0436,0.7457,-0.3303,-0.3663,-0.0923,-0.344,-0.0536,-0.2154
5.0,2.2,4.0,4.9,3.9,10.3,5.3,23.1,11.7,0.1418,0.9342,-0.1196,-0.096,0.226,0.0609,-0.0819,0.0513
5.0,2.0,3.7,4.3,2.1,13.4,13.6,40.9,21.2,0.2269,0.643,-0.2755,0.3277,-0.2098,0.3267,0.2427,-0.3473
5.0,2.4,1.8,2.0,4.9,4.3,12.1,42.1,16.4,0.2798,0.7909,-0.2777,0.2091,-0.2868,0.2096,0.041,-0.1714
5.0,2.3,2.4,3.5,3.4,15.7,12.3,7.4,13.4,0.2285,0.2062,-0.3581,-0.3395,-0.4896,0.3907,-0.4217,0.2686
5.0,4.4,2.2,1.1,1.9,7.9,10.6,25.8,29.9,-0.2236,0.212,0.0535,0.0458,0.0289,0.0552,-0.4125,-0.7659
5.0,3.2,2.8,1.4,1.8,12.5,18.4,43.7,38.7,0.3234,0.7182,0.4427,-0.0993,-0.0849,-0.181,0.2203,-0.0218
5.0,4.2,2.7,2.7,4.4,16.7,18.4,16.7,19.5,0.0668,0.5996,-0.0305,0.4137,0.4347,-0.2301,-0.396,0.2263
5.0,5.0,3.4,4.7,2.5,14.3,13.3,31.1,35.0,-0.0376,0.1017,0.7408,-0.1126,0.0596,0.5815,-0.0451,0.2046
5.0,3.5,4.0,1.2,3.9,2.2,5.5,18.3,23.5,0.5068,0.6208,0.4782,-0.1829,-0.1296,-0.1192,0.1764,-0.0882
5.0,4.8,1.4,4.5,2.3,3.7,11.6,6.7,38.9,-0.1346,0.3402,0.116,-0.361,-0.3348,-0.2908,-0.5738,-0.4201
5.0,2.7,1.8,1.8,2.9,17.3,18.2,19.3,13.6,0.1166,0.7187,-0.3769,0.1272,0.4503,-0.1262,-0.0776,0.2717
5.0,3.5,3.6,5.0,3.7,3.7,4.6,35.1,43.2,-0.2913,0.154,-0.4008,-0.014,-0.5042,-0.1531,0.4905,-0.4263
5.0,2.2,2.1,4.8,4.2,10.8,16.0,33.4,12.5,0.2463,0.484,-0.6265,-0.2931,0.1099,-0.3854,-0.1771,0.0146
5.0,1.2,4.6,1.4,3.0,6.5,8.1,36.2,38.5,0.1657,0.9653,-0.1202,0.0143,-0.0415,-0.0023,-0.0392,-0.001
5.0,1.2,4.3,3.5,1.8,17.6,5.9,35.4,29.2,-0.0027,0.1118,0.2127,-0.0999,0.271,-0.0484,0.7027,-0.5793
5.0,2.6,2.3,1.1,2.2,18.4,8.5,31.5,34.1,0.0525,0.0955,-0.0184,-0.1773,0.1456,-0.1321,0.6531,-0.656
5.0,4.7,1.7,1.1,1.6,7.7,9.4,35.1,35.8,0.1781,0.9774,-0.0061,0.0007,-0.002,-3.9248e-05,-0.0677,0.0116
5.0,4.0,4.3,1.6,3.5,2.1,15.9,17.6,20.8,0.2661,0.4383,0.089,0.3823,0.2602,-0.3884,-0.3279,0.4906
5.0,1.4,4.9,2.2,2.9,8.0,2.8,40.1,15.3,-0.2544,0.8324,0.1352,0.1843,0.1202,0.1838,-0.3194,-0.1581
5.0,2.4,2.5,4.2,4.2,15.9,3.0,15.7,4.7,0.3291,0.2991,-0.5595,-0.315,-0.2458,0.5515,0.0852,0.0147
5.0,4.7,4.1,1.3,1.2,12.3,17.8,19.5,23.8,0.4967,0.8198,0.0774,0.0832,0.2121,-0.0916,-0.063,0.0259
5.0,4.8,4.7,4.5,2.9,12.2,11.4,28.8,40.6,0.2701,0.8725,0.3363,-0.0917,-0.0811,0.0589,-0.0988,0.0712
5.0,2.3,1.5,3.0,3.9,5.1,10.9,27.2,32.7,-0.1449,0.0377,0.3518,0.331,-0.1985,0.3662,0.2662,-0.6728
5.0,3.3,3.4,2.3,4.7,17.9,5.0,40.7,5.1,0.0664,0.7972,-0.3077,-0.117,-0.3973,-0.1285,0.1397,-0.1727
5.0,1.1,1.4,3.1,4.0,9.0,13.2,21.2,11.7,-0.321,0.9,-0.056,0.0716,0.0574,-0.0713,0.2232,0.0909
5.0,4.7,3.2,1.6,2.9,18.8,10.5,32.5,10.8,0.0347,0.0689,-0.0849,-0.1872,0.1739,-0.1157,0.7748,-0.5204
5.0,2.2,2.8,2.2,1.9,3.7,10.6,34.9,22.7,0.0847,0.1618,0.0205,0.2045,-0.1809,0.1397,0.7311,-0.553
5.0,3.6,3.8,1.2,4.4,12.4,2.5,40.8,43.6,0.4632,0.6756,-0.2217,-0.3051,-0.0956,-0.3613,-0.05,-0.1643
5.0,1.3,3.0,4.6,4.2,5.8,17.3,13.8,8.1,-0.5071,-0.1086,-0.3545,0.0031,0.3004,0.5613,-0.2791,0.3313
5.0,2.5,4.4,3.4,1.6,16.8,8.8,21.7,25.5,0.5147,0.2753,-0.0116,0.0127,0.0113,-0.0127,-0.3645,0.7078
5.0,3.7,1.9,2.0,2.2,22.0,18.6,15.9,22.2,0.1257,0.2711,0.3726,0.4161,0.1774,-0.4736,-0.1217,0.551
5.0,1.7,4.0,3.6,3.8,5.4,11.8,40.3,36.9,0.0796,0.5904,0.3192,-0.3305,0.3195,-0.33,0.1798,-0.3961
5.0,2.2,1.1,1.7,1.5,8.0,17.3,10.4,8.5,-0.3971,0.8454,-0.1104,0.1702,0.1257,0.1128,0.1921,0.0866
5.0,3.1,2.0,1.3,3.9,10.3,5.7,29.9,27.6,0.4189,0.8693,0.0861,0.1556,-0.0614,0.1542,0.009,-0.0269
5.0,3.6,4.5,2.7,4.3,21.7,21.4,13.4,17.3,-0.1411,0.4425,-0.0705,0.5303,0.4382,-0.2735,-0.3643,0.2866
5.0,4.6,3.5,2.1,4.0,7.1,18.6,21.3,31.2,-0.0637,0.8838,0.0255,-0.2537,-0.0289,0.2542,0.2549,0.0935
5.0,2.6,2.2,4.1,3.1,12.4,7.6,28.9,41.9,0.2171,0.9019,-0.2186,-0.2086,0.017,-0.1399,-0.0561,-0.0119
5.0,4.3,2.6,4.8,3.0,2.7,2.8,38.6,26.9,-0.2891,0.1923,0.3806,-0.1338,0.3863,-0.1311,0.0968,-0.7215
5.0,4.3,2.7,1.3,1.6,7.7,6.9,10.6,18.2,-0.0112,0.968,0.1714,0.0232,-0.0789,-0.0307,0.1272,0.0176
5.0,4.2,4.5,5.0,2.7,16.5,20.1,30.2,31.1,-0.0818,-0.1952,0.2684,0.0644,0.148,0.6092,0.6606,0.1318
5.0,4.1,2.6,4.4,1.8,20.3,14.6,18.9,43.5,-0.2539,0.1516,-0.1362,-0.3726,0.1807,0.401,-0.3074,0.6653
5.0,3.6,4.4,3.9,4.7,17.5,17.5,28.9,20.7,0.0519,0.4403,0.0063,0.5504,-0.4501,-0.1954,0.4491,0.1997
5.0,1.3,4.3,2.3,1.1,6.7,4.2,10.6,25.4,-0.4114,-0.075,0.2429,0.036,-0.3837,-0.3267,-0.3719,0.5911
5.0,1.8,4.0,3.3,4.2,15.6,17.2,43.6,24.3,0.1193,0.5109,0.2135,0.4326,0.3355,0.3768,-0.2136,-0.4139
5.0,4.8,3.7,1.6,3.7,3.1,10.2,43.3,41.1,0.6555,0.2765,0.0962,-0.1783,0.0489,-0.1617,0.173,-0.5885
5.0,4.8,3.8,1.7,1.9,12.9,11.9,8.1,6.1,0.5875,0.7899,0.1085,-0.0773,0.0288,-0.0281,0.0437,-0.0402
5.0,1.1,3.6,1.6,4.7,9.2,4.3,24.8,31.7,0.3655,0.7735,-0.0782,0.01,0.0341,0.0531,0.4161,-0.2103
5.0,2.7,3.8,3.4,2.7,16.3,20.1,18.0,24.1,-0.1202,0.4386,0.0623,0.3144,-0.2831,-0.5354,-0.459,0.2896
5.0,1.9,3.6,3.4,2.9,9.5,16.7,33.3,36.1,-0.254,0.924,0.2223,0.0906,0.0644,0.0515,-0.0432,-0.0329
5.0,4.5,3.3,1.3,3.2,5.4,16.0,5.7,30.5,0.4732,0.4876,0.1459,-0.0238,0.2436,-0.2971,-0.4687,0.3687
5.0,1.9,4.8,2.3,1.6,7.4,12.2,43.3,40.6,-0.1521,0.6202,-0.072,-0.1325,-0.2507,-0.0582,-0.6429,-0.183
5.0,2.7,4.6,4.5,4.3,15.8,11.4,10.4,14.1,-0.3593,0.3126,-0.6474,-0.328,-0.0487,0.3224,0.0792,0.3356
5.0,4.2,2.1,4.8,2.3,2.8,13.8,19.1,28.4,-0.4998,0.2537,0.3555,0.1096,-0.3632,-0.1134,0.0294,0.6239
5.0,3.2,2.4,3.0,4.6,7.6,10.0,33.9,37.3,-0.5992,0.4152,-0.2113,-0.3132,-0.0375,-0.2345,-0.1323,-0.4363
5.0,1.6,2.4,2.4,1.8,4.4,16.1,33.3,24.6,-0.0573,-0.0238,0.4445,0.1942,-0.2209,0.5143,0.2937,-0.5775
5.0,2.2,1.7,1.2,4.6,3.5,19.9,11.4,7.4,0.0652,0.2928,-0.5901,-0.2687,0.042,0.4641,0.1046,0.4972
5.0,1.5,4.6,1.8,1.7,20.0,5.1,26.7,5.3,0.7457,0.2451,-0.2378,0.0422,0.3549,-0.3025,0.0355,0.2977
5.0,1.3,4.0,1.5,3.5,16.9,12.3,36.1,15.7,0.1699,0.8489,-0.4213,0.1805,-0.033,-0.0652,-0.1318,0.0244
5.0,1.3,2.5,4.0,5.0,21.5,6.8,39.5,33.0,-0.5232,0.2713,0.035,-0.3253,0.0635,-0.3137,-0.1208,-0.636
5.0,4.5,2.1,2.8,2.3,3.1,21.6,27.4,27.0,0.1949,0.0376,0.2107,-0.132,-0.3065,0.5458,0.6711,0.1748
5.0,4.8,4.9,4.3,3.3,15.0,3.0,7.4,23.1,0.3399,0.7345,0.1938,0.2892,0.4264,0.0907,-0.0824,-0.1131
5.0,1.8,3.4,2.5,2.0,7.6,12.2,17.9,12.0,-0.4464,0.8,-0.0863,0.102,0.1588,0.1188,0.2647,0.1498
5.0,3.2,4.8,2.4,3.7,6.9,14.5,11.5,12.0,-0.4993,0.6477,-0.3841,0.1998,0.0757,0.2175,0.2324,0.1585
5.0,4.3,2.2,1.7,4.6,16.1,11.9,32.5,26.1,0.2145,0.1399,0.1884,0.4881,-0.4168,-0.1457,0.6149,0.2094
5.0,3.6,4.9,2.1,2.4,10.8,14.5,9.4,7.6,0.3375,0.9089,0.1513,-0.1406,0.0382,-0.0719,0.0125,-0.0228
5.0,1.0,2.2,2.4,2.1,6.5,5.0,31.4,40.5,-0.0887,0.3987,-0.4034,-0.5245,0.1247,-0.4172,0.115,-0.4019
5.0,2.5,3.5,3.0,4.6,22.0,13.3,24.2,15.4,0.3644,0.5985,-0.2656,0.1353,0.4603,-0.3171,0.2658,0.1089
5.0,3.8,4.3,2.6,2.6,5.3,17.4,35.1,4.5,-0.4797,0.2392,-0.5247,0.0167,-0.047,-0.3962,-0.1945,-0.4699
5.0,1.8,2.8,3.6,1.2,10.7,16.5,29.2,37.5,0.0685,0.6178,0.6745,0.1559,-0.0286,0.2467,-0.181,-0.0102
5.0,2.7,1.7,1.3,1.3,14.1,3.4,20.3,19.9,0.4323,0.6585,-0.1385,0.3277,0.1666,-0.3355,-0.1295,0.2885
5.0,3.5,2.8,4.5,1.5,12.8,7.1,32.5,29.0,0.5145,-0.0174,0.1675,-0.0335,0.0251,0.1442,0.0661,0.7875
5.0,4.0,3.6,2.8,3.7,14.0,19.4,29.2,17.3,0.1779,0.3919,-0.4905,0.5365,-0.1318,-0.3673,0.0324,0.3337
5.0,1.8,2.0,3.3,4.0,2.8,13.9,25.8,20.4,-0.0008,0.3625,-0.0408,0.4945,-0.3154,-0.3633,0.3976,0.4646
5.0,4.2,3.5,4.5,3.0,14.8,18.1,38.6,32.6,-0.0653,0.4767,0.4655,-0.0073,0.487,0.002,0.3137,-0.4382
5.0,3.1,3.5,3.8,3.9,12.7,20.9,5.6,28.5,0.4122,0.6935,0.2636,0.1883,0.4461,0.0445,-0.0353,-0.1645
5.0,3.4,3.5,3.8,3.9,7.1,19.7,6.6,30.7,-0.3235,-0.1111,0.0906,0.0642,-0.1564,-0.3741,-0.3894,0.7297
5.0,4.8,1.4,2.9,1.9,8.1,21.8,24.6,8.5,0.2233,0.6476,0.024,0.0124,0.0079,-0.0604,0.6531,-0.2479
5.0,3.9,3.2,3.2,3.6,7.2,4.2,30.2,9.4,-0.685,0.5265,-0.1477,0.1901,-0.2423,0.086,-0.1511,-0.3023
5.0,3.1,4.5,3.7,2.1,12.0,16.8,22.8,40.7,0.1403,0.8193,0.2648,-0.2717,-0.1811,0.2661,-0.12,0.1692
5.0,4.5,3.7,2.8,4.0,10.1,13.2,30.1,21.4,0.0824,0.9707,-0.1927,0.0591,0.0162,-0.0149,-0.0212,0.006
5.0,3.9,3.6,3.5,3.2,10.3,8.7,21.2,43.5,0.0171,0.9907,0.0034,0.0005,-0.0065,-0.0007,-0.0017,-0.0033
5.0,3.6,3.0,4.0,2.5,15.1,14.2,35.6,15.0,-0.3861,0.4345,-0.3652,0.0788,-0.5701,-0.185,0.3516,-0.1303
5.0,3.7,2.9,2.2,3.7,11.7,10.2,16.0,41.0,0.3711,0.9113,0.1305,-0.0409,0.0026,-0.0039,0.017,-0.0085
5.0,3.5,4.7,1.8,3.3,11.6,8.0,14.5,36.8,-0.3722,0.7382,-0.2447,-0.1521,0.1088,0.1365,0.2341,0.2232
5.0,2.1,2.9,4.5,4.9,6.8,6.2,18.7,23.2,-0.3816,0.2556,0.3768,-0.221,-0.4442,0.1739,-0.1853,0.5579
5.0,3.6,1.7,2.1,3.1,15.1,11.4,40.1,29.1,0.2979,0.3138,-0.064,0.3497,0.0292,0.3679,0.2588,-0.6606
5.0,2.6,5.0,3.6,1.6,21.7,5.1,12.0,11.3,-0.2377,-0.1263,-0.2688,0.0675,0.3484,0.07,-0.6638,0.5169
5.0,3.0,4.7,4.1,2.0,3.2,11.2,8.3,27.9,0.0012,0.0258,0.0264,0.1789,0.1834,-0.0255,-0.9515,0.1183
5.0,2.5,4.8,1.9,1.6,12.4,9.2,10.6,25.8,0.6168,0.7741,-0.0191,0.0077,-0.0004,0.0016,0.0642,-0.0534
5.0,4.1,1.6,2.4,4.8,19.5,2.0,13.4,41.0,0.1387,0.4469,-0.1945,-0.5175,-0.3814,0.3098,-0.3484,0.3053
5.0,4.2,3.7,1.2,4.0,20.1,10.8,13.2,8.5,0.0913,0.1175,-0.1109,-0.1909,-0.1701,0.1667,-0.6561,0.6394
5.0,3.5,2.0,4.4,1.7,21.7,12.8,39.9,12.0,-0.406,0.3984,-0.371,-0.0163,-0.3706,-0.0159,-0.2239,-0.5759
5.0,4.3,2.5,2.7,2.9,3.3,3.7,43.5,8.1,0.1141,0.2919,-0.2668,0.3089,-0.3384,0.3692,-0.425,-0.5307
5.0,2.3,3.2,2.6,4.2,8.3,4.5,35.9,37.9,-0.3574,0.881,-0.1968,-0.0638,-0.0795,-0.05,-0.1586,-0.0876
5.0,4.6,2.6,1.4,3.7,16.8,7.1,8.0,9.2,0.734,0.4175,-0.4199,0.0141,0.087,0.2244,0.1281,-0.1496
5.0,1.5,4.3,2.5,1.8,19.1,18.5,9.7,26.8,0.3283,0.1118,0.4057,0.1247,0.5438,-0.2945,-0.5368,-0.0883
5.0,3.8,2.5,2.5,4.8,9.0,4.9,41.4,40.5,0.0424,0.9798,0.0464,-0.0504,0.0485,-0.0504,-0.1297,0.0017
5.0,1.5,1.8,2.0,3.7,17.3,13.5,4.9,17.9,0.1857,0.5895,-0.5927,0.2121,0.069,0.3204,0.2746,-0.1262
5.0,4.1,2.1,3.4,4.5,13.2,5.6,31.0,22.5,0.1801,0.756,0.1377,0.4408,-0.3031,0.2231,0.1264,-0.1054
5.0,4.3,4.6,3.1,4.2,15.5,9.1,38.6,40.0,0.0035,0.2063,0.0185,-0.1395,0.0968,0.117,0.4837,0.6458
5.0,2.4,4.2,4.0,3.3,21.8,21.3,44.0,35.3,-0.1677,-0.0464,0.0772,0.0631,-0.1412,-0.7408,-0.5434,0.1278
5.0,4.3,4.0,3.7,2.3,18.7,3.3,5.6,36.0,-0.0109,0.1212,-0.075,-0.0304,0.0293,-0.6736,-0.6804,-0.1588
5.0,3.0,2.2,4.5,2.0,21.4,18.3,37.9,8.7,-0.3282,0.19,-0.3985,0.0065,-0.4074,0.0019,0.0911,-0.7091
5.0,3.3,4.7,3.4,4.4,8.5,4.2,16.7,35.9,-0.3668,0.9179,-0.0202,-0.0123,0.0088,0.008,0.1063,0.044
5.0,1.7,4.3,3.3,4.5,5.1,5.4,27.2,27.3,0.0138,-0.0284,0.0692,-0.0085,0.0421,0.605,0.7236,0.2717
5.0,2.5,2.7,2.5,1.5,13.5,10.2,34.8,15.7,-0.4239,0.1048,-0.2214,-0.3157,0.0147,-0.2664,0.0509,-0.7265
5.0,4.6,3.9,2.5,1.7,15.4,9.7,10.5,25.4,0.8181,0.4228,-0.0852,0.0573,-0.0129,0.0311,0.1493,-0.3092
5.0,4.2,5.0,3.5,4.6,4.2,9.3,42.6,32.5,-0.177,0.7522,-0.0337,0.0344,0.1806,0.043,-0.5672,-0.1195
5.0,2.2,2.4,2.7,4.2,11.1,13.2,35.6,20.8,0.281,0.6383,-0.3373,0.4603,-0.0026,-0.3114,-0.0082,0.2426
5.0,4.5,2.2,4.7,3.8,10.4,9.5,28.0,31.2,0.4054,0.8036,-0.3056,0.0727,0.0629,-0.0554,-0.1377,0.115
5.0,1.1,2.9,1.2,4.1,14.1,8.5,25.8,33.6,-0.0763,0.279,0.0117,-0.1358,0.2482,0.0944,0.7968,0.345
5.0,1.6,1.7,1.1,2.8,13.8,6.4,25.8,30.3,0.7442,0.5179,0.1609,0.0837,-0.2218,0.279,-0.0097,0.0365
5.0,3.0,4.8,3.5,4.6,4.5,5.8,39.7,42.5,0.1264,0.4691,-0.3997,0.1187,-0.4254,0.1121,0.329,-0.4995
5.0,4.9,3.8,1.4,4.5,7.7,17.8,31.6,41.5,-0.0212,0.9666,-0.1692,0.0491,-0.0338,-0.007,-0.1456,-0.011
5.0,3.9,1.5,3.0,1.5,2.5,5.8,18.6,41.4,-0.353,0.4535,-0.2912,-0.2544,0.416,0.3547,-0.3632,0.1553
5.0,3.0,1.2,3.8,4.3,12.8,20.9,30.8,21.9,0.0547,0.6558,0.0069,0.494,-0.4525,-0.0795,0.3072,0.0398
5.0,4.2,2.8,4.4,1.7,7.5,17.9,8.7,8.4,-0.7946,0.0992,-0.0852,0.0083,0.0938,0.1048,0.0549,0.5595
5.0,2.2,2.5,4.8,3.5,7.2,18.4,17.9,35.7,-0.6452,0.4976,-0.034,-0.3011,-0.0112,0.2751,0.1523,0.367
5.0,1.2,2.0,1.3,2.6,19.5,10.8,19.7,15.6,0.0793,0.8696,-0.2932,0.1649,0.0487,0.1156,0.2601,-0.0391
5.0,4.2,3.2,2.7,3.7,7.8,13.1,35.7,18.3,-0.3746,0.8801,0.157,0.0629,0.0691,0.0481,-0.1718,-0.091
5.0,2.5,1.4,5.0,3.0,20.1,3.9,18.8,32.6,-0.3792,0.1957,0.2648,-0.2709,-0.2778,0.2639,-0.0233,0.7148
5.0,4.2,4.4,1.2,4.2,19.5,5.6,22.0,4.7,0.4532,0.8111,-0.2302,0.0503,0.2454,-0.0558,-0.0159,0.0802
5.0,1.3,2.1,1.2,3.9,3.4,14.2,9.9,5.0,0.2053,0.3492,-0.2543,-0.2988,-0.4389,0.1246,-0.6583,0.17
5.0,2.0,2.8,4.2,3.2,4.0,10.4,37.7,13.2,-0.6538,0.4952,-0.1259,-0.0108,-0.2809,-0.2614,-0.1887,-0.3126
5.0,1.8,1.4,1.8,4.6,10.5,6.3,14.1,32.4,0.3549,0.8732,0.2967,0.0153,-0.0792,-0.0489,0.0391,0.0111
5.0,4.2,1.6,3.0,4.7,16.8,14.4,12.6,4.8,0.175,0.4008,-0.1766,-0.4999,-0.5027,0.07,-0.501,0.0851
5.0,1.7,4.6,4.2,4.3,16.7,16.0,8.6,6.4,0.1821,0.39,-0.2556,-0.3906,-0.5568,-0.0479,-0.4891,-0.1851
5.0,1.4,4.5,3.5,3.4,11.1,10.5,17.2,31.1,0.0801,0.3784,-0.0074,0.3069,0.3264,-0.187,-0.6743,0.3303
5.0,3.6,4.7,2.1,4.8,10.1,17.9,11.9,12.3,0.2032,0.8606,-0.2068,-0.2988,-0.0456,0.2561,-0.0138,0.0833
5.0,4.0,3.9,1.8,4.8,21.7,13.8,13.9,13.4,0.0036,0.7154,-0.5838,0.2387,0.071,0.1691,0.2037,0.0005
5.0,1.2,1.9,2.2,4.3,15.4,3.2,16.3,25.9,0.2929,0.4429,0.6053,0.2754,0.0283,-0.4618,0.1105,0.172
5.0,1.5,2.9,4.9,3.7,9.0,18.2,28.0,28.5,-0.7358,0.6352,-0.017,0.0206,-0.0293,-0.0066,-0.1061,-0.1329
5.0,1.8,3.0,2.6,3.6,20.4,6.8,26.3,41.0,0.3466,0.7496,-0.1415,-0.2889,0.3537,-0.2047,0.1284,-0.0673
5.0,1.7,4.5,3.2,1.7,14.3,19.2,6.5,24.6,0.389,0.5072,0.2733,0.3609,0.4286,0.2556,-0.1266,-0.3229
5.0,4.2,4.0,1.7,2.9,12.2,21.2,27.4,11.5,0.5416,0.7396,-0.1434,-0.1672,0.2694,-0.1515,0.0621,-0.0281
5.0,4.6,3.7,3.3,4.0,14.7,21.2,27.1,23.0,0.2531,0.6854,0.1583,0.4013,-0.4296,-0.1403,0.2236,0.1011
5.0,1.4,1.2,1.4,1.4,7.0,7.7,7.5,25.3,-0.2084,0.1516,0.2938,-0.0373,-0.5788,-0.3026,-0.5168,0.341
5.0,4.2,4.0,3.3,1.7,14.3,12.0,36.8,37.1,-0.1135,0.4118,0.4455,-0.4258,0.1925,0.4765,0.0077,0.3255
5.0,4.1,3.0,1.7,3.4,8.0,17.4,25.3,35.0,-0.3805,0.4789,0.2116,0.0214,0.4043,0.1084,-0.3065,-0.4908
5.0,2.6,2.5,3.3,2.2,16.8,2.6,30.3,18.5,-0.1806,0.4676,-0.1673,0.493,-0.5156,0.0239,0.4388,-0.0413
5.0,2.9,3.7,3.1,1.2,16.6,12.0,32.8,25.6,0.034,0.0802,0.0877,0.2752,-0.29,-0.0663,0.8546,0.2415
5.0,2.9,3.9,1.6,1.8,7.7,13.1,24.1,31.8,0.3886,0.5226,0.0438,0.0158,-0.0892,0.0672,0.5653,-0.4466
5.0,2.8,1.4,4.4,4.2,5.0,20.9,14.4,25.5,-0.5034,-0.0271,0.3579,-0.0091,-0.3521,-0.5588,-0.2569,0.3106
5.0,1.5,2.7,2.3,3.3,12.5,10.1,6.1,35.6,-0.1896,0.3062,0.2927,0.4177,0.0122,-0.3936,-0.0423,0.6008
5.0,4.5,4.1,1.4,2.1,9.5,4.7,31.9,19.3,0.2713,0.9535,-0.0845,0.0378,-0.0061,0.0005,-0.0206,0.0052
5.0,4.3,2.0,4.4,4.2,18.9,8.0,22.8,7.3,0.2723,0.0425,-0.095,0.1327,0.1208,-0.1401,-0.0076,0.9149
5.0,2.4,3.4,1.6,2.1,14.7,10.2,34.5,35.5,-0.5036,0.5312,0.2699,0.1197,0.101,0.1295,-0.3047,-0.4187
5.0,3.4,2.0,3.2,1.8,15.2,3.0,23.6,34.4,0.3456,0.2293,0.2664,-0.2156,-0.3994,0.3276,0.1033,0.637
5.0,3.5,3.3,3.1,3.5,2.1,6.7,35.3,38.6,-0.219,0.7928,-0.344,-0.2775,-0.1206,-0.2274,-0.0865,-0.1598
5.0,4.5,3.3,2.0,3.0,5.9,14.0,10.0,40.2,-0.072,0.1178,-0.1832,-0.4046,-0.1922,0.3278,-0.3804,0.68
5.0,3.0,2.2,4.2,1.3,9.9,8.6,9.0,16.1,-0.0717,0.9793,-0.0531,-0.0328,0.0093,0.0147,0.0084,-0.0001
5.0,2.5,1.1,2.5,3.6,19.7,20.4,38.0,12.1,-0.1308,0.5737,-0.4031,0.1045,-0.5502,0.038,0.1862,-0.3496
5.0,2.6,1.7,2.4,3.9,18.5,21.6,4.5,37.7,-0.1095,0.3744,0.3083,-0.4376,-0.3132,-0.544,0.0115,-0.3489
5.0,3.6,3.8,2.8,2.2,5.5,5.8,5.0,4.3,-0.0486,0.2985,0.0503,0.2245,-0.0452,0.3285,-0.772,-0.3719
5.0,3.5,4.9,4.9,2.0,6.0,3.0,29.6,32.2,-0.6853,-0.0772,0.2394,-0.0522,0.293,0.076,0.1693,-0.5703
5.0,2.7,2.0,2.7,2.2,21.5,3.2,22.0,6.2,0.2193,0.4167,-0.4755,0.0026,0.5037,-0.014,0.1106,0.5206
5.0,3.6,1.7,1.4,3.6,8.3,6.2,43.3,41.6,0.4149,0.8015,-0.0842,0.0698,-0.109,0.0951,-0.3084,0.1548
5.0,2.0,4.8,2.0,4.3,21.0,2.2,36.0,40.8,0.0578,0.4776,-0.3427,-0.4799,0.0882,-0.4581,0.0892,-0.4147
5.0,4.7,1.3,3.7,2.1,2.8,4.7,20.1,16.2,-0.4962,0.4254,-0.0283,0.3397,0.0268,-0.3395,0.2195,0.5313
5.0,4.7,1.2,2.3,1.3,12.4,9.4,9.3,22.9,0.3511,0.9307,-0.0019,0.0018,0.0002,-4.3189e-05,0.0152,-0.0064
5.0,2.7,3.1,2.5,2.0,16.0,5.3,29.4,43.0,0.5069,0.6046,-0.2818,-0.3211,0.2906,-0.2847,0.0244,-0.0289
5.0,3.5,3.6,3.3,1.0,20.5,19.2,4.6,33.7,-0.1172,0.2848,0.1698,-0.2542,0.2226,-0.2783,-0.5392,-0.6161
5.0,2.5,1.9,5.0,1.8,11.8,8.6,34.9,19.7,-0.2391,0.9566,0.0526,0.0382,0.0154,0.0194,-0.0033,-0.002
5.0,3.8,1.3,1.1,3.8,13.6,3.9,29.4,21.7,0.461,0.4943,0.0905,0.5315,-0.2911,-0.2808,0.1976,0.18
5.0,1.2,4.4,3.4,4.4,3.2,5.2,11.1,18.1,-0.2818,0.4061,-0.0616,0.5687,0.3703,-0.3163,-0.304,0.2927
5.0,2.1,3.3,1.6,4.9,3.4,6.2,17.9,30.7,0.0332,0.3407,0.1223,-0.4017,-0.3242,0.3622,-0.3168,0.5881
5.0,4.6,4.2,1.5,4.4,2.0,7.5,37.0,34.8,-0.2995,0.823,-0.2178,-0.0892,-0.1262,-0.095,-0.3141,-0.1662
5.0,3.5,3.4,1.6,4.0,8.8,10.7,16.8,28.1,0.1222,0.9867,0.0103,-0.0025,-0.002,0.0001,0.0605,-0.0068
5.0,1.5,2.5,2.8,3.9,7.5,4.8,24.2,28.2,-0.0651,0.552,-0.0532,-0.2377,-0.0274,0.3074,0.686,0.209
5.0,1.0,3.0,4.6,2.2,2.9,12.4,12.2,16.5,-0.5224,0.2815,-0.4076,0.2492,0.4795,0.3399,-0.2373,-0.0381
5.0,4.7,4.0,1.5,1.4,15.8,9.4,21.1,13.1,0.501,0.4079,0.0094,-0.0201,-0.0166,0.0214,-0.4662,0.584
5.0,1.4,1.2,4.3,2.2,3.3,15.3,10.9,7.1,-0.0836,-0.2323,-0.2224,-0.0555,-0.1397,0.6285,-0.644,0.2118
5.0,4.7,2.6,4.8,2.2,3.9,7.6,38.1,34.2,-0.7285,0.3908,-0.0184,-0.0999,-0.0121,-0.0966,-0.2382,-0.4739
5.0,1.8,1.7,1.2,2.5,6.7,12.0,26.9,11.8,-0.2674,0.1338,-0.2834,-0.1556,-0.0288,-0.251,-0.1556,-0.8165
5.0,2.8,2.3,2.3,3.2,16.8,3.7,43.0,41.3,0.1802,0.6536,-0.2278,-0.3748,-0.3408,-0.3162,-0.231,-0.2409
5.0,3.9,3.8,3.2,4.7,9.9,11.3,7.4,24.8,0.0481,0.9792,-0.1585,0.0369,-0.0176,0.0113,0.0175,-0.0042
5.0,3.5,1.8,2.2,1.1,4.6,9.9,4.5,30.3,-0.1489,0.5889,0.0164,0.0263,0.0495,0.0139,-0.7615,-0.1971
5.0,4.2,1.0,3.9,3.3,21.8,5.2,36.0,33.5,-0.4491,0.2307,0.2295,-0.3656,0.3243,-0.291,0.1166,-0.5767
5.0,1.4,4.5,3.0,4.7,9.1,17.1,4.9,17.3,0.2423,0.6613,-0.028,-0.0424,0.0361,0.0511,-0.6297,0.2528
5.0,1.2,3.6,3.0,4.8,5.2,21.6,6.4,20.5,-0.0558,0.6322,0.1095,0.3394,0.4306,0.1817,-0.4422,-0.2129
5.0,4.3,4.5,3.5,1.8,10.2,7.3,23.2,8.3,-0.0755,0.9903,-0.0093,-0.011,0.0321,0.0084,-0.0045,-0.001
5.0,1.9,4.8,4.6,1.9,12.6,8.8,12.0,13.6,-0.025,-0.0663,0.0336,-0.0559,-0.0639,0.0143,-0.9521,0.2213
5.0,1.8,4.4,3.1,4.7,5.5,8.0,13.1,41.5,0.0807,-0.1316,-0.0668,0.1159,0.1132,0.0565,-0.834,-0.4099
5.0,1.0,3.0,3.2,2.9,13.2,15.2,14.7,29.0,0.2505,-0.0102,0.4685,0.1285,0.3032,-0.7255,-0.2109,0.0288
5.0,4.1,2.2,4.3,3.8,5.2,4.3,41.0,35.9,-0.3132,0.6398,-0.1026,-0.2471,-0.0765,-0.2536,-0.4672,-0.333
5.0,1.1,3.7,3.1,4.3,6.9,14.7,15.6,25.0,-0.4773,0.1785,0.5118,0.2272,0.0282,-0.3183,0.0778,0.548
5.0,4.5,2.7,2.5,3.8,2.1,3.3,13.0,29.9,-0.3196,0.1065,0.3808,-0.2379,-0.598,-0.3635,-0.4044,0.111
5.0,1.5,1.8,1.9,1.0,4.6,21.5,38.7,16.1,-0.2364,0.5204,-0.1175,0.4214,-0.143,0.4192,-0.2119,-0.4714
5.0,4.1,3.5,2.9,4.8,12.0,17.9,29.9,27.9,0.3263,0.6952,0.1786,0.3852,-0.4062,0.113,0.1836,-0.0458
5.0,4.7,2.1,3.2,2.5,5.0,6.8,34.0,6.8,-0.5555,0.0378,-0.1536,0.2652,-0.2338,0.1966,0.12,-0.6849
5.0,1.2,2.9,3.8,4.7,20.1,18.7,4.8,37.9,-0.2362,0.3987,0.2526,-0.3796,-0.2653,-0.5569,-0.0828,-0.3963
5.0,1.7,2.2,3.0,4.5,19.0,15.9,33.9,12.8,-0.2603,0.1589,-0.556,0.3428,-0.3536,-0.5541,0.0876,0.1243
5.0,2.6,4.4,3.8,2.5,16.9,6.1,8.2,7.5,0.3214,-0.1827,-0.1589,-0.0201,-0.0393,0.4169,-0.4002,-0.6948
5.0,2.4,2.4,4.8,1.2,19.7,18.3,29.3,32.3,-0.1351,-0.1625,0.1181,0.1371,0.1115,0.4344,0.8112,-0.1913
5.0,2.5,4.2,2.9,1.8,16.3,19.1,29.8,22.3,0.2462,0.4897,0.2033,0.4727,-0.5024,-0.1024,0.3672,0.1276
5.0,1.8,1.4,1.8,1.8,12.1,4.9,4.5,42.5,0.3412,0.7617,-0.13,-0.342,-0.2687,-0.2441,-0.1013,-0.1141
5.0,2.9,2.9,2.0,2.3,2.4,10.5,17.5,29.3,-0.3941,0.1263,0.1259,0.1476,-0.0346,-0.1518,0.1861,0.8422
5.0,4.4,2.9,1.6,2.4,16.2,3.7,16.6,27.7,0.6099,0.0978,0.5089,-0.0738,-0.1484,-0.4154,0.1074,-0.3314
5.0,1.8,4.4,4.5,3.3,9.8,19.9,8.6,35.7,-0.2072,0.7424,0.5192,0.2432,-0.0398,-0.1631,0.1011,0.1084
5.0,3.0,3.5,3.4,3.5,8.9,12.9,25.7,19.8,-0.4846,0.8435,-0.0657,-0.0116,-0.0151,-0.0091,-0.1466,-0.0912
5.0,1.7,2.8,4.8,3.6,9.4,2.6,17.5,21.1,-0.4405,0.8513,-0.1056,0.1364,0.169,-0.0947,0.0168,0.0474
5.0,1.1,4.9,4.0,2.5,8.4,10.4,33.2,11.6,-0.7921,0.5112,-0.084,-0.0483,-0.0195,-0.0274,-0.1545,-0.2507
5.0,2.0,3.2,2.1,4.4,4.5,19.9,22.8,10.9,0.147,0.6598,-0.3962,0.2228,0.4014,-0.2253,0.1871,0.2766
5.0,4.3,2.0,4.3,3.7,17.9,10.3,10.2,22.4,0.2127,-0.0374,-0.1339,0.4135,0.1984,0.2539,-0.5096,-0.6071
5.0,1.5,3.5,3.9,3.6,2.8,7.0,35.5,33.6,-0.6844,0.1639,-0.013,-0.2602,0.049,-0.2185,-0.0535,-0.6007
5.0,1.3,2.2,3.3,1.1,13.5,9.9,32.6,15.1,-0.2065,-0.1215,-0.0212,-0.2407,0.1267,-0.1496,0.6031,-0.662
5.0,4.9,1.8,1.7,3.4,9.9,19.2,14.9,34.9,0.2498,0.9461,0.1712,0.0133,-0.0644,-0.0247,0.0255,0.0055
5.0,2.2,2.4,1.1,3.4,7.3,3.9,5.1,32.2,0.0919,0.1288,-0.0633,0.1798,-0.3615,-0.4465,-0.2594,0.7105
5.0,3.1,1.2,1.1,3.9,9.7,20.7,23.0,30.8,0.5382,0.7988,0.0664,0.0311,-0.0643,-0.0343,0.1328,-0.0995
5.0,4.3,4.0,1.8,2.8,18.1,5.8,29.3,25.9,0.7068,0.3407,0.4299,0.1142,-0.0302,0.3659,-0.0984,0.1301
5.0,3.4,4.5,1.2,4.6,13.5,3.7,5.1,20.2,0.3708,0.5307,0.0612,0.5045,0.2304,0.3814,-0.1525,-0.2913
5.0,2.2,4.2,1.6,4.2,8.8,12.8,31.5,10.2,-0.024,0.9868,-0.0722,0.0291,-0.0035,-0.0062,-0.0901,-0.0039
5.0,2.2,1.4,3.4,1.8,18.2,21.2,8.8,14.7,-0.2566,-0.088,-0.3518,-0.0079,0.3649,0.601,-0.5379,0.0353
5.0,2.9,3.2,4.9,3.0,13.0,21.5,40.0,23.4,0.0586,0.7815,0.1925,0.34,0.2097,0.3394,0.1072,-0.2098
5.0,3.8,2.3,1.9,4.6,18.5,7.2,8.9,18.0,0.0446,0.5935,-0.0409,0.4261,0.4518,-0.2482,-0.352,0.2365
5.0,1.1,2.6,2.0,3.9,21.7,13.2,37.0,43.5,0.1296,0.265,-0.1913,-0.3868,0.2437,-0.3766,0.3857,-0.5851
5.0,4.7,1.8,4.8,2.7,21.0,6.4,7.2,5.2,0.1358,-0.0488,-0.0761,0.0558,-0.1955,0.4174,-0.5455,-0.6641
5.0,4.2,4.2,4.9,2.1,20.2,9.5,20.7,43.7,-0.1038,0.0062,0.0253,-0.1071,-0.027,0.1065,-0.1548,0.9545
5.0,1.8,2.5,4.0,4.3,11.8,8.7,28.0,38.0,-0.2024,0.9657,0.0135,0.0022,0.0043,0.0019,-0.0064,-0.0028
5.0,2.3,2.7,2.6,4.3,18.5,5.9,14.6,41.3,0.1191,0.6583,-0.4688,-0.3809,0.0092,0.3483,0.0327,0.2016
5.0,4.5,3.9,4.6,3.4,6.5,4.2,33.3,5.1,-0.755,0.2858,-0.2039,0.1863,-0.2777,0.0868,-0.0564,-0.4127
5.0,4.8,4.4,1.5,3.1,18.3,17.6,13.1,22.5,0.2567,0.3936,0.2625,0.4292,0.4935,-0.0286,-0.5103,0.0276
5.0,3.6,1.1,4.7,2.0,9.1,7.1,18.4,28.0,-0.4511,0.8822,0.014,0.0281,-0.0099,-0.0261,0.0784,0.0422
5.0,3.5,2.4,2.2,4.7,10.2,7.1,4.9,9.1,0.2324,0.9598,-0.0267,-0.0372,-0.1121,0.0112,-0.0167,0.0019
5.0,3.2,1.0,1.1,4.0,6.6,11.6,9.6,41.6,-0.1404,0.1541,-0.2815,-0.2912,0.0009,0.3309,0.0341,0.7899
5.0,2.2,4.4,4.3,2.6,11.3,8.1,27.3,6.0,0.3578,0.9125,-0.0438,-0.0165,-0.002,-0.013,-0.124,0.0518
5.0,2.7,1.2,1.1,1.9,2.8,7.5,19.5,26.4,0.4312,0.5177,0.2721,-0.1996,-0.3136,0.2075,-0.2454,0.4569
5.0,3.7,4.2,1.7,4.8,18.7,20.6,42.9,6.1,0.1953,0.6979,-0.4029,-0.1389,-0.4051,-0.1368,-0.2347,-0.1957
5.0,3.6,2.3,2.0,4.8,14.8,16.0,5.3,27.6,0.2623,0.6036,0.34,0.26,0.441,0.1863,-0.3205,-0.1955
5.0,4.2,2.2,1.4,3.6,15.8,7.5,19.0,15.8,0.1741,0.2886,-0.0312,0.3991,0.1458,-0.4086,-0.135,0.6973
5.0,2.4,3.4,1.4,4.1,12.8,7.0,22.2,41.0,0.3916,0.8368,-0.1679,0.0087,0.1575,0.0104,0.0618,-0.0405
5.0,4.6,4.8,3.7,3.8,18.6,5.3,11.1,30.0,-0.1091,-0.0792,0.3161,-0.1064,-0.4013,-0.3235,-0.7525,-0.1164
5.0,3.1,2.8,3.1,3.5,13.4,9.6,30.4,40.4,0.4258,0.8701,0.178,-0.0334,-0.0109,0.013,-0.0639,0.0378
5.0,4.8,4.4,4.0,4.6,21.4,7.7,5.9,37.6,-0.0367,0.8692,-0.0014,-0.3146,-0.1813,0.2441,-0.065,0.0851
5.0,4.0,3.7,3.6,1.1,7.6,12.7,35.7,6.4,-0.6765,0.6772,-0.0907,0.0283,0.0022,-0.0531,-0.1767,-0.1754
5.0,3.7,1.1,2.0,1.0,9.1,14.0,34.3,40.8,-0.0654,0.9925,0.0177,-0.0048,0.0001,0.0011,-0.0426,-0.0034
5.0,2.2,1.7,3.0,2.4,12.2,17.4,43.5,14.0,0.4474,0.606,-0.3079,-0.0955,-0.5088,0.0914,-0.1016,-0.167
5.0,1.7,2.0,3.2,2.7,5.8,13.7,14.3,20.4,-0.1893,0.1693,0.1189,0.5225,0.2297,-0.3582,-0.3646,0.5629
5.0,2.8,4.7,3.1,2.3,16.8,6.8,12.0,20.4,0.1302,0.8696,0.3474,0.2204,-0.0464,-0.1663,0.0378,0.054
5.0,2.3,4.7,4.5,1.0,12.0,6.5,30.6,29.3,0.6528,0.261,0.156,0.0289,-0.0267,0.1284,-0.2123,0.6021
5.0,3.4,2.5,3.5,3.4,17.3,21.9,4.5,18.2,-0.2342,0.4252,-0.2702,0.4269,0.3296,0.4919,-0.1247,-0.3498
5.0,1.9,2.0,2.9,2.4,8.3,4.5,22.9,19.9,0.0663,0.7256,0.0649,0.0951,-0.2589,0.0206,0.598,-0.0468
5.0,3.7,4.0,2.7,3.1,4.0,13.8,8.3,4.8,0.0813,0.191,-0.1604,-0.2789,-0.3565,0.0832,-0.8237,0.1761
5.0,1.7,1.9,3.6,4.4,11.1,20.3,32.9,20.8,-0.0873,0.6782,-0.0676,0.4785,-0.4327,-0.1151,0.2742,0.075
5.0,1.1,4.3,2.0,1.9,11.9,18.3,24.2,4.3,0.4599,0.7064,0.0753,-0.3543,-0.0104,0.3197,-0.0539,0.2
5.0,1.2,3.9,2.6,4.3,5.8,16.0,42.0,25.7,-0.2367,0.5946,0.3482,0.1469,0.35,0.1457,-0.3664,-0.3877
5.0,4.9,1.2,1.5,2.3,3.0,15.3,38.7,10.7,-0.297,0.6943,-0.3008,0.0556,-0.4701,0.0204,-0.1514,-0.27
5.0,4.4,2.3,1.4,2.0,20.8,15.9,26.4,9.0,0.2232,0.4603,-0.3527,-0.0464,0.4548,-0.1105,0.6089,0.0452
5.0,2.2,2.6,3.4,3.5,15.3,5.0,14.5,14.8,-0.2352,0.2517,-0.3238,0.315,0.5393,-0.0644,-0.5393,0.2756
5.0,1.5,4.4,1.1,2.7,16.3,20.7,43.6,34.8,0.6139,0.5188,0.2325,-0.2837,0.2445,-0.2977,-0.0558,-0.2065
5.0,1.7,3.7,4.7,1.2,10.2,2.1,12.9,34.9,-0.0041,0.8991,0.1909,0.2837,0.0709,-0.1665,0.0497,0.0314
5.0,1.9,1.9,5.0,2.0,17.9,9.7,40.6,20.8,0.4048,0.4581,-0.2886,0.0667,-0.0853,0.1841,0.4495,-0.5012
5.0,2.7,2.4,2.0,4.7,10.9,16.5,37.8,36.7,0.3882,0.7787,0.3782,-0.2141,-0.0289,0.0989,-0.0964,0.0982
5.0,1.9,3.0,3.1,4.5,11.1,21.2,9.3,33.6,0.2179,0.5492,0.674,0.1795,-0.0111,-0.3315,0.1598,0.0578
5.0,3.5,1.2,4.9,4.2,9.4,3.5,31.5,32.2,-0.2704,0.9013,0.1178,0.2466,-0.0151,0.1526,-0.003,-0.0416
5.0,2.7,3.8,1.7,3.7,7.5,16.0,23.2,36.5,0.1518,0.7161,-0.2708,-0.1267,0.1897,0.2146,0.514,-0.0031
5.0,3.1,2.1,4.4,1.1,21.4,14.6,36.2,40.8,-0.1063,0.2474,-0.122,-0.5054,0.2704,-0.3975,0.2666,-0.552
5.0,3.7,1.7,1.5,1.3,19.6,18.1,30.0,17.3,-0.0304,0.3255,-0.2585,0.584,-0.4692,-0.3176,0.2886,0.2314
5.0,2.5,1.9,2.9,2.2,12.1,19.9,5.2,33.7,0.5197,0.5967,0.2579,0.1423,0.4749,-0.1503,-0.0512,-0.1273
5.0,2.3,5.0,3.0,4.6,14.0,13.4,26.5,35.4,-0.0502,0.5962,0.6667,0.0629,0.0527,0.2843,-0.2314,-0.1257
5.0,1.4,1.8,2.7,3.3,4.5,18.3,6.1,42.0,0.0785,0.4903,-0.2187,-0.3326,-0.4632,-0.1489,-0.5414,-0.2243
5.0,2.0,4.0,1.6,3.0,6.8,11.7,36.5,5.4,-0.4937,0.6316,-0.2216,-0.0594,-0.0942,-0.0815,-0.3841,-0.3479
5.0,1.8,3.0,1.5,3.2,13.3,11.4,33.2,12.6,0.1214,0.1965,-0.243,-0.3482,0.2854,-0.3084,0.5101,-0.5336
5.0,1.1,1.3,1.7,3.6,14.0,4.4,7.0,31.8,0.6084,0.3194,0.3338,0.1471,0.3294,-0.5113,-0.0643,0.0166
5.0,3.0,4.7,3.1,4.1,5.5,8.9,24.7,34.2,0.1543,0.4294,-0.104,0.0823,-0.1696,0.0553,0.7534,-0.3576
5.0,3.3,1.0,3.5,4.2,18.8,17.2,16.0,13.9,-0.3224,0.4119,-0.3598,0.2243,0.5946,0.1072,-0.3726,0.1704
5.0,1.9,4.5,4.6,4.1,11.8,19.6,27.0,13.2,0.3936,0.187,-0.4437,-0.2381,0.4271,-0.5655,0.0795,0.1274
5.0,3.4,1.2,3.4,5.0,20.5,21.2,6.8,28.6,0.4047,0.3629,0.3678,-0.0204,0.5727,-0.2379,-0.3492,-0.2114
5.0,2.3,3.3,2.1,3.6,6.9,21.9,34.5,11.3,-0.39,0.6241,-0.1816,0.3554,-0.3727,0.2485,-0.046,-0.2826
5.0,2.7,2.7,1.8,1.5,12.6,13.9,10.7,19.8,0.4577,0.7689,-0.3326,0.2305,-0.0547,0.0949,0.06,-0.0894
5.0,4.1,3.6,1.0,3.9,12.7,14.6,32.9,22.0,0.6709,0.6892,-0.1604,0.1841,0.0274,-0.055,-0.022,0.0439
5.0,1.1,2.4,3.0,1.0,3.2,4.8,26.3,16.1,-0.2587,-0.0304,-0.2175,-0.1419,-0.3465,-0.4869,0.6273,-0.2911
5.0,1.8,3.1,2.3,1.8,13.5,9.1,9.3,22.6,0.6023,0.7771,-0.0237,0.0076,-0.0006,0.0028,0.096,-0.0783
5.0,3.9,1.2,3.6,3.1,6.3,12.4,31.5,39.1,-0.5001,0.1231,-0.1927,-0.4591,0.0816,-0.2989,0.1158,-0.5907
5.0,3.8,1.2,2.0,4.8,13.7,20.7,12.4,26.3,0.3825,0.5892,0.243,0.4006,0.37,-0.2647,-0.2007,0.1594
5.0,4.7,4.5,1.0,3.1,4.9,4.8,38.5,10.1,-0.1065,0.5845,0.2146,0.4089,0.095,0.4256,-0.2627,-0.3896
5.0,1.4,1.9,4.0,1.4,6.5,7.5,14.3,20.9,-0.2195,0.2533,0.3551,-0.0296,-0.4743,-0.2003,-0.6553,0.1027
5.0,2.7,2.1,4.2,2.2,15.5,16.7,37.4,25.7,-0.0479,0.4209,0.1524,0.3997,0.197,0.4278,0.4553,-0.4271
5.0,4.3,3.4,4.3,1.3,6.8,6.4,9.8,27.1,-0.6746,-0.102,0.1107,-0.0712,-0.1361,0.0305,-0.1359,0.6809
5.0,4.8,1.8,2.1,1.7,7.6,2.1,30.6,17.2,-0.3958,0.7976,0.1619,0.2515,0.044,0.2079,-0.175,-0.166
5.0,3.6,2.8,3.4,5.0,16.9,7.4,4.7,27.9,0.5692,0.2578,0.1747,-0.138,0.2303,-0.1681,0.167,-0.6524
5.0,3.6,2.6,2.6,3.3,6.1,17.9,7.0,17.9,-0.1146,0.5446,-0.1547,0.369,0.5394,-0.0311,-0.4646,0.0824
5.0,2.1,1.8,4.6,4.6,19.2,12.3,26.8,11.7,0.2518,0.238,-0.3199,-0.2036,0.589,-0.2953,0.5253,-0.0324
5.0,4.6,3.2,4.3,2.3,19.6,17.9,25.6,6.9,0.2142,0.2192,-0.3774,0.0002,0.5302,-0.1285,0.3785,0.55
5.0,1.4,3.0,1.7,1.1,4.2,20.0,34.9,29.8,-0.3987,0.1866,0.2912,0.0147,0.5003,0.2254,0.0918,-0.6199
5.0,3.8,4.1,4.1,3.8,14.2,12.2,41.9,43.8,0.4064,0.4473,0.1675,-0.373,0.0929,-0.3565,0.1854,-0.5169
5.0,4.6,1.5,1.4,2.9,13.1,9.7,20.9,9.1,0.0484,0.6708,-0.0062,-0.013,-0.0316,0.0037,-0.6702,-0.0166
5.0,4.0,3.5,3.3,3.2,20.4,5.0,11.8,39.1,-0.0745,0.5182,-0.1777,-0.5832,-0.2616,0.3638,-0.2088,0.2915
5.0,4.7,4.9,1.1,3.7,19.5,7.8,16.5,42.6,0.8088,0.5153,-0.1366,0.1005,0.0041,0.0217,0.0595,-0.1115
5.0,3.0,4.1,4.5,3.9,17.2,20.3,30.5,31.2,-0.2373,-0.1181,0.4285,-0.0587,0.3595,0.592,0.4786,0.0524
5.0,4.5,1.8,3.8,4.4,4.4,6.1,41.0,4.8,0.0355,0.4417,-0.4712,0.1408,-0.4713,0.1411,-0.0574,-0.5442
5.0,1.0,2.5,4.3,3.6,7.0,15.8,10.3,15.2,-0.5387,0.1907,-0.4139,0.1913,0.54,0.2405,-0.2764,0.1638
5.0,1.0,4.2,4.7,5.0,17.7,12.3,11.0,11.8,-0.1474,0.0324,-0.4815,-0.4527,-0.2857,0.4224,-0.285,0.4264
5.0,2.1,3.2,1.4,3.8,9.1,8.1,29.6,11.4,0.1064,0.986,0.0153,0.0015,0.0067,0.0021,-0.0628,0.005
5.0,1.2,1.1,4.7,2.7,6.7,9.9,8.6,42.0,-0.0247,0.0205,0.0801,-0.1913,-0.2039,0.0168,-0.9378,0.0825
5.0,2.0,1.5,3.5,1.8,2.9,13.2,33.0,39.4,-0.0951,0.3618,0.108,-0.4747,0.4389,-0.2013,0.5399,-0.2676
5.0,3.7,1.1,4.4,1.3,6.1,3.6,27.7,28.0,-0.2175,-0.1791,0.0924,0.1046,0.1201,0.2487,0.6861,-0.5715
5.0,2.7,2.1,2.2,1.4,21.9,3.4,4.6,43.3,0.3106,0.4954,-0.4058,-0.1621,-0.5269,-0.0663,-0.2809,-0.2902
5.0,4.2,3.8,4.2,3.4,12.4,16.4,41.4,5.8,0.1972,0.7336,-0.0125,-0.4102,-0.0495,-0.4032,0.0986,-0.2541
5.0,3.0,2.3,3.1,1.0,21.8,21.4,12.7,27.3,-0.1699,-0.1212,0.1536,0.1091,-0.2239,-0.4074,-0.7403,0.3645
5.0,1.0,4.0,5.0,1.3,16.8,15.8,37.0,11.8,-0.3979,0.1238,-0.3536,-0.1118,-0.3757,-0.1328,0.1599,-0.6969
5.0,3.6,4.8,3.2,3.1,15.0,19.5,16.0,15.2,-0.2455,0.4565,-0.2967,0.2809,0.5891,0.0699,-0.4284,0.1086
5.0,3.0,4.2,3.5,3.6,20.5,2.6,28.8,11.2,-0.146,-0.1775,-0.3164,0.0088,-0.2494,-0.6785,0.5465,-0.0293
5.0,3.3,3.4,3.3,2.6,2.9,10.8,38.9,28.7,-0.4733,0.2799,0.2029,0.1037,0.0344,0.2089,-0.3418,-0.6747
5.0,1.7,4.7,1.3,4.1,12.0,21.1,26.7,38.6,0.5208,0.637,0.2627,-0.3781,-0.0271,0.2222,-0.0566,0.1955
5.0,2.4,3.1,1.4,3.3,3.9,12.3,30.4,21.1,0.2384,0.0451,0.0961,0.5165,-0.344,-0.213,0.5757,0.3621
5.0,3.1,3.2,5.0,2.8,4.2,15.0,12.1,10.4,-0.5878,-0.1182,-0.2844,-0.0263,0.2937,0.41,-0.2593,0.4768
5.0,1.7,3.8,4.6,2.5,13.1,3.4,15.0,5.6,-0.0662,-0.0025,-0.2186,-0.0309,0.1169,0.6034,-0.5104,-0.5258
5.0,3.0,4.1,2.1,3.1,22.0,6.5,36.7,25.0,0.0917,0.4437,0.2026,-0.1502,0.3861,-0.0555,0.6571,-0.3269
5.0,3.0,3.5,1.6,2.2,18.1,5.9,19.4,18.1,-0.1473,0.5994,0.2603,0.3565,-0.1927,-0.3655,0.294,0.3828
5.0,2.0,2.3,2.1,2.1,8.1,12.3,33.9,32.8,-0.3475,0.8727,0.1633,-0.1691,0.06,0.1292,-0.16,-0.0505
5.0,2.9,1.2,2.8,1.2,20.3,4.4,28.4,9.7,0.0193,-0.0963,-0.0819,-0.0102,-0.0279,-0.4829,0.8191,0.2322
5.0,3.0,1.6,2.5,2.0,2.9,10.1,19.7,32.2,-0.4885,0.4969,0.1216,0.0823,-0.0747,-0.0907,0.4624,0.4942
5.0,2.9,4.4,4.5,3.3,20.4,14.9,25.0,32.7,0.2296,0.1581,0.2634,-0.0737,-0.4843,0.4472,0.6071,0.1005
5.0,2.6,2.1,3.9,4.4,2.2,12.1,15.0,35.2,-0.3235,0.4369,0.2947,-0.3775,-0.5344,-0.1945,-0.3532,-0.0648
5.0,1.4,1.1,2.9,1.3,20.0,18.0,34.1,11.7,-0.321,0.0882,-0.3309,-0.1083,-0.4548,-0.269,0.4167,-0.5418
5.0,3.4,5.0,1.7,3.8,18.9,14.4,11.4,26.1,0.1627,0.2369,0.256,0.3439,0.4318,-0.1148,-0.6932,0.169
5.0,3.2,2.4,4.0,1.5,9.3,8.7,29.6,28.8,-0.4495,0.8852,0.0025,0.0023,0.0008,0.0011,-0.0434,-0.0235
5.0,2.6,1.7,4.6,2.6,9.6,12.7,22.0,5.1,-0.3804,0.8836,0.1738,-0.0543,-0.0734,0.078,-0.0753,-0.0189
5.0,2.3,3.2,3.9,4.9,21.3,16.0,19.9,27.5,-0.3707,0.4594,0.3699,0.1929,-0.4586,-0.2367,-0.042,0.439
5.0,1.2,4.5,3.3,1.6,20.7,19.1,22.5,32.4,-0.0454,0.3098,0.3255,-0.2388,-0.3382,0.2426,0.4152,0.6107
5.0,1.9,4.3,1.9,4.4,5.5,14.7,13.8,32.7,-0.1006,0.5947,0.5289,-0.4288,-0.1438,-0.3147,0.1479,-0.0764
5.0,4.4,1.8,3.8,2.3,20.1,13.0,6.0,18.0,-0.0613,0.2939,-0.4325,0.4082,0.2105,0.5193,-0.1501,-0.4451
5.0,1.7,3.0,3.7,4.6,3.5,2.3,17.3,24.8,-0.3829,0.0802,0.3191,-0.0134,-0.4493,-0.6373,-0.3221,0.0684
5.0,2.4,3.0,1.8,1.3,8.7,16.1,20.9,27.5,0.0367,0.972,0.0302,-0.0195,-0.0306,0.0195,0.2024,-0.0063
5.0,4.2,3.8,4.6,4.5,8.6,19.7,9.6,14.7,-0.543,0.8114,-0.0404,-0.1189,-0.0076,0.0838,0.0848,0.0708
5.0,2.7,2.2,5.0,4.2,11.0,12.2,7.7,29.8,0.1583,0.6522,0.1319,0.4166,0.4725,0.174,-0.249,-0.1478
5.0,1.7,1.1,4.0,2.9,3.5,10.1,11.2,16.2,-0.4131,0.6106,-0.575,-0.1517,-1.2107e-05,0.1544,0.1508,0.1371
5.0,4.1,4.9,1.7,3.8,13.5,19.3,4.1,18.5,0.2131,0.1246,-0.4162,-0.1454,0.0072,0.5856,0.3278,0.4531
5.0,2.2,1.9,3.8,4.5,7.7,20.5,21.7,41.9,-0.3658,0.7474,-0.2448,-0.0192,0.2447,0.0192,0.3369,0.2467
5.0,2.5,3.3,4.8,2.3,7.0,21.4,37.8,5.7,-0.6331,0.4805,-0.1586,0.1436,-0.1657,0.1398,-0.2604,-0.4396
5.0,2.7,2.1,2.1,2.0,21.9,15.2,41.4,30.8,-0.0747,0.5572,0.4125,-0.0115,0.4225,-0.0166,-0.4133,-0.3731
5.0,4.0,4.3,1.4,2.9,8.5,6.4,14.3,42.0,0.1111,0.9736,0.0875,0.0906,-0.0303,-0.0857,0.0672,0.0046
5.0,3.0,2.4,3.6,1.7,12.7,8.6,10.3,9.7,0.7751,0.304,-0.0426,0.0107,-0.0024,0.0179,0.1811,-0.4911
5.0,1.9,1.3,5.0,3.2,2.3,12.0,10.2,18.2,-0.2615,0.3149,-0.3204,0.3992,0.4804,0.2213,-0.4886,-0.1917
5.0,4.6,1.2,3.4,1.5,15.7,18.1,31.9,14.5,-0.1025,-0.1387,-0.3904,0.0497,-0.3172,-0.5795,0.5234,0.2715
5.0,2.8,3.1,1.2,3.2,19.7,4.3,40.1,14.5,0.3385,0.4483,-0.1557,0.4045,-0.2027,0.4159,0.0729,-0.5056
5.0,2.2,2.0,1.6,3.9,16.2,6.5,33.9,9.0,0.6324,0.2719,-0.5472,0.2113,-0.1016,-0.246,-0.1146,0.2736
5.0,3.8,4.9,4.0,1.4,14.5,13.7,23.4,22.9,0.4092,0.6256,-0.2017,0.2732,0.157,-0.2686,-0.2836,0.3603
5.0,4.8,1.9,4.9,3.5,8.5,3.0,16.1,32.1,-0.5349,0.8323,0.012,0.0304,-0.002,-0.024,0.0883,0.0587
5.0,2.9,4.2,3.7,1.8,3.8,15.5,8.8,31.3,-0.06,-0.1796,0.2213,0.0119,0.1916,-0.468,-0.6845,0.4162
5.0,4.4,1.5,2.2,3.0,5.9,5.0,39.4,15.3,-0.3078,0.7806,0.15,0.2323,0.1208,0.2309,-0.306,-0.2134
5.0,1.7,2.0,2.1,1.6,2.5,14.2,16.0,35.2,-0.3549,0.6292,0.2968,-0.1561,-0.5362,-0.0055,-0.0473,0.2327
5.0,2.6,4.6,5.0,1.2,17.3,20.6,7.8,20.4,-0.0391,0.6352,0.0367,0.4188,0.4414,0.2391,-0.3183,-0.2066
5.0,3.0,2.2,4.7,1.2,12.7,6.0,23.7,8.8,0.4948,0.6743,-0.1228,-0.0382,0.1989,0.004,-0.359,0.3074
5.0,2.1,3.0,4.8,3.3,10.4,7.6,32.0,19.9,-0.3423,0.908,0.1278,0.1424,0.0294,0.0813,-0.012,-0.0225
5.0,1.9,4.0,1.7,1.1,11.5,2.1,42.3,17.7,0.4776,0.7701,-0.2591,0.0961,-0.2523,0.0952,0.0202,-0.1081
5.0,1.3,3.7,2.3,4.6,18.5,19.8,28.5,9.0,0.414,0.3742,-0.3641,-0.2504,0.4775,-0.3686,0.3076,-0.1275
5.0,4.9,3.5,2.3,2.3,9.1,4.8,6.5,14.6,-0.2051,0.9517,0.0277,-0.0691,-0.0636,0.0571,0.1503,0.0423
5.0,1.4,2.9,3.9,1.1,13.7,4.2,25.0,7.9,0.5287,0.1532,-0.1942,0.0497,0.3094,-0.141,-0.0699,0.7153
5.0,2.9,4.1,3.8,3.9,12.1,6.0,24.9,22.5,0.1704,0.9229,0.0636,0.1662,-0.269,-0.0067,0.0508,0.0113
5.0,1.5,2.0,4.9,1.7,18.0,18.7,43.5,38.8,-0.3622,0.4341,0.2477,-0.3384,-0.3556,-0.3884,-0.2883,-0.3293
5.0,1.7,4.9,1.4,1.4,17.2,5.7,19.5,8.1,0.528,0.5648,-0.1626,0.0885,0.1926,-0.091,-0.369,0.4153
5.0,4.5,2.6,1.1,4.8,20.3,19.3,17.6,41.1,0.2185,0.3924,-0.3166,-0.4075,-0.0275,0.4844,-0.0243,0.5157
5.0,3.8,2.2,3.4,2.1,16.4,10.6,11.2,21.6,0.5844,0.1551,-0.2809,0.3628,0.0033,0.2511,-0.0212,-0.5694
5.0,1.4,1.3,1.4,1.3,8.7,3.1,39.0,31.5,0.007,0.9609,-0.0341,-0.1227,-0.0252,-0.1236,-0.1762,-0.0161
5.0,3.7,1.6,4.4,1.1,18.8,20.2,28.0,14.3,-0.0773,-0.0394,-0.0974,-0.1144,-0.0717,-0.5019,0.8211,0.1203
5.0,2.0,1.6,4.8,3.3,5.6,18.3,26.8,9.2,-0.0187,-0.1162,-0.0838,-0.0056,0.141,-0.5197,0.8014,-0.1537
5.0,2.9,2.8,3.0,3.5,16.4,9.5,12.5,30.1,-0.0342,-0.0456,-0.008,0.1653,0.1435,-0.0581,-0.8863,0.3514
5.0,2.3,1.7,1.8,3.0,12.1,22.0,9.2,33.4,0.4233,0.5427,0.5905,0.1605,-0.0611,-0.3256,0.1301,0.0646
5.0,1.1,3.7,2.9,2.2,12.3,10.7,13.0,27.2,0.3087,-0.0792,-0.0611,0.3148,0.1326,0.1994,-0.4147,-0.7165
5.0,2.4,1.6,1.6,3.8,14.6,16.9,18.9,19.3,0.2868,0.7527,-0.0453,0.2231,0.3429,-0.2043,-0.2992,0.1943
5.0,2.9,2.4,3.5,3.5,2.2,5.8,15.2,12.1,-0.3403,0.0939,-0.2773,0.3063,0.3984,-0.2,-0.3413,0.6146
5.0,2.1,3.8,1.1,4.3,3.5,21.1,10.9,36.8,0.1516,0.5264,-0.1328,-0.4267,-0.4974,0.1049,-0.4607,0.0883
5.0,1.1,1.1,4.7,1.3,10.8,5.4,35.6,31.3,-0.2906,0.5775,0.1013,0.0964,0.1561,0.1927,0.6065,0.2691
5.0,3.7,3.5,1.7,4.7,6.0,4.8,5.4,43.6,0.4457,0.5737,-0.278,0.1321,-0.3938,0.2793,-0.3555,0.0134
5.0,1.4,3.6,2.8,2.0,17.6,7.1,42.0,24.5,0.6108,0.5053,0.1664,-0.0603,0.1876,-0.0691,0.2917,-0.4336
5.0,2.9,1.2,3.1,3.8,2.1,9.4,12.8,37.8,0.1093,0.9594,0.1295,0.0072,-0.0182,-0.0074,0.0077,-0.0001
5.0,2.7,1.8,2.1,2.1,12.1,4.9,25.7,23.7,0.3486,0.8325,0.1295,0.2388,-0.2937,-0.082,0.0814,0.0361
5.0,2.1,3.8,2.4,4.0,3.6,19.7,18.3,7.8,-0.3622,0.4744,-0.3238,-0.0415,0.5925,0.2126,-0.1116,0.3359
5.0,1.6,4.0,4.9,1.2,15.5,20.4,42.9,25.0,0.3093,0.2689,0.3683,0.0448,0.4445,0.0244,0.0364,-0.6794
5.0,3.7,4.7,3.6,3.1,9.3,20.3,39.2,13.5,-0.1654,0.9666,-0.0769,-0.0806,-0.0594,-0.0774,-0.0735,-0.024
5.0,1.3,2.8,3.5,1.6,4.5,12.1,42.8,25.0,-0.1579,0.2818,0.1214,0.1881,0.2198,0.1478,-0.6617,-0.5604
5.0,1.0,2.3,4.8,2.5,14.5,9.0,7.3,25.0,0.3102,-0.0491,-0.0506,0.0426,0.0168,0.0522,-0.1786,-0.9111
5.0,3.6,3.3,3.1,3.8,3.8,6.4,37.4,28.0,-0.3186,0.1298,0.1338,-0.304,0.186,-0.2841,0.0423,-0.7929
5.0,1.9,1.5,2.9,2.7,10.5,16.9,35.3,37.5,0.1716,0.6033,0.5017,-0.3524,-0.0214,0.3038,-0.099,0.2608
5.0,2.0,4.5,1.3,1.9,6.9,13.5,43.1,23.9,0.0596,0.7386,0.1542,0.0067,0.1508,0.0042,-0.6147,0.0201
5.0,3.6,3.1,3.9,4.9,12.9,5.8,39.7,40.1,-0.0361,0.8495,-0.2513,-0.278,-0.1245,-0.2723,-0.0749,-0.1272
5.0,1.7,2.7,2.3,3.2,19.0,11.0,19.8,32.1,-0.4563,0.5739,0.134,0.0663,-0.3759,-0.2052,0.3029,0.3489
5.0,4.6,1.2,4.5,2.3,11.9,7.3,8.4,11.3,0.4939,0.7655,-0.177,-0.2036,-0.1172,0.1615,0.1694,-0.0984
5.0,1.2,1.3,1.2,4.3,3.5,5.0,4.6,16.5,0.3177,0.2712,0.2283,0.3382,0.0774,0.5906,-0.4798,-0.2442
5.0,2.7,1.3,4.8,3.0,3.9,12.2,16.4,9.1,-0.6262,0.1786,-0.2452,-0.1241,0.3474,0.294,-0.0447,0.5299
5.0,4.4,4.6,1.0,1.4,14.0,16.5,32.6,12.0,0.5935,0.433,-0.3252,-0.3095,0.4311,0.0502,0.2086,0.0831
5.0,1.3,5.0,3.9,2.9,21.7,10.0,27.3,20.9,0.482,0.0791,-0.2365,0.2793,-0.0308,-0.2241,0.0226,0.7283
5.0,2.1,4.0,3.0,1.8,16.2,11.6,20.4,39.3,0.2534,0.8437,0.2504,-0.1073,-0.2318,0.1061,-0.1996,0.1492
5.0,3.3,1.1,4.9,2.8,19.4,18.8,42.6,36.4,-0.0191,0.0369,-0.054,-0.0484,0.1687,-0.7024,-0.6023,-0.1467
5.0,4.2,3.5,2.5,3.6,9.7,3.8,24.6,16.1,0.1534,0.82,-0.0188,-0.3365,0.1823,-0.3177,0.0789,-0.1516
5.0,3.1,4.9,4.8,2.0,4.6,6.9,31.2,24.5,-0.2595,-0.2403,0.139,-0.1076,0.1789,-0.0362,0.6717,-0.5785
5.0,4.8,4.0,2.4,3.6,14.6,20.1,17.6,41.9,0.3064,0.6693,-0.119,-0.3784,-0.2717,0.3591,-0.16,0.2283
5.0,1.1,4.1,2.5,3.5,13.0,6.7,15.8,24.0,0.5549,0.7122,0.3336,-0.0005,-0.033,-0.1009,0.1521,-0.1118
5.0,1.1,3.9,2.2,1.7,7.8,3.5,6.0,17.1,-0.5527,0.485,-0.258,0.0748,0.5206,0.1488,-0.0017,0.2662
5.0,3.1,1.5,4.5,3.8,17.9,9.8,35.0,42.8,0.0189,0.2016,0.0739,-0.2055,0.2395,-0.0583,0.8653,-0.2454
5.0,1.5,3.6,2.0,2.6,22.0,9.3,10.4,37.4,-0.1174,0.9676,0.0965,0.0041,-0.0278,-0.0065,0.0592,0.0151
5.0,3.3,3.0,4.4,1.7,20.5,14.0,33.4,22.0,0.0452,0.1431,0.1995,0.4436,-0.4384,0.2458,0.5802,-0.3509
5.0,3.7,4.3,4.8,3.7,8.4,14.3,7.0,7.5,-0.7418,0.6058,-0.0026,-0.0016,-0.0014,0.0011,0.1594,0.202
5.0,2.8,2.6,3.6,1.3,2.6,8.1,37.0,11.5,-0.5624,0.0463,-0.0041,0.0677,-0.014,0.0623,-0.0556,-0.8081
5.0,1.4,2.9,4.6,2.2,21.2,14.5,12.5,35.5,-0.5249,0.2258,0.4126,-0.1771,-0.5421,-0.2141,-0.3032,0.1403
5.0,1.8,4.9,2.9,1.7,11.5,7.2,10.5,21.7,0.1649,0.9558,0.1651,0.1009,-0.03,-0.0756,0.0213,0.0088
5.0,1.9,4.5,4.7,3.9,18.9,9.4,4.6,4.0,0.3152,0.0658,0.1433,-0.1541,-0.0094,-0.1765,0.0873,-0.8925
5.0,4.9,2.9,1.7,3.3,14.8,9.9,32.0,18.6,0.3266,0.9268,-0.1384,0.0415,-0.0153,0.0015,-0.0128,0.002
5.0,1.7,3.3,1.8,4.1,20.9,16.0,16.1,17.8,0.0217,0.585,0.0109,0.4061,0.5068,-0.0641,-0.4603,0.0495
5.0,4.3,2.0,5.0,3.6,16.9,2.0,29.6,9.8,0.0882,-0.2348,-0.3152,-0.0599,0.0371,-0.6819,0.499,0.3054
5.0,2.0,4.2,1.1,3.3,19.8,2.6,32.9,34.7,0.0353,0.3877,-0.0202,-0.5322,0.5381,0.0592,0.4822,0.0838
5.0,3.9,2.3,1.6,4.7,3.0,10.6,29.8,37.3,0.4783,0.781,0.3075,-0.1762,-0.0096,0.0408,-0.0558,0.0504
5.0,3.5,1.2,4.2,2.2,9.4,21.1,18.6,5.8,-0.319,0.9306,0.0217,-0.0992,-0.0344,0.0944,0.0488,0.0286
5.0,1.5,1.8,1.2,3.1,15.0,5.1,4.2,14.2,0.7056,0.4008,-0.1845,0.1638,-0.306,0.3608,-0.0473,-0.2092
5.0,3.6,3.4,3.3,4.2,4.2,21.5,19.9,15.3,-0.3154,0.4973,-0.039,0.4278,0.0669,-0.4233,0.1832,0.4892
5.0,4.7,3.2,3.7,1.6,10.6,7.3,15.9,12.5,0.063,0.9871,-0.0747,-0.0354,0.0202,0.023,0.0102,0.001
5.0,4.1,4.8,4.1,3.6,11.7,14.8,25.1,21.3,0.2076,0.82,-0.3403,0.2545,0.1299,-0.209,-0.0909,0.1442
5.0,2.4,2.3,2.6,1.1,2.8,11.9,27.2,7.4,0.0112,0.1424,-0.1085,-0.165,0.2342,0.0119,0.9258,0.1093
5.0,2.7,1.5,4.1,3.7,3.3,6.8,17.3,26.0,-0.1509,0.1786,0.3711,-0.1171,-0.4468,0.0548,-0.4696,0.5928
5.0,3.5,1.2,3.3,4.8,21.1,19.5,34.4,20.2,-0.0666,0.3888,0.0515,0.5664,-0.3603,0.3218,0.3673,-0.3657
5.0,3.6,3.9,1.8,1.6,12.9,8.8,16.0,13.7,0.5681,-0.1652,-0.014,0.0251,0.0061,0.0163,-0.2557,-0.7163
5.0,3.6,4.6,4.1,4.2,16.8,9.1,42.8,27.9,0.0818,-0.0083,-0.074,0.1025,0.0692,0.1314,-0.2984,-0.9091
5.0,2.9,3.7,4.0,3.5,14.6,8.2,31.4,7.3,0.2796,-0.1975,-0.0394,0.0409,-0.0281,-0.0365,0.5528,0.7298
5.0,1.3,1.9,4.1,1.5,15.6,21.8,26.4,19.7,-0.1819,0.5661,-0.1251,0.4428,-0.4365,-0.2213,0.3703,0.1962
5.0,3.1,4.5,4.3,1.8,3.0,3.9,17.8,41.8,-0.2108,0.3666,-0.358,-0.1919,0.4628,0.2998,-0.4141,0.3868
5.0,4.2,2.2,3.0,2.3,9.7,17.5,24.8,33.9,-0.0679,0.9585,-0.0256,0.1384,-0.2003,0.0029,0.0191,-0.0079
5.0,1.3,3.0,1.6,2.8,8.1,21.0,14.7,25.1,-0.3345,0.7069,0.2224,-0.3636,-0.3036,-0.2572,0.1526,0.033
5.0,4.5,1.7,2.9,3.9,3.1,6.1,34.5,25.0,-0.2664,0.0657,0.3788,-0.1456,0.5302,0.4683,0.4712,-0.0124
5.0,4.9,2.3,3.8,4.8,19.7,18.7,29.3,34.5,-0.2873,0.2266,0.4278,-0.3944,0.4702,0.4066,0.2852,0.1775
5.0,3.8,1.4,3.0,4.8,18.8,20.4,30.1,6.6,0.3359,0.3369,-0.3463,-0.4116,0.4881,-0.2972,0.324,-0.1899
5.0,2.3,1.9,4.0,1.3,7.9,11.7,5.1,36.5,-0.123,-0.0786,0.0445,0.0393,0.0299,-0.4264,-0.6141,0.615
5.0,4.6,2.3,3.6,3.1,14.2,21.5,27.5,27.9,0.5532,0.5609,0.2573,0.2468,-0.446,0.119,0.0222,0.1344
5.0,2.9,1.8,4.6,1.7,3.6,8.5,16.9,43.6,-0.2952,-0.1157,-0.0346,0.0599,0.0443,-0.0519,-0.3785,0.8483
5.0,3.1,1.1,4.3,3.6,21.4,16.4,12.4,6.4,0.0279,-0.1622,-0.4876,-0.1584,-0.304,0.6723,-0.3247,0.2028
5.0,2.5,4.9,2.5,1.7,15.3,5.9,18.6,11.2,0.3103,0.4335,-0.1804,0.084,0.2246,-0.0713,-0.5738,0.5234
5.0,2.6,1.8,3.6,1.3,14.7,20.4,18.5,43.2,-0.0904,0.5782,-0.0287,-0.382,0.0981,0.4282,-0.4941,0.2087
5.0,4.8,1.3,2.2,2.1,9.2,6.5,10.6,4.4,-0.0601,0.9901,0.001,-0.0542,-0.04,0.032,0.048,0.0055
5.0,2.4,1.5,3.2,2.6,18.5,13.0,18.3,8.6,-0.2189,0.2467,-0.205,-0.3387,0.3006,0.3902,-0.1318,0.6766
5.0,4.7,3.3,2.2,2.4,17.1,8.3,8.4,37.5,-0.4764,0.5513,-0.1895,-0.2726,0.0627,0.2375,0.2139,0.3868
5.0,1.0,3.4,2.5,1.5,7.8,8.9,18.8,4.5,-0.5653,0.5644,-0.0015,-0.0006,0.0013,0.0007,0.4118,0.4191
5.0,4.9,3.2,4.8,4.0,11.4,16.4,33.6,23.7,0.0263,0.8234,0.0031,0.3714,-0.3739,0.0414,0.1619,-0.0225
5.0,1.1,4.7,2.8,3.0,10.0,8.6,5.2,14.5,0.1932,0.9617,0.0061,0.0033,-0.003,-0.0048,0.0225,-0.0094
5.0,4.6,2.8,4.7,5.0,9.5,8.3,10.9,33.0,0.0104,0.9749,0.0789,0.0371,-0.0147,-0.0176,0.0062,0.0002
5.0,2.7,2.0,2.1,4.6,14.0,21.2,29.5,17.8,0.289,0.4287,-0.3937,0.5642,-0.1153,-0.3424,0.0389,0.3278
5.0,1.6,4.0,2.0,2.2,8.0,20.8,28.1,15.2,-0.4708,0.6901,-0.1811,0.2199,-0.3961,0.0498,-0.0862,-0.1851
5.0,4.9,1.4,3.6,4.6,13.0,18.6,7.8,25.9,0.2724,0.7256,0.1503,0.3605,0.4036,0.1706,-0.1787,-0.1027
5.0,2.6,1.6,4.9,1.6,18.4,18.7,12.7,41.0,0.0587,0.4088,-0.1276,-0.5586,-0.4813,0.2438,-0.3491,0.2206
5.0,1.7,3.8,4.8,3.5,19.5,14.4,33.4,5.6,0.0356,-0.0016,-0.4262,-0.3281,0.4142,-0.4944,0.3952,-0.3365
5.0,1.9,3.4,2.6,1.9,19.1,14.2,38.0,40.2,0.2241,0.5901,0.1263,-0.3215,0.2921,-0.3037,0.3705,-0.3761
5.0,1.2,1.8,3.3,4.7,3.2,4.6,18.2,32.8,-0.3001,0.3301,0.2986,-0.3654,-0.4247,0.2876,-0.2428,0.4912
5.0,1.3,2.2,4.6,4.1,20.6,12.8,30.7,15.7,-0.3865,0.205,-0.4928,0.3214,-0.3911,-0.4653,0.204,0.1746
5.0,2.7,1.5,1.1,1.3,16.7,16.6,19.7,32.2,0.1412,0.4744,0.4076,0.2288,-0.4487,-0.222,-0.0086,0.5073
5.0,2.5,2.1,1.2,1.2,16.9,13.7,10.8,13.2,0.2898,0.1791,-0.3773,-0.1773,-0.4151,0.3346,-0.5407,0.3302
5.0,3.0,4.4,4.6,4.7,4.3,6.7,42.7,34.5,-0.1868,0.6095,-0.1375,-0.0668,-0.0042,-0.1854,-0.6742,-0.2126
5.0,1.5,2.7,4.9,2.5,16.9,19.5,8.4,34.6,-0.3236,-0.0698,0.3724,0.0418,-0.3496,-0.5973,-0.4961,0.0086
5.0,1.8,2.7,2.9,2.8,10.0,22.0,12.8,32.8,0.0325,0.9321,0.2091,0.2061,-0.0275,-0.1558,0.0078,0.0406
5.0,3.7,4.7,3.4,2.7,14.5,10.4,14.5,34.7,-0.5613,0.4947,0.3943,0.241,-0.0785,-0.1806,0.1509,0.3449
5.0,2.4,2.6,3.2,3.5,17.8,10.9,19.0,6.7,0.1223,0.1708,-0.0536,-0.307,-0.1544,0.3128,-0.3387,0.7757
5.0,4.0,3.5,4.6,2.2,19.8,9.5,26.7,19.1,0.4987,0.6756,-0.3534,0.0594,0.0611,-0.0937,-0.2284,0.2288
5.0,5.0,1.4,4.0,2.0,8.7,16.2,8.3,36.6,-0.5907,0.7664,0.0405,0.1029,-0.0037,-0.077,0.136,0.1189
5.0,4.4,3.7,3.5,2.7,5.4,17.9,13.5,11.6,-0.6819,0.2981,-0.2822,0.1454,0.4157,0.0756,0.0148,0.396
5.0,1.3,1.7,3.5,3.5,18.9,20.7,8.1,26.9,0.4032,0.284,0.3718,0.1719,0.6044,-0.2561,-0.3221,-0.1879
5.0,1.2,3.1,4.0,1.5,10.0,4.0,7.8,32.8,-0.1302,0.9519,-0.0086,0.161,0.1468,-0.0545,-0.0189,0.0078
5.0,2.4,3.3,3.5,1.9,7.2,5.2,19.1,34.6,-0.5368,0.7022,-0.0439,-0.1223,0.0363,0.1202,0.3218,0.27
5.0,4.4,2.9,3.5,4.2,17.6,13.1,34.1,27.2,0.0649,0.1177,0.4271,0.4047,-0.3371,0.4331,0.3078,-0.4569
5.0,4.6,4.3,3.7,4.0,19.6,6.7,24.8,13.5,-0.1077,0.2902,0.0966,-0.0208,-0.0294,-0.3573,0.8145,0.2792
5.0,4.3,2.9,3.4,1.4,13.7,11.6,41.8,40.1,0.1845,0.8906,0.2876,-0.0445,0.1365,-0.0896,0.1753,-0.0852
5.0,1.3,2.7,3.6,4.0,6.3,17.7,34.4,15.2,-0.4334,0.3803,-0.2925,0.3878,-0.4834,0.1892,0.2358,-0.3022
5.0,3.2,2.0,4.8,1.0,14.9,7.9,4.8,20.8,0.1336,0.9364,0.0385,0.1206,0.2244,0.0053,0.109,-0.034
5.0,1.3,4.6,2.2,3.9,13.7,4.4,36.8,39.3,-0.0256,0.6372,-0.2178,-0.481,0.0711,-0.4347,0.0618,-0.3061
5.0,2.7,1.6,2.2,3.9,18.8,20.1,31.7,18.4,-0.0103,0.4555,-0.0391,0.5416,-0.5049,-0.0809,0.461,0.0673
5.0,2.2,2.9,1.3,3.3,16.3,5.0,36.8,36.6,0.1888,0.5138,0.0131,-0.4054,0.3098,-0.3808,0.3006,-0.4212
5.0,4.6,4.0,3.9,4.0,13.5,21.7,11.3,10.6,0.5343,0.2663,-0.5532,-0.2134,-0.1557,0.4567,0.0971,-0.1662
5.0,3.7,2.3,2.7,4.5,12.3,17.9,23.5,41.9,0.3117,0.7238,0.1482,-0.3903,-0.0615,0.3624,-0.0361,0.228
5.0,4.0,1.2,4.9,3.6,6.4,20.1,42.4,42.3,-0.0909,0.5541,-0.2715,0.0093,-0.3636,0.0436,-0.6116,-0.2693
5.0,3.6,3.4,4.7,2.1,13.0,19.5,13.0,19.8,-0.1442,0.6356,-0.1048,0.4676,0.467,0.0205,-0.332,-0.0143
5.0,1.4,2.2,1.0,3.6,20.2,4.9,8.1,18.3,0.1571,0.5418,0.1638,0.3919,0.5041,0.0063,-0.4813,-0.0231
5.0,1.6,2.4,1.3,2.7,10.1,16.9,42.9,41.3,0.3065,0.9311,0.0921,-0.0534,0.0112,-0.0214,0.0518,-0.012
5.0,1.9,3.4,1.4,4.7,3.0,15.4,17.0,36.5,0.0986,0.6012,-0.0795,-0.3878,-0.5008,0.0542,-0.4395,0.0364
5.0,5.0,4.7,4.8,4.4,12.3,9.4,31.5,37.5,-0.0915,0.9594,0.2179,0.0508,0.0215,0.0145,-0.02,-0.0072
5.0,2.8,4.5,4.6,2.4,13.2,3.3,33.2,18.7,-0.2819,0.5426,-0.1371,0.5089,-0.4126,0.2271,0.2812,-0.1738
5.0,4.6,4.0,4.1,1.1,18.9,17.5,18.5,42.2,-0.1516,0.0151,0.0214,-0.1565,0.0517,0.7192,-0.5708,0.1535
5.0,4.4,1.7,2.1,2.3,15.0,18.4,35.7,36.8,-0.1076,0.4644,0.1097,-0.4101,0.5264,0.1188,0.498,0.1185
5.0,2.0,2.8,2.2,2.0,14.8,17.2,29.5,12.0,0.4478,0.0895,-0.4619,-0.1513,0.4232,-0.5314,0.2611,-0.0198
5.0,1.8,3.3,4.0,1.6,9.6,13.9,32.8,14.0,-0.3263,0.8993,0.043,-0.1851,0.1599,-0.0691,0.0173,-0.0183
5.0,4.2,2.2,4.7,2.6,16.7,6.0,23.3,34.2,-0.1461,0.2112,-0.0024,-0.2252,-0.1394,0.3327,0.4824,0.7024
5.0,3.8,4.4,2.0,4.1,12.6,5.0,32.8,31.7,0.613,0.5832,0.4605,-0.0791,0.0642,0.1205,-0.1226,0.1017
5.0,4.2,2.9,2.2,4.3,19.8,21.7,9.1,16.0,-0.1148,0.3351,-0.2612,0.5414,0.5002,0.3117,-0.3092,-0.2267
5.0,3.5,2.3,5.0,2.0,21.2,7.9,18.6,14.7,-0.7018,0.2698,0.0045,0.1049,0.0013,-0.1018,0.2103,0.5967
5.0,1.6,3.7,1.1,1.2,16.4,7.1,38.2,35.6,0.2493,0.1487,0.0313,-0.2247,0.0979,-0.2306,0.2279,-0.8367
5.0,4.5,4.7,4.2,4.0,18.0,13.2,8.2,22.8,0.1558,0.1846,0.0251,0.502,0.3232,0.3072,-0.4813,-0.4892
5.0,1.6,2.9,3.8,4.1,8.8,8.7,23.7,31.3,0.079,0.6957,-0.0016,-0.005,-0.0031,-0.0058,0.674,-0.1001
5.0,4.2,2.8,3.8,2.6,7.4,11.5,26.6,19.2,-0.3305,-0.0381,0.0404,0.3187,-0.1209,0.2253,0.3474,-0.7425
5.0,2.5,4.1,1.3,1.7,17.5,2.9,26.1,36.7,-0.0411,-0.0531,0.388,-0.2463,0.4097,0.7147,0.0045,0.1303
5.0,3.0,3.7,1.7,4.5,8.6,19.4,35.1,15.0,-0.0045,0.979,0.1126,0.0637,0.0546,0.0594,-0.0868,-0.012
5.0,1.3,1.1,3.3,2.6,12.3,2.3,41.3,43.2,0.1169,0.7492,-0.137,-0.3902,-0.1721,-0.3847,0.0179,-0.2384
5.0,4.1,4.1,2.6,2.0,7.3,3.2,19.1,30.0,-0.3859,0.8584,-0.0229,-0.1237,0.0042,0.1197,0.2431,0.1277
5.0,1.7,4.7,1.5,3.7,4.1,3.1,38.9,4.5,0.1946,0.4634,-0.652,0.1582,-0.1863,-0.3996,-0.2708,0.0066
5.0,2.8,3.7,4.3,2.0,12.5,3.7,9.3,29.5,0.661,0.3528,0.2471,0.1694,0.301,-0.2752,0.1403,-0.363
5.0,2.2,1.2,1.5,4.7,15.9,14.0,21.4,14.2,0.2226,0.8615,-0.2184,0.1021,0.3305,-0.1109,-0.0599,0.1112
5.0,2.8,4.0,3.1,1.4,21.2,14.3,37.4,6.4,-0.2402,0.0215,-0.0694,-0.1374,-0.1812,-0.4219,0.2303,-0.7913
5.0,2.6,4.6,3.7,2.9,19.0,12.0,35.9,43.1,0.0766,0.228,-0.0318,-0.3111,0.2648,-0.2316,0.646,-0.5209
5.0,4.2,1.1,1.5,2.2,13.1,7.4,37.6,41.3,0.3133,0.7736,-0.2912,-0.2744,-0.1056,-0.3003,-0.0525,-0.1287
5.0,4.0,1.9,1.6,3.1,5.3,17.0,26.0,42.7,0.2495,0.545,-0.1883,-0.1261,0.3529,-0.1172,0.625,-0.1967
5.0,1.3,2.8,2.9,4.4,21.9,3.7,37.4,18.3,-0.2414,0.4678,0.0384,0.521,-0.1521,0.4529,0.1083,-0.4407
5.0,4.8,2.0,4.7,2.9,7.2,19.9,7.3,13.0,-0.512,-0.0899,-0.1575,-0.0779,0.2102,0.2125,-0.237,0.732
5.0,4.6,3.4,3.3,4.3,4.2,12.0,15.8,31.1,-0.4776,0.4744,0.5245,-0.1862,-0.0825,-0.3641,0.2176,0.1649
5.0,4.6,2.7,4.6,3.0,16.2,14.6,32.7,34.5,-0.3681,0.1597,0.424,-0.2376,0.5138,0.3756,0.395,0.1071
5.0,2.7,2.4,3.5,1.7,20.0,19.4,16.9,40.3,-0.0457,0.4402,-0.1093,-0.5237,-0.2205,0.4413,-0.2052,0.4498
5.0,1.5,4.9,1.6,1.1,18.8,8.1,25.5,41.1,0.4798,0.8366,-0.0008,-0.0823,0.1237,-0.1109,0.0011,-0.0055
5.0,4.5,2.2,2.4,4.9,3.8,13.6,21.2,8.1,-0.2619,0.709,-0.2959,-0.0783,0.3605,0.0835,0.3281,0.2807
5.0,2.8,1.5,1.5,1.2,15.5,5.3,25.7,39.3,0.1469,0.3997,0.0856,-0.5646,0.335,0.3649,0.291,0.3564
5.0,5.0,1.1,4.3,3.7,16.3,8.2,20.7,23.3,0.1755,0.8097,0.1908,0.0507,-0.1987,-0.0536,-0.4342,0.1488
5.0,2.4,4.0,1.8,3.0,5.7,7.7,41.1,14.0,-0.1583,0.843,0.0726,0.0371,0.0725,0.0369,-0.4747,-0.096
5.0,3.2,4.8,4.5,2.4,3.6,19.4,22.5,20.2,-0.1658,0.5318,0.2148,0.3628,-0.2787,-0.3571,0.2971,0.45
5.0,1.7,3.7,1.2,3.4,10.2,16.6,39.7,14.9,0.4014,0.8859,-0.1778,0.0145,-0.1059,-0.0144,-0.0348,-0.0049
5.0,2.3,3.1,4.6,3.3,16.0,20.2,13.3,27.1,-0.0423,-0.1685,0.3058,0.0512,-0.0879,-0.7189,-0.5188,-0.2237
5.0,3.0,4.5,4.9,1.1,17.9,21.8,28.3,4.6,0.1675,-0.0784,-0.0941,0.056,0.2469,-0.3632,0.574,0.6372
5.0,3.1,4.6,4.3,1.2,16.8,14.3,9.5,12.1,0.1492,0.0297,-0.286,-0.0651,-0.4681,0.2593,-0.7486,-0.1653
5.0,1.3,1.3,4.0,1.7,9.1,19.6,27.2,36.7,-0.7029,0.6759,0.0088,0.0036,0.0051,0.0051,-0.1078,-0.1199
5.0,1.6,2.7,2.7,3.7,2.5,10.9,29.4,36.6,0.1379,0.7466,0.5653,-0.1662,-0.0177,0.1316,-0.1285,0.0698
5.0,1.1,4.7,4.2,3.1,9.5,12.5,10.8,10.5,-0.439,0.8589,0.1572,-0.1056,0.0102,-0.0846,0.0332,0.0074
5.0,4.4,4.8,3.3,3.8,9.6,14.3,17.9,14.3,-0.0861,0.9281,-0.2312,-0.1748,0.0994,0.1504,0.0447,0.058
5.0,4.8,3.3,4.7,1.6,19.8,10.0,25.5,8.9,-0.1719,0.1975,0.0065,-0.1002,0.088,0.0846,0.6896,0.6418
5.0,3.9,1.5,1.1,1.2,8.2,3.0,26.8,21.7,-0.1046,0.9061,0.2078,-0.0526,0.0657,0.0298,-0.2878,-0.0593
5.0,2.7,3.4,3.9,1.8,13.6,8.0,19.4,24.7,0.2267,0.7982,0.0516,2.5926e-05,-0.056,-0.0016,-0.5138,0.1532
5.0,3.7,2.6,2.2,1.6,4.0,11.0,24.5,24.3,-0.146,0.3096,0.0879,0.1337,-0.1604,-0.0947,0.7696,0.4582
5.0,3.2,2.6,5.0,4.5,17.2,6.0,36.5,15.2,-0.4796,0.1988,-0.1556,0.4027,-0.2434,0.3343,0.1256,-0.5816
5.0,4.1,1.0,1.7,3.1,12.9,12.7,9.2,7.7,0.5973,0.5358,0.1051,-0.4504,-0.0619,-0.2882,-0.0341,-0.1986
5.0,2.2,1.9,4.2,1.9,8.1,4.1,38.6,21.1,-0.5083,0.7132,0.1942,-0.0568,0.1945,-0.0566,-0.2696,-0.2497
5.0,1.9,1.5,2.2,4.6,17.6,12.6,18.2,23.2,0.2193,0.4636,0.0725,0.3711,0.3429,-0.3147,-0.4362,0.4098
5.0,1.4,3.2,4.6,4.7,4.0,7.8,20.5,27.3,-0.4307,0.0358,0.0246,-0.1129,-0.0289,0.1113,0.0297,0.8753
5.0,2.4,4.7,4.4,4.3,10.4,13.6,17.6,15.4,0.0588,0.6159,-0.6336,0.1108,-0.0461,0.2855,0.2352,-0.1462
5.0,2.4,4.7,3.6,3.3,7.1,14.2,36.7,29.9,-0.6208,0.6249,0.1583,-0.0614,0.2635,0.067,-0.2003,-0.26
5.0,4.5,3.3,1.9,4.9,17.1,14.7,9.6,29.3,0.3081,0.3326,0.3184,0.3396,0.3813,-0.3608,-0.3812,0.3653
5.0,4.5,4.0,1.6,5.0,8.8,12.4,31.8,20.5,0.1165,0.9874,0.0069,-0.0006,0.0013,0.0001,-0.0535,0.0055
5.0,2.9,4.9,4.3,3.9,10.9,10.9,9.7,22.9,0.2178,0.9187,-0.2771,0.0609,-0.0564,0.0325,0.0722,-0.0389
5.0,2.5,1.9,3.7,4.5,18.3,7.2,23.4,9.0,0.3675,0.1951,-0.2476,0.2049,0.2857,-0.2183,-0.0727,0.7531
5.0,5.0,4.1,1.2,2.1,3.8,14.3,30.5,21.0,0.1464,0.3124,0.212,0.3345,-0.4302,0.0423,0.7086,-0.0766
5.0,2.0,2.3,3.0,4.4,20.9,20.4,11.2,15.7,-0.2731,0.3121,-0.3288,0.4492,0.5438,0.2564,-0.3597,-0.1117
5.0,4.0,1.1,4.9,4.0,14.9,9.4,12.9,43.9,0.2312,-0.1519,0.0896,-0.123,-0.0732,-0.0924,-0.5616,-0.7102
5.0,2.0,3.8,1.7,1.5,5.1,21.0,41.9,39.1,0.0632,0.5587,-0.242,-0.3289,-0.2619,-0.3204,-0.4961,-0.2291
5.0,2.8,3.4,4.3,2.7,11.1,19.0,19.5,20.7,-0.0546,0.8278,-0.1917,0.2958,0.2356,-0.2861,-0.1214,0.1514
5.0,3.6,3.5,3.4,2.3,2.3,3.7,26.0,23.2,0.4349,0.3238,0.3824,0.0771,-0.5803,0.1764,0.2572,0.309
5.0,4.0,3.6,2.8,1.5,18.4,2.7,11.3,11.4,-0.0272,-0.1635,-0.1961,-0.0132,0.1898,0.5455,-0.7495,-0.1388
5.0,4.5,3.9,4.5,1.1,18.5,15.0,7.5,17.2,-0.0669,-0.0948,-0.2638,-0.0552,-0.0844,0.8348,-0.4174,-0.0415
5.0,4.8,2.2,2.9,1.6,8.9,7.2,23.9,38.9,0.1745,0.836,0.0124,0.0159,-0.1028,0.0417,0.4581,-0.1095
5.0,3.8,4.8,4.3,1.1,19.3,14.4,28.5,17.3,-0.3943,0.0056,-0.5248,0.12,-0.2199,-0.6751,0.1077,0.0049
5.0,1.1,2.2,2.1,2.5,6.9,4.9,6.3,23.3,0.3841,0.3697,0.3424,0.112,0.5251,-0.3272,-0.4259,0.0502
5.0,4.7,4.9,4.0,1.9,19.2,7.9,19.9,23.5,0.2352,0.2699,0.0449,-0.0329,-0.0531,0.0292,-0.6686,0.6246
5.0,2.7,1.3,2.6,4.9,14.4,8.0,19.3,11.6,0.156,0.5281,-0.2144,0.125,0.3434,-0.0702,-0.6117,0.3399
5.0,2.1,1.5,4.9,2.7,18.3,8.2,25.7,32.2,-0.078,0.1127,0.1035,0.0796,0.1312,0.2462,0.8809,0.2869
5.0,4.0,2.0,3.1,3.4,6.9,5.9,19.6,32.5,-0.4206,0.8051,-0.066,-0.1272,0.0547,0.1253,0.3044,0.1842
5.0,3.8,4.2,4.4,2.4,14.6,19.1,14.5,30.2,-0.1231,-0.0716,0.2464,0.0654,-0.2323,-0.5988,-0.6673,-0.1648
5.0,2.6,2.3,4.2,1.2,6.9,2.9,11.9,17.3,-0.7194,0.2586,-0.0977,0.3705,0.1945,-0.2525,-0.018,0.3953
5.0,3.7,1.3,2.3,1.7,17.4,4.5,26.5,41.7,0.2786,0.6354,-0.2008,-0.3792,0.4534,0.1356,0.2757,0.1097
5.0,1.2,2.1,2.8,1.4,12.0,7.9,22.6,40.1,-0.0253,0.948,-0.0451,-0.0972,0.2224,0.046,0.0832,0.0216
5.0,4.9,1.5,2.6,3.3,15.3,15.9,7.6,7.4,0.3712,0.5194,-0.2663,-0.3893,-0.4663,-0.1874,-0.2633,-0.194
5.0,3.6,1.7,4.7,2.6,11.7,8.9,14.2,38.2,-0.2897,0.9417,0.0076,0.0002,-0.0025,-0.0006,0.0084,0.0045
5.0,3.1,3.4,1.5,1.5,14.6,8.1,18.2,38.7,-0.0904,0.9235,-0.187,-0.0404,0.1132,0.0482,0.1897,0.0589
5.0,1.6,4.3,1.5,3.0,21.5,8.6,39.0,25.6,0.4269,0.4369,0.0151,-0.028,0.0327,-0.0279,0.5455,-0.5404
5.0,4.6,4.3,4.3,1.7,19.7,8.5,14.2,42.4,0.0048,-0.0178,-0.0017,0.0001,0.0008,0.0016,-0.9561,-0.1991
5.0,1.4,3.7,4.0,1.6,14.8,10.1,20.1,14.3,-0.4711,0.3157,-0.0796,-0.1731,0.1159,0.1718,0.3585,0.6706
5.0,1.3,3.1,4.2,1.3,19.2,12.7,40.9,30.8,-0.2585,0.2901,0.2486,0.1671,0.2706,0.1646,-0.4012,-0.6884
5.0,4.5,4.2,3.4,3.6,10.7,20.5,19.5,36.5,-0.0933,0.8617,0.1789,-0.0866,-0.3593,0.0157,-0.2332,0.0461
5.0,1.1,1.9,4.0,3.6,6.1,4.8,25.0,17.1,-0.4122,0.2542,-0.2723,-0.0651,-0.466,-0.5349,0.3828,-0.0627
5.0,4.2,2.5,3.8,3.8,4.6,14.0,15.7,17.5,-0.2668,0.3443,-0.1028,0.5199,0.3296,-0.3643,-0.2806,0.4416
5.0,1.3,4.7,1.0,4.3,12.2,15.3,12.2,15.2,0.4257,0.7979,-0.3595,0.178,0.0549,0.0192,0.0857,-0.0245
5.0,2.8,4.8,1.5,1.9,10.8,7.0,9.8,5.7,0.4026,0.9052,-0.0934,-0.0126,0.0356,0.0219,0.0045,0.0019
5.0,1.2,1.2,5.0,4.3,18.1,6.7,29.2,9.4,-0.0249,-0.1401,-0.2245,-0.0847,-0.0686,-0.6127,0.6172,0.3712
5.0,3.2,2.7,2.5,1.5,21.1,3.5,40.3,43.3,0.0949,0.5416,-0.4252,-0.2222,-0.427,-0.2227,0.0716,-0.4482
5.0,3.1,1.3,1.5,4.6,19.4,18.1,31.7,38.0,0.1849,0.3656,-0.0417,-0.5997,0.4288,0.2121,0.4134,0.2042
5.0,1.9,4.5,1.7,1.6,2.4,15.9,15.8,22.3,0.2172,0.3485,0.1658,0.3211,0.3161,-0.317,-0.5144,0.4676
5.0,1.8,3.1,3.6,4.5,17.0,5.1,22.5,16.8,-0.2209,0.504,0.0392,0.4095,-0.0162,-0.4151,0.3255,0.4831
5.0,4.2,4.2,4.6,2.5,16.8,21.4,4.3,19.1,-0.2019,0.5975,-0.0438,0.4319,0.2303,0.4288,-0.1809,-0.3563
5.0,3.2,3.8,1.5,4.7,3.2,7.9,15.0,16.1,-0.2609,0.8872,0.2011,0.0584,-0.1004,-0.0622,0.2451,0.1032
5.0,4.6,3.1,1.7,1.1,5.0,22.0,27.0,9.6,0.1677,0.3875,0.0915,0.0781,-0.0431,-0.3267,0.7743,-0.2736
5.0,4.3,2.5,2.1,4.3,16.1,15.4,33.6,17.8,0.261,0.3641,-0.2848,0.6255,-0.2047,-0.3453,0.157,0.3397
5.0,2.8,4.4,1.3,3.1,18.1,8.2,13.8,9.8,0.0096,0.0333,0.0124,0.1025,0.1118,0.0013,-0.9698,-0.0147
5.0,4.5,1.6,3.4,4.5,9.5,5.1,32.3,11.9,-0.0765,0.9612,-0.1241,-0.1715,-0.0104,-0.1216,-0.0114,-0.0245
5.0,2.3,2.4,3.2,1.3,6.3,7.7,36.7,19.2,-0.3277,0.8489,0.2491,0.1633,0.1226,0.1315,-0.0982,-0.1034
5.0,3.3,1.1,4.6,3.9,7.4,14.7,26.2,37.8,-0.1915,0.1561,0.1583,-0.421,0.3581,-0.2334,0.5416,-0.4593
5.0,4.0,2.4,4.0,2.1,7.1,18.6,29.2,40.2,-0.6505,0.1242,-0.3441,-0.2652,0.0332,-0.2035,-0.0272,-0.5496
5.0,4.0,2.4,2.7,1.7,3.1,10.3,39.8,38.7,0.1666,0.8257,0.2313,-0.0995,0.2481,-0.095,0.2914,-0.1559
5.0,2.4,2.3,2.7,4.7,3.6,2.4,9.0,30.9,-0.0828,-0.1362,0.4195,-0.0764,-0.1643,-0.8061,-0.2856,0.1074
5.0,2.0,2.5,3.0,4.9,19.8,6.0,36.5,18.8,-0.3016,0.5595,0.1994,0.4957,-0.0336,0.409,0.002,-0.3542
5.0,3.3,1.1,4.5,4.9,5.6,9.9,38.4,31.6,-0.5859,0.6452,0.2376,0.1112,0.0652,0.1,-0.2506,-0.2698
5.0,2.3,1.8,3.8,3.9,6.6,18.4,18.1,39.0,-0.494,0.4741,-0.2701,-0.3519,0.0965,0.3016,0.1527,0.4431
5.0,2.3,2.7,4.9,1.5,19.6,16.6,15.7,35.4,-0.4859,0.1796,0.4,-0.1678,-0.4772,0.0755,-0.2521,0.4784
5.0,4.1,4.1,2.6,2.0,18.0,5.0,7.3,11.0,0.3278,-0.1276,-0.0929,0.1032,-0.1446,0.4534,-0.4478,-0.6407
5.0,1.8,3.3,2.3,4.7,3.6,8.8,18.3,11.8,-0.6342,0.4068,0.0004,0.0035,0.0004,-0.0027,0.3427,0.5454
5.0,1.1,4.2,4.2,3.3,17.0,17.4,12.7,8.4,0.0619,-0.1588,-0.4189,-0.0837,-0.214,0.7379,-0.4238,0.0159
5.0,1.9,1.5,3.1,2.8,11.7,5.4,31.0,9.1,0.5008,0.6637,-0.3277,-0.2818,0.1317,-0.2711,-0.0989,0.029
5.0,3.4,2.5,1.7,5.0,3.5,9.6,34.3,15.2,-0.1763,0.9529,-0.1164,-0.0006,-0.0417,-0.0105,-0.164,-0.0385
5.0,3.7,2.0,2.4,1.8,14.3,14.4,5.2,37.9,0.1982,0.6087,0.6372,-0.1109,-0.0212,-0.3,0.1954,-0.083
5.0,2.2,2.6,3.1,2.1,12.5,4.8,7.3,40.1,-0.0026,0.7583,-0.0047,-0.4072,-0.4048,-0.1261,-0.2291,-0.0754
5.0,4.1,4.2,3.6,3.1,4.1,3.6,37.0,31.0,-0.5263,0.2889,0.1625,-0.321,0.2241,-0.2877,-0.0772,-0.5948
5.0,4.8,2.8,3.9,3.7,16.6,20.4,9.3,5.5,0.4303,0.4731,-0.3001,-0.36,-0.5447,0.1047,-0.2136,-0.0735
5.0,3.8,3.3,3.2,3.9,4.0,7.1,42.0,7.6,-0.2096,0.2381,0.0204,0.1969,-0.0005,0.2073,-0.5754,-0.6802
5.0,3.5,2.8,2.5,3.1,20.7,11.3,39.8,39.4,0.3817,0.6292,0.1938,-0.2236,0.2283,-0.2235,0.328,-0.36
5.0,2.0,2.3,2.7,3.7,20.7,20.4,29.7,20.3,0.0358,0.4815,0.0396,0.5088,-0.4943,0.0043,0.4944,-0.0013
5.0,3.6,3.7,4.4,1.5,2.1,15.6,26.7,22.5,0.0704,0.2769,0.2215,0.3119,-0.4617,-0.1341,0.6262,0.3598
5.0,2.4,2.5,2.9,2.2,14.9,7.6,16.6,7.6,0.0385,0.4918,-0.1008,0.0428,0.1787,0.0174,-0.8263,0.0959
5.0,3.6,4.2,2.8,3.3,6.2,15.2,4.3,4.3,-0.0055,0.6282,-0.1671,-0.0704,-0.2613,-0.0068,-0.7006,-0.0767
5.0,5.0,4.8,4.7,2.7,14.1,15.4,42.9,31.1,0.1948,0.5224,0.4101,0.2019,0.4765,0.1819,-0.0264,-0.4402
5.0,1.4,3.8,4.0,1.7,16.8,12.5,12.9,21.0,-0.052,0.3114,-0.0341,0.4176,0.4273,0.1136,-0.679,-0.2187
5.0,2.1,2.6,1.3,1.3,15.2,10.2,37.6,9.9,0.2574,0.5325,-0.0112,-0.0409,0.0727,-0.0353,0.7075,-0.3278
5.0,1.8,2.3,3.0,4.1,9.7,12.1,29.1,21.5,-0.1149,0.97,-0.1735,0.0238,0.0052,-0.0088,-0.0305,-0.003
5.0,4.0,4.0,3.2,2.7,6.9,12.6,28.1,22.2,-0.511,-0.0326,0.1663,0.2154,-0.0341,0.1663,0.1328,-0.7631
5.0,2.6,2.2,4.8,1.2,14.1,3.2,30.4,22.6,0.4601,0.5462,0.2452,0.3411,-0.445,0.2331,-0.0697,0.1311
5.0,1.0,1.1,1.4,3.2,17.6,6.4,12.0,32.4,0.0627,0.0516,0.3154,-0.5243,-0.4361,-0.3302,-0.391,-0.3669
5.0,4.0,1.4,2.0,4.3,19.7,20.8,23.9,20.7,0.1304,0.4892,0.1348,0.4709,-0.2736,-0.4114,0.2819,0.402
5.0,2.7,1.1,3.8,2.5,8.1,9.9,28.9,32.2,-0.756,0.5742,0.0619,0.0381,0.0132,0.0201,-0.1643,-0.2254
5.0,3.9,4.1,2.1,2.2,3.0,16.1,33.9,25.4,-0.0535,0.0138,0.4169,0.2497,-0.1992,0.4178,0.2919,-0.6598
5.0,2.6,3.6,2.9,4.4,20.2,6.5,13.5,30.4,-0.1315,0.0644,0.2409,-0.2669,-0.4314,0.0381,-0.7337,0.3113
5.0,2.1,4.0,4.0,3.7,19.7,17.5,24.0,21.2,-0.0065,0.4764,0.0871,0.467,-0.2898,-0.4035,0.2763,0.456
5.0,4.7,1.4,3.9,2.2,15.4,7.0,24.9,33.8,0.1921,0.017,0.0876,-0.1091,-0.203,0.4064,0.2953,0.7829
5.0,1.1,2.5,3.5,2.2,17.8,5.2,31.7,13.7,-0.2476,0.0312,-0.3601,0.163,-0.491,-0.0617,0.6444,-0.3176
5.0,3.1,1.3,3.7,3.1,16.6,12.1,11.3,40.7,0.0565,0.2975,0.0504,-0.5462,-0.4074,-0.2406,-0.5282,-0.2809
5.0,2.4,3.3,2.8,4.6,10.0,8.9,38.5,23.2,0.0486,0.9936,-0.013,-0.0001,-0.0047,-0.0006,-0.0082,-0.0001
5.0,1.9,4.1,1.2,4.6,8.1,3.1,10.2,39.5,-0.1583,0.7647,-0.4405,-0.0804,0.1946,0.1359,0.2709,0.1919
5.0,3.1,3.8,4.6,2.1,5.8,8.7,24.7,16.4,-0.0989,-0.0474,0.0906,-0.0722,0.1168,-0.0495,0.7003,-0.6371
5.0,2.3,4.4,3.8,4.9,10.6,8.1,38.7,21.1,-0.0283,0.9931,0.0263,0.0076,0.0105,0.0051,-0.0007,-0.0004
5.0,4.8,1.9,1.4,1.0,9.2,5.2,27.0,29.3,0.1191,0.9838,-0.0006,0.0081,-0.0091,0.0056,-0.0768,0.0068
5.0,3.2,3.3,4.2,2.2,12.0,19.7,22.4,13.4,0.3208,0.6939,-0.3441,-0.0888,0.4017,0.0751,-0.1535,0.2842
5.0,3.0,3.1,3.9,4.3,3.3,14.9,23.9,31.9,0.1313,0.486,0.3238,-0.2014,-0.4608,0.2919,0.43,0.3108
5.0,3.3,2.2,1.9,4.8,8.7,4.3,29.0,33.7,-0.1169,0.9712,-0.0365,-0.0866,1.8137e-05,-0.0776,-0.1188,-0.024
5.0,3.7,4.4,3.4,2.7,10.2,5.6,42.7,11.9,0.077,0.9822,-0.0494,-0.0462,-0.1065,-0.0285,-0.0139,-0.0058
5.0,3.7,3.7,1.5,1.2,17.2,3.5,15.0,38.5,0.0368,0.4885,0.0309,-0.4381,-0.4525,0.2494,-0.4409,0.2826
5.0,1.1,1.9,2.0,3.5,4.3,9.0,36.2,22.0,0.5196,-0.099,0.0535,-0.0794,0.0227,0.056,0.2422,0.7185
5.0,4.9,3.1,1.4,1.4,9.1,5.0,43.0,36.6,0.2825,0.95,0.0035,-0.0001,0.004,-0.0004,-0.0847,0.0265
5.0,3.5,2.1,1.1,1.9,9.5,14.5,29.0,38.7,0.3479,0.932,0.043,-0.0157,0.0094,-0.0021,-0.0183,0.0059
5.0,2.1,1.4,2.6,2.4,10.6,21.9,35.6,15.4,0.344,0.7701,-0.4558,-0.026,-0.0484,-0.1307,-0.1549,0.0491
5.0,2.1,4.1,2.0,2.8,6.6,6.6,28.8,21.8,0.335,0.1845,0.6959,-0.0098,0.0713,0.5324,-0.1261,0.0552
5.0,4.4,2.3,1.9,3.7,18.9,13.6,35.4,41.3,0.177,0.437,-0.1515,-0.375,0.4475,-0.135,0.573,-0.1883
5.0,2.3,4.9,4.8,3.5,14.5,16.5,23.1,30.6,0.1199,0.4738,0.4581,0.0441,-0.526,-0.0258,0.1512,0.4783
5.0,1.9,3.2,3.4,3.0,19.8,10.1,33.5,25.1,-0.0003,0.0654,-0.0136,0.206,-0.1961,0.0708,0.8906,-0.2918
5.0,4.0,1.8,4.5,1.9,9.4,18.1,40.0,33.6,-0.2926,0.9345,0.0395,0.0835,0.0451,0.0844,-0.0959,-0.0389
5.0,4.9,4.4,3.9,1.6,13.9,10.5,17.6,42.1,0.3595,0.0765,0.1745,-0.2983,-0.0399,-0.2524,-0.1189,-0.7617
5.0,2.1,3.0,1.4,4.3,9.5,21.0,21.9,10.9,0.3053,0.9437,-0.0352,-0.0241,0.0338,0.0247,0.0631,-0.018
5.0,4.0,4.7,4.4,3.5,13.0,2.0,7.6,35.5,-0.1304,0.1269,0.6171,-0.2601,-0.1998,-0.6045,-0.0127,-0.2808
5.0,1.5,3.1,1.8,2.9,11.1,17.2,25.0,36.3,0.1922,0.603,0.548,0.1955,0.1132,0.3513,-0.177,-0.1949
5.0,3.4,3.4,2.8,4.1,10.3,6.1,36.1,18.0,-0.0727,0.7295,-0.1016,0.3482,-0.4562,0.0999,0.2739,-0.08
5.0,2.1,3.1,2.1,3.7,2.3,10.0,28.7,20.6,0.7273,0.5424,-0.2365,0.1664,0.0342,-0.0758,-0.1184,0.2097
5.0,2.3,4.8,2.7,4.4,20.3,7.2,16.6,26.9,0.0423,0.2034,0.1042,-0.1435,-0.2239,0.0553,-0.8509,0.3428
5.0,3.0,2.1,2.0,4.1,9.5,8.7,35.9,7.0,0.1119,0.9889,-0.0138,-0.0008,-0.005,-0.0012,-0.0253,0.0023
5.0,4.4,3.6,3.0,1.8,11.5,11.8,18.3,7.1,0.1731,0.6918,-0.0679,-0.4324,-0.2412,-0.3582,-0.1423,-0.2322
5.0,3.6,3.7,1.3,3.3,10.5,7.6,10.9,33.5,0.4904,0.8612,0.0823,-0.0226,-0.02,0.0001,0.004,-0.0005
5.0,3.4,3.0,4.9,4.3,2.9,13.7,14.4,34.9,-0.3926,0.3628,0.3491,-0.3403,-0.5537,-0.0113,-0.3641,0.1395
5.0,1.1,1.2,4.9,2.5,12.2,10.4,13.3,17.6,-0.0512,0.5211,-0.6818,0.1372,-0.0951,0.3189,0.185,-0.2164
5.0,2.0,1.8,4.4,1.5,10.0,3.8,12.2,22.1,-0.3283,0.891,-0.06,0.2052,0.1855,-0.0641,-0.0334,0.0159
5.0,1.3,4.0,4.5,2.0,12.8,6.9,20.4,29.2,0.3596,0.3519,0.146,-0.0534,-0.144,0.0539,-0.5239,0.6293
5.0,2.5,4.5,1.8,1.4,5.2,20.5,23.8,40.0,-0.0769,0.6761,-0.2234,-0.2576,0.3761,0.2034,0.3798,0.2329
5.0,1.4,2.5,3.1,3.6,4.9,6.7,10.6,31.8,-0.2545,0.018,0.3213,-0.2228,-0.4734,0.0168,-0.5973,0.4267
5.0,3.5,4.5,2.0,3.1,21.3,12.3,38.4,8.0,-0.252,0.1711,-0.2569,-0.2267,-0.0646,-0.278,-0.2,-0.7993
5.0,4.4,3.3,3.5,3.0,20.9,12.7,12.2,29.7,-0.1862,-0.0925,0.462,0.2549,0.2349,-0.4223,-0.3013,0.5715
5.0,4.1,4.8,2.3,4.8,12.3,6.2,18.6,14.6,0.0549,0.5712,-0.1291,0.1897,0.3942,-0.0636,-0.6315,0.1631
5.0,2.0,3.8,3.2,2.5,20.3,5.1,16.1,17.2,-0.4517,0.4007,0.0204,0.4715,0.1192,-0.4002,0.0008,0.4733
5.0,4.9,4.4,3.1,1.8,10.4,10.4,13.0,11.8,0.086,0.9852,0.0998,-0.0115,0.0033,-0.0013,0.0049,-0.001
5.0,5.0,2.1,1.7,1.3,6.5,6.5,11.1,13.8,-0.4903,0.7122,0.1004,0.2241,-0.0171,-0.1973,0.2726,0.2565
5.0,2.6,4.0,2.2,3.8,14.9,19.6,4.9,39.4,0.2862,0.5294,0.1648,-0.5245,-0.0858,-0.4163,-0.0535,-0.364
5.0,1.2,3.9,2.6,1.0,11.9,8.6,15.1,28.1,0.2281,-0.0736,0.011,-0.0183,-0.0083,-0.0166,-0.4078,-0.8332
5.0,4.7,4.4,4.6,2.6,18.7,20.9,42.0,18.5,-0.3502,0.3945,-0.1637,0.265,0.279,0.602,-0.0956,-0.2794
5.0,1.4,3.6,4.6,3.4,8.1,3.2,9.8,5.1,-0.7266,-0.0225,-0.2209,0.0156,0.2537,0.2252,-0.0967,0.5245
5.0,1.4,2.6,3.5,2.8,11.9,6.6,22.5,22.0,0.0609,0.9394,0.1318,0.1361,-0.2237,-0.1108,0.022,0.048
5.0,1.2,2.4,2.8,1.6,5.9,19.0,39.8,28.2,-0.3095,0.4435,0.3566,-0.0947,0.3561,-0.0948,-0.3412,-0.5466
5.0,4.2,3.7,1.6,2.4,5.8,21.5,31.7,26.4,-0.4778,0.4188,0.3063,-0.3064,0.4165,0.3366,-0.1657,-0.2534
5.0,1.8,2.8,4.3,3.9,11.6,9.5,25.9,17.6,-0.3039,0.8631,-0.3222,-0.1387,-0.0706,-0.0733,-0.066,-0.0635
5.0,2.5,3.7,2.8,4.0,18.6,10.9,10.1,4.8,0.23,-0.0817,0.0272,-0.4106,-0.2257,-0.2127,-0.5771,-0.566
5.0,4.7,1.2,4.6,2.0,17.9,15.1,4.9,33.9,0.0337,0.2491,0.2368,-0.2494,0.3846,-0.3305,-0.3088,-0.6707
5.0,2.9,4.2,3.4,1.5,17.7,8.2,23.6,32.3,-0.1019,0.0773,-0.0105,-0.0301,-0.0078,0.0416,0.5459,0.8098
5.0,2.1,1.4,2.3,1.6,2.1,13.2,35.4,14.7,-0.4618,0.5238,-0.3104,0.0973,-0.5438,-0.1156,0.0317,-0.2749
5.0,1.4,4.0,1.7,4.1,9.7,11.1,10.8,20.1,0.1296,0.9841,-0.0472,0.0126,0.0072,-0.0011,0.0228,-0.0019
5.0,4.4,3.2,1.3,3.6,8.3,19.8,7.5,12.5,0.043,0.9704,-0.0101,0.0918,0.1385,-0.0309,0.1323,-0.0001
5.0,1.4,4.0,4.2,1.4,21.8,8.7,39.9,24.7,-0.1071,0.0146,-0.002,0.0106,-0.0015,0.0106,-0.0737,-0.9755
5.0,2.0,2.8,2.7,3.7,13.6,13.4,23.0,6.4,0.3778,0.4412,0.0431,-0.4512,0.0131,0.4303,-0.0639,0.5015
5.0,3.2,3.0,3.4,4.5,7.2,5.4,16.8,29.0,-0.6096,0.6468,-0.0229,-0.2222,-0.034,0.1916,0.2058,0.262
5.0,2.2,3.4,2.5,4.6,8.3,20.1,20.2,42.6,-0.2524,0.9158,-0.1104,0.0394,0.1636,-0.0284,0.1983,0.0765
5.0,2.7,1.3,3.0,3.4,2.1,3.4,17.5,13.8,-0.2344,0.3887,-0.3262,0.3373,0.4366,-0.2817,-0.1605,0.5171
5.0,3.3,1.4,2.2,4.9,10.6,17.2,33.9,40.7,0.2929,0.805,0.2763,-0.3527,-0.0098,0.1943,-0.0095,0.0965
5.0,3.7,1.4,5.0,3.0,9.5,11.8,39.9,34.5,-0.2922,0.8736,0.0944,0.1252,0.1586,0.1686,-0.053,-0.0269
5.0,1.4,3.3,3.0,2.0,3.1,9.0,29.8,27.0,-0.0134,-0.0521,-0.0094,0.0283,-0.0295,0.0068,0.9671,-0.188
5.0,2.1,2.6,2.2,1.9,9.1,15.0,32.2,17.3,-0.1725,0.977,0.0105,0.0116,0.0034,0.0073,-0.0602,-0.012
5.0,3.9,4.6,1.1,1.2,10.2,12.4,22.8,5.7,0.4515,0.8867,0.0109,-0.0081,-0.0127,0.0069,0.0263,-0.0142
5.0,1.6,3.1,3.7,1.6,13.4,3.5,18.8,28.2,0.208,0.5961,0.2875,0.1392,-0.2991,-0.1438,-0.494,0.3563
5.0,2.9,1.1,3.4,4.1,9.5,14.8,10.3,10.5,-0.1263,0.9476,0.0304,-0.188,-0.1911,-0.0048,-0.0242,0.0037
5.0,1.2,2.9,4.0,3.7,14.2,13.9,18.8,20.1,-0.0083,0.6142,-0.2081,0.3439,0.3655,-0.2845,-0.3902,0.282
5.0,3.2,2.2,4.3,3.5,5.1,17.7,37.0,14.6,-0.4877,0.4208,-0.1985,0.3654,-0.255,0.3325,-0.0497,-0.4692
5.0,4.6,4.7,2.3,3.2,13.0,3.0,18.9,37.4,0.112,0.7261,0.1425,-0.2842,-0.3958,0.224,-0.298,0.2105
5.0,4.7,1.2,1.8,3.3,4.0,21.4,34.1,39.3,-0.0476,0.3593,-0.2608,-0.5147,0.1417,-0.4409,0.1366,-0.5265
5.0,4.5,3.8,2.7,4.7,6.8,10.8,26.8,8.3,-0.2585,-0.0184,-0.0987,-0.1714,0.0408,-0.1561,0.2196,-0.8809
5.0,4.6,2.1,3.2,2.2,9.4,20.6,32.3,26.0,-0.2069,0.9658,-0.0183,0.0833,-0.0812,0.028,-0.0257,-0.0102
5.0,2.3,1.2,4.3,3.3,14.9,13.0,18.9,14.0,-0.2111,0.5755,-0.4555,-0.0195,0.5038,0.0454,-0.1835,0.3362
5.0,2.1,3.3,3.8,4.2,3.0,9.1,17.8,20.5,-0.0069,0.4741,-0.0575,0.0886,0.1669,-0.0035,-0.8343,0.0058
5.0,2.3,4.5,5.0,4.8,17.4,7.6,10.8,35.0,-0.7758,0.1611,-0.0115,-0.2686,-0.067,0.1845,0.0157,0.4641
5.0,3.8,2.7,4.1,2.4,17.8,3.9,22.3,30.6,0.1033,0.1561,0.2667,-0.2175,-0.3005,0.2274,0.0589,0.8237
5.0,1.6,2.3,4.3,1.4,3.1,15.1,11.5,10.1,-0.3335,-0.2366,-0.1597,-0.0954,0.1344,0.4448,-0.559,0.509
5.0,2.1,1.3,1.1,2.1,11.7,10.6,41.9,20.6,0.5387,0.783,-0.0345,-0.032,-0.0579,0.086,-0.0085,0.0528
5.0,2.0,2.7,2.3,4.3,4.0,4.4,16.8,21.3,-0.1019,0.5589,0.4593,0.3984,-0.0837,-0.3867,0.0821,0.3615
5.0,4.4,3.0,1.7,1.0,9.2,18.0,15.4,12.1,0.0758,0.9927,-0.0006,-0.0128,-0.0119,0.0087,0.0304,-0.0018
5.0,4.5,1.1,2.2,4.7,15.7,9.2,9.6,31.4,0.0804,-0.1261,0.0459,-0.1026,-0.0969,-0.0521,-0.8535,-0.3841
5.1,2.4,4.8,2.6,1.4,19.2,14.1,20.4,43.0,0.3068,0.2251,-0.019,-0.3364,-0.0029,0.3314,-0.1682,0.7597
5.1,3.3,2.8,3.2,2.7,7.4,21.7,6.1,6.2,-0.3095,-0.0885,-0.0716,-0.0152,0.0877,0.2735,-0.299,0.8325
5.1,1.6,4.3,2.9,1.9,14.9,13.5,9.7,12.0,0.1636,0.0862,-0.3483,-0.2692,-0.4636,0.273,-0.6458,0.2167
5.1,1.2,2.0,2.0,1.8,7.1,5.0,6.8,8.7,-0.1568,-0.0247,-0.0967,-0.0921,0.2825,0.4346,-0.5495,0.605
5.1,3.1,1.7,4.4,3.9,12.6,11.8,9.2,43.9,0.2203,0.391,-0.0611,-0.5547,-0.3923,-0.3024,-0.3494,-0.3049
5.1,1.1,4.6,1.5,4.2,4.0,20.9,12.7,35.9,0.0536,0.5228,-0.0497,-0.466,-0.4588,0.2378,-0.4144,0.2122
5.1,2.8,3.0,4.8,4.0,10.6,20.7,38.1,9.2,-0.0994,0.8247,-0.1862,-0.2182,-0.2255,-0.238,0.2922,-0.0707
5.1,2.9,1.9,4.6,1.2,6.0,4.5,7.2,41.0,0.0487,-0.0282,-0.1062,0.0126,-0.2488,0.5217,-0.7819,-0.018
5.1,2.4,3.7,3.7,4.2,14.5,15.6,18.8,13.0,-0.1986,0.6325,-0.4126,0.023,0.5142,0.018,-0.1876,0.2769
5.1,4.1,2.4,1.5,1.2,20.6,8.2,20.5,25.0,0.4159,0.1812,0.0485,-0.0938,-0.0522,0.0943,-0.2964,0.8051
5.1,1.5,1.5,3.3,4.2,10.2,3.5,27.7,9.5,0.1978,0.8677,-0.0687,-0.2877,0.294,-0.0998,0.0832,-0.0299
5.1,4.8,1.2,4.6,2.1,2.1,12.9,27.6,13.0,-0.0992,-0.1615,-0.1619,-0.06,0.0033,-0.6407,0.6898,-0.1572
5.1,3.5,4.1,1.8,1.3,15.4,10.5,13.8,33.7,0.0379,0.0863,0.079,0.1901,0.1816,-0.1081,-0.8031,0.4561
5.1,3.1,1.5,1.6,4.9,8.5,4.9,31.7,34.0,0.0564,0.9826,-0.0961,-0.031,-0.045,-0.0304,-0.0843,-0.0022
5.1,1.0,4.2,2.7,3.2,5.4,19.6,11.8,28.9,-0.3987,-0.0492,0.3849,-0.1241,-0.4192,-0.5642,-0.2688,0.2943
5.1,1.1,1.7,1.9,3.9,17.8,16.6,4.9,14.1,0.499,0.5479,-0.2604,0.1496,-0.4187,0.343,-0.2211,-0.0931
5.1,1.9,3.6,2.8,3.3,15.3,6.1,6.4,25.7,0.71,0.4378,0.2121,0.0974,0.2906,-0.267,0.0999,-0.2544
5.1,4.7,2.6,1.9,1.8,16.7,15.5,21.1,14.0,0.1079,0.6646,-0.4637,0.0691,0.4517,-0.0655,0.0316,0.32
5.1,2.3,1.2,4.3,3.3,14.9,13.0,18.9,14.0,-0.1431,0.5752,-0.4674,0.0466,0.4997,-0.0331,-0.1555,0.3733
5.1,4.0,1.2,4.1,3.9,4.1,2.1,42.9,35.3,-0.3268,0.0271,0.1054,0.1011,-0.2902,-0.6845,-0.407,0.2406
5.1,3.0,3.2,4.9,1.5,17.2,11.7,39.8,25.0,-0.0187,0.116,0.0596,0.3047,0.0746,0.3045,0.0117,-0.8743
5.1,3.5,2.1,2.9,1.6,7.3,5.1,38.9,27.1,-0.3836,0.8359,-0.0191,-0.0886,-0.019,-0.0884,-0.3176,-0.1552
5.1,1.8,4.5,1.2,2.7,14.9,14.2,10.9,16.5,0.4087,0.7535,-0.3987,0.271,0.018,0.0713,0.0981,-0.0691
5.1,1.1,4.1,1.2,4.4,18.7,3.1,43.4,17.6,0.2992,0.3766,0.1841,0.4214,0.126,0.5134,-0.3101,-0.3783
5.1,3.5,4.4,3.7,2.5,21.7,9.4,37.9,25.2,-0.3377,0.0588,0.0239,0.1046,0.007,0.1013,-0.1051,-0.905
5.1,4.6,4.2,4.8,1.8,16.2,20.2,11.9,31.0,-0.0724,-0.1611,0.2175,0.0699,-0.1912,-0.481,-0.7813,-0.1204
5.1,4.0,4.0,2.2,4.6,7.8,12.7,22.7,23.7,0.1458,0.9088,0.0433,-0.0041,-0.056,0.0114,0.3622,-0.0578
5.1,1.7,2.7,1.5,1.6,13.7,9.2,36.8,17.6,-0.0388,0.9721,-0.0353,0.003,-0.0188,-0.0011,-0.1599,-0.013
5.1,3.8,1.5,2.9,4.9,13.9,3.8,41.1,20.9,0.1061,0.6519,0.1123,0.463,0.0777,0.4449,-0.0653,-0.3064
5.1,1.3,3.9,4.8,2.9,19.0,20.5,7.5,28.3,0.1055,-0.0395,0.1092,-0.0608,0.2398,-0.5113,-0.6955,-0.3873
5.1,2.5,2.4,4.3,4.6,19.1,13.7,42.5,24.4,-0.0004,0.4435,0.2719,0.3386,0.3882,0.2927,-0.376,-0.4633
5.1,3.0,1.9,1.9,4.6,5.0,21.1,18.1,13.6,-0.0334,0.6158,-0.1527,0.4289,0.3265,-0.4004,-0.0533,0.3603
5.1,1.7,4.0,4.4,1.2,3.4,14.8,9.5,7.8,-0.0466,-0.1847,-0.1816,-0.0437,-0.2178,0.3343,-0.8071,0.3277
5.1,1.4,2.5,2.5,3.3,13.2,6.0,38.0,18.3,-0.1694,0.6171,0.1449,0.4505,0.0596,0.4436,-0.0955,-0.3703
5.1,2.2,2.6,4.4,3.9,8.4,14.2,16.0,29.3,-0.5703,0.7975,0.0206,-0.0261,-0.0323,0.0145,0.1281,0.095
5.1,1.1,4.4,2.9,3.9,7.7,18.2,4.7,37.1,-0.2504,0.6437,0.0515,-0.2054,-0.4659,-0.1867,-0.4104,-0.1722
5.1,1.4,2.8,1.5,1.6,5.5,13.3,37.7,34.1,-0.1236,0.8659,0.1916,-0.0979,0.3314,-0.0729,-0.1973,-0.1123
5.1,1.1,1.1,1.3,1.1,7.7,20.7,11.4,25.8,-0.4728,0.6168,0.2261,-0.2761,-0.2937,-0.2405,0.2483,0.1957
5.1,1.9,3.9,3.0,5.0,18.3,20.5,24.4,25.3,0.2351,0.6428,0.3795,0.1544,-0.4856,-0.085,0.2311,0.2256
5.1,4.0,2.0,3.8,3.8,7.3,20.1,16.7,34.7,-0.5215,0.7696,-0.1093,-0.165,0.0519,0.1402,0.1918,0.1692
5.1,4.8,4.5,1.5,3.2,17.8,2.5,11.6,6.5,0.5296,0.3493,-0.4491,-0.2696,-0.2044,0.4719,-0.0683,0.2073
5.1,2.3,2.3,1.9,4.1,16.4,9.3,34.9,13.4,-0.6006,0.3787,-0.1154,-0.0867,-0.0462,-0.084,-0.3147,-0.5676
5.1,4.3,3.1,3.7,4.7,17.4,2.9,20.9,14.8,-0.0072,0.4289,-0.2556,0.4175,0.2582,-0.4173,0.0404,0.5652
5.1,1.4,3.6,3.8,1.4,19.4,7.4,12.5,5.4,-0.0083,0.0358,-0.0941,0.0578,0.1373,0.0138,-0.9606,0.1695
5.1,3.4,3.7,2.1,4.2,20.4,11.9,37.2,39.7,0.2626,0.4975,-0.0069,-0.2752,0.3067,-0.2421,0.5079,-0.4037
5.1,2.0,4.1,2.9,2.1,15.9,14.0,18.7,11.7,-0.2052,0.3624,-0.3395,-0.2503,0.3996,0.2715,0.0957,0.6238
5.1,4.0,2.2,1.7,1.7,18.7,11.4,22.8,4.8,0.6012,0.1975,0.0501,-0.244,-0.0265,0.2305,-0.1157,0.6706
5.1,4.0,2.1,4.7,3.6,9.1,14.2,14.2,19.9,-0.2785,0.8831,-0.2915,0.1471,-0.0445,0.1317,0.0518,-0.0216
5.1,4.5,3.5,2.4,4.7,11.6,15.0,11.7,29.0,0.3454,0.6314,0.2326,0.4091,0.3553,-0.2484,-0.1892,0.1371
5.1,2.4,1.4,1.1,1.7,17.6,2.2,11.7,31.6,0.1959,-0.0633,0.5511,-0.3341,-0.3461,-0.5738,-0.0975,-0.2247
5.1,2.0,4.9,1.7,3.8,9.3,7.4,25.6,15.7,0.1217,0.9711,-0.0772,-0.0717,-0.0474,-0.0764,-0.0605,-0.0055
5.1,1.2,1.6,3.7,3.7,7.8,8.2,25.6,41.9,-0.0154,0.2433,-0.0958,-0.0993,-0.1582,-0.2037,0.8912,-0.1261
5.1,1.7,3.5,2.5,3.4,12.0,8.6,8.0,4.5,0.5335,0.8354,0.0035,-0.0022,-0.0004,-0.0003,0.0663,-0.044
5.1,4.2,4.4,4.8,3.2,11.6,20.6,17.4,36.9,-0.1785,0.6562,0.2194,-0.3614,-0.4109,0.2453,-0.2569,0.2065
5.1,1.9,2.2,4.1,1.8,7.7,2.2,6.1,7.1,-0.3807,-0.1909,-0.0547,-0.0401,0.0677,0.2072,-0.4287,0.7463
5.1,4.6,1.4,1.6,1.2,13.1,17.7,20.0,28.3,0.4287,-0.1171,0.0283,0.2294,-0.0236,-0.2315,-0.2174,-0.7128
5.1,1.9,4.5,2.7,2.1,17.8,7.0,7.9,42.0,0.7419,0.3802,-0.2771,-0.0977,-0.0291,0.2574,0.1566,-0.2916
5.1,1.9,3.5,4.8,3.6,19.6,21.8,18.5,34.5,-0.441,0.3437,0.1428,-0.4006,-0.1752,0.387,0.0154,0.5559
5.1,1.6,4.0,2.8,4.0,2.4,6.9,9.1,39.6,0.2773,0.7634,-0.4178,-0.2498,0.0284,0.2454,0.0543,0.0722
5.1,2.9,2.6,4.1,3.0,18.2,6.6,20.0,10.9,-0.1227,0.0924,-0.1229,0.2237,0.1233,-0.2237,0.1182,0.902
5.1,4.7,1.2,4.0,1.8,13.2,20.6,29.1,43.6,0.4265,0.7397,-0.1398,-0.3068,0.3597,-0.0501,0.0175,0.0421
5.1,1.7,1.4,3.2,3.3,7.1,18.8,26.6,23.6,0.0557,0.014,0.2954,0.1903,-0.3429,0.3415,0.6063,-0.4878
5.1,1.3,2.4,3.9,1.7,4.1,17.3,19.2,30.0,-0.3845,0.3258,0.3385,-0.1296,-0.3389,0.1294,0.2073,0.6532
5.1,3.0,4.5,3.9,2.4,10.2,4.7,15.8,11.5,0.1916,0.9332,-0.208,-0.1195,0.0243,0.0948,0.0551,0.0025
5.1,3.4,3.0,3.7,3.4,6.5,11.3,43.5,23.9,0.0713,0.2319,0.0476,0.1511,0.1897,-0.0718,-0.8491,0.3346
5.1,4.8,3.6,2.5,2.8,16.4,18.1,27.0,25.0,0.4055,0.453,0.3189,0.3569,-0.4959,-0.123,0.2909,0.1917
5.1,1.2,3.3,3.9,2.6,10.9,20.6,11.6,21.2,-0.0264,0.7762,0.0102,0.4303,0.3967,-0.0094,-0.195,-0.0068
5.1,3.7,4.3,1.1,1.9,17.1,6.8,18.2,7.9,0.1653,0.5279,-0.0032,0.0886,0.1816,-0.0462,-0.7539,0.2268
5.1,1.9,3.4,2.5,1.4,9.7,10.8,16.8,32.9,0.0831,0.9751,-0.13,0.0619,-0.0288,0.0299,0.0118,-0.0078
5.1,3.1,3.5,2.1,1.6,15.0,15.4,6.8,34.6,0.4751,0.265,0.3599,0.1034,0.4608,-0.4603,-0.3057,0.1155
5.1,1.2,4.6,2.1,2.2,13.7,8.3,13.5,15.2,-0.4739,-0.0274,0.0232,0.0775,0.0128,-0.0643,-0.0912,0.841
5.1,1.5,3.8,4.5,1.3,8.4,3.3,6.4,13.8,-0.8258,0.1217,-0.0541,-0.0065,0.0774,0.0603,0.0598,0.5116
5.1,2.9,1.5,2.4,1.6,3.2,6.6,13.6,36.2,-0.4629,0.3229,-0.0445,-0.4585,-0.1227,0.3768,0.0041,0.5393
5.1,3.1,1.4,3.2,4.0,6.3,21.6,19.3,31.8,-0.3934,0.6409,0.0384,-0.3307,-0.0651,0.3251,0.2832,0.3485
5.1,4.2,2.8,2.4,4.5,3.6,16.1,11.6,10.3,-0.2764,0.1952,-0.6846,0.1381,0.1152,0.518,0.164,0.2733
5.1,4.8,2.1,1.3,1.5,5.4,5.7,40.2,34.6,-0.032,0.921,-0.1494,-0.0746,-0.1463,-0.0748,-0.2853,-0.0407
5.1,1.4,3.4,4.7,2.2,3.4,4.7,7.5,18.9,-0.1656,0.5617,-0.1147,0.4685,0.4872,-0.0522,-0.4084,0.0238
5.1,2.4,3.8,1.3,4.9,19.4,8.0,37.1,19.5,0.394,0.9027,0.1211,-0.0337,0.0399,-0.004,-0.0202,0.0024
5.1,1.9,3.4,2.0,3.1,13.2,5.5,41.2,8.5,0.5342,0.7364,-0.2299,0.021,-0.2403,0.0275,0.1316,-0.1705
5.1,2.1,2.8,1.6,3.0,5.6,15.3,21.5,43.5,-0.0677,0.6794,-0.3078,-0.0532,0.3138,0.0494,0.5258,0.2033
5.1,4.2,3.4,1.3,5.0,7.4,18.2,24.2,34.4,0.4134,0.751,-0.182,0.0119,0.1278,0.0674,0.3868,-0.1913
5.1,3.8,1.1,4.7,2.0,5.9,2.8,9.3,20.0,-0.1357,0.0202,0.3058,0.5099,0.3325,-0.3163,-0.3799,0.5014
5.1,2.1,2.6,3.5,2.4,4.5,21.1,31.9,42.4,-0.225,-0.1469,-0.3787,0.0053,-0.1461,-0.7334,0.3496,-0.2332
5.1,2.1,1.6,1.5,3.3,12.9,12.8,11.7,21.6,0.6575,0.5227,-0.2351,0.3851,-0.0243,0.1953,0.0217,-0.1889
5.1,1.5,1.8,4.8,4.9,5.1,9.4,4.5,30.9,-0.3416,0.6495,0.059,0.0971,0.1675,0.0923,-0.5456,-0.3204
5.1,3.5,2.7,1.2,1.9,18.7,15.3,4.0,24.2,0.5067,0.1693,0.1174,0.4177,0.1686,0.3709,-0.1735,-0.5571
5.1,2.0,5.0,3.8,4.0,20.8,2.4,40.9,22.1,0.0339,0.6364,0.3689,0.284,0.3848,0.2798,-0.1223,-0.3426
5.1,1.5,1.1,2.4,1.1,14.2,12.2,26.9,41.4,0.5352,0.3686,0.2005,-0.4761,0.0283,0.3344,0.0173,0.4101
5.1,3.1,1.3,4.4,5.0,13.4,15.9,35.4,35.6,-0.2031,0.5218,0.25,-0.3447,0.5283,-0.0121,0.4415,-0.0883
5.1,4.0,3.2,3.0,4.8,20.2,9.9,35.6,16.8,0.283,0.7891,-0.4521,0.1658,0.0245,-0.0949,-0.1094,0.0836
5.1,1.5,3.9,4.8,4.5,12.7,10.5,19.8,28.0,-0.3256,0.1036,-0.0179,0.3065,-0.1595,-0.4626,-0.2025,0.6772
5.1,1.4,1.1,2.4,1.1,13.1,13.0,30.7,23.6,0.3618,0.3484,0.1994,0.4938,-0.4237,-0.2571,0.3085,0.3073
5.1,1.6,3.0,2.3,3.0,3.7,11.3,23.9,5.4,-0.0382,0.1881,-0.1288,-0.2536,0.243,0.1795,0.6817,0.5566
5.1,1.8,4.4,1.8,4.0,6.2,14.1,31.1,9.9,-0.4461,0.4762,-0.5129,-0.0321,-0.0904,-0.2095,-0.2887,-0.3926
5.1,4.2,2.2,1.9,1.9,16.4,21.6,10.4,29.1,0.6575,0.0836,0.416,0.0906,0.2497,-0.5038,-0.0716,-0.1817
5.1,1.4,2.7,2.1,3.8,10.5,16.4,22.0,36.7,0.3176,0.8938,0.1791,-0.0766,-0.1979,0.0869,0.0066,0.0449
5.1,3.1,1.6,3.3,3.4,20.5,16.4,22.1,11.2,0.1129,0.4718,-0.4349,0.1627,0.4741,-0.1786,0.3082,0.4263
5.1,4.2,3.6,4.7,2.7,7.8,19.7,33.9,17.8,-0.6362,0.7284,0.1039,0.0685,0.0347,0.0381,-0.1397,-0.1322
5.1,3.1,1.9,2.2,1.1,15.1,16.9,35.3,32.0,-0.1377,0.1149,0.1423,0.1453,0.3582,0.4837,0.7035,-0.1521
5.1,4.2,2.7,4.7,4.7,7.6,17.4,30.4,28.1,-0.7244,0.6194,0.074,-0.0755,0.1132,0.0111,-0.145,-0.1852
5.1,1.1,4.1,3.0,5.0,9.8,21.8,20.4,24.5,-0.0319,0.9325,0.0948,0.2242,-0.0495,-0.2235,0.0203,0.0612
5.1,3.0,3.7,2.6,4.3,7.6,20.3,35.3,32.9,-0.3695,0.8289,-0.1213,-0.2308,-0.0353,-0.2052,-0.1764,-0.1437
5.1,2.6,2.7,2.9,4.7,17.6,3.0,8.4,41.5,0.2782,0.5896,-0.215,-0.3731,-0.4982,0.0378,-0.351,0.0055
5.1,4.6,1.8,1.6,1.8,21.1,12.4,27.3,8.2,0.1218,0.3508,-0.2121,-0.1271,0.3229,-0.0723,0.8089,-0.1097
5.1,4.0,1.6,4.0,1.7,4.0,12.1,36.8,21.5,-0.548,0.0616,0.0578,0.2219,0.2236,0.4057,0.1006,-0.6108
5.1,2.7,1.9,1.5,3.8,20.9,11.2,19.6,33.9,0.0713,0.8842,0.0184,-0.1389,-0.3972,0.0155,-0.046,0.0083
5.1,2.2,3.1,1.6,2.6,16.3,18.9,23.9,29.3,0.4638,0.5127,0.4035,0.0099,-0.4907,0.093,0.2617,0.1523
5.1,2.8,2.4,1.8,1.6,5.2,11.1,41.8,40.5,-0.0375,0.2007,-0.1315,-0.2772,-0.1976,-0.2447,-0.5404,-0.6488
5.1,1.6,2.0,4.0,1.4,3.5,21.7,43.6,9.0,-0.0114,0.1075,-0.0002,0.0837,-0.1179,0.3128,-0.872,-0.2889
5.1,4.4,1.2,1.8,1.7,11.2,7.4,8.7,13.6,0.4853,0.8361,-0.2087,-0.0558,0.0537,0.0722,0.0289,0.0008
5.1,1.2,3.4,1.8,4.7,12.6,10.0,9.8,41.3,0.6467,0.7227,0.1503,-0.0945,0.019,-0.025,0.0656,-0.0702
5.1,1.7,2.4,3.2,3.2,18.2,18.8,10.3,26.6,0.3611,0.0467,0.47,0.1918,0.4537,-0.5291,-0.3168,0.0144
5.1,2.1,2.5,2.1,1.0,4.3,6.6,36.2,11.3,-0.515,0.2277,0.0114,0.2086,-0.0263,0.1984,-0.2351,-0.7245
5.1,2.5,1.4,3.9,2.3,16.5,7.9,25.8,40.2,0.3952,0.7608,-0.1968,-0.2995,0.1875,-0.2298,-0.0708,0.0059
5.1,3.1,3.8,2.4,4.2,14.3,18.3,39.4,43.1,-0.0148,0.4929,-0.0303,-0.3653,-0.2875,-0.5027,0.291,-0.298
5.1,2.0,4.4,4.0,1.3,21.1,16.2,14.4,15.5,-0.5464,0.276,-0.3831,0.1629,0.5216,0.0547,-0.1704,0.3656
5.1,3.9,2.5,1.4,2.4,19.8,20.5,7.2,32.4,0.2539,-0.0604,0.4087,-0.1176,-0.1083,-0.8154,-0.189,0.041
5.1,2.3,4.7,4.2,2.8,7.8,16.2,36.2,14.0,-0.5786,0.7056,-0.0405,0.1849,-0.0737,0.1654,-0.2024,-0.2145
5.1,4.3,4.6,3.1,4.5,10.8,12.7,19.4,29.2,0.3158,0.6699,0.1003,0.3742,0.1869,-0.4201,-0.0601,0.2398
5.1,2.1,2.8,3.4,1.5,10.4,8.6,25.5,23.6,0.0827,0.9896,0.0014,0.0018,0.0002,0.0007,-0.0098,0.0015
5.1,1.2,2.4,3.9,1.1,8.5,21.2,21.6,43.8,-0.0688,0.67,-0.0141,0.0634,0.0403,-0.076,0.7038,0.0654
5.1,4.6,3.4,3.1,3.0,17.6,7.9,43.7,19.6,0.3095,0.8995,0.1352,0.1683,0.0242,-0.1553,0.0255,0.0154
5.1,2.4,1.6,1.6,3.8,14.6,16.9,18.9,19.3,0.3578,0.7215,-0.0598,0.2404,0.2991,-0.2535,-0.2597,0.2381
5.1,1.4,4.9,2.8,3.0,7.4,3.4,5.7,15.4,-0.2191,-0.0133,-0.0236,-0.169,0.2563,0.4381,-0.442,0.6675
5.1,3.8,3.0,1.6,2.0,10.9,9.0,25.2,6.6,0.4604,0.8835,0.0033,-0.0015,0.0007,-0.0001,-0.0033,0.0019
5.1,4.4,2.4,3.5,4.6,4.7,6.9,36.1,8.5,-0.5586,0.2343,-0.0406,0.2957,-0.1064,0.2623,-0.1231,-0.6561
5.1,4.5,1.2,3.3,1.6,6.3,18.5,21.9,33.0,-0.338,0.7591,-0.0112,-0.1637,0.0065,0.1654,0.4379,0.23
5.1,3.0,4.0,3.9,1.9,14.9,7.5,43.1,10.1,0.3496,-0.0683,-0.0168,0.0222,-0.0611,0.1309,-0.2003,-0.8827
5.1,2.2,3.7,4.5,3.4,18.0,6.6,17.1,4.9,0.0692,0.3996,-0.221,0.0385,0.284,0.0096,-0.7745,0.2954
5.1,1.4,1.3,2.0,3.7,6.0,14.6,33.8,30.8,-0.3738,0.4957,0.3168,-0.4076,0.4573,0.3323,-0.0184,-0.0303
5.1,1.7,4.9,2.8,1.7,20.5,17.4,28.3,41.3,0.1699,0.3043,-0.2308,-0.4195,0.4991,0.0614,0.5911,0.1357
5.1,3.4,3.5,2.6,1.1,16.9,17.4,4.4,39.4,0.2274,0.4923,0.1936,-0.4981,-0.0277,-0.448,-0.0175,-0.4374
5.1,3.2,4.3,1.0,4.3,15.0,16.4,8.1,39.1,0.7143,0.4921,0.1872,-0.3622,0.018,-0.1831,0.0211,-0.1789
5.1,4.7,2.2,3.3,1.2,5.3,10.2,22.5,28.4,-0.4011,0.6645,0.0481,0.0334,-0.0561,-0.0323,0.5248,0.3216
5.1,1.8,3.2,4.4,4.1,21.5,6.5,33.5,33.4,-0.6325,0.1199,0.0483,-0.3671,0.1528,-0.2747,0.074,-0.5648
5.1,2.0,1.9,2.0,2.2,2.8,5.2,7.7,21.2,0.3212,0.5223,0.2396,0.3806,0.4527,-0.2325,-0.3452,0.1719
5.1,3.2,4.4,1.5,4.8,12.3,5.2,40.1,10.1,0.107,0.1975,-0.0569,0.2647,-0.2839,-0.189,0.4766,0.5298
5.1,1.4,2.8,3.8,1.7,12.3,6.8,32.3,33.9,-0.0715,0.0804,0.2295,-0.1449,0.3293,-0.0063,0.8225,-0.2939
5.1,3.1,3.9,5.0,4.5,9.6,16.9,29.7,24.7,-0.156,0.8953,-0.0518,0.2966,-0.2444,-0.0671,0.0672,0.0187
5.1,2.3,2.7,2.8,2.4,17.9,12.1,34.0,32.7,-0.3885,0.234,0.5243,-0.2046,0.2272,0.5765,-0.113,-0.187
5.1,3.6,1.4,1.7,3.3,11.5,20.8,43.6,27.3,0.4537,0.7726,0.1848,0.2188,0.2651,0.1528,-0.0805,-0.0606
5.1,2.0,4.1,2.5,1.3,19.8,10.5,38.4,27.9,-0.004,0.0258,0.0232,0.1341,0.0029,0.1351,0.022,-0.9646
5.1,4.2,3.8,4.9,2.4,6.4,6.7,10.3,31.9,-0.8005,0.0662,0.0433,-0.1464,-0.0799,0.1006,0.0185,0.5499
5.1,1.1,3.7,2.6,3.1,4.8,10.1,16.4,7.9,-0.4654,0.0342,-0.1151,-0.178,0.0079,0.1606,-0.0087,0.8346
5.1,2.8,2.0,2.8,4.0,9.7,12.6,10.3,8.5,0.1194,0.9096,0.1461,-0.294,-0.0495,-0.1768,-0.01,-0.0483
5.1,1.8,3.1,2.1,1.6,15.6,21.8,12.1,18.9,0.0174,0.5575,0.0199,0.4863,0.4814,-0.1342,-0.4152,0.1114
5.1,2.4,2.3,4.0,3.6,3.8,19.1,38.2,37.2,-0.2909,0.4691,-0.0596,-0.4551,-0.0229,-0.4465,-0.1026,-0.505
5.1,2.7,4.1,4.2,3.8,4.1,11.5,19.3,39.4,-0.175,0.1803,-0.073,-0.3824,-0.0107,0.3728,-0.0358,0.7883
5.1,2.4,4.7,3.0,4.2,11.7,13.3,15.7,4.2,0.1343,0.5006,-0.0905,-0.5166,-0.4276,-0.2342,-0.3827,-0.2255
5.1,4.3,2.9,3.9,1.3,5.4,20.2,17.5,20.7,-0.6222,0.2953,0.25,0.1124,-0.4126,-0.3069,-0.027,0.4032
5.1,3.8,2.4,3.1,1.4,17.0,20.0,11.1,13.7,-0.1425,-0.134,-0.3104,0.0122,0.3349,0.5621,-0.6444,-0.0384
5.1,3.2,4.8,3.0,2.9,15.9,13.1,19.1,23.9,0.3561,0.4452,0.0236,0.2456,0.2412,-0.3611,-0.3887,0.5043
5.1,3.5,4.2,2.4,2.8,20.2,9.7,35.1,42.8,0.1059,0.21,0.0004,-0.1233,0.1294,-0.0732,0.8065,-0.4593
5.1,4.4,3.9,1.9,2.6,17.7,7.8,31.9,40.9,0.6905,0.6724,-0.165,0.0464,-0.0169,-0.0201,-0.0637,0.0703
5.1,4.5,2.1,3.7,2.8,5.2,8.4,22.0,8.7,-0.3734,0.6197,0.0124,0.0138,-0.0068,-0.0171,0.584,0.351
5.1,2.7,2.9,1.9,3.8,2.7,4.3,37.3,15.3,-0.0884,0.4536,0.0047,0.4907,-0.124,0.4819,-0.0256,-0.5294
5.1,2.4,4.3,4.1,1.8,15.8,21.1,11.3,37.3,-0.2984,0.43,0.2411,-0.465,-0.5182,0.0444,-0.3867,0.0759
5.1,2.9,1.7,2.0,2.3,16.6,3.5,11.1,35.2,-0.1261,0.2842,0.2114,-0.4985,-0.5566,-0.1684,-0.4854,-0.1074
5.1,1.3,3.2,2.9,3.8,16.5,19.7,20.1,31.0,0.009,0.5789,0.4579,-0.1244,-0.4734,0.1232,-0.13,0.4083
5.1,1.7,3.0,1.9,4.9,17.0,10.5,5.1,24.6,0.619,0.203,-0.1129,0.2933,-0.0208,0.244,0.0685,-0.6222
5.1,4.7,2.2,3.5,4.9,21.1,4.3,21.0,39.3,-0.1373,0.666,-0.2747,-0.314,0.3275,0.3292,0.1465,0.3194
5.1,1.3,1.1,4.0,3.2,13.5,15.0,9.8,5.6,0.2694,0.4659,-0.2309,-0.4453,-0.5623,-0.0089,-0.3512,-0.0844
5.1,1.0,3.4,2.2,2.6,3.0,2.5,9.2,27.3,0.2738,-0.1369,0.3766,-0.0446,0.1864,-0.7369,-0.4033,-0.0404
5.1,4.9,2.0,4.0,1.3,15.9,14.7,15.8,39.0,-0.0596,0.5603,0.1345,-0.3872,-0.4668,0.1389,-0.4747,0.1571
5.1,1.9,1.1,1.3,3.8,18.3,2.0,8.0,35.3,0.3187,0.3526,0.2845,-0.6075,-0.2113,-0.3492,-0.0892,-0.3586
5.1,1.8,2.2,1.8,2.5,12.2,9.5,6.7,17.3,-0.0969,0.9463,-0.2027,-0.0053,0.0731,0.0197,0.1211,0.0348
5.1,3.0,3.8,1.6,4.0,17.3,11.5,38.5,40.1,0.3223,0.7036,-0.0332,-0.1298,0.2751,-0.128,0.4591,-0.2112
5.1,2.9,1.2,4.7,4.8,2.9,18.4,38.2,37.8,-0.3177,0.4367,-0.0825,-0.4781,0.0189,-0.4411,-0.0317,-0.5081
5.1,2.6,2.5,1.4,3.8,11.5,18.3,30.9,37.7,0.5561,0.7059,0.2857,-0.2793,-0.0305,0.0951,-0.0425,0.0863
5.1,1.4,1.6,4.5,2.4,14.5,12.4,43.3,23.7,0.1267,0.3337,0.1057,0.4705,0.3262,0.3751,-0.2923,-0.5307
5.1,2.5,3.1,2.7,5.0,12.7,8.3,36.8,30.9,0.0911,0.1258,0.0275,-0.0678,0.0675,-0.0492,0.6926,-0.6465
5.1,2.9,3.9,4.5,1.2,21.3,16.7,22.8,32.1,-0.2055,0.3413,0.1869,-0.1926,-0.2291,0.2056,0.5638,0.5814
5.1,1.7,3.1,2.7,1.3,18.5,19.5,38.9,5.6,0.1756,0.3581,-0.3645,-0.2679,-0.364,-0.2684,0.1141,-0.6309
5.1,3.5,3.5,2.6,5.0,17.7,20.8,40.4,29.0,0.1648,0.6743,0.4336,-0.0657,0.4484,-0.0657,0.0557,-0.3096
5.1,3.0,4.0,2.8,3.2,10.5,6.6,24.2,6.5,0.2437,0.954,-0.0167,-0.0662,0.1199,-0.035,0.0135,-0.0036
5.1,4.6,2.6,4.0,2.5,5.8,11.4,35.9,22.6,-0.6615,0.4099,0.298,0.0853,-0.0292,0.1451,-0.2638,-0.4325
5.1,4.0,3.1,4.2,2.6,4.7,5.5,25.1,10.7,-0.0193,0.2036,0.0211,-0.076,-0.0467,-0.2958,0.9162,-0.0487
5.1,3.8,4.6,2.7,4.3,3.7,19.8,19.2,43.7,-0.2372,0.5727,-0.3861,-0.076,0.5153,0.1117,0.0714,0.3961
5.1,2.5,2.9,1.5,1.6,8.6,7.8,38.6,12.9,0.1306,0.9806,0.0113,0.0005,0.0082,0.0011,-0.1067,0.014
5.1,1.7,4.0,1.9,1.5,7.6,20.5,41.8,34.5,0.1782,0.6659,-0.1144,-0.1503,-0.0997,-0.1667,-0.6274,0.1322
5.1,4.0,1.0,3.9,3.4,5.8,6.6,26.9,38.0,-0.041,0.3288,-0.0318,-0.5347,0.3925,-0.2725,0.4532,-0.3701
5.1,2.7,4.3,4.3,1.2,10.3,14.8,16.4,34.1,0.1697,0.7766,0.254,0.3617,0.1959,-0.2923,0.0588,0.0513
5.1,4.0,3.4,3.5,2.4,14.2,16.7,40.8,24.0,0.3019,0.6017,0.0745,0.4278,0.0996,0.4206,0.1138,-0.3722
5.1,3.4,2.0,4.6,4.3,15.6,21.4,39.5,39.1,-0.0877,0.6126,-0.095,-0.4651,-0.0907,-0.4642,-0.0504,-0.3789
5.1,2.2,2.6,1.2,1.4,8.2,13.6,7.4,13.9,-0.0388,0.9628,-0.1329,0.1107,0.0116,0.0553,0.1616,0.004
5.1,3.7,2.9,3.8,1.2,20.3,12.6,40.8,42.6,-0.0805,0.1617,-0.1181,-0.3135,-0.1391,-0.3107,-0.1638,-0.8251
5.1,2.1,3.9,3.8,4.5,18.9,19.2,30.3,40.4,0.1183,0.4198,-0.1831,-0.5404,0.4733,-0.1743,0.4299,-0.1409
5.1,3.5,1.7,4.6,4.7,15.9,18.9,31.2,6.4,0.3477,0.2186,-0.4751,-0.4131,0.4394,-0.4364,0.1463,-0.0994
5.1,2.5,4.1,2.1,2.2,12.0,16.2,27.4,19.3,0.4095,0.7488,-0.3559,0.2925,0.0593,-0.1475,-0.0702,0.1261
5.1,1.9,4.4,2.0,1.5,21.6,19.7,7.0,12.8,0.155,-0.0803,-0.0665,0.1843,-0.091,0.6197,-0.7079,0.1306
5.1,3.6,3.8,1.8,1.7,9.6,9.7,14.4,17.0,0.4152,0.6957,0.2324,-0.3138,-0.0126,-0.1226,-0.0017,-0.1098
5.1,4.8,3.1,5.0,3.7,9.1,10.1,17.5,43.6,-0.2986,0.9374,0.1299,0.0007,0.0179,-0.013,0.0506,0.0135
5.1,2.6,3.7,3.7,3.1,3.2,16.1,37.4,27.4,-0.3732,0.3814,0.3853,0.1056,0.4288,0.123,-0.1035,-0.5714
5.1,3.2,3.8,3.8,4.7,13.8,12.1,37.2,33.8,-0.2886,0.6848,0.1941,-0.1701,0.5056,0.1316,0.2721,0.0131
5.1,2.3,1.3,2.5,1.6,13.5,11.6,43.5,24.3,0.6397,0.5252,-0.1812,0.2854,-0.068,0.2247,0.139,-0.3234
5.1,2.7,4.9,1.5,3.6,6.9,11.0,8.1,8.0,-0.5169,0.3136,-0.1767,-0.098,0.0623,0.1164,0.34,0.6594
5.1,3.7,4.6,3.6,4.7,22.0,13.0,20.9,13.9,-0.0579,0.7487,-0.3943,0.1456,0.3972,-0.1454,0.0801,0.2458
5.1,3.9,2.3,2.6,4.3,11.1,21.9,14.8,21.4,0.1592,0.8116,0.0593,0.3551,0.3679,-0.0877,-0.1701,0.0444
5.1,2.7,3.6,3.5,3.8,17.2,2.2,13.9,42.1,0.3213,0.3442,-0.5059,-0.3868,-0.2777,0.4818,-0.0526,0.1682
5.1,1.3,3.6,4.8,2.0,15.0,18.7,34.0,5.2,-0.1739,0.1532,-0.11,-0.2305,-0.2072,-0.548,0.6948,-0.1716
5.1,3.0,2.6,4.1,4.7,11.3,18.5,34.9,20.3,-0.035,0.7245,-0.0452,0.4076,-0.4351,0.1161,0.2841,-0.0788
5.1,4.5,4.6,2.7,1.6,16.4,19.3,35.8,9.0,-0.1051,0.0618,-0.1443,-0.0853,-0.3182,-0.5143,0.7409,-0.0706
5.1,4.0,2.7,2.9,3.6,15.3,12.9,21.3,30.3,0.003,0.6063,0.4225,0.1798,-0.4277,-0.178,0.2437,0.3572
5.1,2.7,3.7,2.8,2.6,2.5,21.6,16.0,30.9,-0.2944,0.3,0.3497,-0.257,-0.4798,0.1832,-0.1577,0.5738
5.1,2.6,3.2,2.6,3.7,8.9,5.7,9.7,26.4,-0.1862,0.9719,0.01,0.0442,0.014,-0.0344,0.0709,0.0166
5.1,1.7,4.6,4.2,4.3,21.1,4.5,4.4,12.0,-0.1532,0.2837,-0.0168,0.2906,-0.1014,0.3377,-0.519,-0.6387
5.1,4.2,4.8,3.2,4.3,12.1,6.5,41.6,19.7,0.0643,0.9603,0.1034,0.0796,0.1884,0.0556,-0.0617,-0.0203
5.1,3.9,2.5,2.5,4.4,16.4,2.2,8.4,35.9,0.0345,0.3616,0.2591,-0.5973,-0.3567,-0.3626,-0.238,-0.3276
5.1,3.5,2.8,4.5,1.5,12.8,7.1,32.5,29.0,0.1883,-0.1155,0.1213,-0.055,0.0822,0.1287,0.5336,0.7546
5.1,2.0,4.3,4.6,4.1,14.4,12.8,20.8,33.8,-0.0808,0.7287,0.427,-0.0759,-0.4275,0.076,-0.0299,0.2597
5.1,2.3,1.4,1.4,1.7,10.1,14.4,40.4,28.6,0.41,0.8949,-0.0437,0.0679,-0.0396,0.0726,1.467e-05,-0.0034
5.1,4.5,4.7,1.2,1.1,2.1,6.2,25.7,12.8,-0.0157,0.4693,0.1342,0.0123,-0.0903,-0.1475,0.842,0.0591
5.1,3.0,4.7,4.2,4.0,15.8,20.3,28.4,18.4,-0.1193,0.5087,-0.1167,0.5317,-0.4806,-0.1187,0.3956,0.1069
5.1,2.0,1.6,2.5,3.8,8.2,6.6,34.7,31.7,-0.3727,0.8875,-0.0835,-0.0986,-0.0372,-0.0835,-0.1681,-0.0856
5.1,1.0,1.1,1.4,4.4,21.8,16.9,20.5,21.9,0.1827,0.4022,0.2719,0.4224,-0.0846,-0.4833,0.0989,0.5314
5.1,1.5,1.7,1.9,3.2,11.6,6.4,16.6,34.6,-0.0254,0.5092,0.0946,-0.2821,-0.4753,0.016,-0.6151,0.0451
5.1,3.0,1.9,4.5,2.4,17.5,5.0,35.4,8.4,-0.0473,0.1814,-0.3354,0.0198,-0.3855,-0.0214,0.6032,-0.5632
5.1,2.2,3.8,4.7,1.4,10.9,6.0,18.1,24.9,-0.2169,0.854,0.0608,0.0533,-0.1056,-0.0894,-0.3997,-0.0941
5.1,4.6,1.7,3.2,4.1,2.1,14.6,18.0,24.8,-0.3647,0.0912,0.2626,-0.0447,-0.359,-0.7155,-0.0664,0.3262
5.1,2.2,3.2,1.9,4.8,8.5,11.5,21.5,28.3,0.0706,0.9743,0.0336,-0.0103,-0.0449,0.0118,0.1813,-0.011
5.1,5.0,5.0,4.0,3.2,4.8,4.1,18.6,8.6,-0.6066,0.3713,-0.0741,0.2513,0.1096,-0.2356,0.222,0.547
5.1,2.4,4.1,1.4,1.8,7.4,4.3,19.0,8.5,-0.0444,0.9109,0.121,0.1564,-0.0977,-0.1598,0.2824,0.0559
5.1,1.2,3.2,3.7,5.0,8.3,6.1,39.5,41.9,-0.5259,0.6841,0.0002,0.1958,-0.0087,0.1934,-0.2787,-0.2779
5.1,4.5,4.7,4.2,2.6,13.3,5.1,16.8,25.0,0.1976,-0.0601,0.2354,-0.0893,-0.1317,-0.3256,-0.3448,-0.766
5.1,2.8,1.1,3.9,3.8,13.8,13.0,30.3,25.1,0.2543,0.4164,0.2187,0.484,-0.5377,0.0436,0.4073,-0.0156
5.1,2.0,1.7,1.3,1.6,17.3,7.7,33.0,19.4,0.0168,0.8141,0.4243,0.1561,0.1836,0.1769,-0.1444,-0.1338
5.1,2.3,1.8,3.1,4.9,4.4,5.3,9.9,40.8,0.2376,0.3819,-0.3039,-0.4663,-0.421,0.3324,-0.3234,0.2702
5.1,4.5,1.9,4.0,4.5,7.7,3.9,16.2,27.1,-0.4897,0.8431,0.0079,-0.0759,-0.0313,0.0601,0.148,0.0929
5.1,2.2,2.1,3.5,3.8,20.5,21.2,36.8,16.6,-0.2307,0.4368,-0.1507,0.468,-0.2652,0.4213,0.1223,-0.4836
5.1,4.1,4.0,2.0,2.5,13.2,18.8,11.8,37.4,0.3875,0.4743,0.3634,-0.5495,-0.072,-0.2925,-0.0237,-0.2756
5.1,3.6,1.3,3.4,3.5,7.4,4.5,8.4,35.9,-0.5467,0.4276,-0.0313,-0.443,-0.1254,0.3375,0.042,0.4106
5.1,2.6,2.2,1.0,4.1,20.2,18.7,4.2,13.1,0.6467,0.5853,-0.1946,0.1872,-0.2585,0.2679,-0.1395,-0.0201
5.1,2.5,5.0,4.2,1.0,19.0,5.1,43.9,7.5,-0.0128,0.0346,-0.0001,0.0937,-0.0691,0.1569,-0.6847,-0.6818
5.1,2.2,3.3,1.4,1.8,14.9,4.5,34.9,40.5,0.3138,0.6067,-0.3143,-0.3873,0.071,-0.4285,0.0455,-0.2617
5.1,2.4,2.3,2.2,1.0,18.7,5.5,30.3,20.3,0.1741,0.5735,0.2404,0.5015,-0.2992,0.3481,0.1979,-0.2376
5.1,3.7,4.8,3.0,1.4,2.5,15.4,15.1,18.1,-0.1412,0.4785,-0.15,0.4616,0.4929,-0.1768,-0.4265,0.2065
5.1,3.1,3.2,4.1,2.8,10.6,17.6,18.3,32.0,-0.1858,0.7475,0.2048,0.1675,-0.3282,-0.2439,-0.3643,0.044
5.1,4.1,4.9,1.3,4.8,3.7,10.7,25.7,36.9,0.5467,0.761,0.2479,-0.1562,0.0147,0.0307,-0.0762,0.0572
5.1,3.2,3.0,2.2,4.9,3.1,11.5,21.2,7.5,-0.3525,0.4641,-0.1219,-0.0259,0.4031,0.3153,0.4128,0.3963
5.1,2.6,4.1,2.2,3.5,9.3,10.0,42.9,15.2,0.1007,0.892,0.2521,-0.1954,0.0259,-0.1353,0.1093,-0.0532
5.1,4.9,4.7,2.9,3.9,13.6,4.3,28.3,36.9,-0.0405,0.5823,0.0566,-0.5129,0.479,0.1289,0.3341,0.0972
5.1,5.0,2.6,3.3,4.3,9.3,11.1,27.9,37.0,-0.1082,0.9703,0.1826,0.0096,0.0296,0.0087,-0.0475,-0.0118
5.1,4.1,1.4,4.3,3.6,13.5,5.3,18.0,18.0,-0.2023,0.5409,-0.1129,0.4821,0.2349,-0.4287,-0.1146,0.3932
5.1,2.5,2.6,3.0,3.5,5.7,19.7,27.0,29.2,-0.1861,-0.1438,0.2055,-0.02,0.1285,0.6334,0.4783,-0.4723
5.1,4.0,3.2,3.5,1.3,20.4,22.0,10.4,37.5,-0.2689,0.3448,0.2638,-0.4386,-0.5341,0.0753,-0.4447,0.1705
5.1,2.3,1.4,3.4,4.1,20.5,9.4,7.6,29.4,0.0021,0.1679,-0.0297,0.1521,0.1821,-0.0089,-0.9418,0.0504
5.1,3.9,2.5,2.1,2.6,8.6,20.9,41.3,15.4,0.1744,0.9442,0.0058,0.0028,0.0046,0.0035,-0.2385,0.0493
5.1,3.3,4.0,1.6,1.9,21.0,5.8,35.2,36.2,-0.3447,0.5261,-0.2594,-0.3567,-0.0953,-0.3424,-0.2275,-0.4451
5.1,1.1,4.8,1.8,2.9,12.9,14.1,40.5,40.6,0.4747,0.7609,0.1368,-0.169,0.1561,-0.1697,0.2,-0.1914
5.1,4.7,4.3,1.4,1.9,6.3,18.7,42.8,40.1,0.16,0.8687,-0.1881,0.0147,-0.1996,0.0238,-0.3561,0.0234
5.1,3.4,3.4,4.4,1.8,5.8,6.4,31.5,29.2,-0.7669,0.0328,0.0475,-0.1393,0.0816,-0.0992,0.0027,-0.5971
5.1,3.3,4.8,4.9,4.3,4.6,17.1,36.5,23.1,-0.5328,0.2561,0.2506,0.1357,0.415,0.3706,0.0539,-0.4826
5.1,4.9,4.7,4.2,3.4,10.3,17.5,37.7,16.5,-0.2714,0.7307,-0.1214,0.1618,-0.4282,-0.1476,0.2966,0.0966
5.1,4.8,4.5,4.6,2.6,18.0,18.6,23.6,22.1,0.1702,0.4978,0.3043,0.3608,-0.4014,-0.326,0.1355,0.4419
5.1,3.2,4.1,1.4,1.8,12.8,14.6,22.9,40.1,0.5399,0.7958,0.1399,-0.1217,-0.0824,0.0906,-0.078,0.0803
5.1,2.6,1.3,3.0,4.9,18.2,8.9,14.8,40.9,0.8044,0.2268,-0.0382,0.0132,-0.0029,0.0145,0.0893,-0.4464
5.1,4.8,4.2,4.7,1.7,4.4,10.0,34.8,24.7,-0.7024,-0.0019,0.0607,0.1146,-0.0026,0.0797,0.019,-0.6833
5.1,1.0,4.5,4.6,3.8,7.7,19.9,16.4,35.2,-0.6674,0.3948,-0.0404,-0.3756,-0.059,0.3052,0.0511,0.379
5.1,1.3,3.9,2.6,1.5,5.6,16.1,32.3,9.1,-0.5647,0.0288,-0.2815,0.0673,-0.2007,-0.4047,0.0251,-0.61
5.1,3.9,1.4,2.2,2.4,9.4,10.6,19.6,28.8,0.1228,0.9865,-0.017,0.0097,0.0408,-0.0101,0.0381,-0.0033
5.1,4.1,2.6,1.4,3.5,17.2,14.3,43.6,29.4,0.2658,0.6139,0.3726,0.0516,0.4346,-0.0153,-0.4358,-0.0791
5.1,1.9,1.2,1.1,3.7,8.3,9.9,40.6,18.2,0.4581,0.7994,-0.0446,0.0936,-0.1611,0.1018,0.1319,-0.1018
5.1,2.0,1.0,3.3,3.0,18.9,21.2,34.2,25.4,-0.18,-0.0498,0.281,0.0235,0.2559,0.753,0.4538,-0.04
5.1,2.5,1.6,2.4,3.6,6.3,18.4,7.7,5.2,0.1303,0.0929,-0.3026,-0.2262,-0.324,0.3463,-0.5268,0.5612
5.1,4.0,2.3,4.6,3.5,6.1,21.1,33.4,24.6,-0.7111,0.2966,0.2665,-0.0961,0.3617,0.0491,-0.0427,-0.4186
5.1,4.9,2.7,1.3,3.3,12.0,15.6,32.6,23.4,0.6061,0.6739,-0.1455,0.3307,-0.0012,-0.1682,0.0018,0.0843
5.1,2.8,4.2,3.9,1.3,16.3,8.6,32.0,22.5,0.0942,-0.0905,-0.0131,0.0216,-0.0193,-0.0145,0.7351,0.6255
5.1,4.8,1.1,1.2,1.7,4.6,9.7,24.9,12.3,0.2667,0.7795,-0.0076,-0.0046,0.0224,-0.0072,0.5219,-0.181
5.1,2.0,2.3,2.1,2.1,8.1,12.3,33.9,32.8,-0.2788,0.9111,0.054,-0.1564,0.1691,0.0735,-0.1273,-0.0368
5.1,3.7,2.6,1.5,1.4,20.8,12.9,31.8,5.3,0.1059,0.1329,-0.2181,-0.2211,0.3143,-0.1378,0.7849,-0.3331
5.1,4.1,4.0,2.9,4.8,12.7,3.7,21.6,40.1,0.1277,0.7812,-0.1859,-0.3507,0.1858,0.3509,0.0747,0.1923
5.1,4.9,4.1,4.9,2.1,8.7,7.1,32.0,25.8,-0.5186,0.8459,0.0108,0.0142,0.0032,0.009,-0.0636,-0.0403
5.1,1.7,1.6,3.1,2.4,7.2,17.6,21.1,8.9,-0.2382,0.6778,-0.1859,0.1811,0.1981,-0.1847,0.5019,0.2791
5.1,2.0,1.0,2.5,3.3,15.1,11.3,22.7,16.5,0.4204,0.7276,-0.236,0.071,0.3823,-0.175,0.1782,0.0345
5.1,2.9,1.2,4.5,4.4,12.9,4.0,11.0,27.5,0.5331,0.2816,0.4421,0.3179,0.3328,-0.4352,0.0367,-0.114
5.1,4.8,2.4,4.6,2.2,14.5,16.8,20.2,20.7,-0.0971,0.5732,-0.0363,0.4689,0.122,-0.4416,-0.3298,0.3066
5.1,2.4,3.6,2.7,3.2,16.8,12.3,23.7,27.5,0.0788,0.2212,0.2093,0.3425,-0.319,-0.2695,0.5187,0.5612
5.1,1.1,2.5,4.9,4.3,2.6,8.1,23.3,10.6,-0.3681,0.3402,0.0277,0.0282,0.0092,-0.0604,0.5781,0.6283
5.1,1.8,1.9,1.9,3.2,4.3,20.0,41.2,22.9,0.0287,0.5826,0.3898,0.2065,0.4017,0.1995,-0.3743,-0.3231
5.1,1.5,3.0,1.1,4.9,21.9,2.8,34.2,35.7,0.1889,0.5317,-0.1213,-0.4052,0.4331,-0.2522,0.4126,-0.2373
5.1,3.7,2.7,1.6,1.4,16.3,4.3,39.9,41.4,-0.0406,0.5879,-0.2154,-0.287,-0.3473,-0.3464,0.3026,-0.1589
5.1,3.2,1.9,1.4,4.0,9.3,14.5,4.4,38.9,0.1746,0.963,0.0732,-0.0269,-0.0234,0.0013,0.1406,-0.0197
5.1,3.4,1.3,3.8,4.4,16.5,10.3,31.6,35.3,0.1794,0.6024,0.65,-0.2124,-0.0313,0.2188,-0.1339,0.1631
5.1,2.2,2.3,4.2,4.7,20.0,6.3,38.6,5.2,0.0741,0.5896,-0.3806,-0.0528,-0.4194,-0.0689,0.4333,-0.3307
5.1,2.3,3.5,4.8,3.9,8.7,17.7,21.3,38.8,-0.2208,0.9004,0.0524,-0.0092,-0.0649,0.0116,0.3292,0.0817
5.1,4.6,2.8,2.6,3.1,19.2,3.2,7.0,33.5,-0.0725,-0.0042,0.2863,-0.0904,-0.346,-0.7249,-0.4723,-0.0862
5.1,1.1,2.8,3.4,3.3,8.9,20.5,41.6,21.3,0.0279,0.7918,0.0228,-0.0042,0.0437,-0.0151,-0.5579,0.0434
5.1,3.5,2.4,3.1,2.8,3.9,3.5,26.7,28.3,-0.028,-0.0778,0.0798,-0.0002,0.074,0.577,0.7738,-0.1551
5.1,3.3,3.9,3.9,4.5,14.1,17.3,20.3,31.3,0.0192,0.6537,0.4563,-0.0284,-0.4676,0.0267,-0.124,0.3352
5.1,4.0,3.4,1.1,2.1,9.4,3.9,10.4,35.7,0.4091,0.906,0.0605,-0.0095,-0.0244,-0.0023,0.0137,-0.0043
5.1,3.6,1.5,2.3,1.1,5.6,2.1,28.6,22.5,-0.0313,-0.0826,0.3955,0.0719,-0.1961,0.5684,0.3915,-0.5306
5.1,1.5,2.8,4.5,3.1,20.1,10.1,16.3,9.4,-0.4932,-0.0037,-0.1714,-0.2711,-0.0389,0.2162,-0.1168,0.7589
5.1,1.7,2.4,1.7,1.3,5.7,14.8,12.5,40.2,0.0543,0.2395,-0.1994,-0.4392,-0.2849,0.3446,-0.4398,0.5313
5.1,3.8,4.4,1.9,1.2,4.8,18.3,21.0,22.9,-0.25,0.5935,0.3311,0.0701,-0.3535,-0.0691,0.4204,0.3861
5.1,3.5,4.6,3.7,4.8,10.5,6.9,40.7,6.0,0.1622,0.9746,-0.0671,-0.0214,-0.0733,-0.0195,0.0385,-0.0118
5.1,3.4,2.2,5.0,4.0,6.7,3.3,29.7,41.1,-0.6769,0.0079,-0.3429,0.0693,-0.2065,-0.4198,0.0601,-0.4105
5.1,4.3,4.1,4.9,2.9,15.8,18.0,9.9,21.8,0.2557,0.4856,0.1966,0.4888,0.5325,0.0493,-0.3275,-0.0964
5.1,4.7,3.1,1.3,4.0,19.9,4.8,37.9,23.0,0.3534,0.6555,0.5436,-0.0377,0.2167,0.164,-0.2245,-0.0466
5.1,2.6,3.1,4.8,1.5,13.7,21.0,8.0,6.9,0.559,0.1179,-0.2359,-0.0393,-0.4031,0.2332,-0.0331,-0.6138
5.1,2.4,4.3,4.7,2.6,9.9,21.3,18.4,39.3,-0.2384,0.8638,0.0953,-0.2765,-0.1585,0.2509,-0.0222,0.0949
5.1,1.8,4.8,3.1,2.2,13.3,15.9,13.1,39.4,0.0404,0.4772,0.0036,-0.5531,-0.4346,-0.2176,-0.3945,-0.221
5.1,4.5,1.4,4.6,3.9,20.6,9.4,4.4,17.9,0.3044,0.5798,-0.4176,-0.3037,-0.0914,0.4302,0.2403,0.0214
5.1,4.5,2.4,4.4,1.6,20.3,20.7,33.8,26.7,-0.2732,-0.0761,0.2891,0.084,0.3651,0.2151,0.6084,-0.502
5.1,4.2,4.3,1.7,3.9,9.5,21.2,6.1,20.9,0.2273,0.9519,-0.1255,0.107,-0.0152,0.0492,0.0503,-0.0192
5.1,3.8,1.2,1.1,2.6,12.7,9.7,12.6,43.3,0.6886,0.7173,0.0212,-0.0155,0.0004,-0.0009,0.0138,-0.0143
5.1,1.9,1.4,1.9,1.3,19.3,2.0,42.9,12.5,0.2914,0.1694,-0.2439,0.2985,-0.336,0.4178,-0.4252,-0.4927
5.1,3.7,1.3,4.8,4.2,14.8,21.2,9.1,29.6,0.3607,-0.1309,0.3991,0.1191,0.3221,-0.6501,-0.2423,-0.2568
5.1,3.8,2.2,1.7,1.7,20.4,19.7,7.2,22.7,0.3031,0.4049,0.345,0.2947,0.5189,0.0338,-0.4898,-0.1073
5.1,3.3,1.7,3.1,4.3,18.6,10.9,14.2,9.5,-0.2334,0.0757,-0.3861,-0.4007,-0.1407,0.3584,-0.1846,0.6533
5.1,3.6,3.9,3.6,2.6,14.9,4.8,17.4,29.8,0.0742,0.3885,0.2847,-0.0453,-0.3708,-0.0078,-0.662,0.4043
5.1,1.3,4.9,4.7,3.1,11.6,18.3,27.3,39.5,-0.0651,0.6318,0.0856,-0.5114,0.3337,0.309,0.2111,0.23
5.1,4.2,2.8,4.1,2.6,21.2,4.1,29.3,33.5,-0.3565,0.0324,0.3746,-0.2163,0.5198,0.0534,0.496,-0.3728
5.1,1.7,4.4,3.4,1.1,14.9,6.6,32.2,7.7,-0.0246,0.1112,-0.1044,0.0456,-0.1578,-0.0709,0.9509,0.1169
5.1,4.7,4.2,2.5,3.8,3.5,8.0,12.2,5.2,-0.024,-0.0463,-0.0237,0.0826,0.0884,-0.0246,-0.9138,0.3586
5.1,3.1,2.0,4.7,3.6,4.7,17.6,43.8,4.3,0.1681,0.2653,-0.3098,-0.1638,-0.5369,0.1083,-0.6625,-0.1192
5.1,4.3,3.9,2.7,2.1,14.0,15.6,12.7,43.1,0.365,0.4686,-0.17,-0.5157,-0.4138,-0.2198,-0.2684,-0.1927
5.1,3.1,2.9,2.8,2.0,17.1,4.7,34.9,43.2,-0.0375,-0.0179,-0.2659,0.0479,-0.3145,-0.5382,0.5487,0.384
5.1,1.9,1.6,4.3,1.6,7.2,6.2,32.9,9.6,-0.8085,0.3278,-0.0315,0.1285,-0.0565,0.104,-0.1471,-0.4156
5.1,4.4,1.6,1.7,2.0,19.7,12.0,28.4,40.6,0.4555,0.0577,0.029,-0.5216,0.1858,0.3143,0.3136,0.4902
5.1,4.3,1.8,3.3,1.5,10.8,4.5,12.6,31.5,0.2278,0.9283,0.1573,0.1716,0.0043,-0.13,0.0224,0.0168
5.1,3.7,4.0,3.9,5.0,11.1,10.6,22.7,7.8,0.4202,0.7302,0.2358,-0.2074,-0.1669,0.1932,-0.2215,0.2426
5.1,3.9,2.2,3.3,2.5,16.6,19.4,25.5,29.6,0.4764,0.1641,0.3466,-0.0305,-0.5053,0.3256,0.2515,0.4173
5.1,2.0,1.4,1.0,3.6,17.5,15.1,18.6,17.1,0.3527,0.7481,0.0137,0.1824,0.3466,-0.1907,-0.2854,0.1715
5.1,4.3,2.5,3.0,3.7,15.8,9.2,34.8,41.9,0.3324,-0.146,0.0618,-0.1633,0.0725,0.1026,0.4646,0.7087
5.1,4.0,3.7,2.0,4.5,8.7,9.6,36.2,41.6,0.0727,0.9914,0.003,-0.0008,0.0009,-0.0001,-0.0603,0.0039
5.1,4.7,1.9,2.3,2.7,21.0,7.8,20.2,32.4,-0.4385,0.4715,-0.0792,-0.1648,0.0762,0.1648,0.4687,0.5233
5.1,1.0,3.5,3.5,3.6,17.9,8.6,32.3,27.0,-0.014,-0.045,-0.0125,0.0376,-0.0386,0.0111,0.9567,-0.2144
5.1,4.5,4.1,1.4,2.1,9.5,4.7,31.9,19.3,0.3343,0.9247,-0.1256,0.0879,0.0063,-0.0147,-0.0199,0.0098
5.1,2.0,2.6,4.2,2.3,18.2,9.8,21.4,18.6,0.2331,0.5967,-0.4002,-0.2823,0.1297,-0.4354,-0.2579,-0.0459
5.1,1.5,3.1,3.7,3.7,16.4,14.1,22.4,24.2,0.046,0.3818,0.1925,0.4332,-0.2534,-0.4164,0.1541,0.5902
5.1,4.0,1.3,4.7,4.3,8.6,5.9,28.3,6.1,-0.4813,0.8591,0.0347,-0.0667,0.0746,-0.0143,-0.0693,-0.0451
5.1,4.6,1.9,2.0,2.2,14.3,5.6,16.4,29.8,0.556,-0.0832,0.3319,-0.1759,-0.1733,-0.2532,-0.105,-0.6201
5.1,4.4,4.5,3.0,3.6,15.0,16.2,18.6,6.2,0.2522,0.0084,-0.2009,0.0207,-0.1001,0.8797,-0.2287,-0.0511
5.1,3.7,1.1,1.9,3.8,12.7,9.7,31.9,30.3,0.6227,-0.1563,-0.0797,0.2392,-0.0537,-0.1251,0.2481,0.5784
5.1,2.9,2.1,4.2,2.5,13.1,10.6,32.7,13.7,-0.2411,0.2042,-0.6172,-0.333,0.1271,-0.4374,-0.0566,-0.3982
5.1,4.9,3.2,4.3,1.3,7.9,15.7,23.2,40.1,-0.2014,0.8315,-0.0354,-0.0054,0.0572,0.0006,0.4839,0.1145
5.1,3.7,3.4,3.4,1.3,16.0,7.7,12.6,12.0,-0.0052,-0.0436,-0.0608,0.0636,0.1018,0.0172,-0.9793,-0.0101
5.1,4.3,4.3,3.9,1.9,20.4,20.6,20.1,32.2,-0.3636,0.2679,0.2213,-0.2785,-0.2302,0.2763,0.1557,0.7052
5.1,2.2,3.1,4.7,2.3,17.1,21.0,24.2,12.0,0.0717,0.045,-0.0535,0.1462,0.2287,-0.4152,0.6841,0.5038
5.1,3.3,2.1,2.1,4.1,5.6,10.9,32.4,41.9,-0.4338,0.1082,-0.2553,-0.2703,0.0019,-0.2441,-0.0096,-0.7503
5.1,3.8,4.2,2.1,1.7,11.4,7.4,40.3,22.6,0.3763,0.6883,0.0649,-0.0453,0.0271,0.0487,-0.0283,0.2396
5.1,1.4,4.3,2.0,3.2,12.4,17.0,11.1,24.8,0.3489,0.4918,0.2407,0.4681,0.4619,0.1191,-0.313,-0.1233
5.1,1.4,1.1,4.3,3.5,20.9,18.9,23.1,11.2,0.0381,0.311,-0.3153,0.2506,0.406,-0.2862,0.3372,0.6016
5.1,2.4,4.2,1.3,4.4,11.0,17.1,21.0,32.1,0.3957,0.3118,0.2172,-0.3161,-0.2121,-0.2408,-0.0055,-0.4871
5.1,2.7,4.2,2.5,3.6,21.7,21.6,6.3,26.9,0.4503,0.1887,0.3318,-0.1297,0.4712,-0.433,-0.3925,-0.2176
5.1,1.6,2.4,3.0,3.9,14.7,5.9,28.0,33.6,-0.2112,0.1101,0.3659,-0.2815,0.531,0.3677,0.5045,0.1577
5.1,4.6,2.7,4.7,1.3,6.9,16.4,29.0,34.2,-0.7986,0.1534,0.188,-0.0723,0.2369,0.038,-0.0307,-0.4706
5.1,2.7,2.1,3.4,3.5,16.7,17.4,42.3,26.9,0.2589,0.4932,0.4123,0.1871,0.5136,0.1265,-0.2349,-0.3566
5.1,2.0,1.2,3.8,4.9,5.9,8.8,19.7,15.7,-0.4872,0.8155,0.0201,0.0216,-0.014,-0.019,0.2423,0.1498
5.1,3.7,2.0,2.8,1.8,13.5,18.5,42.9,7.5,0.4592,0.664,-0.2262,-0.2853,-0.3137,-0.2251,0.029,-0.2251
5.1,2.7,1.8,4.3,1.9,12.6,12.0,26.4,17.7,0.0773,0.5023,-0.6864,0.2277,0.0501,-0.3291,-0.1503,0.2458
5.1,3.9,4.9,1.0,4.9,16.9,13.6,10.7,5.6,0.4356,0.0265,-0.1423,-0.5263,-0.2999,-0.2691,-0.421,-0.3815
5.1,2.6,1.8,3.1,3.2,20.7,9.0,22.9,6.1,0.1507,-0.0523,0.0289,-0.0088,0.0291,0.0837,0.3584,0.8994
5.1,3.7,2.6,2.2,1.6,4.0,11.0,24.5,24.3,-0.1033,0.3581,0.0965,0.1212,-0.178,-0.065,0.8272,0.3126
5.1,3.9,2.7,4.9,3.7,12.3,16.0,5.9,35.3,-0.0279,0.2849,0.7297,-0.0696,0.0113,-0.5404,0.1915,-0.1277
5.1,3.1,4.8,1.1,1.1,12.6,10.7,16.8,40.4,0.5898,0.7921,0.0833,-0.0548,0.006,-0.0061,0.0136,-0.0125
5.1,1.1,4.9,3.3,4.4,13.8,2.9,10.0,14.3,-0.1927,0.0729,-0.4729,0.3422,0.4496,0.4973,-0.3047,-0.2413
5.1,2.5,2.4,2.6,1.1,18.0,6.9,40.1,4.6,0.5273,0.4295,-0.1962,0.0724,-0.1983,0.0732,0.3579,-0.547
5.1,4.0,4.7,4.3,2.4,17.9,3.7,27.3,37.6,-0.1562,0.5777,0.1193,-0.4537,0.4918,0.0441,0.3848,0.0355
5.1,1.0,3.2,2.9,4.4,14.5,15.0,13.6,17.4,-0.0601,0.3694,-0.2227,0.59,0.4042,0.3025,-0.3169,-0.2986
5.1,4.8,2.5,3.1,2.9,8.4,14.6,10.0,36.4,-0.3579,0.9202,0.0211,0.006,-0.0079,-0.0044,0.1121,0.0453
5.1,2.8,5.0,4.4,4.2,12.0,11.3,43.0,12.2,0.0144,0.5554,-0.222,-0.2786,-0.446,-0.1455,-0.513,-0.2359
5.1,4.9,4.8,3.7,4.8,8.2,12.7,18.8,24.7,-0.2719,0.9498,-0.0009,0.0056,0.0116,0.002,0.1219,0.0356
5.1,1.1,3.4,4.5,1.7,20.8,6.0,29.4,15.4,-0.4625,-0.0963,-0.2878,0.2616,-0.3773,0.1111,0.4194,-0.5223
5.1,1.6,3.3,4.4,2.4,7.4,13.6,13.6,9.1,-0.8059,0.3054,-0.1641,0.0648,0.1909,0.1662,0.1135,0.3724
5.1,4.5,2.0,2.7,1.6,11.9,5.2,40.6,41.8,0.0991,0.9058,-0.1834,-0.193,-0.0983,-0.1854,0.0904,-0.0543
5.1,4.4,2.9,4.2,3.4,18.1,3.3,34.0,43.3,-0.1431,-0.0792,-0.2987,-0.0256,-0.3154,-0.6072,0.5678,0.1881
5.1,4.1,4.5,2.8,3.7,8.3,20.5,35.7,14.4,-0.2035,0.968,0.0176,0.0161,0.0087,0.0135,-0.106,-0.0234
5.1,1.0,1.4,3.2,2.6,10.0,4.8,39.4,15.0,0.0632,0.9275,-0.2164,-0.0622,-0.2165,-0.0618,0.0878,-0.0632
5.1,1.3,4.5,1.5,2.3,4.4,19.9,15.9,40.1,0.088,0.3921,-0.3497,-0.4338,-0.0459,0.4793,-0.0726,0.5171
5.1,4.9,4.9,1.1,4.6,3.4,4.8,38.6,31.5,-0.0624,0.4666,-0.2321,-0.4143,-0.1145,-0.4386,-0.2604,-0.499
5.1,2.1,3.5,3.0,1.3,7.7,5.7,4.8,7.4,0.1041,0.172,0.0381,-0.0209,0.0136,0.0977,-0.7992,0.5345
5.1,4.5,1.4,3.8,4.0,21.9,8.3,36.6,14.4,-0.6464,0.5508,0.065,0.1281,0.0319,0.1135,-0.2885,-0.3758
5.1,4.3,1.1,3.4,2.4,11.5,8.9,42.6,16.9,0.0468,0.6468,-0.0759,-0.0662,0.1304,0.1183,-0.6653,0.1008
5.1,2.3,1.1,1.6,2.2,18.1,16.4,9.2,18.7,0.2336,0.3368,-0.069,0.6383,0.3337,0.3094,-0.3206,-0.3045
5.1,2.7,2.7,2.9,2.1,20.3,19.3,22.9,17.0,0.1333,0.0955,0.0543,0.1309,0.0744,-0.7731,0.5358,0.0909
5.1,4.8,4.9,1.9,2.6,2.9,18.8,42.6,41.8,0.0433,0.5262,-0.3924,-0.1933,-0.4063,-0.1841,-0.4364,-0.3411
5.1,2.9,1.0,1.8,1.7,18.0,8.7,12.2,17.7,-0.4522,0.6605,0.2683,0.2304,-0.1046,-0.1958,0.2323,0.2908
5.1,3.6,2.8,1.9,3.2,21.2,12.8,20.8,16.1,0.3028,0.7898,-0.2819,0.2087,0.2826,-0.2086,0.0107,0.1544
5.1,2.9,4.9,4.7,3.9,18.8,7.7,5.4,39.2,0.5608,0.7268,-0.0395,-0.0626,-0.0906,0.0792,0.2341,-0.1979
5.1,3.6,2.1,2.4,4.4,13.5,4.3,4.9,27.5,0.4816,0.7309,0.2681,0.0804,0.3644,0.0071,-0.0703,-0.0902
5.1,3.2,2.6,1.4,2.4,13.5,14.3,37.6,9.7,0.6795,0.2478,-0.2152,-0.0738,0.252,-0.5513,0.0623,-0.057
5.1,2.1,1.8,3.6,1.9,9.7,5.6,14.4,17.9,-0.2228,0.5633,-0.259,0.4332,0.3127,0.3555,-0.1609,-0.2378
5.1,1.2,4.4,4.6,2.0,4.4,3.8,23.7,16.8,-0.2059,-0.0902,0.0404,-0.1354,-0.0938,-0.5736,0.6381,-0.3509
5.1,4.0,2.6,2.0,2.5,14.5,20.7,24.5,11.1,0.5907,0.5652,-0.3101,-0.0451,0.4221,-0.1053,0.0574,0.165
5.1,4.9,2.0,4.8,2.1,12.7,18.6,6.8,28.5,0.4993,0.6798,0.1926,0.1965,0.3697,0.0217,0.1228,-0.2069
5.1,4.6,4.7,4.3,3.8,6.9,17.7,24.2,4.4,0.125,0.3887,-0.1115,0.0139,0.2059,-0.1497,0.82,-0.2285
5.1,2.4,4.2,4.5,3.2,11.9,5.6,28.1,35.6,-0.3505,0.3136,0.3293,-0.3941,0.5509,0.0451,0.4101,-0.0673
5.1,4.3,1.5,3.2,1.1,6.4,6.3,19.6,32.4,-0.5524,0.7216,-0.0254,-0.0767,0.0264,0.0767,0.3055,0.2437
5.1,1.0,3.4,1.3,4.1,11.7,4.0,28.4,23.0,0.4232,0.7192,0.1959,0.2457,-0.3726,0.1193,0.1907,-0.0511
5.1,2.4,3.1,3.7,3.0,3.7,16.9,43.1,8.1,0.1367,0.2908,-0.3316,0.052,-0.4817,0.2229,-0.6328,-0.2784
5.1,3.8,5.0,1.4,3.3,11.9,2.9,32.2,4.9,0.488,0.7443,-0.1636,-0.2488,0.2355,-0.2089,0.0826,-0.0731
5.1,1.2,1.4,3.9,4.9,5.2,13.6,16.8,12.6,-0.4984,0.4104,-0.3634,0.1619,0.561,0.1151,-0.1911,0.2217
5.1,3.6,4.7,4.4,2.4,8.0,15.8,14.4,35.8,-0.629,0.7391,-0.0614,-0.0894,0.02,0.0618,0.1321,0.1237
5.1,4.3,4.3,4.0,2.1,5.3,4.7,7.7,5.4,-0.0176,0.0279,0.0022,-0.0659,0.0526,0.3159,-0.903,0.2547
5.1,4.5,4.0,1.8,4.4,21.3,18.2,37.5,11.2,-0.1202,0.7207,-0.2273,0.2025,-0.5514,0.0778,0.098,-0.175
5.1,1.9,2.2,1.9,1.6,3.5,19.4,20.8,6.4,0.0151,0.4329,-0.4603,-0.0542,0.464,0.0525,0.355,0.4901
5.1,3.6,1.4,2.9,3.0,6.2,15.0,22.3,43.2,-0.0923,0.7027,-0.2303,-0.0072,0.2682,-0.0101,0.5756,0.1622
5.1,4.9,2.1,4.8,4.3,7.9,15.0,25.2,38.6,-0.729,0.1905,-0.0385,-0.0338,0.0013,-0.0256,-0.1339,-0.6073
5.1,2.3,3.9,3.6,4.3,14.7,10.0,24.7,17.8,0.1104,0.8708,-0.4346,0.0075,-0.0169,-0.0717,-0.1251,0.0081
5.1,2.9,2.2,3.6,3.6,19.2,9.6,10.0,20.6,0.571,0.0093,-0.2503,0.3184,0.043,0.2116,-0.1138,-0.6347
5.1,1.3,4.1,1.5,2.2,20.6,9.4,17.4,24.1,0.3313,0.4841,-0.0049,0.0366,0.0496,-0.0362,-0.6504,0.4495
5.1,4.2,3.4,1.2,2.2,11.1,7.0,11.5,18.4,0.2666,0.3808,0.0641,0.5816,0.3942,0.1833,-0.3539,-0.1863
5.1,1.4,3.5,1.5,4.9,19.6,8.3,16.5,39.1,0.4692,0.8657,-0.092,0.0277,0.018,-0.0004,0.007,-0.0024
5.1,3.9,3.2,1.5,1.7,9.4,7.3,17.5,7.9,0.2739,0.9577,-0.0144,0.0007,0.0071,0.0009,0.0191,-0.005
5.1,1.8,2.4,4.4,2.7,10.8,5.7,30.2,42.1,0.0758,0.8908,-0.1566,-0.3203,0.1146,-0.1896,-0.0013,-0.0461
5.1,4.1,1.9,3.8,2.4,10.4,17.1,16.8,10.5,0.1479,0.9122,-0.1192,-0.2491,-0.0259,0.2255,0.0196,0.0538
5.1,1.7,1.1,4.5,3.1,11.7,12.1,13.1,10.0,0.3339,0.2083,-0.4332,-0.3708,-0.4951,0.4685,-0.1578,0.0443
5.1,3.5,4.6,3.4,3.6,6.5,17.2,37.5,7.0,-0.4691,0.6999,-0.2138,0.0616,-0.2682,0.0388,-0.2816,-0.2736
5.1,3.1,2.3,4.0,2.3,5.0,14.5,32.2,42.2,-0.3886,-0.0819,-0.47,-0.1198,0.1258,-0.484,0.1147,-0.558
5.1,3.4,5.0,3.7,1.3,16.2,6.5,28.0,34.1,-0.0546,-0.0091,0.1807,0.0182,0.2462,0.2239,0.8971,0.1123
5.1,4.5,2.4,2.4,3.9,17.3,15.2,16.1,42.8,0.2731,0.3721,-0.2766,-0.3988,-0.3335,0.4024,-0.2957,0.4066
5.1,2.3,2.6,2.4,5.0,21.5,8.9,39.4,35.9,0.0247,0.9851,0.0398,-0.001,0.0232,0.0017,-0.0726,-0.0028
5.1,2.3,3.1,3.6,4.0,8.0,14.3,38.0,20.1,-0.4351,0.823,0.1685,0.0195,0.0308,0.0459,-0.2575,-0.1436
5.1,4.8,2.6,1.8,4.0,7.0,8.4,43.2,25.0,0.2223,0.8327,-0.0288,0.0155,-0.0118,-0.0233,-0.4622,0.1311
5.1,3.0,4.6,2.9,1.2,2.8,20.2,6.6,24.7,0.1934,0.1262,0.3099,-0.1462,0.4188,-0.2734,-0.6268,-0.412
5.1,4.5,1.6,1.1,1.0,4.7,9.2,34.0,14.8,-0.2741,0.9002,0.0202,0.0037,0.0095,0.0046,-0.2972,-0.0949
5.1,2.8,1.6,1.4,4.8,10.9,3.7,13.0,39.4,0.4616,0.6312,0.1095,-0.5003,-0.1217,-0.2558,-0.0655,-0.1429
5.1,4.8,3.6,2.8,1.8,12.1,3.1,5.1,42.0,0.2456,0.8802,-0.094,-0.2477,-0.1983,-0.1944,-0.0419,-0.0664
5.1,3.6,3.1,1.2,2.6,7.8,21.1,14.4,26.6,0.138,0.9596,-0.0047,-0.1297,-0.1551,0.0734,0.0665,-2.1534e-05
5.1,3.9,2.4,2.2,1.9,16.0,3.9,12.3,14.2,-0.0978,-0.0013,-0.3289,0.3254,0.502,0.3139,-0.5965,-0.2167
5.1,2.0,2.5,3.1,2.3,19.9,3.1,6.8,18.5,-0.1312,0.5349,-0.1046,0.4549,0.4984,0.1362,-0.4282,-0.1224
5.1,2.8,3.8,2.8,1.2,8.9,6.3,39.9,14.5,-0.0948,0.9661,-0.0064,-0.0038,-0.0066,-0.0037,-0.2025,-0.0171
5.1,4.7,4.9,3.3,2.6,2.6,10.8,25.9,22.2,0.0181,0.0563,0.0209,0.2504,-0.1922,-0.1552,0.716,0.5808
5.1,4.2,2.7,4.6,1.1,9.7,6.4,36.5,32.7,-0.2976,0.9457,0.0402,0.0419,0.0214,0.0339,-0.0118,-0.0068
5.1,4.0,1.9,2.8,4.4,21.8,6.6,17.8,40.8,0.0735,0.1744,-0.5069,0.2532,0.2705,0.5748,-0.0464,-0.3218
5.1,1.2,1.4,3.4,1.4,12.2,15.2,36.4,13.9,-0.0797,0.4862,-0.4241,-0.1456,-0.4683,-0.168,0.3485,-0.4046
5.1,1.5,1.2,2.8,3.0,12.5,2.6,33.8,9.3,0.4339,0.0522,-0.5448,-0.0402,0.0352,-0.6068,-0.0215,0.3167
5.1,4.9,4.9,2.3,3.0,17.4,20.2,7.8,13.5,0.3752,-0.0784,-0.3343,0.0546,-0.1556,0.7793,-0.2748,-0.0888
5.1,1.0,3.1,1.1,4.7,5.7,19.0,23.7,22.2,0.1377,0.7115,0.3495,0.0875,-0.369,-0.0714,0.4188,0.1131
5.1,4.9,2.3,2.4,2.7,3.0,14.1,35.1,43.3,-0.1277,0.0547,-0.4976,-0.2051,0.1276,-0.4746,-0.005,-0.6421
5.1,2.0,4.7,1.7,3.1,7.6,12.5,35.4,6.2,-0.2773,0.8998,-0.1629,0.0163,-0.049,-0.0185,-0.2499,-0.088
5.1,3.8,3.7,2.4,1.9,14.1,18.8,42.6,5.6,0.4516,0.6274,-0.1606,-0.3662,-0.2085,-0.3382,0.0156,-0.2639
5.1,3.3,3.3,1.4,3.8,5.9,18.2,13.9,36.3,0.0061,0.4959,-0.2249,-0.495,-0.0959,0.4736,-0.047,0.4448
5.1,1.8,3.9,2.6,4.7,12.7,9.5,43.5,35.8,-0.0029,0.562,0.2447,0.4034,-0.0359,-0.4133,0.016,0.4054
5.1,3.2,1.8,4.7,2.0,20.2,6.6,42.5,16.8,-0.2709,0.2265,-0.2043,-0.1622,0.3418,0.5366,-0.5921,0.055
5.1,4.5,2.4,3.7,3.2,21.9,6.8,37.0,18.1,-0.352,0.766,0.2422,0.2645,0.1432,0.2406,-0.1534,-0.202
5.1,4.3,1.1,4.3,1.8,9.3,7.9,21.9,31.3,0.0178,0.9086,0.0592,-0.0073,0.0166,-0.0448,0.3313,-0.0334
5.1,2.0,3.0,3.0,1.5,20.6,18.3,6.7,38.0,-0.1724,0.4445,0.1778,-0.4761,-0.4431,-0.2994,-0.3536,-0.2727
5.1,1.2,1.1,4.0,2.7,4.7,16.4,20.5,29.2,-0.2774,0.3962,0.3926,-0.1437,-0.3943,0.1437,0.2131,0.5961
5.1,2.2,2.3,3.2,2.0,22.0,4.0,36.6,34.4,-0.4124,0.3481,0.113,-0.3756,0.1505,-0.3633,-0.1265,-0.6019
5.1,4.8,4.9,1.1,1.3,5.4,16.5,40.2,42.5,-0.0343,0.8344,-0.2943,0.1818,-0.1009,-0.1304,-0.358,-0.0197
5.1,4.9,2.0,2.9,3.6,12.7,20.5,22.3,27.2,0.3016,0.7931,0.2599,0.2227,-0.2781,-0.2157,-0.0222,0.1619
5.1,3.9,4.7,3.3,1.0,6.5,9.0,20.2,16.3,-0.4776,0.7993,-0.0232,-0.0147,0.0185,0.0139,0.3,0.1807
5.1,4.0,3.9,4.8,3.6,13.0,17.1,39.9,34.4,0.1451,0.5883,0.4048,-0.2145,0.4373,-0.222,0.0371,-0.393
5.1,2.7,1.4,3.4,4.4,4.8,11.2,19.7,4.5,-0.3768,0.3449,-0.3304,-0.2389,0.0715,0.3012,0.3027,0.6083
5.1,2.9,3.1,1.5,4.9,6.5,11.9,35.4,19.3,-0.0592,0.2696,0.254,0.4337,-0.0649,0.4276,0.087,-0.657
5.1,1.2,1.3,4.1,2.4,5.3,19.4,32.1,7.9,-0.486,-0.0532,-0.3062,-0.0711,-0.3976,-0.3239,0.3575,-0.5045
5.1,2.2,3.0,3.7,3.5,9.2,21.1,20.6,42.6,-0.1243,0.9562,0.0207,-0.1291,-0.0215,0.1293,0.1472,0.0372
5.1,2.1,3.5,4.6,2.9,20.1,4.0,15.4,18.9,-0.3364,0.514,0.1698,0.5378,0.0924,-0.4012,-0.0856,0.336
5.1,2.1,1.3,4.9,1.5,3.9,12.7,28.9,7.5,-0.2068,-0.2769,-0.1533,-0.0523,0.0707,-0.4572,0.6591,-0.4316
5.1,3.9,3.9,1.5,3.9,12.3,12.2,16.8,15.3,0.318,0.8535,-0.3549,0.1243,0.0721,0.0215,0.1081,-0.0128
5.1,4.6,1.4,2.3,1.1,21.5,7.2,20.7,5.4,-0.0726,0.096,-0.1462,0.2384,0.134,-0.2367,0.019,0.8973
5.1,4.7,2.6,4.9,2.0,5.7,15.1,16.9,17.4,-0.6404,0.3847,0.064,0.3701,0.0194,-0.3171,0.0741,0.4298
5.1,1.7,4.0,2.8,4.5,21.5,20.5,15.6,29.5,-0.3543,0.2882,0.3454,-0.2247,-0.632,-0.2097,-0.3655,0.1433
5.1,2.7,2.1,4.4,2.4,6.8,3.8,30.0,14.6,-0.7473,0.2646,-0.132,0.2941,-0.2139,0.1913,-0.0292,-0.4137
5.1,1.4,4.1,1.8,1.2,18.8,12.9,8.1,17.7,0.0814,0.7302,-0.555,0.2364,0.016,0.1696,0.1884,-0.0609
5.1,1.1,3.7,4.5,4.0,7.9,10.3,25.4,33.2,-0.0817,0.0215,0.2577,0.2957,-0.2606,0.3523,0.5085,-0.5755
5.1,3.1,3.9,3.9,4.6,9.9,14.4,6.9,19.1,-0.0193,0.9118,-0.3674,0.0899,-0.0507,0.0628,0.0746,-0.0256
5.1,4.1,4.3,3.8,1.5,10.8,15.5,13.4,40.5,0.0143,0.8285,0.25,-0.3815,-0.0446,-0.268,-0.0168,-0.1131
5.1,2.5,3.0,2.4,2.7,8.8,21.5,37.8,36.7,-0.0736,0.9846,0.0034,-0.0017,0.0025,-0.001,-0.1203,-0.0094
5.1,4.4,2.8,4.7,4.0,16.9,9.8,23.8,7.7,0.0048,0.0836,0.0041,-0.273,0.1467,0.2295,0.4974,0.7579
5.1,2.1,1.2,1.6,3.9,11.2,4.2,34.6,29.0,0.451,0.7313,0.4142,0.1329,0.1093,0.198,-0.0707,-0.0546
5.1,1.2,2.8,4.1,4.3,18.6,8.1,35.4,40.4,0.0507,0.0175,-0.0627,0.0703,-0.0723,-0.0752,0.6062,0.6939
5.1,4.1,2.3,4.3,1.4,8.0,16.1,41.1,12.4,-0.249,0.8349,0.0028,0.0297,-0.0056,0.0324,-0.4475,-0.126
5.1,4.1,1.5,4.0,4.8,18.6,5.7,27.2,8.1,0.48,-0.0463,-0.3113,-0.0231,0.4012,-0.5466,0.2696,0.3349
5.1,4.3,4.0,2.0,1.3,15.2,3.2,25.1,29.8,0.6986,0.4831,0.2459,-0.0089,-0.3076,0.074,-0.096,0.3031
5.1,4.3,3.5,2.4,4.3,13.8,13.5,8.9,32.6,0.0517,0.4397,0.6687,0.2462,-0.0476,-0.3948,0.1381,0.2952
5.1,3.0,1.1,4.1,4.7,9.3,3.7,22.6,11.1,-0.1533,0.9563,-0.0655,-0.0957,0.1224,0.099,-0.0039,0.0115
5.1,1.1,2.4,2.1,4.3,11.9,8.3,26.3,6.1,0.5574,0.8019,-0.1399,-0.0255,-0.0311,-0.0536,-0.0816,0.0511
5.1,2.7,3.0,4.6,4.5,19.0,9.7,10.7,22.9,0.0494,-0.0516,-0.0607,0.3175,0.251,0.108,-0.8122,-0.3591
5.1,3.9,4.6,1.6,2.3,21.1,6.0,20.8,30.6,-0.1827,0.248,-0.0711,-0.2697,0.0612,0.2721,0.4676,0.7052
5.1,1.1,1.1,4.2,2.9,11.0,11.6,33.8,37.8,-0.2397,0.5017,0.2003,-0.4116,0.396,0.3102,0.3363,0.2743
5.1,2.4,3.5,4.7,1.9,12.7,10.7,26.8,35.7,-0.3334,0.3953,0.6056,0.3573,-0.0551,0.2923,-0.09,-0.2854
5.1,2.2,4.3,1.1,1.9,18.6,17.7,44.0,17.3,0.2681,-0.0664,-0.3426,0.0821,0.0164,0.6384,0.248,0.3586
5.1,1.5,4.4,4.0,1.8,10.3,4.3,6.0,42.0,-0.0539,0.9566,-0.0301,-0.1479,-0.1815,-0.088,-0.0329,-0.0221
5.1,3.7,2.4,1.8,3.8,10.3,10.2,25.3,9.9,0.4242,0.8938,0.0922,-0.0459,-0.007,0.0055,-0.0086,0.0055
5.1,2.4,4.2,3.6,4.6,13.6,10.2,11.0,34.8,-0.1275,0.8482,0.4701,0.0328,-0.041,-0.0587,0.0968,0.0412
5.1,2.7,3.3,4.3,2.3,10.3,20.6,30.4,43.9,0.0058,0.9303,-0.019,-0.2582,0.2078,-0.0728,0.0424,-0.016
5.1,3.7,2.4,2.6,4.6,13.6,21.8,32.3,15.4,0.118,0.2235,-0.4235,0.5815,-0.2876,-0.3733,0.1833,0.3649
5.1,4.9,4.6,2.3,1.7,18.6,17.6,32.5,11.7,-0.0654,-0.1951,-0.3339,0.0831,-0.1543,-0.7383,0.4423,-0.2011
5.1,3.1,2.2,4.4,3.9,9.1,5.6,26.6,41.7,-0.3294,0.9167,0.0468,-0.1212,0.142,0.006,-0.0186,-0.015
5.1,2.1,3.4,4.4,5.0,8.7,10.3,15.6,12.9,-0.4653,0.8612,0.0396,-0.0878,-0.1045,-0.0136,0.0668,0.0433
5.1,1.4,4.7,1.1,4.2,6.1,16.7,27.2,13.6,0.0115,0.5215,-0.5801,0.2717,-0.2016,-0.3271,-0.3575,-0.0664
5.1,1.6,4.4,1.1,3.6,4.2,4.6,23.7,10.1,0.4997,0.232,-0.111,0.4257,0.1396,-0.4582,0.2145,0.457
5.1,2.2,3.9,4.9,1.6,12.8,9.4,17.4,18.0,-0.1922,0.9101,-0.2861,-0.0642,-0.0007,0.0424,0.0671,0.0084
5.1,3.6,4.1,1.0,2.2,18.6,11.0,38.8,34.8,0.1528,0.9223,0.2008,-0.0751,0.0817,-0.0015,-0.2141,0.0113
5.1,2.0,3.0,1.1,4.7,20.8,2.0,14.7,25.1,0.1551,0.5471,0.6483,0.0851,-0.2074,-0.2884,0.2268,0.2326
5.1,1.8,4.2,2.2,2.7,18.2,16.3,37.0,24.9,0.2006,0.1376,0.3223,0.0852,-0.1127,0.7393,0.1989,-0.4299
5.1,3.7,2.7,4.5,4.8,2.2,5.1,7.8,5.6,0.4445,0.0213,-0.316,-0.0044,-0.4717,0.4911,-0.3162,-0.3554
5.1,1.6,4.8,2.4,1.4,16.2,2.9,16.8,35.1,-0.0904,0.3634,0.3069,-0.3261,-0.4329,0.2747,-0.2367,0.5654
5.1,4.0,2.1,2.6,3.9,13.4,9.5,40.2,20.2,0.334,0.9207,-0.0775,0.02,-0.0782,0.0193,0.0984,-0.0413
5.1,3.8,2.6,4.2,3.4,11.6,9.0,35.7,34.0,-0.6188,0.5921,0.1606,0.1502,0.0775,0.1214,-0.2167,-0.3068
5.1,2.6,4.2,4.4,4.8,11.2,5.4,14.3,29.8,0.4705,0.0328,0.4746,-0.14,-0.0816,-0.3566,-0.0234,-0.5817
5.1,2.1,3.9,1.5,2.6,12.6,20.5,43.8,29.5,0.5787,0.6598,0.2776,0.0503,0.349,-0.0285,-0.0802,-0.0757
5.1,3.2,1.7,2.1,2.5,14.4,19.6,29.0,15.8,0.2408,0.263,-0.6134,0.4472,-0.1665,-0.3864,-0.0295,0.3078
5.1,5.0,4.2,3.6,4.4,3.6,16.2,16.7,44.0,-0.5332,0.1455,-0.304,0.1097,0.4025,0.5358,-0.0228,0.3333
5.1,4.8,3.8,1.3,4.5,12.6,19.7,17.1,10.9,0.4861,0.7119,-0.4394,0.0243,0.1694,0.105,0.1142,0.0235
5.1,2.5,3.5,4.5,4.8,3.3,5.2,23.9,39.3,0.097,0.7523,-0.2413,-0.2394,0.4324,0.1531,0.2184,0.1644
5.1,2.2,3.6,3.5,3.3,21.2,15.4,32.4,34.3,-0.3677,0.4057,0.3128,-0.361,0.5753,0.0939,0.3187,-0.0766
5.1,3.5,1.5,4.9,2.4,9.4,5.7,31.7,39.8,-0.3736,0.8701,0.0569,-0.2194,0.1625,-0.1088,0.0088,-0.0355
5.1,3.5,1.3,4.9,3.7,15.0,17.0,4.1,33.8,0.2614,0.2826,0.2467,-0.2841,0.4404,-0.3912,-0.3152,-0.4937
5.1,2.0,3.2,2.7,3.3,9.6,17.7,14.9,35.7,0.0224,0.9516,0.2715,0.0046,-0.0548,-0.0206,0.0485,0.0139
5.1,2.9,2.7,2.5,3.6,3.3,19.8,16.4,35.6,-0.1122,0.4883,0.0779,-0.4904,-0.2919,0.4224,-0.1698,0.4393
5.1,1.6,1.8,1.2,3.4,9.2,16.7,30.0,26.7,0.2515,0.9605,0.0208,-0.0254,-0.0001,0.0126,-0.0359,0.0085
5.1,4.4,3.6,2.8,1.6,16.7,15.6,42.0,31.6,0.1354,0.4032,0.4664,0.0942,0.4891,0.0836,-0.1843,-0.5339
5.1,3.6,2.6,2.4,3.7,16.8,8.6,30.3,20.1,0.4504,0.8807,0.0413,-0.0014,0.0052,0.0026,-0.0164,0.0097
5.1,2.9,1.8,1.3,4.9,6.1,8.1,38.9,39.0,0.3658,0.8736,-0.2473,0.0681,-0.0955,0.0002,-0.0725,0.0024
5.1,2.8,1.1,2.9,4.2,8.9,3.9,28.5,39.2,-0.2154,0.9559,0.1269,-0.0546,-0.0102,0.0341,-0.0756,-0.0151
5.1,4.0,2.7,3.8,3.1,20.2,15.1,12.4,19.4,-0.027,0.3391,-0.0041,0.5348,0.4658,-0.1279,-0.5655,0.1687
5.1,2.5,4.4,2.0,2.9,10.5,6.8,6.8,17.6,-0.0815,0.5265,-0.0752,0.4742,0.4914,0.2101,-0.3135,-0.2084
5.1,3.2,2.3,1.3,1.9,16.9,6.4,43.5,27.6,0.7709,0.4544,0.1637,-0.0669,0.2202,-0.1607,0.0882,-0.2568
5.1,4.2,2.3,3.4,1.9,18.1,4.9,31.9,20.8,0.264,0.5494,0.3596,0.4766,-0.2424,0.3809,0.0529,-0.1908
5.1,1.8,1.2,1.4,3.2,9.2,16.7,23.8,41.4,-0.0187,0.947,0.0002,-0.0032,0.0007,-0.0003,-0.2331,-0.0245
5.1,1.6,1.2,4.2,3.1,14.6,17.9,34.5,17.8,-0.2245,0.47,-0.2526,0.4092,-0.4653,0.2227,0.3792,-0.2661
5.1,1.9,4.2,2.9,2.5,13.4,10.8,40.1,34.5,-0.1121,0.8172,0.2759,0.0634,0.2592,0.0643,-0.3434,-0.1458
5.1,2.2,1.4,1.3,2.7,2.8,3.0,11.1,31.2,-0.1852,0.2705,0.3096,-0.4939,-0.6045,-0.3318,-0.2207,-0.0686
5.1,2.0,2.1,1.6,4.2,5.3,20.0,18.4,5.5,-0.0215,0.4971,-0.6215,0.2021,0.1765,0.3845,0.3481,0.0725
5.1,4.5,4.9,2.3,2.7,6.1,18.3,34.2,34.3,-0.3258,0.6784,0.0267,-0.4259,0.2173,-0.34,-0.0623,-0.2583
5.1,3.7,1.4,2.4,4.4,17.0,13.5,12.9,24.8,0.2232,0.3317,0.268,0.4414,0.4574,-0.223,-0.4808,0.2532
5.1,4.0,1.1,2.0,3.4,6.3,4.5,9.3,13.1,-0.3892,0.5997,-0.2434,0.2902,0.4903,-0.1071,0.0432,0.2825
5.1,4.1,5.0,2.5,4.7,13.4,18.9,40.6,20.1,0.3247,0.6897,-0.1376,0.3686,-0.1574,0.3702,0.0963,-0.2768
5.1,2.3,3.7,4.2,1.6,15.8,6.4,43.3,41.4,0.5712,0.628,-0.155,-0.0776,-0.3143,0.0753,0.1839,-0.255
5.1,1.2,2.0,3.5,4.4,3.5,18.0,34.9,11.0,-0.4692,0.2709,-0.377,0.1179,-0.587,-0.2384,0.2722,-0.2401
5.1,3.1,3.7,2.6,3.2,4.0,18.8,30.3,7.9,-0.2116,-0.1201,-0.4968,0.0709,-0.0742,-0.6838,0.1792,-0.4006
5.1,2.8,4.6,2.5,4.0,3.0,10.3,37.8,35.7,0.2362,0.683,0.3831,-0.3432,0.0122,0.2536,-0.094,0.2028
5.1,2.9,5.0,1.9,3.8,16.8,7.5,4.5,9.3,0.7165,0.0962,-0.0484,0.095,-0.085,0.1323,0.0544,-0.6479
5.1,4.8,4.5,2.4,3.3,21.2,3.4,28.6,41.5,0.4128,0.3536,-0.3706,-0.3048,0.4451,-0.3518,0.2964,-0.1814
5.1,2.1,4.6,3.3,4.3,7.8,10.8,9.5,13.9,-0.6143,0.5736,-0.3882,-0.0036,0.0255,0.1283,0.217,0.2537
5.1,3.4,1.4,4.6,4.9,6.1,11.6,37.0,19.3,-0.5671,0.3897,0.2035,0.3275,0.0658,0.2722,-0.1628,-0.5064
5.1,3.5,3.1,4.4,4.3,13.3,14.0,39.3,6.1,0.0989,0.5236,-0.0874,-0.4682,-0.0885,-0.4689,0.1593,-0.4645
5.1,1.1,4.2,4.7,4.4,18.9,10.3,20.7,22.8,0.07,0.1371,-0.1121,0.3352,0.05,-0.301,-0.2604,0.7871
5.1,2.9,3.2,4.0,1.2,16.0,5.7,22.4,42.2,0.4497,0.6609,-0.2501,-0.0516,0.2929,0.0413,-0.2738,0.3164
5.1,1.9,3.4,1.6,4.1,11.2,5.7,34.2,19.2,0.1992,0.6805,0.1147,0.4182,-0.3133,0.3252,0.2013,-0.2072
5.1,3.6,2.9,4.6,1.5,2.0,11.0,29.5,34.9,-0.4472,0.0048,0.5999,0.1192,-0.0916,0.481,0.0148,-0.3681
5.1,2.3,4.0,3.9,2.9,16.9,15.7,8.8,20.8,0.0952,0.3726,0.037,0.5513,0.4318,0.2373,-0.4588,-0.2793
5.1,3.6,2.5,2.5,4.4,12.7,7.9,33.4,42.2,0.4761,0.8512,-0.1659,-0.0027,-0.0304,-0.0234,-0.0354,0.0156
5.1,3.7,4.1,2.2,3.3,21.7,12.6,43.4,8.7,0.0081,0.503,-0.2151,-0.1163,-0.3071,-0.0309,-0.7423,-0.1247
5.1,3.2,2.0,1.8,3.1,4.4,4.4,35.4,14.2,-0.1925,0.5016,-0.0069,0.4873,-0.1724,0.4547,-0.0487,-0.4675
5.1,3.7,1.9,1.0,1.4,8.0,19.8,41.6,35.5,0.3539,0.9088,-0.0897,-0.0302,-0.0934,-0.0278,-0.1318,0.0422
5.1,2.8,4.4,4.0,1.5,13.6,16.0,24.7,34.1,0.3517,0.2806,0.3642,-0.0679,-0.5595,0.2512,0.3256,0.3823
5.1,3.2,4.4,1.2,2.5,15.9,5.9,14.3,8.5,0.7939,0.0825,-0.2813,0.2562,0.0669,0.138,0.0129,-0.4132
5.1,1.0,3.6,1.2,4.6,3.9,16.1,26.4,31.7,0.488,0.2915,0.2832,0.1568,-0.1927,0.5317,0.1559,-0.4198
5.1,2.2,3.4,1.0,4.1,10.0,2.7,32.6,39.1,0.5334,0.8197,0.1227,-0.1294,-0.0133,0.0295,-0.0109,0.0147
5.1,1.8,2.9,3.2,3.7,7.9,9.5,14.1,9.2,-0.6575,0.6829,-0.0642,-0.0314,0.0216,0.0211,0.2048,0.2037
5.1,2.2,1.4,3.4,4.5,10.6,17.9,20.3,42.7,0.146,0.8086,-0.0086,-0.3584,-0.1302,0.3591,-0.0414,0.1653
5.1,3.4,4.4,3.3,1.7,11.0,17.0,39.4,21.4,0.1025,0.9235,-0.13,0.1664,-0.1999,0.1659,0.0868,-0.0683
5.1,3.2,4.5,1.1,1.5,7.8,3.0,40.1,19.1,0.2558,0.9375,0.1304,-0.0262,0.0901,-0.0098,-0.1392,0.0254
5.1,3.8,4.0,4.8,3.4,14.5,16.8,12.2,17.1,-0.2441,0.3778,-0.2765,0.4847,0.5026,0.1755,-0.4147,-0.1253
5.1,1.5,4.6,4.8,2.8,2.6,7.3,36.3,35.8,-0.6687,0.634,-0.0745,-0.1175,-0.0442,-0.1016,-0.1951,-0.2389
5.1,3.8,4.7,1.6,2.9,10.7,16.7,38.5,24.7,0.4074,0.8734,0.0482,0.0978,-0.1945,0.0859,0.0583,-0.0257
5.1,2.1,3.4,2.8,4.0,19.8,17.1,9.2,26.9,0.3075,0.2081,0.4033,0.2795,0.4943,-0.355,-0.4464,0.1799
5.1,1.7,3.8,1.1,2.4,18.2,14.8,22.9,34.5,0.5347,0.6916,0.2189,-0.1458,-0.256,0.1869,0.2103,-0.0417
5.1,1.6,2.4,2.4,1.8,4.4,16.1,33.3,24.6,-0.1609,-0.0606,0.432,0.0349,-0.0586,0.6291,0.1883,-0.5629
5.1,4.5,1.5,1.4,4.3,13.0,10.7,31.5,27.9,0.7831,0.3186,-0.1654,0.3486,0.0086,-0.1767,-0.0082,0.2559
5.1,1.1,1.7,4.5,4.5,16.8,16.3,20.0,22.4,-0.3733,0.2968,0.0134,0.3457,-0.2383,-0.6077,-0.2786,0.3013
5.1,1.5,2.4,1.6,4.2,4.6,8.6,18.7,19.8,0.4323,0.884,0.0936,-0.0246,-0.0244,0.0003,0.0105,-0.0032
5.1,4.2,2.1,4.2,4.8,3.4,9.0,36.2,38.2,0.0564,0.3546,0.0802,-0.1301,0.2011,-0.0342,0.8331,-0.2012
5.1,3.7,3.8,3.7,4.7,3.4,6.1,43.7,31.5,-0.0391,0.2754,-0.1028,0.0424,-0.0569,-0.3924,-0.8434,-0.0425
5.1,3.2,4.8,4.4,1.5,10.5,15.4,40.8,20.1,-0.1792,0.8942,-0.2493,0.1037,-0.1915,0.1122,0.1361,-0.0326
5.1,4.0,4.6,1.6,4.0,11.5,15.9,22.9,12.6,0.4068,0.7889,-0.2848,-0.0438,0.31,0.0256,0.1447,0.0396
5.1,4.7,3.2,3.6,1.1,19.1,7.8,24.3,6.7,0.0221,-0.0012,-0.0028,0.0251,0.0217,-0.0828,0.3563,0.9176
5.1,4.1,2.2,2.2,4.7,7.1,19.0,31.2,8.9,-0.3948,0.781,-0.1505,0.272,-0.2603,-0.1465,-0.1653,-0.0843
5.1,2.8,5.0,2.3,4.7,6.7,11.0,19.6,18.2,0.0097,0.3101,0.0492,0.442,0.0612,-0.4429,-0.043,0.678
5.1,1.4,4.2,2.4,1.4,8.9,9.2,43.1,32.2,-0.5346,0.7545,0.0132,0.0192,-0.0085,-0.0182,0.2396,0.1944
5.1,4.7,1.4,1.9,2.0,3.2,14.2,18.3,16.0,-0.0076,0.6775,-0.2478,0.3498,0.3525,-0.3409,-0.0907,0.3078
5.1,2.3,4.2,2.4,4.8,17.1,2.9,41.9,18.5,0.1043,0.5234,0.133,0.4546,0.095,0.484,-0.267,-0.3843
5.1,2.4,1.7,2.3,4.3,14.7,20.7,15.7,4.7,0.2718,0.5263,-0.2928,-0.4509,-0.2536,0.4149,-0.1569,0.2972
5.1,3.1,4.1,2.8,2.4,2.8,15.8,30.2,16.1,-0.3172,0.4013,-0.3034,0.4604,-0.5442,-0.2296,0.2512,0.0469
5.1,3.6,2.0,4.4,1.7,15.5,3.3,20.4,32.6,0.0232,0.1754,0.312,-0.1873,-0.3111,0.1876,-0.1672,0.8088
5.1,4.4,1.4,2.6,2.7,16.9,21.1,10.3,42.9,0.4384,0.4631,-0.3037,-0.3692,-0.4994,0.1453,-0.2659,0.0339
5.1,2.5,4.9,1.9,4.7,18.3,17.7,36.3,25.7,0.1088,0.3541,0.6001,0.2676,0.0406,0.4763,-0.1189,-0.4003
5.1,2.3,4.7,4.5,1.8,15.5,3.1,37.0,26.0,0.1334,0.3829,0.3288,0.1029,0.3532,0.1181,0.5252,-0.5264
5.1,1.8,2.0,4.2,4.9,12.8,6.0,20.2,27.8,0.1037,0.6501,0.3414,0.047,-0.3738,-0.059,-0.4562,0.2779
5.1,1.8,4.5,1.3,1.9,2.5,10.5,39.6,18.9,0.4243,0.8657,-0.0479,0.0533,-0.1435,0.0625,0.0997,-0.0555
5.1,4.7,2.5,1.2,4.0,12.0,15.3,29.7,4.2,0.6364,0.6973,0.1635,-0.2409,-0.03,0.1042,-0.0159,0.059
5.1,1.2,1.8,1.5,1.9,21.1,13.3,31.1,26.2,0.1713,0.1694,0.2943,0.2469,-0.377,0.232,0.6646,-0.3567
5.1,4.1,4.0,1.2,1.2,2.5,3.5,43.5,16.4,0.0468,0.5929,0.251,0.2383,0.227,0.2649,-0.5975,-0.1534
5.1,4.2,4.0,1.7,2.9,12.2,21.2,27.4,11.5,0.5895,0.6739,-0.1755,-0.1999,0.2357,-0.2344,0.0467,-0.0503
5.1,3.5,3.9,4.6,1.4,15.3,6.1,20.4,41.6,0.2296,0.7779,-0.2095,-0.068,0.2098,0.0681,-0.4207,0.1983
5.1,3.5,3.5,4.7,2.5,11.9,11.9,37.3,43.5,0.0112,0.4714,0.2406,0.1076,0.1403,-0.4593,0.5491,0.1527
5.1,3.0,2.9,3.9,4.5,11.1,10.6,9.3,32.7,-0.1708,0.3913,0.472,0.5023,0.0842,-0.3764,-0.0455,0.3877
5.1,4.1,4.4,1.9,1.5,13.5,21.1,40.6,14.4,0.4029,0.7014,-0.3054,0.0484,-0.321,0.0495,0.2254,-0.2714
5.1,3.1,2.9,2.2,2.9,18.1,2.4,11.5,27.7,0.3355,-0.1038,0.5661,-0.017,0.0286,-0.7071,-0.1279,-0.1021
5.1,1.0,2.3,1.1,4.7,11.4,7.4,16.5,42.4,0.5151,0.8185,-0.2109,0.0494,0.0713,0.0098,0.0283,0.0002
5.1,4.1,1.8,3.1,2.4,5.7,15.6,32.4,9.1,-0.7005,0.3359,-0.2186,0.0977,-0.3445,-0.1743,-0.1077,-0.4043
5.1,3.2,2.1,1.1,5.0,7.1,20.1,27.8,30.2,-0.11,0.7074,0.1542,-0.4115,0.385,0.2651,-0.1984,0.032
5.1,1.0,2.6,4.3,4.6,6.2,15.7,18.0,31.5,-0.49,0.4107,0.3719,-0.2134,-0.4708,0.1401,-0.1108,0.3743
5.1,3.4,2.1,3.8,2.7,16.0,9.7,29.5,40.1,0.6755,0.2093,0.2851,-0.244,-0.0204,0.1693,-0.0649,0.5172
5.1,4.6,1.7,4.6,1.8,15.5,7.4,25.8,41.8,0.5926,0.6174,-0.1751,-0.1643,0.1848,-0.169,-0.2261,0.2412
5.1,1.1,1.3,2.4,1.1,12.0,11.9,39.1,8.9,0.4793,0.637,0.088,-0.2144,0.0868,-0.2139,0.341,-0.3448
5.1,4.0,4.1,4.9,1.7,7.2,9.5,12.2,25.0,-0.8572,0.3471,0.0282,0.0329,-0.0067,-0.0188,0.1336,0.3387
5.1,3.5,1.4,3.2,3.1,14.8,7.4,14.1,23.2,0.596,0.5676,0.432,0.0996,-0.0087,-0.2144,0.1667,-0.1435
5.1,3.2,2.1,2.1,2.8,16.4,4.9,4.7,35.3,0.0763,-0.0482,0.2321,-0.0843,-0.213,-0.8609,-0.2849,-0.1214
5.1,1.7,2.3,3.2,4.0,5.9,10.6,34.2,4.5,-0.4475,0.0075,-0.191,-0.3104,0.0434,-0.2416,0.1461,-0.751
5.1,3.2,1.2,2.4,4.0,16.9,17.2,14.3,22.7,0.2297,0.4548,0.2177,0.4606,0.4142,-0.2883,-0.3639,0.2796
5.1,2.7,2.6,1.7,2.4,12.8,3.8,39.6,17.6,0.4118,0.6549,-0.2285,0.294,-0.2385,0.2955,0.1229,-0.2936
5.1,2.1,1.3,3.0,1.1,20.6,19.3,24.9,10.1,0.0839,0.0844,-0.1374,0.1741,0.2577,-0.3596,0.7171,0.4536
5.1,2.9,1.9,4.8,2.1,6.5,19.4,42.0,38.1,-0.1624,0.5586,0.0676,-0.2458,-0.3884,-0.1243,-0.6072,-0.1667
5.1,4.4,4.3,4.5,1.6,9.5,18.4,41.4,9.8,-0.4462,0.826,0.0229,-0.0741,-0.0585,-0.1011,0.1389,0.103
5.1,1.9,1.4,3.6,1.4,15.8,6.5,16.0,40.9,0.0229,0.0408,-0.3198,0.0077,0.1512,0.587,-0.1904,-0.5584
5.1,3.7,3.5,4.2,3.1,2.0,6.0,21.8,9.4,-0.2033,0.1862,-0.0352,0.206,0.0611,-0.2154,0.4751,0.7686
5.1,2.1,1.7,4.1,1.1,18.7,10.9,17.2,34.2,-0.596,0.2872,0.2394,0.1777,-0.3115,-0.2355,0.0533,0.5417
5.1,3.7,1.0,2.8,2.2,2.3,8.2,4.6,10.4,-0.1336,0.2337,0.0657,0.0669,-0.0023,0.2087,-0.7778,-0.5109
5.1,1.5,4.3,2.6,4.8,8.4,7.1,33.2,21.3,-0.57,0.6668,-0.1131,-0.2154,-0.0225,-0.1738,-0.193,-0.2434
5.1,3.5,4.0,2.2,3.4,18.2,16.8,26.5,23.8,0.2574,0.3455,0.2786,0.4099,-0.477,-0.1625,0.4977,0.2153
5.1,4.1,4.3,3.2,4.8,21.6,14.2,27.3,32.6,-0.1701,0.1545,0.6919,-0.1179,0.0984,0.6058,-0.1133,-0.1467
5.1,2.2,1.8,3.8,4.0,6.4,12.0,17.0,31.1,-0.5602,0.5759,0.277,-0.0981,-0.4222,-0.0385,0.067,0.2655
5.1,3.9,3.1,4.8,2.9,8.8,17.4,36.0,33.5,-0.3881,0.9012,0.0682,0.0904,0.0385,0.0784,-0.0674,-0.0407
5.1,4.1,4.2,4.4,1.6,6.4,3.0,18.7,36.1,-0.632,0.6166,-0.0593,-0.1892,0.0315,0.1766,0.2304,0.2949
5.1,3.3,1.6,1.8,1.9,5.5,6.8,12.6,30.6,-0.5218,0.375,-0.0184,-0.3638,-0.105,0.3156,0.1659,0.5453
5.1,4.9,1.5,3.6,2.9,3.2,9.5,8.9,13.0,-0.2077,-0.1067,-0.0335,-0.2405,-0.1275,0.152,-0.5506,0.7232
5.1,3.7,3.4,3.2,4.3,11.6,10.3,39.1,9.0,0.3792,0.7115,0.1031,-0.1568,0.2295,-0.1651,0.3704,-0.2689
5.1,3.7,4.9,1.2,1.3,12.4,10.2,40.9,42.3,0.2023,0.7347,-0.0617,-0.0389,0.104,0.012,0.4131,0.0459
5.1,3.9,3.8,1.8,4.9,14.8,17.2,17.9,19.3,0.2146,0.6899,0.0606,0.2878,0.427,-0.1607,-0.3823,0.1457
5.1,1.5,1.4,1.7,2.7,12.4,4.0,26.8,33.8,0.443,0.339,0.659,-0.0055,0.0859,0.4238,-0.1776,0.0628
5.1,2.3,1.7,2.7,4.1,6.5,12.4,44.0,33.3,0.25,0.1179,0.1577,-0.1159,0.2301,-0.6496,-0.4982,0.296
5.1,3.5,3.5,3.1,1.1,8.5,7.8,17.6,25.5,-0.3705,0.9153,-0.0012,-0.001,0.0007,0.0008,0.1195,0.0494
5.1,2.4,4.9,4.3,3.7,5.5,15.4,14.1,24.1,-0.4862,-0.0059,0.5008,0.1023,0.0513,-0.4311,-0.0472,0.5431
5.1,3.3,3.8,1.4,2.3,7.0,11.9,34.2,38.6,-0.3288,0.5481,-0.3817,-0.2245,-0.1506,-0.24,-0.2798,-0.4145
5.1,3.8,2.7,1.4,4.9,10.8,8.9,27.2,42.2,0.4837,0.8704,-0.009,0.0017,-0.0027,1.3319e-06,-0.0003,4.407e-05
5.1,2.9,2.1,4.4,5.0,21.1,13.3,31.3,4.7,0.0138,0.1153,-0.2641,-0.5241,0.4012,-0.2633,0.5089,-0.366
5.1,1.6,4.6,1.2,4.0,5.9,11.0,40.5,39.3,0.5664,0.485,0.0601,-0.1959,0.1356,-0.2216,0.2835,-0.4593
5.1,4.1,1.8,3.0,1.6,15.2,10.4,17.0,42.7,0.0119,0.4494,-0.0686,-0.2031,-0.3038,-0.0407,-0.7837,-0.0621
5.1,4.6,4.0,5.0,3.8,3.2,15.4,28.5,25.7,0.0023,-0.1824,0.3854,0.1356,-0.3282,0.5043,0.5706,-0.2946
5.1,3.2,4.9,3.3,1.8,19.1,4.9,37.7,36.3,-0.4433,0.4762,-0.059,-0.3693,-0.0057,-0.3535,-0.2162,-0.4885
5.1,4.8,1.2,2.6,3.9,3.0,10.8,42.6,22.0,-0.0162,0.2181,0.1182,0.3387,0.2077,0.3022,-0.4946,-0.6441
5.1,3.6,1.2,2.9,2.8,10.5,3.0,22.8,30.6,0.2537,0.9209,0.1189,0.1155,-0.2022,-0.0786,0.033,0.0273
5.1,3.6,2.1,1.0,4.7,15.2,4.7,34.7,35.1,0.2481,0.2574,-0.0874,-0.5897,0.4227,0.1974,0.443,0.2353
5.1,3.4,1.4,1.6,1.9,16.7,18.0,21.3,43.8,0.4207,0.4616,-0.1511,-0.4076,0.1488,0.4081,-0.0428,0.4583
5.1,1.4,3.8,2.4,1.4,5.9,9.8,24.4,42.1,-0.0588,0.1607,0.0052,-0.1138,0.1295,0.0421,0.8713,0.378
5.1,3.7,1.7,3.0,4.1,16.0,6.3,40.4,42.1,0.2562,0.8038,-0.3133,-0.1494,-0.3126,-0.1492,0.0307,-0.1619
5.1,1.3,3.5,2.9,1.5,10.0,10.3,15.4,38.2,-0.0846,0.9724,0.1733,0.0109,-0.0233,-0.0075,0.0227,0.007
5.1,3.8,2.3,2.0,4.9,12.3,12.5,9.6,26.3,0.4891,0.4111,-0.0341,0.5613,0.1839,0.3369,-0.1522,-0.2814
5.1,2.6,1.4,2.8,4.0,20.9,21.1,33.3,11.3,-0.366,0.2106,-0.3795,0.2346,-0.6015,-0.3325,0.3313,-0.1293
5.1,2.8,2.1,2.5,1.4,4.7,4.1,21.3,12.2,-0.2887,0.5374,0.0072,0.2517,0.0002,-0.2546,0.5584,0.4191
5.1,1.6,3.7,3.6,1.0,4.2,2.7,39.3,5.6,-0.2529,0.2125,-0.262,0.1689,-0.2578,0.1693,-0.2742,-0.7775
5.1,3.3,4.5,5.0,5.0,11.1,18.9,15.0,41.0,-0.0045,0.7485,-0.0474,-0.4638,-0.3477,0.2012,-0.1775,0.1023
5.1,4.3,2.1,4.6,4.5,21.7,12.2,31.0,31.6,-0.5021,0.117,0.4994,-0.2152,0.3442,0.5193,0.0984,-0.1023
5.1,3.8,1.7,4.2,4.9,17.2,11.5,23.7,9.2,0.003,0.5212,-0.324,-0.2414,0.4266,0.2009,0.4466,0.357
5.1,1.5,2.4,2.5,3.9,16.3,12.7,33.8,29.8,-0.1349,0.2257,0.6651,0.2186,-0.0332,0.466,-0.0882,-0.4243
5.1,3.3,3.2,1.5,4.7,15.8,9.5,9.9,13.9,-0.3983,0.1585,-0.1822,-0.185,0.0389,0.1918,0.1569,0.7905
5.1,2.0,3.5,4.4,2.0,5.9,13.3,34.0,33.0,-0.6808,0.3895,0.2795,-0.0784,0.3753,0.0535,-0.0601,-0.3701
5.1,1.3,4.0,3.1,4.2,12.6,2.3,10.2,13.5,0.1395,0.053,-0.6805,0.2284,0.171,0.576,-0.0232,-0.2846
5.1,4.1,3.6,1.8,4.4,16.5,16.2,10.9,14.9,0.3178,0.5668,-0.5864,0.3661,0.0688,0.2035,0.1404,-0.1406
5.1,3.3,1.1,4.9,2.8,19.4,18.8,42.6,36.4,-0.4247,0.2083,0.3412,-0.1425,-0.3837,-0.5838,-0.2434,-0.1802
5.1,4.4,1.8,2.1,3.7,13.8,4.2,37.0,18.5,0.1819,0.6778,-0.0635,0.3558,-0.3593,0.3,0.2686,-0.2624
5.1,1.7,4.6,4.5,4.3,9.3,13.6,34.8,43.5,-0.3091,0.8989,0.0497,-0.1824,0.1886,0.0874,0.0177,0.0114
5.1,1.9,3.7,1.1,1.4,15.7,19.2,29.4,28.3,0.6085,0.3069,0.3941,0.1118,-0.4715,0.2376,0.2562,0.0213
5.1,2.2,3.3,3.6,3.4,19.2,17.0,5.8,12.3,0.2953,0.1673,-0.2733,0.1154,-0.4642,0.5117,-0.5064,-0.2213
5.1,2.7,1.5,4.9,3.1,7.7,11.6,11.0,41.8,-0.8175,0.4133,-0.1772,-0.0635,-0.0073,0.0555,0.1436,0.2971
5.1,3.1,3.1,1.4,4.7,17.7,18.6,42.0,4.4,0.2177,0.4835,-0.3176,-0.3731,-0.3216,-0.3736,-0.2425,-0.3915
5.1,3.1,4.6,2.4,4.0,16.9,19.2,39.6,39.1,0.2087,0.54,-0.0392,-0.4675,0.0404,-0.4794,0.0382,-0.4348
5.1,1.7,4.3,2.5,2.8,3.7,4.9,12.2,27.8,-0.2181,0.0625,0.33,-0.1405,-0.5367,-0.1582,-0.6271,0.3083
5.1,2.5,3.5,2.1,2.5,2.1,3.0,26.0,36.1,-0.2392,0.475,0.1813,-0.3929,0.5915,0.1935,0.3232,0.0857
5.1,3.6,3.6,5.0,3.2,2.8,20.6,10.9,26.5,-0.2587,-0.2136,0.262,0.0698,-0.2564,-0.5061,-0.6322,0.2764
5.1,1.6,4.7,1.8,2.3,8.8,18.3,42.3,13.3,0.2281,0.2061,0.0367,0.0558,0.0366,0.0809,-0.3239,0.7709
5.1,3.0,4.9,2.6,4.1,14.2,11.2,24.8,17.1,0.0101,0.7781,-0.5159,-0.0261,-0.1206,-0.1453,-0.2302,-0.0928
5.1,2.4,3.3,1.9,1.9,9.6,11.7,16.5,27.1,0.178,0.9769,-0.0546,0.0291,-0.0071,0.0084,0.0141,-0.0028
5.1,3.6,4.2,2.7,3.2,21.5,9.1,43.0,11.7,-0.0726,0.4861,0.023,-0.0501,-0.1152,-0.014,-0.8368,-0.1144
5.1,3.3,1.3,2.9,1.1,2.4,14.2,35.1,9.1,-0.434,0.0316,-0.2206,-0.1521,-0.3248,-0.2507,0.2045,-0.7146
5.1,1.6,3.2,3.5,4.9,12.3,11.4,21.6,39.1,0.2316,0.8151,0.2443,-0.1587,-0.2421,0.1579,-0.2526,0.1799
5.1,4.5,1.8,3.8,4.4,4.4,6.1,41.0,4.8,0.0958,0.3709,-0.4151,0.229,-0.4288,0.2333,-0.1908,-0.5757
5.1,3.0,1.4,3.9,4.1,2.5,15.0,7.5,17.7,-0.1939,0.3852,-0.2471,0.4529,0.4467,0.3228,-0.3871,-0.2851
5.1,4.8,4.1,3.2,1.4,8.8,21.0,20.2,21.6,-0.2324,0.9597,-0.021,0.0374,0.0256,-0.0367,0.1132,0.0299
5.1,1.8,4.5,3.8,4.4,3.6,14.2,15.3,31.9,-0.5154,0.3694,0.3384,-0.2488,-0.5437,-0.2675,-0.1582,0.1023
5.1,2.9,2.6,4.5,5.0,18.6,4.6,20.2,29.8,-0.0944,0.2841,0.3651,-0.2549,-0.3823,0.2497,-0.16,0.6776
5.1,2.1,3.7,3.5,4.1,8.4,10.1,6.6,32.1,-0.7173,0.3654,0.1049,0.0484,-0.0157,-0.051,0.2335,0.5001
5.1,2.4,2.0,3.7,1.5,5.1,9.7,35.9,25.3,-0.6327,0.1556,0.05,0.0896,0.0168,0.0781,-0.1597,-0.7173
5.1,4.6,3.0,4.8,2.7,17.8,6.0,39.4,30.4,-0.191,0.0795,0.1315,-0.2029,0.1289,-0.2033,-0.0435,-0.9002
5.1,3.7,1.6,4.4,3.4,5.9,20.0,43.1,39.0,0.0354,0.4793,-0.0969,-0.2781,-0.4193,-0.0419,-0.6857,-0.0412
5.1,3.1,2.7,2.3,3.5,6.6,3.1,13.5,14.1,-0.4036,0.626,0.0265,0.4273,0.1418,-0.354,0.1059,0.3072
5.1,3.2,4.9,4.5,3.5,4.7,9.9,24.0,13.5,0.0712,0.3486,-0.0249,-0.1971,0.2675,-0.0674,0.8282,-0.2115
5.1,4.8,4.6,2.2,3.4,6.4,11.6,25.4,19.7,0.1363,0.5796,0.024,0.1497,-0.2708,0.0651,0.6985,-0.1775
5.1,1.5,1.9,5.0,3.8,21.1,10.6,36.3,28.0,-0.566,0.053,0.217,0.011,0.1545,0.5562,0.0109,-0.5026
5.1,3.8,1.9,1.4,4.5,17.8,17.3,9.2,19.5,0.3869,0.3051,-0.0159,0.6171,0.2715,0.3275,-0.2672,-0.3247
5.1,4.3,2.3,4.7,3.3,11.3,10.8,10.7,19.5,0.1984,0.8388,-0.4453,0.1082,-0.0841,0.081,0.0967,-0.0812
5.1,2.0,2.0,3.9,3.0,9.1,6.9,20.6,35.8,-0.1697,0.9146,0.0776,0.0155,-0.1554,-0.0647,0.1271,0.0062
5.1,2.8,2.1,3.7,4.1,18.5,8.9,33.3,19.9,0.7237,0.5099,-0.1485,0.0613,0.0138,-0.0454,-0.1708,0.2956
5.1,2.6,4.7,4.4,3.6,18.6,16.1,17.8,17.2,-0.1495,0.5076,-0.2367,0.4136,0.3754,-0.3456,-0.2691,0.3825
5.1,1.6,4.6,2.6,3.4,2.3,20.3,21.8,24.5,0.1,0.5681,0.4565,0.1583,-0.4592,-0.1571,0.1831,0.3854
5.1,3.6,3.9,3.4,3.6,10.5,6.0,18.2,18.8,-0.1543,0.8522,0.1596,0.3094,-0.0731,-0.2939,0.071,0.1364
5.1,4.7,4.7,3.8,4.2,15.0,20.8,24.7,38.0,0.017,0.6069,0.0284,-0.4952,0.2996,0.3716,0.2267,0.288
5.1,3.4,1.6,1.5,1.9,4.7,12.1,40.4,23.5,-0.2458,0.5345,0.2462,0.1167,0.2388,0.1197,-0.5649,-0.4035
5.1,4.4,1.7,2.9,2.8,22.0,11.0,9.1,27.9,0.0216,0.0394,0.1562,0.2553,0.265,-0.1573,-0.7501,0.4752
5.1,3.2,2.6,3.6,2.4,16.0,16.7,37.7,31.7,-0.0752,0.4518,0.4792,0.011,0.4992,0.017,0.1736,-0.5069
5.1,4.0,4.9,3.0,3.0,21.0,7.9,12.2,35.1,-0.6601,0.627,-0.0798,-0.0807,0.0295,0.0603,0.22,0.2597
5.1,3.2,2.6,2.7,3.2,2.6,7.1,35.4,38.3,-0.062,0.8558,-0.3618,-0.176,-0.15,-0.1639,-0.0978,-0.1073
5.1,1.2,3.0,1.9,1.0,6.4,21.1,30.3,19.4,-0.0513,0.3996,0.1482,0.5481,-0.28,0.3919,0.3018,-0.4091
5.1,2.0,1.0,3.6,4.2,8.6,6.4,27.1,41.8,-0.6229,0.7264,-0.0119,0.0084,-0.0143,-0.0133,-0.1784,-0.1627
5.1,4.9,4.1,2.4,2.8,3.7,20.0,19.9,20.5,-0.0514,0.4918,0.472,0.258,-0.173,-0.3743,0.3402,0.3836
5.1,4.5,2.4,1.2,4.9,13.6,10.7,29.6,18.6,0.5469,0.8116,-0.1533,0.0987,-0.0027,-0.0035,-0.0175,0.0119
5.1,3.5,3.7,2.9,4.1,6.2,7.3,25.7,12.2,-0.0369,0.1141,-0.2479,0.0188,-0.3387,-0.0445,0.6016,-0.6419
5.1,5.0,4.4,4.4,3.5,8.1,14.1,29.4,34.6,-0.583,0.7909,0.0033,-0.0023,0.0024,-0.0006,-0.1212,-0.0918
5.1,1.7,4.1,3.8,3.5,8.7,19.0,19.2,25.6,-0.3952,0.8915,0.0053,-0.0038,-0.0057,0.0034,0.1767,0.0804
5.1,2.4,1.3,1.5,1.7,16.0,13.5,30.3,16.2,0.2222,0.4919,-0.6172,0.407,-0.1068,-0.2847,-0.1345,0.1633
5.1,4.4,3.4,1.2,2.3,15.7,13.4,34.5,10.6,0.3596,0.3059,-0.3267,-0.2156,0.3994,-0.2986,0.4788,-0.3407
5.1,2.0,2.5,2.4,3.1,15.4,16.1,28.1,38.7,0.2378,0.3724,0.1397,-0.6235,0.2555,0.3521,0.2427,0.3507
5.1,2.9,4.6,5.0,1.2,13.2,7.6,14.8,24.4,-0.0855,0.133,0.0404,-0.0261,-0.0531,-0.0469,-0.7904,-0.5532
5.1,1.9,3.9,4.8,4.3,8.5,17.6,23.2,33.1,0.0868,0.5956,-0.0235,0.0019,-0.0083,0.0334,0.7491,-0.1443
5.1,3.2,1.5,3.8,4.8,4.0,9.0,22.6,43.0,-0.2352,0.1751,-0.0207,-0.0566,0.0117,0.0601,0.5251,0.7747
5.1,3.4,1.5,1.4,3.6,8.0,21.4,8.3,39.2,-0.0768,0.9389,-0.2198,0.0283,0.0699,0.0173,0.2039,0.0367
5.1,2.0,1.1,1.4,1.3,4.1,5.7,6.4,42.4,0.4852,0.4137,-0.3367,-0.1512,-0.4806,0.2808,-0.3375,0.0952
5.1,1.9,3.9,1.5,1.1,2.4,2.5,10.7,36.7,-0.1614,0.5023,0.1582,-0.426,-0.5663,0.1342,-0.3444,0.1883
5.1,1.6,1.0,4.0,4.5,7.0,13.8,37.1,28.7,-0.5673,0.5174,0.3129,-0.0817,0.401,-0.0108,-0.0916,-0.3474
5.1,1.0,4.5,2.7,2.3,14.3,5.9,22.2,13.7,0.0464,0.1032,-0.0614,0.2969,0.0729,-0.3019,0.3412,0.8112
5.1,2.0,2.1,1.8,2.7,4.1,5.4,15.6,30.9,-0.1682,0.342,0.1936,-0.4149,-0.3548,0.3669,-0.1375,0.5894
5.1,1.1,1.1,1.5,1.8,7.6,13.9,12.6,27.9,-0.4471,0.6796,0.3417,-0.1799,-0.0822,-0.1949,0.2977,0.1908
5.1,3.6,4.1,1.2,2.9,10.9,8.7,32.1,18.6,0.3758,0.92,0.0239,-0.0066,0.0057,-0.0009,-0.0146,0.005
5.1,2.0,3.4,4.8,1.1,7.2,2.6,31.7,14.5,-0.8341,0.2603,-0.0993,0.1665,-0.1382,0.1103,-0.0796,-0.387
5.1,1.5,3.3,1.8,4.7,11.9,3.6,37.9,4.5,0.278,0.7022,-0.3343,-0.3371,-0.0695,-0.3828,-0.0418,-0.2017
5.1,2.8,4.2,5.0,1.8,7.0,15.7,7.0,17.3,-0.4799,0.3024,-0.3938,0.1853,0.5593,0.1061,-0.3384,0.1577
5.1,3.0,4.2,4.4,1.8,9.7,8.9,6.3,33.3,-0.036,0.98,-0.0941,-0.0283,0.0197,0.0151,0.0128,0.0007
5.1,4.4,1.7,4.2,2.3,20.1,5.0,41.0,38.0,-0.228,0.6543,-0.0514,-0.3246,-0.2921,-0.3472,-0.2957,-0.2998
5.1,3.8,2.6,1.4,3.0,20.3,7.6,17.0,20.6,0.4401,0.8342,0.2742,-0.0555,-0.098,-0.016,0.0599,-0.0004
5.1,4.8,2.7,3.2,1.3,15.7,7.6,26.3,11.4,0.4588,-0.073,-0.1135,0.0322,-0.0114,-0.1483,0.1557,0.8341
5.1,1.4,1.3,2.6,4.8,13.3,2.9,15.5,14.9,-0.1657,0.3226,-0.2449,0.4709,0.5316,0.2388,-0.4414,-0.1835
5.1,4.3,2.2,4.7,1.1,21.0,9.2,9.7,20.0,0.152,-0.0952,-0.1017,0.1293,0.0871,0.1108,-0.5818,-0.7217
5.1,2.4,3.3,3.6,3.6,10.5,12.5,29.2,14.9,-0.0853,0.6747,-0.6152,-0.237,-0.057,-0.2146,-0.1186,-0.1452
5.1,2.5,1.9,3.3,1.0,13.0,19.8,40.8,25.6,0.3759,0.7233,0.1847,0.2555,0.212,0.2483,0.212,-0.2554
5.1,3.6,4.0,1.7,3.9,8.8,20.2,34.0,14.0,0.1392,0.9848,-0.0077,-0.0007,-0.0042,-0.0018,-0.0473,0.0061
5.1,3.1,3.8,2.8,1.1,9.1,5.7,20.3,14.8,-0.1152,0.9813,-0.0188,-0.0117,0.0171,0.0117,0.1155,0.0146
5.1,1.5,4.8,4.8,3.8,21.9,5.9,40.3,17.7,-0.2926,0.7518,0.1538,0.2035,0.1091,0.216,-0.3801,-0.2174
5.1,3.0,2.5,2.1,1.6,8.8,9.2,35.7,34.9,-0.0578,0.9915,0.0004,0.0002,0.0002,0.0001,-0.0676,-0.0046
5.1,4.0,4.5,3.9,2.1,8.8,18.3,36.6,7.0,-0.3427,0.928,0.0162,-0.0431,0.0328,-0.0347,-0.0821,-0.0332
5.1,3.0,1.3,2.7,4.8,9.9,7.4,19.1,36.0,0.017,0.8069,0.1268,-0.2027,-0.4137,0.0639,-0.2593,0.0798
5.1,4.9,4.0,2.8,2.6,7.1,10.0,30.7,10.6,-0.595,0.7352,-0.0686,-0.0227,-0.0203,-0.0173,-0.2261,-0.1892
5.1,1.0,3.0,2.0,3.9,17.5,4.6,40.1,10.6,0.2753,0.5818,-0.3723,0.1785,-0.3869,0.1792,0.2227,-0.4069
5.1,4.2,3.5,2.6,2.7,17.8,3.3,38.7,24.9,0.0975,0.6074,0.3691,0.1754,0.4239,0.1856,0.2965,-0.355
5.1,1.1,1.1,2.7,4.3,9.8,9.5,40.3,42.0,0.0497,0.9904,0.0347,-0.0009,0.0216,0.0004,-0.02,-0.0011
5.1,3.7,3.6,4.7,4.1,11.6,13.3,17.7,8.8,0.1579,-0.0014,-0.2233,-0.0386,-0.152,0.8513,-0.1805,-0.2618
5.1,4.6,2.5,3.7,4.3,20.3,12.4,4.9,21.1,0.065,0.2762,0.0511,0.4496,0.2355,0.3824,-0.3805,-0.5925
5.1,3.1,3.2,4.6,2.3,3.3,5.9,41.0,31.8,-0.2727,0.4044,-0.0398,-0.1269,0.0167,-0.1579,-0.6732,-0.4925
5.1,2.3,4.4,2.4,2.6,2.4,18.9,25.8,20.5,0.119,0.4649,0.1743,0.4299,-0.4568,-0.1842,0.4981,0.216
5.1,3.0,2.0,4.1,1.0,16.6,21.8,35.0,14.6,-0.2574,0.0616,-0.3478,0.1405,-0.4107,0.0796,0.4674,-0.6108
5.1,1.6,3.7,1.5,2.0,21.3,4.5,26.9,13.2,-0.1911,-0.0254,-0.215,0.0324,-0.5303,-0.5461,0.536,-0.1127
5.1,3.0,4.4,3.0,4.0,10.7,11.0,42.3,4.2,0.2711,0.9356,0.1737,-0.0581,0.0477,-0.0268,0.0539,-0.0267
5.1,3.9,4.4,4.2,4.1,5.1,17.9,33.8,40.7,-0.3908,0.144,-0.6042,-0.143,0.0472,-0.4497,-0.078,-0.445
5.1,1.8,2.5,4.9,4.1,5.4,14.8,14.1,41.8,-0.2849,-0.0188,-0.5285,-0.3197,-0.2073,0.4474,-0.1496,0.4956
5.1,2.8,2.1,3.6,4.7,13.1,16.7,41.5,6.7,0.1491,0.6379,-0.2648,-0.3818,-0.295,-0.3729,-0.0826,-0.3266
5.1,3.5,2.3,5.0,2.0,21.2,7.9,18.6,14.7,-0.6889,0.3645,0.0129,0.0833,-0.0098,-0.0819,0.2722,0.5401
5.1,3.5,2.7,2.0,4.1,18.4,19.5,23.3,15.0,0.4927,0.4556,-0.2208,0.3302,0.3113,-0.4189,0.1798,0.2595
5.1,4.2,3.7,4.5,4.7,16.6,21.2,29.2,32.9,-0.2972,0.0801,0.4527,-0.3,0.5048,0.3943,0.4,0.1022
5.1,2.7,3.2,1.2,4.9,6.6,4.8,26.1,38.8,0.4266,0.6938,-0.0672,-0.1439,0.2974,-0.1993,0.3357,-0.2252
5.1,3.7,2.4,4.9,4.6,8.6,4.1,14.2,26.4,-0.4627,0.8711,0.0032,0.0846,0.0304,-0.0568,0.0636,0.0405
5.1,1.2,1.6,2.0,2.3,4.6,9.8,15.6,5.4,-0.0239,0.0078,-0.028,-0.1369,-0.065,0.1209,-0.4788,0.8443
5.1,1.8,4.1,4.3,3.2,14.3,14.3,26.9,43.6,0.1931,0.3226,-0.2014,-0.4595,0.4769,0.2102,0.4358,0.3447
5.1,2.5,2.3,1.6,4.4,17.8,9.8,14.5,23.5,0.6905,-0.1222,-0.0855,0.2526,0.0443,0.1343,-0.1756,-0.5715
5.1,1.2,2.2,3.4,4.5,8.3,9.8,10.4,35.6,-0.2744,0.3882,0.2463,-0.4374,-0.5089,0.0114,-0.394,0.0932
5.1,2.6,4.6,3.1,2.5,11.1,12.0,7.5,4.2,0.3605,0.8821,0.2281,-0.1153,0.065,-0.0567,0.0645,-0.0524
5.1,3.5,2.4,2.5,4.0,18.6,16.5,33.6,28.6,-0.017,0.0742,0.7009,-0.075,0.0868,0.6546,-0.066,-0.1395
5.1,4.7,2.6,1.4,3.2,2.3,17.2,39.2,5.1,-0.3415,0.1037,-0.182,0.0913,-0.5982,-0.5751,-0.0254,-0.0919
5.1,4.2,2.6,4.2,4.1,13.4,15.5,11.2,9.8,0.4061,0.2549,-0.4733,-0.3862,-0.4186,0.4294,-0.1232,0.068
5.1,3.5,2.8,1.6,1.7,2.9,15.3,27.3,37.7,0.1495,0.3763,0.1078,-0.6108,0.3621,0.3236,0.2936,0.3088
5.1,3.7,1.3,4.2,4.8,12.5,13.2,34.8,41.7,0.1153,0.6103,-0.057,-0.4579,0.4613,-0.156,0.3468,-0.14
5.1,2.5,3.3,1.3,2.2,12.5,16.7,43.3,17.4,0.3381,0.3467,-0.4316,-0.1959,0.0597,0.4782,0.2178,0.3331
5.1,4.0,2.0,2.7,4.7,16.6,4.4,30.4,19.8,0.0886,0.5767,0.0703,0.5057,-0.4676,0.1234,0.3714,-0.1088
5.1,2.4,2.8,1.2,4.7,16.7,13.0,33.5,10.2,-0.0521,0.3289,-0.5613,-0.2546,-0.0982,-0.4019,-0.1576,-0.5303
5.1,4.6,4.2,1.7,1.2,4.2,13.9,41.1,12.1,-0.2097,0.8168,-0.1819,0.0254,-0.1907,0.0263,-0.4242,-0.1518
5.1,4.9,4.2,1.3,4.8,4.9,10.4,34.0,25.2,-0.4785,0.6065,0.2035,0.0564,0.0874,0.0802,-0.4121,-0.3777
5.1,4.4,4.7,1.8,3.3,14.9,12.2,6.9,27.6,0.6495,0.1294,-0.0646,0.4029,0.0573,0.2895,-0.0862,-0.5207
5.1,1.1,1.3,3.5,4.8,5.4,2.5,25.3,23.0,0.0779,0.613,0.2789,0.2411,-0.4796,-0.1227,0.4208,0.2121
5.1,4.9,2.5,2.6,3.6,10.5,4.5,28.7,24.6,0.2096,0.9235,0.0445,0.2129,-0.1938,0.084,0.0425,-0.0201
5.1,4.7,4.4,1.1,3.0,8.7,3.7,36.2,35.7,0.3702,0.9246,-0.017,0.0035,-0.0068,0.0003,-0.029,0.0112
5.1,2.3,3.6,2.7,3.4,11.2,18.7,33.8,10.6,0.4003,0.6235,-0.4444,-0.2996,0.0532,-0.3577,-0.0691,-0.087
5.1,4.5,2.3,2.0,1.5,15.1,18.2,31.8,38.3,0.1564,0.3621,0.1166,-0.6273,0.3503,0.3017,0.322,0.2934
5.1,3.8,3.4,4.1,4.9,6.8,19.3,33.1,9.6,-0.6755,0.5272,-0.1879,0.2038,-0.2991,0.0604,-0.1061,-0.269
5.1,3.8,2.9,1.8,4.5,3.3,18.2,11.1,9.3,-0.0962,0.2269,-0.7191,-0.0023,0.0813,0.488,0.1961,0.3522
5.1,1.5,3.5,1.6,2.1,10.6,14.4,23.2,36.6,0.5176,0.6718,0.071,0.1325,-0.2604,0.2441,0.1808,-0.1954
5.1,3.5,1.6,1.4,3.0,17.9,8.1,28.4,22.7,0.6071,0.6774,0.359,-0.0113,0.098,0.0919,-0.0746,0.0166
5.1,1.1,3.1,1.6,1.3,4.7,14.2,14.4,12.9,-0.4836,0.4245,-0.3761,0.2309,0.2463,0.3672,0.2673,0.3266
5.1,4.4,1.2,3.2,3.9,6.5,12.7,38.1,22.1,-0.4127,0.7014,0.2829,-0.1376,0.0796,0.2633,-0.3273,-0.1615
5.1,2.6,4.0,4.9,1.5,15.5,3.0,16.8,29.7,-0.0592,0.1143,0.299,-0.0009,-0.3408,-0.0395,-0.6164,0.614
5.1,2.9,4.2,2.8,2.3,21.0,8.9,7.9,18.6,0.2696,0.9373,-0.133,0.0035,0.0204,0.0088,0.0193,-0.0052
5.1,4.5,1.7,1.4,4.6,3.4,3.3,10.2,33.1,-0.0454,0.5138,0.0609,-0.502,-0.5815,-0.0748,-0.3374,-0.0356
5.1,1.9,2.4,1.5,2.0,20.7,8.7,30.9,43.9,0.3056,-0.2831,-0.019,0.0799,-0.043,-0.0375,0.6321,0.5774
5.1,3.8,1.4,4.4,1.5,21.4,15.3,6.0,30.6,-0.0396,0.225,0.067,-0.147,0.2113,-0.3148,-0.7726,-0.4079
5.1,1.2,2.1,4.0,1.8,12.8,3.3,12.1,24.0,0.5444,0.2071,0.3689,0.1939,0.3342,-0.4642,0.0485,-0.3429
5.1,1.6,3.3,1.5,1.1,3.0,3.1,6.7,20.7,0.2546,0.5779,0.2382,0.303,0.4855,-0.0209,-0.4506,0.0076
5.1,3.8,1.0,2.4,2.5,21.3,4.5,18.9,23.6,-0.1112,0.5242,0.3935,0.2072,-0.4881,-0.2312,-0.1097,0.4365
5.1,1.3,4.2,1.5,3.4,2.7,6.7,20.4,29.4,0.0936,0.1002,0.0154,-0.2963,-0.0308,0.3,0.1227,0.8705
5.1,1.3,4.7,2.8,3.5,15.0,9.1,24.7,13.3,-0.0811,0.4413,0.0256,-0.0921,0.1682,0.016,0.8449,0.1489
5.1,2.5,1.8,2.9,2.1,13.4,5.4,29.0,9.4,0.6934,0.1634,-0.3863,-0.1136,0.125,-0.3909,-0.0713,0.3615
5.1,5.0,2.8,3.5,4.3,20.4,17.9,16.3,20.7,-0.0386,0.3407,0.2652,0.5302,0.1968,-0.4292,-0.1967,0.5009
5.1,1.5,1.0,3.9,2.7,4.9,17.6,38.3,13.3,-0.3746,0.4126,-0.2635,0.3066,-0.2679,0.305,-0.1784,-0.5596
5.1,3.9,4.2,4.2,3.4,20.3,16.5,13.0,32.1,-0.4903,0.1669,0.4035,-0.1976,-0.5559,-0.2782,-0.2795,0.2117
5.1,2.8,4.1,4.5,1.3,18.9,13.9,30.4,34.0,-0.4173,-0.1869,0.3249,0.0265,0.1805,0.5856,0.3644,-0.3766
5.1,2.7,2.3,3.5,3.9,6.9,3.7,13.7,34.9,-0.5892,0.497,-0.0962,-0.3988,-0.052,0.3048,0.0909,0.3481
5.1,2.2,2.8,4.8,4.9,17.6,16.8,22.1,37.2,-0.0154,0.4539,-0.0063,-0.4468,-0.144,0.5119,0.175,0.4885
5.1,2.2,4.4,4.8,2.5,8.2,6.5,38.6,26.9,-0.4379,0.7925,-0.0062,-0.0133,-0.0069,-0.0134,-0.354,-0.1925
5.1,3.9,4.8,2.2,1.5,15.8,7.1,34.7,24.0,0.7325,0.0185,0.1562,-0.1168,0.0283,0.0963,0.0234,0.5965
5.1,3.3,3.5,3.4,1.9,16.7,8.5,42.9,31.3,-0.0348,0.0377,-0.0009,0.0011,0.0036,0.0017,-0.6319,-0.7486
5.1,3.3,2.6,2.7,3.3,16.9,18.9,21.2,16.9,0.2691,0.5186,-0.2292,0.4151,0.248,-0.4231,0.0703,0.4141
5.1,3.0,4.8,4.0,3.0,6.2,19.9,38.6,35.6,-0.3884,0.6408,-0.0922,-0.2833,-0.0915,-0.2822,-0.3499,-0.3492
5.1,3.4,3.8,1.9,3.2,10.6,17.5,32.7,4.8,0.3357,0.8182,-0.0095,-0.3645,0.1863,0.178,0.0606,0.0581
5.1,5.0,1.0,4.9,5.0,12.9,19.7,32.3,27.7,0.3664,0.4335,0.4951,0.4195,-0.2386,0.404,-0.0689,-0.0529
5.1,4.0,3.1,2.5,4.1,18.9,5.8,23.5,39.6,0.2331,0.8054,-0.2282,-0.1689,0.3701,0.0812,0.2241,0.0604
5.1,1.7,3.9,2.0,1.4,2.1,17.7,14.4,38.2,0.013,0.5576,0.034,-0.4449,-0.4438,0.247,-0.391,0.2402
5.1,5.0,2.8,1.4,2.2,10.4,4.0,13.3,21.4,0.374,0.8587,0.0845,0.2263,0.2275,0.0254,-0.0529,-0.007
5.1,2.5,4.5,2.4,3.9,17.6,10.5,23.4,12.2,-0.0875,0.6159,-0.1575,-0.1165,0.2553,0.0583,0.6757,0.1754
5.1,2.2,1.8,3.2,1.0,4.5,11.6,12.4,39.1,-0.0769,0.2954,0.0927,-0.4574,-0.4508,0.0984,-0.6416,0.1633
5.1,2.3,2.0,4.3,3.4,19.2,17.4,33.6,19.1,-0.1536,0.4047,-0.0558,0.5426,-0.3755,0.3145,0.3816,-0.3343
5.1,3.6,4.5,3.4,3.9,15.7,13.5,32.2,22.6,0.1167,0.3064,0.1404,0.4944,-0.4793,-0.0494,0.6043,0.0774
5.1,2.8,1.3,3.7,1.7,9.7,14.2,21.4,23.2,-0.2558,0.9158,-0.1737,0.0878,0.0423,-0.1091,-0.0961,-0.0204
5.1,3.2,3.1,4.4,2.0,20.4,18.6,23.2,13.9,-0.0586,0.2875,-0.0517,0.2546,0.1937,-0.3658,0.6484,0.4845
5.1,4.5,3.1,1.2,4.9,11.3,21.8,17.4,30.4,0.5249,0.7935,0.2654,-0.0529,-0.1027,-0.0207,0.0463,0.0025
5.1,1.7,4.2,2.3,5.0,2.9,6.7,26.9,24.4,0.699,0.2705,0.3277,0.0921,-0.139,0.4384,-0.0886,0.2687
5.1,3.6,1.4,3.1,1.0,13.0,18.3,31.0,36.5,0.0691,0.004,0.5521,-0.2817,0.253,0.5102,0.1921,0.4424
5.1,2.4,1.5,1.2,3.6,12.6,2.3,34.9,19.5,0.2761,0.4966,0.1744,0.4935,-0.453,-0.1421,0.3689,0.1142
5.1,1.5,4.7,4.0,1.3,16.5,16.2,24.2,34.0,0.147,0.1946,0.2546,-0.2014,-0.3965,0.3253,0.6425,0.3611
5.1,1.8,3.0,2.3,1.4,18.5,16.6,14.0,25.8,0.1968,-0.0003,0.3131,-0.0237,0.2838,-0.6469,-0.5431,0.2021
5.1,3.6,3.1,4.4,4.9,18.9,12.5,20.4,40.0,0.0623,0.3092,-0.0858,-0.4309,-0.1341,0.4811,-0.0881,0.6379
5.1,3.2,3.8,1.6,1.8,19.0,8.7,19.1,37.3,0.065,0.9746,-0.0189,-0.0005,0.0118,0.0016,0.1368,-0.0015
5.1,4.5,1.1,4.3,4.9,8.1,5.6,11.6,19.7,-0.5373,0.8265,0.0001,0.0049,0.0015,0.0008,0.1123,0.0747
5.1,5.0,2.4,3.8,4.2,6.3,9.2,33.3,34.0,-0.4601,0.8221,0.2218,0.0656,0.0557,0.0408,-0.133,-0.0964
5.1,4.7,4.2,1.1,4.6,17.8,15.0,17.1,28.7,0.0665,0.6372,0.5888,-0.0541,-0.2178,-0.1849,0.3241,0.162
5.1,2.6,1.9,2.5,3.4,7.9,17.7,28.3,14.3,-0.4677,0.7401,-0.1386,0.2348,-0.2927,0.1075,-0.1259,-0.173
5.1,1.9,3.6,2.5,4.9,2.1,5.6,5.7,11.3,0.1606,0.1256,0.0152,0.3101,-0.1097,0.4976,-0.5365,-0.5507
5.1,4.6,3.9,3.4,4.6,3.0,6.3,22.3,21.9,0.4398,0.6209,0.3566,-0.0509,-0.3805,0.06,-0.1245,0.3217
5.1,3.4,4.0,3.5,1.4,10.9,5.1,24.1,14.3,0.3775,0.8737,-0.1036,-0.0728,0.2206,-0.0036,-0.0815,0.0641
5.1,1.7,3.0,4.6,1.0,2.7,4.3,16.1,31.9,-0.5754,-0.0023,0.1474,-0.1581,-0.173,0.134,-0.0883,0.7448
5.1,2.4,2.3,1.3,4.3,18.9,16.0,14.0,35.4,0.3065,0.3383,0.1151,-0.6551,-0.2915,-0.3029,-0.2273,-0.3028
5.1,2.6,4.9,3.5,1.1,20.6,21.2,5.7,24.5,0.2101,0.08,0.2803,-0.1696,0.3576,-0.2211,-0.4279,-0.6776
5.1,3.3,4.6,2.0,4.6,18.0,11.6,41.9,8.8,-0.0836,0.2964,-0.2378,-0.2659,-0.25,-0.258,-0.5138,-0.5966
5.1,3.6,4.0,2.4,4.8,13.2,8.2,24.9,36.8,-0.0286,0.923,-0.0656,-0.2122,-0.0059,-0.2068,-0.0844,-0.0636
5.1,3.1,3.9,4.4,2.2,18.5,16.8,6.6,21.2,0.1283,0.4066,0.1551,0.4588,0.4331,0.2858,-0.4086,-0.3627
5.1,2.7,2.4,3.1,3.6,7.1,13.3,17.4,15.5,-0.3705,0.6385,-0.0304,0.4091,0.1206,-0.3785,0.1141,0.3197
5.1,4.9,1.6,4.8,2.1,10.7,18.6,34.2,10.4,0.1742,0.9121,-0.137,-0.2404,0.0381,-0.1931,-0.0526,-0.0325
5.1,1.0,2.3,3.9,4.0,10.7,6.7,37.7,29.3,-0.1209,0.6681,0.1748,0.0235,0.2632,0.0933,0.6121,0.0525
5.1,4.7,1.9,2.9,2.0,12.8,15.4,34.6,38.4,-0.049,0.6202,0.0238,-0.4123,0.4608,0.1534,0.3903,0.1322
5.1,3.6,4.1,3.5,4.8,6.8,4.0,23.8,23.4,0.0345,0.559,0.104,-0.2564,-0.1867,0.326,0.6523,0.1405
5.1,1.6,3.7,2.2,2.0,8.1,2.3,25.6,43.2,-0.5478,0.1315,-0.2207,0.0733,-0.0503,-0.3067,-0.1409,-0.6712
5.1,3.2,3.4,2.6,2.8,14.1,7.6,15.1,30.1,-0.0052,0.186,0.0575,-0.103,-0.1648,-0.0156,-0.9406,-0.0144
5.1,3.6,4.2,2.2,4.3,4.9,11.1,4.8,12.7,0.2463,0.6873,-0.1053,-0.0578,-0.2397,0.0828,-0.5892,0.1805
5.1,1.3,2.4,1.6,4.6,7.8,17.7,14.9,16.1,-0.0724,0.5885,0.1211,0.5078,0.1716,-0.4463,-0.0674,0.35
5.1,4.5,1.5,3.9,1.6,14.2,16.2,33.5,36.3,-0.2844,0.3342,0.3263,-0.2614,0.5458,0.1317,0.5322,0.0308
5.1,3.9,2.3,4.0,1.4,12.6,13.8,21.6,33.1,0.174,0.6272,0.3671,0.2401,-0.3857,-0.2373,-0.1537,0.367
5.1,4.8,4.9,4.3,3.3,15.0,3.0,7.4,23.1,0.4427,0.6669,0.2324,0.2612,0.4469,0.0314,-0.0618,-0.1308
5.1,1.0,2.5,3.4,1.3,17.4,5.2,27.3,41.7,0.535,0.4106,-0.3094,-0.2499,0.4746,-0.2779,0.0344,0.1775
5.1,1.6,3.2,4.3,3.8,10.1,2.5,42.8,43.3,-0.0331,0.9167,-0.0409,-0.2395,-0.2147,-0.1727,-0.0566,-0.0572
5.1,1.1,3.8,5.0,3.1,21.8,16.3,29.6,38.9,-0.0963,0.3484,0.0534,-0.5464,0.4813,-0.0681,0.5521,-0.0381
5.1,2.1,2.4,3.7,2.5,16.3,19.8,11.2,32.3,-0.2961,-0.0352,0.3954,-0.074,-0.4716,-0.4755,-0.5232,0.0587
5.1,3.6,3.7,2.6,3.4,4.0,13.0,33.6,27.8,-0.4931,0.2717,0.49,0.0948,0.0282,0.2874,-0.2045,-0.5345
5.1,3.0,4.7,1.1,2.3,15.3,7.5,32.2,15.1,0.0872,0.1617,0.0286,0.2065,-0.1994,0.144,0.7189,-0.5425
5.1,3.5,1.6,2.0,3.2,4.7,6.8,30.1,30.5,-0.2822,0.2455,0.2535,-0.3686,0.4822,-0.2119,0.2672,-0.5334
5.1,4.6,2.2,4.5,2.4,8.2,8.0,20.2,9.9,-0.4014,0.8851,1.4585e-06,0.0002,-1.7535e-05,-0.0002,0.1976,0.0899
5.1,2.5,2.5,3.5,4.8,18.6,16.3,26.5,39.8,0.0776,0.439,-0.0635,-0.4998,0.4044,0.2811,0.4355,0.3058
5.1,3.7,1.4,3.0,4.1,14.1,16.0,22.2,31.8,0.3016,0.6926,0.4097,-0.0333,-0.4313,0.0411,0.0733,0.2276
5.1,2.9,4.5,4.4,3.2,7.7,21.4,26.3,4.5,-0.7872,0.166,-0.1042,0.0354,-0.1103,-0.1481,-0.0894,-0.519
5.1,1.2,3.9,1.9,1.1,16.6,11.1,16.2,17.3,-0.1062,0.8762,-0.394,0.0759,0.0619,0.0645,0.1556,0.0443
5.1,1.1,3.4,2.2,4.0,8.3,16.4,32.6,12.9,-0.3813,0.7631,-0.1311,0.2899,-0.3697,0.0648,-0.0419,-0.1102
5.1,4.2,3.5,3.3,4.9,5.8,17.8,12.5,24.8,-0.5337,0.2199,0.5598,-0.0741,-0.0561,-0.3983,0.1517,0.3822
5.1,4.9,3.2,4.7,4.1,15.1,2.1,42.7,23.1,0.2478,0.7007,0.246,0.3125,0.4058,0.2289,-0.0941,-0.2124
5.1,4.3,4.2,4.6,4.3,3.4,21.5,13.7,15.0,-0.4903,0.2438,-0.1896,0.4658,0.3654,-0.2812,-0.201,0.4273
5.1,1.6,1.2,3.9,3.1,18.4,13.0,7.0,6.5,0.17,0.3347,-0.2825,-0.3224,-0.5319,-0.1,-0.5463,-0.2698
5.1,4.6,3.4,2.7,4.8,10.5,10.9,13.9,6.9,0.3647,0.8846,0.2253,-0.1256,0.0395,-0.0407,0.0284,-0.0292
5.1,1.7,4.9,3.5,4.1,6.9,16.6,43.9,21.5,0.006,0.5026,0.161,0.1978,0.3715,0.0234,-0.7106,-0.1076
5.1,3.9,3.0,2.0,4.0,10.0,3.0,43.8,10.8,0.2931,0.9292,-0.0601,-0.0807,-0.1713,0.008,-0.0345,0.0017
5.1,1.5,4.7,2.6,1.8,3.3,3.5,8.8,29.4,-0.0919,-0.1374,0.0748,0.0485,-0.1722,-0.4983,-0.7818,0.242
5.1,2.1,4.5,4.7,2.9,19.6,12.4,27.0,36.3,-0.1313,0.3043,0.5316,-0.4357,0.1904,0.4627,0.0595,0.3539
5.1,2.5,3.7,3.9,3.3,13.7,19.5,18.3,15.2,-0.084,0.5308,-0.3904,0.2458,0.457,-0.2217,-0.2513,0.4034
5.1,4.9,3.9,4.1,1.9,13.6,12.7,18.8,14.8,-0.3717,0.5321,-0.3563,-0.1238,0.5049,0.2288,-0.2414,0.2248
5.1,2.6,2.9,3.4,4.1,9.8,12.1,21.8,32.8,0.0194,0.8996,0.2153,0.134,-0.2647,-0.1228,0.144,0.0797
5.1,4.8,4.2,1.3,1.2,9.2,17.1,35.6,38.7,0.2994,0.9495,0.0375,-0.0131,0.0075,-0.0016,-0.0191,0.0055
5.1,2.4,1.0,2.7,3.2,6.7,4.6,24.4,25.7,0.1665,0.3098,0.0961,-0.2146,-0.2128,0.4083,0.7587,-0.0734
5.1,4.9,4.2,3.5,3.1,10.7,4.5,17.3,42.0,0.0826,0.9445,-0.1472,-0.1914,0.0277,0.1699,0.0069,0.0383
5.1,4.7,4.2,1.5,4.4,14.7,9.1,6.4,17.3,0.1373,0.965,-0.1051,0.0133,0.0551,0.0017,0.1157,-0.0054
5.1,2.7,3.8,1.6,1.7,13.4,4.6,9.6,22.7,0.5139,0.7086,0.1823,0.2492,0.2707,-0.2089,-0.0803,0.0606
5.1,4.9,2.7,3.9,1.6,10.4,6.4,16.9,18.5,-0.3093,0.7354,-0.0159,0.407,0.1446,-0.3415,-0.0295,0.1867
5.1,4.9,4.4,3.0,4.2,17.5,6.5,31.1,25.1,0.6428,-0.0419,0.3716,-0.1574,0.0856,0.2434,0.0662,0.5525
5.1,4.7,4.3,1.0,1.0,17.8,18.2,36.1,8.0,0.5426,0.0179,-0.3493,0.0779,0.2725,-0.6191,0.2792,-0.0645
5.1,4.5,3.6,4.0,1.1,15.5,19.2,12.1,12.7,0.019,-0.1787,-0.1819,-0.0487,0.0826,0.5305,-0.7301,-0.2988
5.1,2.5,3.2,3.6,3.6,11.5,7.8,4.3,14.9,-0.1362,0.2211,0.0925,0.034,-0.0069,0.2947,-0.7098,-0.5404
5.1,3.9,2.4,4.3,2.0,14.9,9.7,15.6,39.1,0.2805,0.0717,0.2349,-0.3225,-0.0849,-0.2774,-0.194,-0.7279
5.1,2.2,3.4,4.1,4.2,8.2,9.8,25.0,6.2,-0.4486,-0.0547,-0.0268,-0.0685,0.0113,-0.0542,0.1751,-0.8284
5.1,2.0,4.7,1.7,2.3,8.7,21.7,25.2,7.9,-0.2272,0.9342,0.0039,0.0411,-0.0605,-0.0303,-0.2027,-0.0554
5.1,3.1,4.4,2.4,2.5,11.9,3.5,18.7,36.1,0.1683,0.7159,0.2473,-0.2269,-0.3834,0.2071,-0.2619,0.262
5.1,2.8,3.0,1.5,1.9,8.9,8.5,22.9,4.0,-0.2404,0.2841,-0.0102,-0.0064,-0.012,-0.0064,-0.3838,-0.7012
5.1,2.8,3.0,3.0,2.0,3.3,3.1,26.4,12.9,-0.1134,-0.057,-0.0963,-0.0798,-0.2051,-0.5308,0.7383,-0.2767
5.1,1.1,2.2,2.1,2.5,6.9,4.9,6.3,23.3,0.3941,0.2384,0.3479,0.0099,0.477,-0.4672,-0.4432,0.0445
5.1,1.6,1.3,3.5,4.0,6.2,5.7,19.0,8.0,-0.3619,0.3354,-0.3236,0.2719,0.3626,-0.2566,0.038,0.6052
5.1,3.6,2.2,2.7,4.1,15.5,19.0,32.0,29.4,0.275,0.125,0.7271,0.0617,-0.0185,0.5815,-0.0698,-0.0077
5.1,2.0,1.9,1.2,1.5,13.4,7.0,27.4,16.9,0.2512,0.0077,-0.1683,0.5285,-0.3123,-0.2718,0.4136,0.4865
5.1,3.1,4.3,1.4,4.6,14.4,9.6,11.6,14.2,-0.4931,0.5197,-0.2475,-0.1069,0.1019,0.1249,0.3606,0.4505
5.1,1.9,3.5,2.6,4.0,14.5,21.4,14.7,5.7,0.3571,0.4808,-0.4859,-0.3652,-0.1488,0.4483,0.0057,0.1849
5.1,4.3,2.6,2.8,1.5,19.5,3.7,20.6,19.0,-0.1506,0.5892,0.1409,0.4337,-0.1636,-0.4296,0.1761,0.4043
5.1,3.1,2.1,1.1,2.7,10.0,15.3,10.0,18.7,0.4736,0.8675,-0.1088,0.0633,0.0057,-0.0012,0.0108,-0.0051
5.1,3.8,2.7,3.7,1.9,17.3,13.7,37.2,18.6,0.0314,0.5792,-0.2405,0.3407,-0.3576,0.3002,0.3608,-0.3484
5.1,4.7,2.9,4.6,2.8,8.9,21.4,30.7,43.5,-0.3936,0.9032,0.0267,-0.0944,0.0785,-0.0369,-0.0375,-0.0237
5.1,1.3,4.3,4.3,3.0,12.5,11.8,31.4,5.1,0.0573,0.2121,-0.063,-0.463,0.4129,0.1685,0.6272,0.3388
5.1,1.2,4.6,3.4,1.3,7.9,8.1,8.7,21.0,-0.5452,-0.1732,0.0218,-0.0673,-0.0405,0.0484,-0.2715,0.7346
5.1,1.6,2.6,4.3,4.3,2.8,12.1,27.0,43.0,0.0452,0.2655,-0.1347,-0.3563,0.4317,0.058,0.7361,0.1659
5.1,1.5,2.7,3.9,1.6,12.9,13.5,23.9,9.2,0.2752,0.2927,-0.2897,-0.3471,0.42,0.2767,0.2015,0.5657
5.1,1.7,4.3,2.4,1.4,19.7,11.3,13.9,9.7,-0.0816,-0.0329,-0.0872,-0.1919,-0.1123,0.1566,-0.5874,0.7399
5.1,2.9,2.2,2.2,1.5,18.5,11.9,12.0,14.2,-0.266,0.0829,-0.588,-0.1588,-0.0639,0.4577,0.0235,0.5546
5.1,1.4,1.4,1.4,4.0,12.2,4.3,23.8,35.9,0.6705,0.4741,0.134,-0.1075,-0.2814,0.4024,0.0646,0.049
5.1,3.0,2.5,1.8,2.1,12.1,4.3,34.9,14.0,0.6601,0.2462,-0.4347,0.2245,-0.0899,-0.2176,-0.1035,0.3888
5.1,4.0,2.8,4.6,4.0,6.5,16.5,42.1,30.6,0.0359,0.4294,-0.0283,-0.142,0.0819,-0.274,-0.8187,0.0172
5.1,2.4,3.0,3.2,2.8,11.5,9.1,43.5,43.4,0.4353,0.8794,0.0856,-0.0087,-4.1349e-05,-0.0096,0.0925,-0.049
5.1,3.0,4.7,1.6,2.0,5.6,6.7,5.0,39.9,0.5767,0.6861,-0.1544,-0.012,-0.3011,0.1556,-0.1305,0.0295
5.1,2.6,4.5,3.1,1.5,4.1,13.7,13.9,15.3,-0.5829,0.4071,-0.3282,0.2467,0.4272,0.3028,0.0165,0.1895
5.1,2.9,4.4,3.4,2.6,13.8,5.9,28.2,29.3,0.53,-0.124,0.3082,-0.0127,0.029,0.3775,0.1596,0.6312
5.1,4.9,1.4,3.4,2.8,17.1,17.7,17.2,40.9,0.3182,0.4397,-0.2307,-0.4316,-0.3072,0.4559,-0.0945,0.3392
5.1,1.4,4.0,3.9,3.8,8.0,19.3,4.1,28.9,-0.1499,0.69,-0.0022,-0.1554,0.0515,-0.186,-0.6297,-0.1799
5.1,2.1,4.3,1.3,3.6,2.5,5.5,18.8,6.5,0.2273,0.687,-0.1737,0.1382,0.4012,-0.1222,-0.4099,0.2568
5.1,4.2,2.9,1.1,4.1,13.3,14.8,18.6,18.4,0.409,0.3701,0.0236,0.5468,0.2475,0.3472,-0.2189,-0.3428
5.1,3.0,2.4,4.9,2.4,20.9,3.4,32.5,35.1,-0.5269,0.1531,0.221,-0.4007,0.3384,-0.2681,0.2134,-0.4858
5.1,3.7,1.9,4.8,4.8,21.6,7.0,20.0,33.7,-0.5339,0.504,-0.0406,-0.2578,0.0274,0.2537,0.3082,0.4653
5.1,4.5,1.8,4.6,2.8,16.2,9.1,33.3,31.8,-0.411,-0.1808,0.0042,0.1641,-0.0657,0.1089,0.3993,-0.7406
5.1,1.9,2.4,1.1,4.3,6.1,9.4,35.2,42.7,-0.0021,0.0279,-0.0301,-0.0587,0.0206,-0.0617,0.3299,-0.8895
5.1,1.2,1.6,4.7,4.7,6.4,11.3,39.4,26.8,-0.55,0.4855,0.2607,0.1512,0.2738,0.1572,-0.2249,-0.4513
5.1,2.5,4.5,3.6,2.7,11.8,2.5,40.5,13.4,0.3931,0.6115,-0.3936,0.0399,-0.4031,0.0434,0.1162,-0.3398
5.1,2.5,3.9,4.0,3.2,20.3,5.2,28.3,22.9,0.4859,-0.009,0.4377,0.1175,-0.2464,0.5741,0.1083,0.3381
5.1,3.8,2.0,1.7,3.9,16.5,16.7,41.8,19.9,0.3306,0.4185,-0.2611,0.3016,0.0101,0.4433,0.2321,-0.2082
5.1,1.2,1.7,2.5,3.6,6.2,8.4,20.3,31.8,-0.452,0.6829,-0.056,-0.0615,0.0521,0.0614,0.45,0.3124
5.1,1.2,2.2,1.7,3.0,18.5,12.3,31.8,38.4,0.4484,0.2782,0.2014,-0.5903,0.1369,0.3215,0.1455,0.3863
5.1,4.1,2.3,3.9,3.5,6.2,12.0,20.1,22.6,-0.4613,0.6676,0.166,0.0817,-0.1701,-0.0825,0.3938,0.3249
5.1,1.1,2.9,3.6,1.2,18.2,7.6,34.6,13.2,-0.4014,-0.0783,-0.0391,0.1177,-0.0631,0.1011,0.2148,-0.8566
5.1,4.8,2.5,1.2,4.7,2.3,20.7,25.4,43.7,0.4346,0.6614,-0.2642,-0.0056,0.3632,-0.1279,0.3606,-0.0912
5.1,2.8,2.1,2.9,2.7,12.4,19.3,6.9,13.7,0.5253,0.3117,-0.4097,-0.2635,-0.3693,0.4805,-0.0541,0.0119
5.1,2.3,3.8,4.0,2.0,2.2,15.0,24.6,25.3,0.0673,0.2362,0.2933,0.1574,-0.4412,-0.0318,0.692,0.3691
5.1,3.7,2.3,3.8,3.1,13.4,12.0,43.0,8.9,0.2598,0.3654,-0.1667,-0.4677,-0.3231,-0.379,-0.2335,-0.4755
5.1,1.2,3.2,2.3,2.6,10.5,10.5,35.9,12.2,0.0466,0.4641,-0.1476,-0.3225,0.392,0.1302,0.5807,0.2251
5.1,3.6,1.5,3.0,3.9,9.8,7.9,22.4,35.8,0.422,0.5943,0.2387,-0.2366,-0.3462,0.2999,0.1101,0.2146
5.1,2.0,4.0,2.1,1.6,3.0,6.3,11.2,6.1,-0.0692,0.025,-0.2091,0.1374,0.3748,0.1143,-0.8707,0.0806
5.1,3.9,2.8,1.6,1.4,14.4,6.6,26.4,14.2,0.7587,0.1911,-0.3293,0.0323,-0.0366,-0.283,-0.0985,0.4029
5.1,3.8,4.8,4.8,4.4,18.5,9.7,35.4,27.1,-0.3664,-0.0539,0.0621,0.2568,-0.064,0.2001,0.2663,-0.8051
5.1,2.3,4.7,2.7,2.0,4.9,14.8,4.3,30.6,0.069,0.4976,0.2528,-0.0396,0.3144,-0.0917,-0.7481,-0.065
5.1,1.6,3.1,1.4,3.6,19.3,18.3,7.7,19.6,0.2844,0.3383,0.073,0.5821,0.3545,0.3052,-0.3487,-0.3209
5.1,2.4,3.8,3.6,4.8,14.9,17.6,43.9,4.1,0.1512,0.544,-0.1686,-0.456,-0.3666,-0.3412,-0.2698,-0.3255
5.1,2.0,2.9,1.3,1.1,5.1,18.8,11.5,38.8,0.1115,0.5048,-0.0948,-0.4647,-0.3898,0.3171,-0.3642,0.3109
5.1,4.2,2.2,3.8,4.2,13.1,8.4,16.3,7.8,-0.0258,0.0718,-0.0197,0.032,0.038,0.0272,-0.8342,-0.497
5.1,4.8,3.6,4.8,2.4,7.4,3.9,11.8,19.5,-0.7551,0.4491,0.2635,-0.1292,-0.1024,-0.2238,0.1327,0.2186
5.1,4.2,3.2,3.8,4.2,15.9,16.1,29.8,8.8,0.3394,0.1237,-0.4983,-0.3244,0.4444,-0.4673,0.2503,-0.1257
5.1,1.9,1.0,3.7,4.8,17.9,21.6,37.5,21.6,-0.0703,0.5077,0.2692,0.5144,-0.0859,0.4522,0.0392,-0.4089
5.1,2.5,3.0,3.7,2.0,7.9,21.7,39.0,9.6,-0.3593,0.8218,0.0015,0.0692,0.0016,0.0692,-0.3764,-0.1675
5.1,1.8,4.0,4.1,2.9,21.9,12.3,17.7,23.0,-0.151,0.0908,0.233,0.3225,0.1319,-0.3906,-0.1988,0.7605
5.1,3.1,4.0,1.7,4.9,3.8,15.1,31.2,32.8,0.1328,0.5703,0.5154,-0.4844,0.1321,0.278,-0.1146,0.1458
5.1,2.8,1.2,2.1,4.8,9.4,9.3,29.4,24.0,0.1216,0.987,-0.0099,0.0013,-0.0029,-0.0001,-0.0243,0.0022
5.1,2.0,4.8,2.1,2.6,16.2,16.9,33.6,19.7,0.0942,0.5139,0.1023,0.4641,-0.4926,-0.0019,0.4862,0.0171
5.1,2.1,3.1,4.4,3.5,5.6,2.4,42.0,15.1,-0.0587,0.3739,0.1487,0.0863,-0.0482,0.4176,-0.7652,-0.1593
5.1,3.3,2.3,3.4,3.5,17.2,19.7,11.3,21.7,0.1882,0.471,0.1888,0.514,0.4845,-0.1507,-0.3917,0.1266
5.1,1.0,4.2,2.5,2.5,13.4,8.2,4.2,13.4,-0.0697,0.077,0.0295,0.029,-0.0034,0.0693,-0.649,-0.7318
5.1,1.3,3.5,2.5,2.8,4.6,19.9,35.4,35.1,-0.224,0.4834,0.148,-0.4652,0.3311,-0.3901,0.15,-0.4152
5.1,3.0,2.7,1.6,4.1,18.3,21.1,27.5,21.6,0.2722,0.5379,0.2442,0.3679,-0.4856,-0.0275,0.4319,0.0249
5.1,4.4,3.2,1.4,1.8,5.4,20.6,13.4,8.5,-0.3847,0.6921,-0.1615,0.248,0.452,-0.0031,0.1644,0.2002
5.1,2.9,2.5,2.7,4.1,11.7,12.3,28.1,27.4,0.3583,0.4362,0.0526,0.5649,-0.303,-0.3247,0.2347,0.2793
5.1,2.2,2.7,1.9,4.4,7.8,3.2,35.0,7.8,-0.2439,0.8533,-0.1022,0.2395,-0.3059,0.1292,-0.1009,-0.1024
5.1,1.7,3.8,4.6,2.5,13.1,3.4,15.0,5.6,-0.1576,0.0986,-0.1878,-0.0606,0.2266,0.5352,-0.6599,-0.356
5.1,4.8,4.1,1.8,3.2,17.8,2.0,44.0,16.5,0.3672,0.0988,-0.1012,0.1595,-0.0262,0.8113,-0.2569,-0.1452
5.1,4.1,4.0,4.9,4.9,13.7,16.9,34.7,19.6,-0.0899,0.5748,-0.0831,0.4751,-0.4508,0.1901,0.3811,-0.1641
5.1,4.1,2.8,1.3,1.9,14.6,7.5,28.1,40.8,0.4894,0.7896,-0.3013,-0.0452,-0.1087,-0.0954,-0.0408,-0.0233
5.1,2.4,4.5,2.9,1.4,19.1,10.1,33.0,4.7,0.0204,0.1051,0.0049,-0.1245,0.1309,-0.0346,0.9384,-0.2213
5.1,4.5,1.0,4.8,3.5,6.2,13.1,34.6,23.5,-0.7394,0.3725,0.1962,-0.0743,0.2333,0.2797,-0.1298,-0.3228
5.1,3.3,4.5,4.5,4.6,5.0,12.8,25.8,35.2,-0.2761,0.2742,0.3809,-0.3705,0.432,0.45,0.2702,0.2614
5.1,4.0,3.3,3.9,4.2,12.5,20.7,20.2,30.2,0.1684,0.7273,0.3809,0.0799,-0.3871,-0.0808,-0.2188,0.2655
5.1,1.9,4.9,1.8,3.2,15.3,9.8,19.1,6.9,0.4486,0.5777,0.0285,-0.0611,-0.082,0.0669,-0.5141,0.4104
5.1,1.7,4.6,2.4,4.6,9.4,21.6,26.3,27.8,-0.027,0.9761,-0.0024,0.0946,-0.1326,0.0159,-0.0292,-0.0064
5.1,3.5,4.4,2.2,2.6,20.4,17.1,6.0,17.7,0.0119,0.3931,-0.2944,0.5502,0.306,0.4361,-0.0738,-0.3793
5.1,2.3,3.4,4.7,3.0,15.4,12.9,39.7,7.0,-0.0102,0.3005,-0.2233,-0.3885,-0.2456,-0.3857,-0.0681,-0.6885
5.1,3.6,1.6,3.9,3.4,7.4,9.7,18.8,29.9,-0.4543,0.8264,0.0626,0.0205,-0.0302,-0.0195,0.2707,0.152
5.1,4.8,3.9,4.5,3.8,4.1,12.3,14.0,24.4,-0.4952,-0.0285,0.3857,0.2673,0.1045,-0.2718,-0.1072,0.65
5.1,2.0,2.7,4.2,1.7,3.2,7.9,8.6,40.2,0.3695,-0.1008,-0.2099,0.0613,0.0675,0.2018,-0.2799,-0.7628
5.1,1.3,3.6,1.8,3.2,15.4,12.8,27.1,30.0,0.1985,0.3653,0.2713,0.2441,-0.4447,0.1127,0.665,-0.1029
5.1,4.9,2.8,1.9,1.6,8.1,8.0,11.2,15.0,-0.1444,0.9781,0.0219,0.0065,-0.0095,-0.0054,0.1144,0.0182
5.1,2.7,3.9,3.2,4.6,11.4,6.5,40.3,34.0,0.092,0.3122,0.1811,-0.3986,0.1813,-0.3984,0.0088,-0.6752
5.1,3.7,1.9,2.1,1.4,10.5,17.2,15.4,21.8,0.1933,0.9159,0.0582,0.2066,0.2402,0.0664,-0.0664,-0.0173
5.1,2.7,3.7,4.9,2.1,2.0,4.1,22.9,16.4,-0.0319,0.2528,0.1655,0.0605,0.0726,-0.4251,0.8183,0.1045
5.1,2.8,4.7,1.3,4.2,5.5,19.9,18.7,17.5,-0.0247,0.5976,0.3407,0.3554,-0.204,-0.3856,0.2442,0.3638
5.1,4.9,2.8,1.7,3.6,2.3,9.3,20.9,28.7,-0.3716,0.4626,0.049,0.0382,-0.0454,-0.0393,0.5991,0.5062
5.1,4.4,4.0,1.7,2.6,12.7,4.7,25.5,8.3,0.5887,0.7633,-0.1079,-0.0669,0.2003,-0.077,0.0072,0.0161
5.1,4.0,2.6,1.8,2.8,14.6,12.2,26.7,8.3,0.6292,0.1805,0.0371,-0.4609,0.0999,0.3204,0.1077,0.4586
5.1,3.4,4.0,2.7,2.9,11.5,6.9,5.5,38.9,0.1121,0.9354,0.0075,-0.1576,-0.2449,0.0745,-0.0747,0.0222
5.1,3.0,4.6,1.6,3.9,20.3,18.7,20.2,9.3,0.0732,0.7312,-0.387,0.0367,0.4687,-0.0461,0.1239,0.239
5.1,1.1,3.5,4.3,1.6,7.4,13.1,34.6,34.5,-0.6727,0.4782,0.2611,-0.1296,0.3388,-0.0428,-0.0749,-0.3082
5.1,4.6,4.7,2.1,4.0,13.0,13.2,31.4,35.1,0.2767,0.826,0.4389,-0.143,0.0291,0.0464,-0.0922,0.0225
5.1,3.5,4.9,5.0,1.1,2.1,4.3,30.3,11.7,-0.2613,-0.2365,-0.2131,-0.0072,-0.2517,-0.1173,0.6889,-0.511
5.1,2.2,1.7,1.7,2.1,2.8,10.0,4.8,34.3,0.2572,0.3783,0.0355,0.1425,0.1751,-0.1347,-0.6626,0.497
5.1,3.3,3.9,4.5,4.4,12.2,8.9,16.8,18.8,0.1478,0.9614,-0.1702,-0.0093,0.0069,0.0116,0.0455,-0.0091
5.1,1.7,3.2,3.1,3.8,6.1,11.3,4.8,8.7,-0.0765,0.5833,-0.131,-0.0994,-0.2453,-0.0268,-0.7307,-0.1561
5.1,3.3,2.2,2.4,3.5,14.5,20.0,27.8,9.6,0.5493,0.3969,-0.3559,-0.2618,0.4424,-0.3211,0.1664,-0.0467
5.1,1.2,2.8,2.6,2.9,8.2,6.4,26.8,9.8,-0.5978,0.1994,-0.2252,0.1547,-0.3136,0.083,-0.041,-0.6157
5.1,3.0,1.5,2.7,2.0,19.7,10.9,14.3,34.4,-0.3257,0.4371,0.6142,-0.2077,-0.087,-0.4168,0.214,0.0818
5.1,3.6,4.1,4.6,4.8,7.5,3.6,30.9,5.4,-0.7514,0.5347,-0.1143,0.1211,-0.1749,0.015,-0.138,-0.2397
5.1,4.0,2.4,1.8,3.9,20.0,15.8,27.6,23.6,0.2252,0.3714,0.2781,0.3352,-0.4844,0.0129,0.6036,-0.0109
5.1,4.6,1.2,2.2,3.6,16.5,20.9,25.8,42.8,0.3467,0.5572,-0.2787,-0.3467,0.4532,0.1777,0.3007,0.1561
5.1,3.8,2.9,4.1,3.9,21.5,4.1,42.3,37.2,-0.2004,0.6333,0.024,-0.3376,-0.4125,-0.2569,-0.3547,-0.2267
5.1,4.3,2.7,4.7,2.8,4.8,10.0,24.3,21.4,-0.1348,0.3274,-0.0032,0.1549,-0.1874,-0.0925,0.8073,0.3686
5.1,4.7,2.2,1.9,4.5,19.1,2.7,6.3,31.1,0.5706,0.1757,0.2484,-0.114,0.3526,-0.5943,-0.2614,-0.0409
5.1,4.4,4.2,4.4,4.7,11.8,21.4,27.3,27.9,0.4376,0.677,0.2157,0.3363,-0.3623,0.192,0.0329,-0.0001
5.1,3.6,4.1,2.9,3.8,12.9,6.6,6.8,35.6,-0.2217,0.5048,0.231,-0.3199,-0.584,-0.0596,-0.3968,0.0469
5.1,3.0,2.2,4.9,1.1,10.1,7.1,42.5,43.4,-0.2582,0.9519,0.0247,-0.0601,-0.0896,-0.0032,-0.0088,-0.0002
5.1,3.1,2.9,1.5,2.8,15.3,13.1,5.4,37.6,0.519,0.7278,0.3183,-0.2342,0.0309,-0.095,0.085,-0.105
5.1,2.0,3.8,1.4,1.1,5.7,12.3,5.5,29.1,0.2003,0.4033,0.0695,0.0539,0.1291,-0.0608,-0.783,0.3765
5.1,2.5,1.3,2.8,2.7,6.3,21.3,21.8,42.8,-0.0526,0.62,-0.3449,0.0423,0.3785,-0.0568,0.5101,0.2595
5.1,2.9,1.5,5.0,4.4,17.4,18.8,17.6,16.5,-0.2794,0.3854,-0.2643,0.4159,0.3875,-0.3282,-0.2509,0.4439
5.1,4.1,1.9,5.0,3.7,15.9,2.7,42.3,18.6,-0.2163,0.554,-0.1322,0.4287,0.3006,0.4049,-0.242,-0.3335
5.1,4.7,1.1,2.3,1.2,4.1,8.0,11.4,21.9,-0.0563,-0.0374,0.2886,-0.2097,-0.4039,-0.283,-0.7224,-0.2147
5.1,4.9,3.5,2.9,4.8,16.4,21.6,9.2,35.2,-0.0568,0.3399,0.2675,-0.573,-0.4232,-0.3284,-0.2993,-0.2816
5.1,3.7,2.3,3.3,2.3,17.2,15.5,5.7,42.2,0.2587,0.373,-0.1726,-0.4747,-0.3579,-0.3535,-0.281,-0.433
5.1,1.1,2.0,2.6,4.9,14.4,18.3,17.4,38.0,0.0267,0.5981,0.0478,-0.4187,-0.4193,0.2599,-0.3842,0.2351
5.1,4.4,3.8,3.8,2.8,4.8,11.8,4.8,33.9,0.1926,0.5315,0.2435,-0.1174,0.435,-0.3057,-0.5453,-0.0756
5.1,1.4,4.4,3.5,1.1,18.4,15.7,35.8,24.7,-0.0279,0.13,0.0299,0.2056,0.1159,0.4556,0.5157,-0.6508
5.1,4.0,2.2,3.5,2.5,4.6,21.0,42.0,12.2,-0.1483,0.494,0.0192,0.2322,-0.0598,0.2972,-0.6748,-0.3307
5.1,2.4,1.3,4.5,1.7,3.3,19.2,11.5,17.2,-0.4138,0.2198,-0.3075,0.4245,0.477,-0.1715,-0.3705,0.3145
5.1,3.9,1.9,4.1,4.7,9.4,10.3,32.6,13.2,-0.1199,0.7216,-0.1304,-0.5027,0.1907,-0.3076,0.0955,-0.1726
5.1,4.8,4.6,4.4,3.1,17.0,9.1,9.7,14.8,-0.6396,0.0659,-0.1622,-0.3186,-0.0207,0.2149,-0.0548,0.6101
5.1,1.9,4.4,2.5,4.4,13.3,13.6,43.8,22.5,0.521,0.5381,-0.2226,0.3846,-0.068,0.3038,0.0906,-0.3405
5.1,1.5,2.6,1.2,1.2,3.5,19.5,22.6,18.9,-0.103,0.4254,-0.0433,0.4611,-0.4272,-0.437,0.0276,0.359
5.1,3.8,3.1,4.9,2.8,2.2,13.5,16.0,6.1,-0.4733,-0.0358,-0.1536,-0.1498,0.2819,0.4732,-0.2851,0.5759
5.1,4.8,3.5,4.8,2.1,15.0,20.2,34.9,39.7,0.1114,0.617,-0.1485,-0.4983,0.3095,-0.358,0.1335,-0.2287
5.1,4.7,1.1,2.7,3.7,13.2,16.0,33.3,5.4,0.335,0.6485,-0.1741,-0.3996,0.4346,-0.1213,0.2344,-0.0789
5.1,2.4,1.5,2.1,1.6,5.2,11.5,13.0,8.0,-0.5641,0.1355,-0.2922,-0.126,-0.0026,0.1896,0.1229,0.7044
5.1,4.9,1.9,4.9,4.4,8.2,2.6,23.8,27.8,-0.2184,-0.0383,0.0002,-0.0083,-0.0119,-0.0382,0.3408,-0.8618
5.1,1.8,2.8,4.6,2.2,3.2,16.4,12.9,22.2,-0.0017,-0.0435,0.4544,0.29,0.3736,-0.5442,-0.3623,0.3408
5.1,1.6,4.1,4.4,2.2,10.8,17.9,19.2,6.7,0.0191,0.8334,-0.0341,-0.3204,0.0417,0.3238,-0.247,0.1344
5.1,3.0,1.8,4.1,2.5,17.7,20.0,9.4,27.6,0.1954,-0.2014,0.252,0.0068,0.2198,-0.625,-0.5623,-0.2789
5.1,4.2,1.8,2.7,1.5,19.5,19.3,38.1,31.6,-0.1737,0.2963,0.4311,-0.1235,0.4497,-0.1188,0.1135,-0.6522
5.1,4.3,4.1,1.5,2.2,2.2,20.3,35.9,8.3,-0.3122,0.305,-0.2859,0.1443,-0.687,-0.2712,0.1991,-0.3027
5.1,3.2,4.4,2.3,4.9,7.3,4.7,31.2,20.6,-0.3084,0.6729,0.5505,0.028,0.1015,0.1496,-0.2373,-0.2022
5.1,2.3,3.1,4.2,2.9,21.3,11.4,13.8,36.6,-0.2186,0.4292,0.2233,-0.3986,-0.5171,-0.0856,-0.5017,-0.0563
5.1,2.0,1.0,3.2,4.6,19.8,4.3,21.6,19.6,-0.1151,0.5837,0.1394,0.4408,-0.138,-0.44,0.2019,0.4072
5.1,1.6,3.4,4.2,1.4,18.6,18.7,6.2,13.4,0.0512,0.0277,-0.0222,0.1069,-0.1813,0.4345,-0.8316,-0.2397
5.1,4.6,3.9,1.8,4.2,13.1,15.7,8.5,4.1,0.5812,0.5725,0.1853,-0.4329,-0.0076,-0.2567,-0.0055,-0.1897
5.1,4.4,1.7,4.3,2.4,7.2,20.9,36.6,20.6,-0.6073,0.6891,0.1601,0.0007,0.2093,0.0324,-0.1773,-0.2049
5.1,3.4,1.5,4.1,1.2,10.0,21.3,29.7,33.0,-0.0884,0.9518,0.0535,0.212,-0.0783,0.1248,0.0112,-0.0226
5.1,1.2,2.6,2.9,3.2,10.0,15.2,27.9,30.7,0.155,0.8571,0.0758,0.3138,-0.3161,0.0465,0.11,-0.012
5.1,2.0,4.7,2.7,2.2,7.5,6.1,34.3,19.8,-0.2066,0.4061,0.4823,-0.3755,0.3425,0.4337,0.0361,0.0908
5.1,1.7,1.7,1.5,3.0,8.1,15.3,34.4,14.6,-0.0225,0.868,-0.0145,0.3201,-0.2105,0.2701,-0.0324,-0.1058
5.1,3.6,4.0,3.0,1.3,9.8,12.5,31.7,25.9,-0.0528,0.9866,-0.1044,0.0405,0.0182,-0.0188,-0.0107,0.0019
5.1,3.8,3.8,3.7,3.7,10.3,17.6,10.1,36.5,0.093,0.8002,0.5207,-0.1748,0.0479,-0.1193,0.0993,-0.0718
5.1,2.4,2.5,3.4,4.2,21.3,5.0,13.8,42.1,0.2825,0.1136,-0.6816,-0.1185,-0.0776,0.6047,0.0417,-0.0527
5.1,2.3,5.0,3.3,4.0,3.5,18.2,24.5,21.9,0.0605,0.4892,0.2637,0.3154,-0.4385,-0.2029,0.4942,0.3073
5.1,5.0,1.8,2.3,3.2,5.4,7.0,8.1,4.4,-0.0813,0.021,-0.1382,-0.0208,0.322,0.6264,-0.6365,0.229
5.1,2.1,2.8,1.7,3.0,7.8,5.2,23.2,26.0,0.2483,0.6728,-0.1401,-0.1289,0.0831,0.2108,0.5859,-0.1652
5.1,1.9,3.6,3.0,3.8,5.5,6.9,7.1,34.2,-0.1756,0.2268,0.3406,-0.1985,-0.5182,0.0534,-0.5125,0.4523
5.1,1.5,3.2,1.2,4.1,6.4,9.0,4.6,31.3,0.2964,0.7761,-0.0001,0.001,0.0017,-0.0025,-0.5112,0.1927
5.1,2.2,3.6,4.2,1.1,3.1,4.0,12.5,34.4,-0.5383,-0.0728,0.2738,-0.1951,-0.3482,0.0797,-0.295,0.6015
5.1,3.2,1.8,2.1,1.8,4.4,15.0,33.0,25.9,-0.3783,0.0019,0.4272,-0.0711,0.0644,0.5458,-0.0282,-0.58
5.1,3.6,3.8,2.8,2.2,5.5,5.8,5.0,4.3,-0.0456,0.3276,0.0793,0.1823,-0.0102,0.2973,-0.8197,-0.2823
5.1,1.8,1.8,3.5,4.8,14.6,9.7,4.5,21.9,0.5025,0.6505,-0.2885,0.1237,-0.0796,0.1319,0.3,-0.3022
5.1,4.9,3.6,4.1,2.2,19.7,6.3,14.6,6.8,-0.0879,-0.0652,-0.1846,0.1012,0.2565,0.0065,-0.8464,0.3765
5.1,3.3,4.3,1.4,1.2,3.3,12.3,24.5,22.5,0.1651,-0.0032,0.1096,0.2698,-0.1729,-0.2186,0.5437,0.6948
5.1,4.9,2.9,2.1,1.9,20.0,20.7,22.4,12.1,0.0712,0.3683,-0.3121,0.3581,0.3114,-0.3582,0.2281,0.5803
5.1,4.0,4.5,3.7,2.3,20.6,3.6,32.0,11.7,-0.3391,-0.0322,-0.3389,0.1405,-0.4656,-0.0584,0.5001,-0.507
5.1,3.2,3.6,1.3,1.3,9.8,8.3,8.1,21.9,0.3448,0.9342,0.0223,-0.0032,-0.0078,-0.0003,0.0076,-0.0023
5.1,1.8,2.5,2.4,4.6,17.0,17.4,4.0,34.8,0.3961,0.5801,0.2549,-0.3151,0.3287,-0.3603,-0.0817,-0.2907
5.1,2.4,2.2,3.7,2.4,12.6,8.1,16.0,5.7,-0.1468,0.3109,-0.0375,0.0392,0.085,0.0505,-0.8073,-0.419
5.1,3.5,2.8,2.5,3.1,20.7,11.3,39.8,39.4,0.4365,0.4144,0.1494,-0.3142,0.1463,-0.3123,0.2303,-0.5557
5.1,1.3,3.7,3.8,4.7,11.1,11.5,5.4,6.3,0.3862,0.5682,0.2474,-0.3804,0.1006,-0.339,0.1589,-0.3899
5.1,1.6,1.4,1.1,2.5,20.3,18.7,9.9,21.6,0.2814,0.4137,0.282,0.3791,0.4908,-0.0616,-0.5106,0.0637
5.1,2.4,3.6,3.6,1.3,7.1,15.5,31.0,33.7,-0.7677,0.4121,0.1775,-0.1111,0.2552,0.0616,-0.115,-0.3157
5.1,2.6,3.7,4.3,2.4,4.4,8.5,24.3,16.5,-0.6491,0.0608,0.0183,-0.1619,0.0552,-0.1381,0.021,-0.6677
5.1,1.5,4.6,3.9,1.2,13.8,11.0,6.7,38.0,-0.0836,0.7475,0.5603,0.0392,0.0363,-0.1354,0.2029,0.0062
5.1,1.8,4.3,1.5,2.6,13.5,21.8,42.3,39.1,0.288,0.5776,-0.063,-0.4678,-0.1269,-0.4348,-0.0613,-0.3377
5.1,5.0,1.3,4.3,4.5,16.3,3.7,37.4,39.6,-0.0191,0.5942,-0.2348,-0.4969,0.0811,-0.4432,0.0106,-0.3363
5.1,2.6,1.5,3.0,3.6,3.6,16.6,13.1,39.3,-0.0234,0.2928,-0.1341,-0.5476,-0.349,0.319,-0.4265,0.4138
5.1,1.3,1.9,2.9,4.8,21.8,6.0,27.7,27.9,0.334,-0.0976,0.3002,-0.0341,-0.182,0.7132,0.3373,0.3094
5.1,2.5,1.1,1.6,3.6,20.9,17.8,33.4,37.9,0.1525,0.5059,-0.1002,-0.4405,0.4516,-0.2023,0.4452,-0.2213
5.1,3.9,2.8,3.9,1.5,21.8,20.2,20.4,14.0,-0.4493,0.3761,-0.1304,0.2807,0.1287,-0.2808,0.2896,0.6061
5.1,2.6,2.3,3.9,2.9,14.9,17.3,17.9,28.4,-0.0829,0.4406,0.3652,0.2524,-0.4266,-0.2826,-0.3336,0.4588
5.1,1.8,4.0,4.8,2.9,18.4,16.1,12.9,12.8,-0.4911,0.025,-0.4001,0.0466,0.4884,0.3852,-0.3517,0.2683
5.1,2.7,4.3,3.4,4.9,13.9,2.4,33.5,41.3,0.1861,0.5964,-0.2951,-0.4932,0.2565,-0.3586,0.1339,-0.2117
5.1,1.8,3.7,4.0,3.8,7.1,20.7,5.5,23.3,0.0855,0.3971,0.2391,-0.0796,0.403,-0.263,-0.7088,-0.1445
5.1,2.7,3.9,4.4,3.6,2.2,3.2,8.9,37.5,-0.1189,0.4726,0.0838,-0.5304,-0.4881,0.0924,-0.449,0.0802
5.1,2.3,2.9,4.7,3.8,17.9,15.5,16.3,40.6,0.0405,0.3289,-0.2656,-0.5075,-0.3287,0.4291,-0.2458,0.423
5.1,2.3,3.5,3.3,3.3,20.8,4.7,39.6,11.7,-0.1457,0.2426,-0.1622,0.3434,-0.1626,0.3437,-0.2336,-0.744
5.1,4.3,3.1,1.6,3.3,13.1,20.9,7.8,41.5,0.426,0.6177,-0.1291,-0.4531,-0.3159,-0.2308,-0.1691,-0.1259
5.1,4.2,3.5,4.8,2.5,11.9,20.3,24.2,40.7,0.0673,0.828,-0.0244,-0.3641,0.2243,0.2924,0.0684,0.1332
5.1,2.2,4.6,1.4,4.0,16.1,3.2,31.2,14.4,0.2249,0.1478,-0.2664,0.6369,-0.3425,-0.3102,0.2495,0.3859
5.1,3.0,3.5,1.2,1.2,14.2,5.5,33.0,31.2,0.8377,0.1836,0.2784,-0.1512,0.0606,0.1128,-0.0628,0.3368
5.1,3.6,1.7,3.1,4.3,9.1,20.7,26.6,43.7,-0.1378,0.9642,0.0371,-0.1398,0.0913,0.0888,-0.0373,0.0024
5.1,4.8,1.6,3.6,1.5,19.6,15.2,11.1,26.0,0.1744,-0.1494,0.2469,-0.0358,0.3178,-0.5352,-0.6758,-0.1193
5.1,2.0,2.3,2.5,3.8,5.3,20.0,27.6,40.8,0.1834,0.3692,-0.2127,-0.3783,0.4582,-0.18,0.5738,-0.2137
5.1,2.2,1.4,2.4,4.7,3.3,9.6,21.6,28.8,-0.3778,0.5455,0.1044,0.084,-0.0991,-0.0848,0.5612,0.4323
5.1,3.6,2.0,4.5,4.0,6.7,8.4,28.3,6.6,-0.7429,-0.0149,-0.0023,0.0356,-0.0124,0.0246,0.0247,-0.6492
5.1,2.7,2.5,3.2,1.7,12.4,19.9,22.9,31.3,0.4878,0.6317,0.3024,0.1068,-0.3852,-0.0598,-0.103,0.2797
5.1,2.6,2.4,3.2,1.3,8.4,9.8,39.8,26.8,-0.2185,0.9064,0.0034,0.002,0.0085,0.0024,-0.3271,-0.075
5.1,3.8,4.1,4.5,2.3,7.3,11.6,31.7,4.5,-0.7895,0.5,-0.1149,-0.0425,-0.0078,-0.0307,-0.1641,-0.268
5.1,2.8,1.5,1.6,4.1,3.4,9.1,5.7,26.1,0.0134,0.0076,0.0103,-0.0333,-0.0371,-0.0266,-0.8064,-0.5547
5.1,3.1,1.8,1.7,2.1,13.5,4.2,23.5,34.4,0.668,0.4707,0.2227,-0.0705,-0.3506,0.3053,0.0098,0.1973
5.1,4.7,3.2,3.7,4.6,2.6,9.1,17.2,43.0,-0.2663,-0.0534,-0.0182,-0.1504,-0.0457,0.1268,-0.2781,0.8822
5.1,3.5,3.4,4.2,4.5,11.9,21.7,37.0,16.8,-0.102,0.615,-0.2728,0.3288,-0.4274,0.254,0.2892,-0.2798
5.1,4.8,3.3,1.5,4.1,8.0,3.6,33.9,31.2,0.1013,0.9763,-0.0985,-0.0671,-0.0469,-0.0667,-0.0831,-0.0017
5.1,4.7,4.7,2.4,3.0,16.4,15.1,40.3,7.0,0.2518,0.3663,-0.0936,-0.4194,-0.1246,-0.4202,0.1462,-0.6149
5.1,3.5,1.9,3.1,3.2,12.7,18.0,16.8,28.1,0.3331,-0.0035,0.4045,0.0123,0.0014,-0.7072,-0.0509,-0.3946
5.1,1.4,3.6,2.5,1.6,8.1,20.2,26.7,29.0,-0.7289,0.3879,0.099,-0.069,0.1614,0.1348,-0.2051,-0.4295
5.1,4.0,1.4,1.6,4.6,14.6,3.3,4.6,19.2,0.3694,0.5497,-0.205,0.4816,0.0525,0.3806,0.0509,-0.3492
5.1,3.6,4.5,2.7,2.9,3.5,18.6,25.5,6.9,0.2443,0.2883,-0.3558,0.0178,0.488,-0.2345,0.6446,0.0659
5.1,5.0,4.6,3.1,1.6,11.5,15.8,41.3,24.4,0.2042,0.928,-0.1108,0.1525,-0.1091,0.1512,0.0951,-0.0578
5.1,2.8,2.9,3.2,2.3,6.3,17.9,17.5,30.3,-0.5227,0.6033,0.2053,-0.1933,-0.2442,0.1787,0.2401,0.3511
5.1,3.7,1.6,3.5,1.4,17.2,3.2,15.5,12.7,-0.1638,0.1012,-0.3453,0.0545,0.4415,0.0465,-0.6421,0.4641
5.1,4.3,1.8,4.8,2.4,8.0,12.6,33.6,32.3,-0.6354,0.7464,0.0218,-0.038,0.0342,-0.0253,-0.1212,-0.1068
5.1,1.4,2.4,2.8,2.1,4.0,11.0,31.4,41.1,0.0091,0.1148,-0.0473,-0.3308,0.3135,-0.0919,0.8271,-0.2242
5.1,2.8,3.4,4.2,3.4,5.7,6.8,33.9,10.9,-0.7531,0.2511,0.0142,0.1645,-0.0265,0.1358,-0.1469,-0.5367
5.1,4.7,5.0,2.6,4.3,2.5,8.3,7.1,6.7,-0.0133,0.0346,-0.004,0.006,0.0079,0.0054,-0.9032,-0.4119
5.1,1.5,2.4,2.7,1.4,8.9,18.4,39.4,32.1,-0.0833,0.9393,0.0001,-0.0189,0.0002,-0.019,-0.2942,-0.0215
5.1,3.7,1.7,3.1,3.6,7.8,19.1,24.2,20.7,-0.086,0.0164,0.0973,0.1407,-0.0898,0.1507,0.3483,-0.8598
5.1,2.0,4.9,1.2,3.6,9.8,16.5,14.0,17.1,0.4132,0.8965,-0.119,0.0502,0.0228,-0.0055,0.0145,-0.0034
5.1,3.0,2.5,3.3,1.4,16.5,10.2,32.3,12.3,-0.0889,-0.0715,-0.0597,-0.248,0.1774,-0.1306,0.7355,-0.551
5.1,3.9,1.8,4.9,3.5,17.7,2.2,25.4,38.5,-0.0522,0.5734,0.0338,-0.452,0.4302,0.2369,0.3997,0.1981
5.1,4.6,5.0,4.6,3.5,14.2,5.8,43.5,36.8,-0.2902,0.748,0.1141,-0.2568,-0.4253,-0.1272,-0.2005,-0.053
5.1,2.6,2.7,3.2,3.1,2.3,17.2,32.1,6.3,-0.0082,-0.1165,-0.5245,-0.0725,0.1595,-0.7061,0.252,-0.3097
5.1,1.2,3.9,4.4,1.6,20.8,22.0,29.9,38.0,-0.3274,0.3996,0.1621,-0.5336,0.4307,-0.2169,0.3491,-0.1906
5.1,4.3,2.6,1.1,4.9,17.1,19.1,30.3,19.2,0.4221,0.2928,0.0347,0.6135,-0.2912,-0.2987,0.2737,0.2906
5.1,3.5,1.2,4.8,4.6,18.5,5.1,43.8,21.9,0.1926,0.6707,0.2085,0.3191,0.4698,0.1738,-0.2695,-0.1511
5.1,2.0,3.8,5.0,4.2,12.8,16.0,42.6,33.2,0.3102,0.3491,0.2879,-0.058,0.5654,-0.4262,-0.2538,-0.2918
5.1,5.0,3.0,4.3,4.2,20.2,15.4,20.7,29.2,-0.1903,0.4996,0.4715,-0.0439,-0.4712,0.0438,0.0935,0.4904
5.1,3.3,2.6,2.0,1.8,5.7,17.3,19.9,43.2,-0.2843,0.7042,-0.2855,-0.0194,0.2984,0.0185,0.3955,0.2843
5.1,3.9,2.2,2.1,1.6,9.6,19.9,11.0,24.8,0.1009,0.9813,0.0041,0.101,0.0866,0.0226,0.007,-0.0029
5.1,3.3,2.3,3.4,3.7,3.1,16.2,39.6,34.4,-0.0484,0.4974,0.2152,-0.4324,0.215,-0.4324,-0.1543,-0.4872
5.1,1.6,1.8,3.9,2.0,21.7,5.7,23.1,22.8,0.4165,0.3378,0.358,-0.0282,-0.5058,0.1274,0.0334,0.5283
5.1,1.6,3.8,1.8,3.5,13.4,13.4,43.5,10.7,0.155,0.4688,-0.3565,-0.2614,-0.4465,-0.1819,-0.4644,-0.2958
5.1,4.1,1.8,1.7,1.1,4.2,3.9,10.2,30.2,-0.2746,0.061,0.2669,0.0132,-0.4788,-0.2569,-0.3485,0.6433
5.1,2.3,5.0,2.3,4.2,6.2,2.6,41.8,5.1,0.0809,0.6879,-0.4073,0.0829,-0.4137,0.087,-0.3266,-0.2142
5.1,1.5,4.1,2.3,1.5,13.3,10.4,42.0,40.1,0.3732,0.843,0.2354,-0.0493,-0.0211,-0.046,0.1917,-0.0691
5.1,4.2,2.6,4.5,2.0,16.2,16.1,15.9,12.6,-0.306,0.1402,-0.3855,-0.0737,0.5025,0.2292,-0.5276,0.3653
5.1,4.2,4.5,1.5,3.5,14.8,17.5,30.4,33.0,0.3209,0.5545,0.6582,-0.1802,0.1346,0.2028,-0.1971,0.0142
5.1,2.8,4.0,4.7,3.7,2.7,2.0,35.6,36.7,-0.3967,0.4237,-0.0485,-0.5031,0.1052,-0.4242,0.0605,-0.4411
5.1,3.6,3.0,4.0,2.5,15.1,14.2,35.6,15.0,-0.2991,0.5173,-0.3845,0.1041,-0.557,-0.0399,0.3226,-0.2188
5.1,3.5,3.2,3.5,1.6,15.3,16.3,13.1,24.2,0.4469,0.2838,0.3745,0.2633,0.5799,-0.2254,-0.2872,-0.1203
5.1,4.5,1.7,2.2,1.9,18.8,9.3,14.5,23.1,0.1902,-0.2235,-0.0096,0.0704,0.0456,0.03,-0.7426,-0.542
5.1,1.0,1.9,1.6,2.7,20.8,18.0,32.8,24.5,0.2908,0.2635,0.4048,0.3353,-0.3218,0.4453,0.2901,-0.3985
5.1,4.0,3.0,2.4,3.3,11.0,8.7,21.5,8.9,0.3778,0.9173,0.0009,-0.0006,-0.0011,0.0008,-0.0705,0.0298
5.1,4.7,5.0,3.4,3.8,6.1,17.3,17.8,34.6,-0.4431,0.6196,-0.1053,-0.3765,0.0034,0.3423,0.1645,0.3312
5.1,3.6,1.1,4.0,1.8,18.5,19.6,33.4,29.0,-0.2349,0.0055,0.2931,0.1208,0.3921,0.3107,0.6499,-0.3808
5.1,1.2,3.4,3.6,1.3,21.7,18.3,38.3,22.8,-0.0609,0.3253,0.3173,0.339,0.3128,0.3388,0.0452,-0.6602
5.1,1.4,1.9,2.9,2.7,15.0,15.5,21.8,30.6,0.1432,0.5411,0.4695,0.0484,-0.5054,-0.0346,0.1575,0.4055
5.1,3.4,2.1,1.6,3.9,13.9,8.1,15.7,19.0,0.1624,0.9348,0.2492,0.0217,-0.1099,-0.0407,0.0769,0.0199
5.1,4.3,4.8,4.9,3.9,4.3,7.6,28.3,8.8,-0.2504,-0.2571,-0.0471,0.062,-0.0707,0.0279,0.6783,-0.6146
5.1,4.4,2.2,1.6,3.2,12.8,12.7,43.2,11.8,0.3414,0.5192,-0.3197,-0.3445,-0.3802,-0.2929,-0.2483,-0.276
5.1,2.3,1.3,4.2,4.0,5.7,12.9,20.6,30.3,-0.3157,0.5796,0.3735,-0.1455,-0.374,0.1452,0.2423,0.4123
5.1,2.2,1.4,4.2,4.8,17.2,20.8,22.7,21.0,-0.0781,0.6004,0.142,0.4343,-0.2113,-0.4277,0.1849,0.3861
5.1,3.4,1.9,3.5,4.1,7.6,19.5,19.0,6.0,-0.3901,0.8494,-0.1124,0.0822,0.1344,-0.0753,0.2368,0.1346
5.1,3.3,4.8,4.8,4.6,6.0,3.8,19.5,21.1,-0.3299,0.5302,0.4353,0.0704,-0.4729,-0.0853,0.0085,0.41
5.1,4.1,4.9,1.1,3.3,18.2,14.0,36.8,9.0,0.0993,0.1726,-0.3788,-0.2671,-0.0052,-0.437,-0.0297,-0.7201
5.1,1.5,2.8,4.5,3.9,7.5,10.7,19.8,20.2,-0.5962,0.4916,0.1416,0.1584,-0.1086,-0.1514,0.309,0.4609
5.1,4.9,1.2,4.2,3.5,4.2,16.0,17.8,4.7,-0.5577,0.2985,-0.27,-0.1396,0.4251,0.2975,-0.0252,0.476
5.1,1.4,2.3,3.3,4.0,2.8,13.9,4.6,20.5,0.0044,0.373,0.0247,0.4768,0.2277,0.4225,-0.2831,-0.5575
5.1,2.1,3.2,3.3,1.0,12.6,5.1,22.1,27.3,0.5103,0.7137,0.1647,0.0353,-0.1827,-0.0307,-0.2893,0.2562
5.1,2.3,1.0,2.5,2.3,8.8,5.5,38.8,20.5,-0.0629,0.9748,0.0047,0.0004,0.0049,0.0005,-0.1804,-0.0108
5.1,1.4,3.6,2.8,2.0,17.6,7.1,42.0,24.5,0.6646,0.307,0.1232,-0.0799,0.1681,-0.1108,0.2094,-0.5722
5.1,1.1,3.9,2.4,3.7,5.7,10.5,7.5,5.3,-0.0179,0.2143,-0.054,-0.1971,-0.2362,-0.0301,-0.9026,-0.1684
5.1,1.8,4.5,2.2,4.2,13.9,13.6,24.0,14.6,0.3862,0.7346,-0.2204,0.0026,0.3776,-0.1653,0.2718,-0.0326
5.1,1.7,4.6,3.6,1.1,15.9,20.8,42.4,11.2,0.1573,0.06,-0.2205,0.1975,-0.2632,0.2186,-0.362,-0.78
5.1,3.7,1.2,1.5,4.1,21.6,19.6,28.8,30.0,0.008,0.1842,0.6909,-0.1079,0.14,0.5638,-0.2125,-0.2291
5.1,2.2,5.0,3.9,4.3,4.7,15.3,36.3,21.4,-0.2749,0.2157,0.3531,0.4221,-0.0519,0.3944,0.0553,-0.627
5.1,1.1,2.2,1.9,3.0,9.1,16.2,32.3,26.6,-0.1091,0.9799,0.0294,-0.0628,0.027,0.0369,-0.0711,-0.0083
5.1,3.9,4.1,2.8,4.9,11.0,20.6,29.5,35.9,0.2816,0.6883,0.5131,-0.3193,-0.0207,0.1752,-0.0949,0.1415
5.1,2.4,4.8,1.5,3.7,16.2,11.3,20.9,36.1,0.3347,0.9015,0.0724,-0.058,-0.1968,0.073,-0.0388,0.0338
5.1,2.3,5.0,1.3,1.3,9.6,4.1,38.1,32.8,0.3249,0.9401,0.0356,0.0029,0.0201,0.0065,-0.016,0.0043
5.1,4.8,1.0,1.7,3.2,3.4,10.9,15.4,21.5,0.1098,0.19,0.1352,0.3328,0.259,-0.2698,-0.5258,0.6141
5.1,2.7,4.5,1.1,1.5,7.3,16.5,5.9,42.6,0.0652,0.0555,-0.1623,-0.1364,-0.0474,0.2275,-0.0814,0.9123
5.1,3.2,2.5,4.4,2.2,17.4,17.6,36.4,29.1,-0.1727,0.2333,0.4103,0.1105,0.449,0.1345,0.3489,-0.6079
5.1,4.8,3.6,1.4,3.5,14.9,3.9,32.8,33.3,0.548,0.1542,0.3969,-0.4993,0.138,0.2485,0.0387,0.3871
5.1,4.3,2.0,1.0,4.4,6.6,5.0,8.4,14.1,0.1879,0.7491,-0.0439,0.3593,0.2957,-0.3609,-0.0371,0.2025
5.1,3.7,4.8,1.8,2.8,16.2,3.9,26.4,17.8,-0.0295,0.5144,-0.0131,0.4946,-0.4937,-0.2342,0.336,0.2353
5.1,3.1,2.2,1.4,3.0,16.8,17.1,40.4,7.3,0.2513,0.4465,-0.3528,-0.34,-0.3576,-0.3393,-0.1623,-0.4529
5.1,1.5,1.8,2.0,1.8,20.2,16.9,43.8,33.7,0.3582,0.1454,0.2421,-0.1601,0.3475,-0.6118,-0.4715,-0.0368
5.1,1.8,4.0,1.4,2.7,22.0,7.8,19.6,18.4,0.1957,0.9567,0.1139,-0.0095,-0.0823,-0.0005,0.1167,-0.0116
5.1,2.0,3.1,1.4,2.5,17.0,11.9,4.2,7.6,0.5547,0.014,-0.0125,-0.333,-0.0797,-0.2737,-0.1605,-0.6755
5.1,1.8,3.0,1.8,1.5,10.8,19.3,26.7,35.4,0.4445,0.63,0.3299,0.3097,-0.1101,0.37,-0.0073,-0.1326
5.1,1.9,1.6,2.5,3.8,4.3,11.9,7.7,4.4,0.0653,0.2857,-0.1532,-0.3206,-0.4,-0.0424,-0.7801,-0.0863
5.1,3.8,2.5,1.2,3.5,2.4,2.4,22.1,29.4,0.4429,0.6265,0.3169,-0.2673,-0.3188,0.269,0.1258,0.1895
5.1,2.2,2.9,2.9,4.4,8.8,10.7,41.9,16.4,0.1378,0.8754,-0.0309,0.0093,-0.0089,-0.018,-0.4039,0.0819
5.1,4.0,4.5,2.2,2.2,6.3,15.7,27.9,36.5,-0.1944,0.6145,0.1609,-0.3776,0.544,-0.0634,0.2553,-0.1184
5.1,2.5,1.0,1.9,1.7,19.1,18.5,8.8,23.7,0.3627,0.3265,0.3575,0.3293,0.5444,-0.0494,-0.456,-0.0458
5.1,4.5,2.0,3.5,2.9,13.5,19.3,39.7,35.7,0.1551,0.634,0.3743,-0.2508,0.3632,-0.2502,0.1634,-0.3572
5.1,2.5,4.8,4.3,1.9,21.4,7.6,5.7,13.4,-0.03,0.2172,0.0244,-0.057,0.0084,0.1229,-0.9545,-0.0922
5.1,2.0,3.4,4.0,3.3,21.6,16.5,24.1,26.6,0.1348,0.3531,0.3803,0.0611,-0.5382,0.0716,0.4997,0.3782
5.1,4.1,3.2,3.9,1.2,19.4,14.8,18.6,39.5,-0.0065,0.3803,0.0298,-0.4683,-0.2431,0.4157,-0.2927,0.5336
5.1,1.3,4.8,4.8,1.0,18.6,6.6,32.2,17.7,-0.7674,0.3207,0.0217,0.3162,-0.0609,0.2281,-0.0465,-0.3525
5.1,2.3,4.2,3.9,1.1,8.4,10.8,29.8,16.6,-0.6881,0.668,-0.1379,0.084,-0.0351,-0.0987,-0.1212,-0.1215
5.1,2.1,4.7,4.9,2.1,20.0,4.2,16.0,25.0,-0.123,0.101,0.3285,-0.0123,-0.3868,-0.0516,-0.5681,0.6095
5.1,4.9,3.1,1.2,4.4,11.3,11.8,28.2,9.6,0.6508,0.7183,0.1335,-0.1589,-0.0317,0.0613,-0.0202,0.0396
5.1,1.3,4.9,3.9,3.1,20.6,20.0,40.1,7.2,0.0186,0.3899,-0.4835,-0.0224,-0.4812,-0.0221,-0.0229,-0.5999
5.1,3.6,3.0,4.5,2.2,4.2,14.9,22.0,38.9,-0.2281,0.4517,-0.1207,-0.3439,0.2529,0.3322,0.3881,0.5181
5.1,1.9,3.4,3.3,3.6,3.2,4.3,10.6,26.2,-0.0693,-0.192,0.3443,-0.0393,-0.2465,-0.6607,-0.5573,-0.0956
5.1,1.6,3.0,2.4,2.5,4.7,15.1,18.8,18.0,0.0566,0.5033,-0.1098,0.4686,0.1732,-0.4667,-0.0945,0.4896
5.1,3.9,3.9,2.3,4.8,6.3,5.4,40.7,30.8,-0.1834,0.8315,-0.1284,-0.137,-0.1258,-0.1373,-0.4142,-0.1332
5.1,3.2,2.8,2.6,4.6,12.9,20.6,16.7,16.6,-0.0775,0.5827,-0.0873,0.3824,0.5302,0.0168,-0.4465,0.003
5.1,2.2,2.6,5.0,3.1,14.7,5.3,12.4,41.6,0.4813,0.3171,-0.4892,-0.2545,-0.2073,0.4424,0.1355,-0.2219
5.1,4.9,2.4,1.8,2.1,15.7,5.0,22.1,30.8,0.538,0.5816,0.2813,-0.1002,-0.2694,0.0945,-0.2304,0.364
5.1,3.3,3.6,3.1,2.1,3.7,2.5,27.5,7.2,0.0198,-0.1145,-0.0913,0.0493,0.0325,-0.5538,0.7986,-0.1021
5.1,2.9,4.9,1.5,2.1,2.4,20.8,19.9,17.2,0.0741,0.5038,0.1091,0.4762,-0.0612,-0.4863,0.2046,0.4505
5.1,3.0,2.4,4.2,3.0,3.3,7.3,28.5,10.1,-0.1753,-0.162,-0.1997,0.1151,-0.2675,-0.0055,0.7616,-0.4671
5.1,1.4,2.8,4.9,3.3,9.8,19.1,13.2,19.3,-0.3544,0.7077,-0.1751,0.3738,0.3446,0.1964,-0.1406,-0.0891
5.1,4.9,3.2,1.4,4.2,20.4,10.5,24.8,28.6,0.041,0.6202,0.1307,0.064,-0.1995,-0.0012,0.7238,0.0049
5.1,3.7,3.1,1.3,4.0,19.3,7.3,5.9,35.9,0.2047,0.7051,0.0975,-0.2286,-0.4252,0.1967,-0.3335,0.2172
5.1,3.6,3.8,1.3,4.7,21.6,14.6,26.2,6.5,0.2452,0.5625,-0.2483,-0.1134,0.3794,-0.0789,0.6065,-0.1114
5.1,4.8,2.4,5.0,1.3,20.2,20.8,41.5,36.4,-0.3626,0.4426,-0.0346,-0.2536,0.064,-0.3035,-0.447,-0.5326
5.1,2.1,3.1,2.1,2.3,6.8,3.0,32.5,43.5,-0.538,0.4199,-0.2756,0.2284,-0.4788,-0.2434,-0.0793,-0.2838
5.1,4.9,4.1,1.3,4.8,3.4,4.1,26.0,29.1,0.4582,0.0611,0.0369,-0.2625,-0.0788,0.7102,0.3998,0.0848
5.1,3.1,1.3,1.5,4.6,19.4,18.1,31.7,38.0,0.1715,0.4271,-0.1461,-0.5081,0.4913,0.0368,0.4878,0.0255
5.1,2.3,1.1,4.2,4.3,12.0,15.3,27.8,8.1,0.3352,0.5955,-0.2066,-0.3911,0.5173,0.0004,0.227,0.0511
5.1,1.4,2.6,2.2,2.0,12.3,12.1,40.1,39.4,0.2916,0.7397,0.245,-0.0388,0.1008,-0.1816,0.2117,0.0081
5.1,3.8,1.8,3.5,1.8,18.3,2.4,32.9,19.2,-0.0905,0.4721,0.0067,0.551,-0.3587,0.3302,0.3244,-0.3205
5.1,1.9,1.9,1.3,2.9,10.7,17.3,21.9,35.6,0.5078,0.8241,0.1352,-0.0536,-0.1574,0.071,0.0333,0.0092
5.1,4.8,4.8,2.1,2.9,17.9,15.2,31.6,34.5,0.113,0.4436,0.6161,-0.4492,0.145,0.3376,-0.1071,0.1694
5.1,2.6,3.5,4.2,4.9,14.6,6.4,29.2,8.7,0.4167,-0.1365,-0.3939,0.0683,-0.0821,-0.4168,0.2108,0.6267
5.1,4.3,3.0,2.2,4.1,6.9,11.7,33.2,43.4,-0.4036,0.8457,-0.1814,-0.0046,-0.0435,-0.0281,-0.238,-0.1261
5.1,1.8,1.1,2.5,1.3,15.0,12.6,29.7,13.8,0.1525,-0.1125,-0.4862,-0.081,0.2615,-0.6916,0.3305,-0.1751
5.1,2.8,4.1,1.6,1.3,17.1,11.6,26.3,27.7,0.592,-0.1119,-0.0182,0.2284,-0.0535,-0.1612,0.2084,0.6925
5.1,1.6,2.5,3.0,2.9,19.5,14.6,22.7,15.8,0.3171,0.4557,-0.235,0.2648,0.4281,-0.4485,0.2815,0.2793
5.1,1.4,1.6,1.8,4.5,17.2,15.2,21.2,19.4,0.3792,0.6092,-0.1404,0.3482,0.1974,-0.3593,-0.1752,0.3634
5.1,1.6,3.9,1.6,3.8,10.6,2.7,32.8,28.5,0.4148,0.792,0.3011,0.1986,0.0477,0.2255,-0.0209,-0.0648
5.1,1.2,2.5,3.8,1.8,19.3,13.1,25.2,18.4,-0.0828,0.336,-0.3588,0.4931,-0.2305,-0.446,0.1696,0.4516
5.1,1.7,2.6,3.3,1.3,15.6,5.4,27.1,37.9,-0.2659,0.482,0.2294,-0.4143,0.5296,0.0065,0.3936,-0.0319
5.1,4.5,4.7,2.1,3.5,15.7,15.4,9.9,12.8,0.1946,0.2193,-0.6105,-0.2759,-0.1149,0.535,-0.0126,0.3806
5.1,1.8,3.6,3.4,1.4,8.1,15.1,30.5,34.3,-0.6906,0.6344,0.1094,-0.1166,0.1796,0.0105,-0.1316,-0.1765
5.1,1.8,2.5,3.4,4.3,4.9,10.8,42.6,34.8,0.3602,0.5814,0.2386,-0.0427,0.4809,-0.3281,-0.2701,-0.0381
5.1,4.5,2.5,3.6,2.4,18.5,14.9,25.1,6.2,0.2082,0.3102,-0.3553,-0.272,0.5106,0.1431,0.4139,0.4364
5.1,2.0,2.7,3.0,1.7,2.7,4.1,19.5,19.0,-0.2101,0.6315,0.1876,0.3862,-0.1795,-0.3854,0.2156,0.3636
5.1,4.4,2.6,2.3,1.1,11.9,11.8,38.0,17.7,0.2421,0.3969,-0.3889,0.3782,-0.083,-0.3507,-0.1389,0.4688
5.1,4.8,1.4,4.8,4.9,11.8,7.2,9.5,5.6,0.2247,0.8629,-0.1081,-0.3251,-0.199,0.1832,-0.0135,0.047
5.1,2.8,4.3,1.2,3.0,17.2,9.9,30.4,29.0,0.0431,-0.0888,0.0571,0.1338,-0.1289,-0.0171,0.9314,0.1507
5.1,2.9,3.2,4.3,1.5,6.7,7.1,39.7,24.6,-0.4725,0.6062,-0.0144,-0.044,-0.0126,-0.0443,-0.4909,-0.3823
5.1,2.2,4.7,1.5,3.5,14.4,9.2,40.4,22.5,0.4977,0.8167,-0.0159,0.0121,-0.0271,0.0149,0.2136,-0.1244
5.1,1.2,1.2,2.2,3.2,19.6,4.9,24.2,7.4,0.4622,0.5168,-0.3944,0.0004,0.5049,-0.101,0.1511,0.2506
5.1,3.7,3.0,2.5,4.4,5.2,9.6,28.6,43.0,-0.0472,-0.0145,-0.0246,-0.1719,0.1243,-0.1077,0.7107,-0.6294
5.1,4.3,2.2,2.9,4.0,15.3,5.1,41.3,36.6,0.1207,0.4883,-0.0728,-0.4466,0.0055,-0.5018,-0.3351,-0.3645
5.1,4.8,1.3,2.2,2.1,9.2,6.5,10.6,4.4,0.0119,0.9898,-0.0078,-0.0769,-0.0454,0.0521,0.0367,0.0039
5.1,1.5,4.7,4.1,1.8,4.7,20.9,33.0,4.9,-0.3873,-0.0286,-0.2967,-0.0815,-0.3897,-0.2994,0.409,-0.5721
5.1,2.2,4.9,3.8,1.8,6.2,5.3,43.5,7.0,0.0094,0.1762,0.0549,0.0218,-0.0033,0.1519,-0.9485,0.094
5.1,1.2,2.7,1.2,4.4,21.8,16.8,9.7,18.1,0.3662,0.3084,-0.0578,0.6321,0.2672,0.3216,-0.2384,-0.3419
5.1,4.4,4.2,1.1,4.2,2.4,9.3,20.5,39.7,0.3145,0.7322,-0.0165,-0.0199,-0.0651,0.0238,-0.4894,0.1636
5.1,3.8,2.5,2.5,4.1,9.8,18.1,39.6,41.1,0.1738,0.9544,0.0994,-0.1042,0.1257,-0.1053,-0.0084,-0.0234
5.1,1.4,3.1,2.4,4.0,15.4,20.3,32.1,42.1,0.2599,0.4981,-0.2814,-0.458,0.3848,-0.3119,0.2802,-0.2162
5.1,1.7,2.6,2.6,2.0,10.9,16.7,35.0,14.6,0.3084,0.2281,-0.5789,0.1765,-0.1122,-0.4881,-0.1072,0.3774
5.1,1.1,3.2,1.4,2.1,18.7,11.4,10.8,17.7,0.3491,0.8389,-0.3382,0.1871,-0.0039,0.0419,0.0639,-0.0381
5.1,4.7,4.9,4.0,3.6,17.6,10.4,27.4,22.3,0.4358,-0.048,-0.1458,0.354,-0.0891,-0.238,0.2605,0.7029
5.1,2.8,4.7,3.0,4.8,18.6,5.1,21.5,41.7,0.2168,0.8037,-0.3409,-0.0799,0.3411,0.08,-0.0954,0.1831
5.1,2.3,2.9,3.5,2.9,18.9,17.3,19.4,26.2,-0.0688,0.408,0.4079,0.2602,-0.4128,-0.261,-0.0321,0.5814
5.1,5.0,4.1,1.5,3.1,15.0,9.7,42.3,19.7,0.5021,0.8523,-0.0489,0.0215,-0.0413,0.0243,0.0389,-0.0239
5.1,4.0,4.0,1.7,3.9,4.7,17.2,28.4,6.1,0.0784,0.1063,-0.3637,-0.2697,0.1799,-0.4083,0.2748,-0.6913
5.1,2.5,3.8,2.6,2.4,20.3,7.8,29.2,5.0,0.1885,-0.2267,-0.0832,0.1129,-0.1045,-0.0784,0.7226,0.5653
5.1,3.9,3.3,2.7,2.4,15.4,8.8,18.0,12.9,-0.0428,-0.0019,0.0019,-0.0386,-0.013,0.0369,-0.3024,0.9337
5.1,3.6,3.3,1.4,4.4,12.3,12.6,23.8,37.5,0.3523,0.8158,0.3232,-0.0974,0.1069,0.0511,-0.1857,0.0209
5.1,4.5,3.6,2.2,2.9,3.6,11.0,10.2,39.8,0.059,0.0467,-0.0658,-0.3718,-0.3289,-0.0766,-0.816,-0.1771
5.1,1.7,1.6,1.4,2.4,9.5,14.9,35.1,18.7,0.2696,0.9556,-0.0582,0.0217,-0.0092,0.0023,-0.019,0.0044
5.1,2.7,4.1,2.8,3.9,2.9,7.4,41.2,31.1,-0.2966,0.5056,-0.0664,-0.0938,-0.0569,-0.0991,-0.658,-0.4146
5.1,2.2,2.2,3.0,1.5,21.3,9.0,42.0,10.7,-0.1854,0.2611,0.0106,-0.0137,-0.0312,-0.0217,-0.7601,-0.54
5.1,1.5,4.1,1.7,1.8,6.6,6.3,23.3,38.6,0.0648,0.9051,-0.0884,-0.075,0.2899,-0.0142,0.1891,0.0032
5.1,4.7,3.7,1.4,1.2,12.4,5.7,33.5,43.5,0.5248,0.8081,-0.2092,-0.0621,-0.0656,-0.0882,-0.022,-0.0094
5.1,1.2,2.8,2.5,2.0,13.2,18.8,12.1,39.6,0.0766,0.5639,-0.0732,-0.4996,-0.4813,-0.0588,-0.3994,-0.065
5.1,1.4,1.2,2.3,1.2,15.2,17.1,8.6,21.3,0.2512,0.4335,0.1288,0.5399,0.4243,0.2497,-0.3548,-0.2373
5.1,3.4,4.8,4.9,1.2,9.6,2.4,35.9,40.7,-0.4185,0.8715,0.0475,-0.1618,0.1098,-0.1107,-0.0149,-0.0349
5.1,2.8,2.4,3.9,3.0,2.1,12.7,28.3,4.3,0.0811,0.1167,-0.1815,-0.403,0.4371,-0.0714,0.7499,-0.1
5.1,4.7,1.6,3.4,2.1,21.6,19.3,26.6,7.1,0.1446,0.0725,-0.1955,0.1306,0.3227,-0.4539,0.7236,0.2425
5.1,3.4,4.4,3.7,2.9,7.7,19.2,15.9,29.9,-0.5454,0.7874,0.0318,-0.1083,-0.0666,0.085,0.1751,0.1372
5.1,4.6,1.1,2.2,3.5,7.4,7.8,36.8,15.1,-0.1739,0.9584,0.0874,0.0415,0.052,0.0381,-0.1657,-0.037
5.1,2.6,1.0,4.9,4.7,6.4,13.0,17.0,13.8,-0.5651,0.4096,-0.2477,0.3329,0.342,-0.2436,-0.0131,0.3919
5.1,3.5,5.0,4.5,2.9,21.9,17.9,35.2,20.1,-0.1693,0.2775,0.3274,0.5059,-0.1527,0.4326,0.161,-0.5195
5.1,4.3,2.0,2.2,3.4,17.0,15.8,34.9,25.0,0.3572,0.3248,0.3615,0.3501,-0.3331,0.4496,0.2188,-0.3557
5.1,1.6,3.4,2.4,3.5,20.4,16.8,7.5,20.0,0.1218,0.3725,0.0345,0.555,0.3959,0.2824,-0.4245,-0.3247
5.1,4.3,4.7,1.0,3.8,2.5,7.2,13.6,20.2,0.483,0.8354,0.2111,-0.0774,-0.0627,0.0056,0.0349,-0.0029
5.1,1.8,1.6,2.1,3.2,17.5,6.6,17.3,20.7,0.0718,0.7301,0.4247,0.2943,-0.1538,-0.3146,0.1107,0.2071
5.1,3.8,4.4,1.7,2.8,16.9,21.6,37.2,16.9,0.1661,0.5564,-0.0878,0.4032,-0.3228,0.3804,0.2438,-0.4024
5.1,1.3,3.4,4.2,4.7,7.4,6.2,30.8,22.2,-0.3488,-0.0245,0.4021,-0.0912,0.5017,0.3477,0.5071,-0.1878
5.1,1.1,4.1,3.8,1.0,15.7,13.0,10.1,42.9,0.0606,0.1136,-0.1021,-0.3573,-0.358,-0.1416,-0.7164,-0.3978
5.1,2.9,1.3,1.9,5.0,9.4,2.3,33.9,22.1,0.1968,0.9415,-0.1105,0.1981,-0.0237,-0.1034,-0.0169,0.0229
5.1,2.2,1.5,4.4,2.5,2.8,19.5,4.5,27.2,0.0602,0.204,0.2539,-0.1819,0.383,-0.2692,-0.559,-0.5599
5.1,2.0,3.1,4.1,1.7,2.3,12.8,26.5,43.9,0.0525,0.1208,-0.1637,-0.2613,0.3712,0.0158,0.838,0.1561
5.1,1.6,2.5,3.4,2.7,7.5,12.3,7.1,33.0,-0.5309,-0.0169,0.3513,-0.0402,-0.0918,-0.482,-0.054,0.5667
5.1,4.7,2.9,2.3,2.7,10.2,12.0,18.8,13.9,0.2339,0.8144,-0.1045,-0.3346,0.0026,0.347,0.0051,0.1464
5.1,2.3,2.2,1.8,3.0,8.1,12.4,30.5,35.1,-0.1101,0.8375,0.0364,-0.3456,0.3129,-0.1821,0.0192,-0.0921
5.1,2.5,1.0,4.1,3.0,13.9,5.0,43.1,35.2,-0.1118,-0.1277,0.2471,0.0157,-0.0591,-0.8357,-0.3488,-0.0784
5.1,4.9,4.8,4.8,2.3,11.4,17.2,17.5,23.7,0.2076,0.8613,0.0571,0.2807,0.2718,-0.191,-0.017,0.0452
5.1,1.6,3.6,2.5,2.0,18.8,16.1,29.6,5.0,0.2255,0.2111,-0.3343,-0.3336,0.5203,-0.1057,0.6176,0.001
5.1,4.0,4.3,4.2,2.3,11.0,4.7,41.8,19.1,-0.2334,0.8261,-0.008,0.3024,0.2142,0.2943,-0.0557,-0.1196
5.1,2.5,1.3,4.6,2.9,7.1,16.2,39.9,7.8,-0.3144,0.643,-0.1438,0.1403,-0.1582,0.1428,-0.529,-0.3182
5.1,1.1,2.3,2.7,3.2,19.2,19.4,11.4,6.2,0.3416,0.1983,-0.4686,-0.3216,-0.4429,0.4529,-0.2792,0.1671
5.1,1.1,4.8,1.1,4.4,13.4,19.7,7.9,28.2,0.5911,0.5498,0.2205,0.1543,0.3197,-0.3164,-0.1833,0.1586
5.1,1.6,2.9,3.8,4.1,8.8,8.7,23.7,31.3,0.0415,0.1151,0.0091,-0.0115,0.0118,-0.011,0.5364,-0.7455
5.1,2.5,4.6,2.5,2.2,20.5,14.8,10.8,14.0,-0.3387,0.1269,-0.6415,0.1421,0.12,0.5571,0.1053,0.282
5.1,4.7,1.5,3.2,4.1,18.1,9.8,17.0,26.4,-0.0171,0.0613,0.0271,0.2571,0.1555,-0.1991,-0.532,0.7408
5.1,2.8,3.6,1.5,2.3,21.6,18.2,42.2,18.5,0.2221,-0.0437,0.0142,0.2202,0.151,0.7467,-0.164,0.0311
5.1,2.5,2.3,1.8,1.9,19.1,10.3,21.3,15.2,-0.0449,0.8235,-0.1645,-0.027,0.186,0.0159,0.4831,0.0683
5.1,3.1,1.4,4.3,2.8,17.4,19.9,9.8,38.0,-0.1227,0.4563,0.1434,-0.5095,-0.4975,-0.0511,-0.4742,-0.0265
5.1,4.8,4.4,3.2,3.8,7.3,20.8,13.6,18.6,-0.494,0.7811,0.2587,0.0846,-0.0716,-0.0604,0.1789,0.1457
5.1,4.7,4.0,4.8,2.3,4.6,2.7,10.4,6.9,-0.3191,-0.2213,-0.1973,-0.0748,0.2419,0.3161,-0.5978,0.5273
5.1,1.9,3.7,2.6,3.9,11.3,21.1,35.8,31.2,0.4495,0.2611,0.5569,-0.1995,0.1144,0.3636,-0.1391,0.3772
5.1,2.6,1.3,4.6,1.7,21.6,2.6,10.3,29.9,-0.2323,-0.1725,0.233,0.1061,-0.2782,-0.3375,-0.716,0.3583
5.1,3.2,1.4,2.2,4.3,2.3,20.9,13.5,43.8,0.0886,0.2162,-0.6382,-0.2892,-0.096,0.5098,0.0132,0.3978
5.1,1.3,3.4,3.8,1.3,21.6,19.8,27.1,10.0,-0.0105,-0.104,-0.038,-0.0051,0.0474,-0.4208,0.8847,-0.0519
5.1,1.7,2.3,1.8,2.8,13.1,7.7,31.7,40.1,0.3213,0.881,-0.2905,-0.0405,-0.0853,-0.0625,-0.0343,-0.0192
5.1,1.7,1.4,1.3,2.7,5.4,21.6,23.4,24.0,0.2628,0.6489,0.3411,0.0119,-0.4104,0.0577,0.4528,0.0327
5.1,1.4,3.7,2.3,3.4,10.2,11.9,24.5,28.4,0.3659,0.8792,-0.1828,0.1462,0.07,-0.0903,-0.0448,0.0521
5.1,2.4,1.9,4.8,3.9,14.5,19.1,34.5,33.2,-0.3125,0.3246,0.3957,-0.2035,0.5602,0.0092,0.4425,-0.2567
5.1,1.9,2.9,3.5,3.5,8.7,18.9,37.3,21.0,-0.3614,0.9129,0.0013,0.0017,0.001,0.0032,-0.1427,-0.0578
5.1,2.5,3.7,4.0,4.1,8.8,14.9,31.1,23.2,-0.3983,0.8979,-0.0914,0.0757,-0.0065,-0.0547,-0.0626,-0.0254
5.1,2.0,3.8,1.5,3.4,8.3,3.2,34.9,20.4,0.0118,0.9527,0.2377,-0.0602,0.0533,0.0097,-0.1343,-0.0126
5.1,4.2,1.3,4.6,4.8,3.4,10.4,10.5,11.7,-0.4182,0.0254,-0.5096,-0.3234,-0.1451,0.3429,-0.0565,0.547
5.1,1.9,3.0,3.0,3.7,6.1,4.5,19.4,43.3,-0.1767,0.4754,-0.4434,0.1539,0.4704,-0.1495,0.018,0.5062
5.1,4.6,3.3,1.9,3.3,20.7,6.6,35.5,27.7,0.0327,0.2026,0.1484,-0.2577,0.3179,-0.1878,0.5906,-0.5864
5.1,4.2,2.1,2.7,1.3,2.9,18.3,12.9,34.6,-0.4592,0.2303,0.3647,-0.2124,-0.5637,-0.0361,-0.2408,0.4014
5.1,4.7,3.6,4.3,3.7,5.6,6.9,22.9,13.8,-0.1744,0.6812,0.0837,0.0276,-0.0096,-0.1067,0.6647,0.17
5.1,1.5,4.2,3.5,2.4,19.5,8.9,42.1,35.0,-0.0838,0.5266,-0.2388,-0.0179,0.3441,0.0842,-0.6691,0.0943
5.1,2.2,4.5,3.2,2.4,4.0,21.1,29.4,40.1,0.1487,0.2998,-0.3044,-0.4916,0.4279,-0.3089,0.4072,-0.2757
5.1,3.6,3.5,4.5,4.0,21.5,20.4,7.7,14.2,-0.3811,0.0073,-0.3847,0.0495,0.4693,0.5303,-0.4085,0.1386
5.1,1.3,3.3,5.0,4.8,4.5,8.6,8.8,13.7,-0.3406,-0.2116,0.0301,-0.1626,-0.0901,0.108,-0.5214,0.7028
5.1,3.3,1.8,1.9,2.1,7.6,21.8,38.3,36.9,-0.0968,0.9408,-0.154,-0.0621,-0.1267,-0.0646,-0.2106,-0.0473
5.1,3.5,3.6,2.3,4.2,7.3,21.9,19.8,9.6,-0.1749,0.8785,0.0288,0.2227,-0.0128,-0.2235,0.2719,0.1127
5.1,4.4,5.0,2.0,2.8,11.0,19.6,10.4,29.3,0.4114,0.8375,0.1049,0.2087,0.2177,-0.1143,-0.0532,0.0279
5.1,3.7,2.4,1.6,1.1,6.6,2.9,36.6,7.8,-0.2595,0.8734,-0.0614,0.2026,-0.1208,0.193,-0.2172,-0.1191
5.1,2.1,2.4,2.2,3.1,14.3,19.7,40.4,28.6,0.2784,0.6459,0.4256,0.1259,0.4275,0.1246,-0.0201,-0.2992
5.1,4.8,2.7,1.6,2.3,9.1,8.3,17.0,12.8,0.2275,0.9697,-0.0061,0.0008,0.0026,3.2205e-05,0.0295,-0.0065
5.1,1.4,4.6,1.2,1.0,2.3,11.2,6.5,10.1,0.0086,0.1864,-0.0678,-0.0842,-0.1249,0.0009,-0.9624,-0.0111
5.1,4.1,2.2,3.0,2.2,3.5,2.1,18.7,24.8,-0.2611,0.3572,0.4521,0.0351,-0.4798,-0.0418,-0.0344,0.5924
5.1,1.2,4.7,4.5,4.9,9.0,15.7,18.4,23.3,-0.4973,0.8487,-0.0325,0.0269,0.0644,-0.0077,0.0913,0.0598
5.1,1.8,2.1,1.7,3.7,5.6,7.7,20.5,26.8,-0.1535,0.2084,-0.0437,-0.2987,0.0337,0.3006,0.364,0.7639
5.1,4.4,1.0,1.2,3.6,15.0,13.8,14.6,6.2,0.4028,0.4653,-0.3047,-0.318,-0.479,0.1127,-0.3982,0.1029
5.1,4.4,1.8,3.2,2.9,21.4,19.7,41.4,37.4,-0.1541,0.4028,0.0437,-0.191,-0.3041,-0.633,-0.311,-0.3131
5.1,2.3,2.1,2.9,3.8,7.2,16.1,5.6,9.2,0.2088,0.3088,-0.1384,0.08,-0.2444,0.32,-0.7459,0.3203
5.1,2.8,3.7,3.4,4.2,9.5,17.5,42.9,27.4,-0.0463,0.9443,-0.009,0.2098,0.1306,0.1645,-0.0122,-0.034
5.1,1.5,4.5,4.4,2.3,13.0,3.7,32.1,26.9,-0.0512,-0.0257,0.2213,0.0256,0.1881,0.4854,0.6896,0.3989
5.1,3.0,1.4,1.7,1.8,7.5,15.2,38.1,31.5,-0.0594,0.9482,0.0903,-0.1258,0.1126,-0.1265,-0.1794,-0.0391
5.1,1.1,4.7,1.1,1.5,14.8,4.3,14.4,30.6,0.0466,-0.0087,0.1421,-0.333,-0.4048,-0.2106,-0.6939,-0.3596
5.1,3.0,2.4,3.8,3.8,10.0,4.4,42.3,9.8,0.1145,0.955,-0.07,-0.1191,-0.1919,-0.0645,-0.0366,-0.0176
5.1,4.9,3.5,1.6,4.0,20.7,14.5,14.1,22.5,0.1772,0.2714,0.2356,0.375,0.3181,-0.3237,-0.4726,0.4934
5.1,1.6,1.5,1.7,1.7,20.6,16.8,9.8,4.9,0.3012,0.2412,-0.3749,-0.2765,-0.5115,0.1979,-0.5529,0.1203
5.1,2.4,4.5,4.1,2.2,11.1,8.8,35.9,27.6,-0.1482,0.6467,-0.0113,0.022,-0.055,-0.0159,0.6796,0.1829
5.1,2.0,3.4,2.9,2.6,5.1,13.3,33.8,21.2,-0.1623,0.1008,0.208,0.428,-0.1575,0.3475,0.3224,-0.6809
5.1,2.4,1.1,3.0,4.1,12.6,21.5,33.0,38.0,-0.0337,0.5823,0.0525,-0.4942,0.4892,0.0333,0.3851,0.0111
5.1,3.2,2.9,1.2,2.0,13.8,8.8,12.5,26.8,0.8375,0.5177,0.0204,-0.0143,0.001,-0.0033,0.0639,-0.1083
5.1,4.3,1.2,1.4,2.2,2.2,16.6,29.8,16.3,0.0113,0.428,-0.1289,0.5945,-0.5048,-0.2268,0.3072,0.1577
5.1,3.6,4.3,2.3,4.0,5.9,5.5,9.2,39.4,0.0402,0.3733,-0.5536,-0.3837,-0.0317,0.4498,0.0141,0.414
5.1,2.8,1.5,4.6,3.4,9.1,9.0,39.2,30.7,-0.1177,0.9543,-0.0182,-0.0062,-0.0169,-0.0073,-0.1785,-0.0096
5.1,1.1,1.8,3.6,1.3,18.5,10.7,23.8,4.6,0.0822,0.0325,-0.0118,-0.266,0.1406,0.2177,0.446,0.7972
5.1,1.1,2.0,4.1,1.8,11.2,21.3,26.3,28.1,0.5289,0.627,0.1997,0.2074,-0.3874,0.074,-0.1153,0.2069
5.1,2.4,1.8,1.9,1.7,20.0,4.0,7.4,24.2,0.5615,0.3168,0.3828,0.1387,0.5109,-0.2739,-0.2389,-0.0843
5.1,3.9,3.0,4.3,3.8,16.9,4.0,31.6,38.5,-0.0569,0.5432,-0.1278,-0.5858,0.3195,-0.3159,0.2382,-0.2417
5.1,4.3,3.8,2.7,2.7,14.9,21.7,39.5,26.1,0.2231,0.7154,0.3107,0.1865,0.3277,0.1882,0.2589,-0.2699
5.1,2.9,1.5,2.3,4.7,12.8,17.8,22.2,16.0,0.3697,0.7777,-0.2941,0.1544,0.2933,-0.1544,-0.0374,0.1596
5.1,4.5,1.4,2.1,2.6,14.5,12.0,30.1,35.1,0.1889,0.6588,0.649,-0.1328,0.0597,0.1689,-0.1705,0.0195
5.1,3.2,2.2,3.9,4.2,20.5,10.8,24.6,41.7,0.0336,0.1681,-0.0406,-0.3719,0.246,0.2798,0.5447,0.6042
5.1,4.1,3.9,4.8,4.4,3.3,6.1,33.3,34.7,-0.6656,0.3822,-0.0713,-0.38,0.0554,-0.2827,-0.0636,-0.3925
5.1,2.7,4.0,4.7,2.9,13.0,4.2,8.1,20.5,0.072,0.7773,0.0447,0.4078,0.4143,-0.0053,-0.1884,-0.0052
5.1,4.4,3.5,3.6,1.6,8.7,4.6,34.9,35.7,-0.3807,0.9141,0.0351,0.0294,0.0161,0.0223,-0.0781,-0.0347
5.1,3.4,1.9,3.3,3.1,14.3,12.8,23.2,21.5,0.4203,0.539,-0.2459,0.4112,0.082,-0.3574,-0.0819,0.3804
5.1,4.9,4.8,3.3,1.4,4.3,7.0,33.9,41.2,-0.1674,-0.0907,-0.1351,0.1751,-0.2174,0.0857,0.6672,-0.5984
5.1,1.5,4.4,1.1,2.8,5.2,5.5,41.5,36.6,0.1643,0.8452,-0.2188,-0.0431,-0.2232,-0.0393,-0.3691,0.0117
5.1,4.4,2.6,3.9,4.8,11.6,11.0,21.7,6.0,0.3435,0.7817,0.2126,-0.2033,-0.1999,0.2012,-0.2174,0.2058
5.1,4.6,4.4,3.3,2.6,8.1,9.4,43.6,37.4,-0.2634,0.0358,0.0171,-0.092,-0.0397,0.0829,-0.1462,0.8709
5.1,3.4,3.6,1.8,4.5,11.8,3.8,34.8,4.8,0.3497,0.7476,-0.2511,-0.3322,0.069,-0.3343,0.0272,-0.1394
5.1,2.5,3.4,3.7,3.6,14.5,17.7,42.9,17.7,-0.0376,0.4143,-0.462,0.4437,0.1415,0.4889,0.0311,-0.3577
5.1,4.4,2.2,3.2,3.8,4.0,10.9,36.0,32.1,-0.4571,0.5697,0.2646,-0.2872,0.3598,0.3653,-0.0972,-0.0496
5.1,2.4,4.6,2.9,2.2,9.7,12.2,26.2,23.9,-0.0244,0.9869,-0.1076,0.026,0.0135,-0.0084,-0.0151,0.0009
5.1,1.4,2.0,1.9,2.5,17.9,4.4,22.9,28.8,0.5254,0.402,0.3633,-0.155,-0.4245,0.2084,0.0536,0.4015
5.1,3.0,2.2,4.2,1.3,9.9,8.6,9.0,16.1,0.3522,0.8828,-0.0299,-0.0106,-0.0004,0.0058,0.1087,-0.0619
5.1,1.2,3.0,2.6,2.9,17.5,4.5,11.1,10.9,-0.1077,-0.095,-0.3597,0.1551,0.4376,0.4683,-0.6012,-0.1909
5.1,3.8,3.3,4.8,3.4,21.8,3.6,36.0,35.0,-0.5352,0.3878,0.0218,-0.3995,0.0892,-0.3637,-0.073,-0.4884
5.1,2.5,2.5,1.9,4.0,13.9,3.1,22.3,12.6,0.4752,0.6812,-0.3303,0.122,0.3403,-0.1281,-0.025,0.2057
5.1,2.9,1.1,1.7,2.1,4.4,3.1,31.1,12.4,-0.3672,0.4241,-0.3008,0.292,-0.6107,-0.0076,0.1328,-0.3179
5.1,2.7,2.8,2.2,1.0,12.8,11.2,38.9,8.2,0.3247,0.7396,0.1618,0.0362,-0.0183,-0.1669,0.4657,-0.1722
5.1,1.6,3.6,4.6,3.8,20.1,14.3,14.4,16.9,-0.2951,0.4109,-0.2734,0.4049,0.5311,-0.0666,-0.44,0.1082
5.1,3.4,1.1,4.2,3.5,5.2,8.9,8.2,10.3,-0.2561,-0.2179,-0.0061,0.0011,0.0056,0.0019,-0.6158,0.7003
5.1,1.4,4.0,4.5,2.2,2.0,17.2,18.6,29.3,-0.3785,0.2582,0.3951,-0.0196,-0.4094,0.0126,0.0247,0.6719
5.1,3.3,4.3,3.2,4.6,5.4,16.6,38.5,28.4,-0.3447,0.661,0.3454,-0.097,0.3976,-0.0845,-0.1828,-0.3166
5.1,4.9,3.7,1.5,4.7,12.5,2.1,35.3,33.9,0.5843,0.6297,0.3902,-0.2555,0.0196,0.0772,-0.0927,0.1113
5.1,1.6,3.9,1.6,1.4,15.5,5.0,32.1,35.5,-0.0627,0.2926,0.1539,-0.3648,0.4938,-0.1175,0.6247,-0.2643
5.1,1.3,3.9,4.2,2.4,16.0,4.7,41.6,26.8,0.3306,0.1502,0.2553,-0.1551,0.3158,-0.1823,0.0104,-0.7839
5.1,1.8,2.4,2.9,1.6,8.3,14.5,32.4,23.3,-0.5467,0.7873,0.1332,-0.0655,0.0095,0.0725,-0.1636,-0.1121
5.1,1.6,2.3,1.9,3.7,12.8,9.0,42.1,15.0,-0.1442,0.7211,-0.0202,-0.001,-0.0148,-0.0102,-0.632,-0.1378
5.1,3.1,4.3,2.8,4.5,8.1,4.4,12.2,39.0,-0.3852,0.8571,-0.228,0.1196,0.0174,0.0912,0.1556,0.0629
5.1,3.2,4.3,1.2,3.8,8.9,19.9,10.4,23.5,0.3028,0.9478,0.0146,-0.0142,0.0011,-0.0058,0.0344,-0.0104
5.1,4.3,1.1,3.4,4.0,20.3,5.6,42.2,25.3,0.3688,0.437,0.4418,-0.044,0.5018,-0.074,-0.1192,-0.4208
5.1,2.0,2.4,4.2,3.7,10.5,8.1,21.8,29.4,0.3445,0.8808,0.0482,0.0048,-0.0636,-0.0011,-0.2477,0.109
5.1,1.7,4.0,4.4,2.1,17.8,4.8,37.2,27.3,0.013,0.1313,0.2824,-0.1162,0.2936,-0.1107,0.3513,-0.8005
5.1,3.2,1.2,2.6,4.8,2.7,12.1,25.9,30.7,0.3613,0.3866,0.2727,0.097,-0.4572,0.2857,0.5095,-0.2372
5.1,4.1,4.6,4.2,4.5,6.2,14.1,4.8,12.5,0.1098,0.4718,-0.096,0.2135,-0.2359,0.3585,-0.7171,-0.0429
5.1,2.6,4.5,4.9,2.1,8.3,7.2,28.6,19.2,-0.7818,0.5658,0.0016,-0.0495,0.0145,-0.0331,-0.1227,-0.1795
5.1,2.1,1.4,1.3,1.2,6.0,12.8,32.5,41.4,-0.1469,0.1215,-0.3129,-0.3224,0.0631,-0.3467,0.1073,-0.7588
5.1,2.4,1.0,1.8,4.3,17.0,18.9,12.2,6.8,0.3371,0.3579,-0.3791,-0.3997,-0.3342,0.4059,-0.241,0.3298
5.1,2.2,1.8,3.7,1.8,4.8,6.2,33.1,27.9,-0.5108,-0.0302,0.1862,-0.196,0.2411,-0.1429,0.1939,-0.7273
5.1,2.6,4.8,4.5,2.4,12.0,8.4,5.7,43.4,0.5241,0.7925,0.0364,0.0151,-0.0034,-0.0222,0.2168,-0.151
5.1,4.5,2.5,4.8,2.5,16.4,4.6,43.9,28.2,0.3355,-0.0232,0.1501,-0.0666,0.2658,-0.335,-0.252,-0.7604
5.1,2.0,3.6,2.7,2.7,20.2,8.4,39.9,32.2,-0.3796,0.4499,-0.0095,-0.0161,-0.0095,-0.0162,-0.5967,-0.5161
5.1,3.4,1.2,1.4,2.0,17.4,13.1,19.4,17.6,0.3587,0.7858,-0.1845,0.1873,0.2619,-0.2013,-0.1667,0.1866
5.1,3.5,2.3,3.8,3.9,13.6,16.1,7.9,14.0,0.1998,0.0947,-0.68,-0.1687,-0.1406,0.6446,0.0464,0.0505
5.1,3.5,3.9,3.4,1.6,10.0,12.2,20.6,37.8,-0.0752,0.9687,0.1365,0.0093,-0.1459,-0.012,0.0568,0.0252
5.1,3.6,4.5,4.2,1.6,17.9,13.9,26.9,32.2,0.1722,0.0724,0.3047,0.0418,-0.4747,0.3086,0.7163,0.0799
5.1,3.7,4.7,1.4,4.0,20.7,19.4,36.3,32.8,0.0727,0.6611,0.0739,-0.3438,0.5012,-0.1914,0.2899,-0.1841
5.1,1.7,1.3,2.2,4.9,5.0,21.3,20.9,40.0,-0.1119,0.5927,-0.3898,-0.2942,0.2314,0.3284,0.281,0.3719
5.1,3.0,3.0,1.2,4.3,2.9,5.4,33.6,17.0,0.0051,0.4551,0.2697,0.4783,-0.0446,0.4795,0.0068,-0.4879
5.1,2.8,2.4,2.9,1.9,16.8,14.6,20.8,43.6,0.2866,0.3601,-0.0864,-0.4228,0.0948,0.4207,-0.1073,0.6183
5.1,4.3,4.7,1.1,2.5,3.3,20.3,17.9,8.8,-0.0584,0.7063,-0.2122,0.225,0.5657,-0.1366,-0.0239,0.2121
5.1,3.2,3.4,3.2,2.4,10.0,18.8,12.6,33.9,0.0813,0.8749,0.3449,0.2294,-0.0584,-0.1752,0.0342,0.0662
5.1,1.5,1.8,2.9,4.5,18.6,7.8,12.8,17.4,-0.4758,0.5707,0.2122,0.421,-0.0039,-0.3185,0.0725,0.3072
5.1,4.6,3.7,2.0,4.1,8.9,19.0,26.7,30.5,0.0242,0.9869,-0.0017,0.0493,-0.0664,0.0158,-0.0791,-0.0014
5.1,2.0,1.1,1.3,2.8,5.9,20.4,8.6,5.8,0.0826,0.0947,-0.4519,-0.2257,-0.1321,0.4836,-0.1202,0.6682
5.1,1.2,1.4,3.8,1.8,6.6,12.2,40.7,28.6,-0.2468,0.5429,0.2192,0.0079,0.2689,-0.0091,-0.6006,-0.3748
5.1,4.7,3.1,3.5,1.8,11.8,4.1,22.7,42.2,0.1431,0.9328,-0.1062,-0.1772,0.1606,0.161,-0.0051,0.0517
5.1,2.6,4.1,3.2,1.5,5.4,11.6,35.7,18.1,-0.068,0.5098,-0.204,0.3827,-0.427,0.2568,0.3963,-0.328
5.1,2.5,3.6,1.2,1.7,8.5,10.9,40.1,21.9,0.2653,0.9465,0.0237,-0.0078,0.0157,-0.0044,-0.1392,0.0391
5.1,3.9,4.4,2.6,4.2,4.1,13.8,16.0,42.4,-0.359,0.2135,-0.4053,-0.2855,0.0255,0.3203,0.0977,0.6668
5.1,2.0,1.0,1.6,2.0,4.2,9.2,24.3,10.0,-0.0061,0.3864,-0.0125,0.0276,-0.0583,-0.0081,0.9082,0.0131
5.1,1.7,3.3,2.7,4.7,16.9,21.0,14.2,30.3,-0.1262,0.0543,0.4901,-0.3798,-0.44,-0.5039,-0.2514,-0.2332
5.1,3.1,2.5,2.3,1.9,17.6,11.6,9.1,28.8,0.0846,0.0668,0.1876,0.2892,0.3481,0.0379,-0.8378,-0.1398
5.1,3.8,1.6,2.1,3.8,18.4,16.1,14.1,40.9,0.2149,0.4258,-0.1993,-0.4333,-0.4199,0.2624,-0.4374,0.2949
5.1,4.0,1.7,1.7,2.0,11.6,6.8,31.2,11.9,0.5653,0.7843,-0.2174,-0.0163,-0.0558,-0.0517,-0.0385,0.0121
5.1,4.9,1.6,3.7,4.8,5.8,10.6,5.4,24.5,0.0209,0.5691,0.0694,0.0987,0.2079,0.0094,-0.7798,0.0025
5.1,3.3,1.6,2.7,4.5,6.6,19.0,24.1,41.2,0.1097,0.673,-0.2015,-0.0628,0.3175,-0.0245,0.6083,-0.0109
5.1,3.0,1.8,4.9,1.4,10.5,7.4,4.4,41.3,-0.1703,0.9629,0.0222,-0.0876,-0.1386,-0.0198,-0.0185,-0.0031
5.1,2.5,2.3,4.2,3.0,13.0,9.8,43.4,13.1,-0.0324,0.348,-0.0451,-0.2898,-0.3542,-0.0791,-0.7692,-0.18
5.1,3.1,1.3,2.6,2.0,7.0,13.0,31.9,23.1,-0.6363,0.5547,0.3098,0.0191,0.0166,0.114,-0.2531,-0.3101
5.1,1.8,3.6,1.6,3.5,21.3,14.5,37.6,39.5,0.3384,0.5147,-0.0233,-0.3225,0.2575,-0.3458,0.3379,-0.4343
5.1,3.5,4.4,3.7,2.8,15.3,3.6,8.9,26.8,0.63,0.0707,0.3181,0.0871,0.3494,-0.4201,-0.0821,-0.3983
5.1,3.2,3.8,3.7,3.8,14.5,18.2,30.6,13.0,-0.064,-0.0286,-0.6226,0.2384,-0.2676,-0.615,0.1605,0.2174
5.1,2.4,4.9,2.9,1.5,3.9,7.3,8.1,43.8,-0.0204,0.004,-0.1139,-0.0044,0.17,0.1344,-0.9423,-0.1626
5.1,2.5,4.6,4.8,2.6,5.3,17.7,22.0,43.5,-0.1594,0.4187,-0.3224,0.0404,0.3555,-0.0496,0.5539,0.4892
5.1,2.9,1.0,4.8,3.5,16.9,10.0,42.3,43.2,0.1215,0.0758,0.0771,-0.3238,-0.0928,-0.2936,-0.3029,-0.8002
5.1,4.0,2.7,1.0,4.8,6.1,18.8,4.4,23.8,0.4468,0.7854,0.1424,-0.0512,0.1827,-0.0929,-0.3066,0.1338
5.1,2.0,2.7,3.3,3.6,15.9,16.0,17.7,43.3,0.1206,-0.0241,-0.2811,-0.0301,-0.0774,0.8818,-0.1818,0.0537
5.1,1.9,1.5,4.7,3.2,7.0,20.9,11.0,14.6,-0.6686,0.1858,-0.2822,0.2969,0.386,-0.1257,-0.1108,0.4031
5.1,4.9,2.6,4.7,3.4,8.4,7.9,31.6,4.0,-0.5092,0.8497,-0.0076,-0.0078,-0.0026,-0.0049,-0.0812,-0.05
5.1,3.5,1.4,4.4,2.2,7.1,21.4,18.4,25.2,-0.6153,0.6429,0.097,-0.1192,-0.1039,0.1162,0.2604,0.288
5.1,3.0,4.4,2.0,4.2,10.1,3.8,16.4,11.1,0.3001,0.9182,-0.2073,-0.0496,0.0864,0.0638,0.0214,0.0159
5.1,4.1,3.2,3.2,2.6,4.7,2.3,30.7,13.0,-0.5327,0.1981,-0.3259,0.2574,-0.4913,0.0525,0.158,-0.4687
5.1,3.2,4.1,4.0,1.9,17.1,5.7,37.0,6.8,0.1717,0.2812,-0.2216,0.0561,-0.2512,0.0401,0.6282,-0.5967
5.1,1.0,4.9,4.5,2.5,4.5,9.1,39.0,9.7,-0.5458,0.3085,-0.0263,-0.0589,-0.0286,-0.059,-0.3708,-0.6667
5.1,4.9,1.8,4.0,2.2,16.6,6.3,29.2,41.3,0.5471,0.5382,-0.3354,-0.3123,0.2291,-0.3037,-0.0901,0.0756
5.1,4.7,2.1,1.6,1.8,7.1,4.7,32.9,16.2,-0.154,0.9279,0.1947,0.1211,0.0969,0.1125,-0.1614,-0.0637
5.1,1.8,2.8,2.2,3.5,15.3,8.4,27.1,5.4,0.7968,0.518,-0.0849,0.0264,-0.0029,-0.0228,-0.1434,0.227
5.1,4.9,2.4,4.1,2.1,17.3,19.7,21.0,13.6,-0.0808,0.2629,-0.3568,0.2602,0.3453,-0.2601,-0.0506,0.7232
5.1,2.0,1.9,2.3,1.5,9.8,3.8,27.3,21.7,0.0571,0.9545,-0.0216,0.2113,-0.1299,-0.1069,0.0171,0.0194
5.1,2.6,1.2,2.9,1.8,6.8,17.7,26.7,23.4,-0.2102,-0.1162,0.2961,0.1024,-0.1635,0.3699,0.3906,-0.7018
5.1,4.4,1.6,3.7,2.3,17.8,15.3,16.7,26.7,-0.2413,0.0882,0.1541,0.2629,-0.3139,-0.4806,-0.5884,0.3749
5.1,3.1,2.0,4.4,2.6,13.8,16.1,28.6,43.8,0.4066,0.4561,-0.2767,-0.3927,0.5517,-0.0372,0.2131,0.1216
5.1,1.6,1.1,2.2,2.9,16.8,18.3,26.3,17.7,0.1018,0.3837,-0.316,0.5785,-0.2445,-0.4067,0.1411,0.3783
5.1,3.9,1.9,1.3,2.7,11.3,4.3,9.6,11.0,0.5457,0.7446,-0.2291,-0.188,0.0036,0.2218,0.0099,0.0504
5.1,4.3,2.0,3.1,3.3,10.3,6.5,8.1,29.0,0.2037,0.9331,0.0877,0.1997,0.076,-0.1478,-0.0101,0.0268
5.1,2.3,4.1,3.6,2.8,20.0,12.4,27.5,30.9,0.0121,-0.0219,0.328,0.2961,-0.3527,0.3108,0.5898,-0.4485
5.1,2.3,3.4,1.0,1.3,12.0,9.1,30.6,31.4,0.776,0.6161,0.0002,0.0005,-4.2732e-05,-3.6381e-05,-0.0416,0.0553
5.1,2.7,2.2,1.9,1.3,6.0,18.2,36.5,38.0,-0.2395,0.5879,-0.2247,-0.4154,-0.089,-0.4035,-0.16,-0.3936
5.1,2.5,1.4,4.5,1.5,4.1,9.6,39.1,18.7,0.3041,0.4924,-0.2347,0.1745,-0.3113,0.1968,0.3692,-0.4897
5.1,3.9,1.2,3.0,1.2,4.0,13.6,26.3,6.1,0.0754,0.2495,-0.2311,-0.0219,0.3585,-0.1752,0.8357,0.0529
5.1,2.5,3.7,2.1,2.0,18.8,12.9,32.2,11.1,-0.0752,0.0061,-0.3681,-0.2566,0.188,-0.3697,0.3465,-0.6877
5.1,1.7,3.5,3.3,3.1,5.5,3.3,18.3,29.5,-0.4282,0.3441,0.218,-0.3139,-0.2504,0.3041,0.13,0.6053
5.1,2.9,2.6,1.4,3.3,15.9,10.2,21.6,15.3,0.2224,0.8995,-0.1365,0.0219,0.1438,-0.0272,0.2873,-0.0455
5.1,2.9,2.2,4.5,4.4,3.3,13.9,15.2,11.2,-0.5663,0.2281,-0.367,0.093,0.5219,0.2968,-0.176,0.2856
5.1,2.5,2.3,2.2,4.8,12.7,19.4,21.3,17.8,0.321,0.7567,-0.2356,0.2406,0.2655,-0.2447,-0.1407,0.2215
5.1,3.6,4.2,2.7,1.4,6.0,21.9,37.7,41.3,-0.4161,0.5653,-0.3383,0.039,-0.4474,-0.018,-0.1433,-0.3774
5.1,3.8,4.4,4.4,4.1,13.7,7.6,27.8,34.8,-0.7109,0.2806,-0.042,-0.2931,0.0557,-0.2118,-0.0605,-0.4486
5.1,2.5,2.6,3.5,3.1,19.3,18.5,36.9,11.3,-0.2035,0.4086,-0.4591,0.0622,-0.5175,0.0379,0.1436,-0.5178
5.1,2.4,4.5,4.4,1.3,14.4,5.0,21.3,4.3,0.4396,0.5911,-0.2455,-0.0333,0.2443,0.033,-0.3955,0.4028
5.1,3.9,1.9,3.7,4.1,4.1,14.5,27.7,4.2,0.1017,0.1341,-0.2322,-0.3826,0.4315,-0.1761,0.672,-0.2922
5.1,3.0,3.7,4.1,4.1,8.7,5.1,22.9,16.6,0.0276,0.5483,0.2218,-0.2965,0.3618,-0.2531,0.3965,-0.3621
5.1,2.6,1.6,3.2,4.9,17.6,10.9,17.2,37.3,-0.0596,0.5382,0.0666,-0.3649,-0.4824,-0.0548,-0.5489,-0.0425
5.1,2.1,2.5,3.6,4.0,11.1,9.1,37.9,19.0,0.0538,0.9818,-0.1157,-0.0062,-0.0277,-0.0083,-0.0195,-0.0002
5.1,2.7,3.9,3.9,3.9,11.5,7.5,4.4,9.3,0.5725,0.7311,-0.0499,-0.0309,-0.1196,0.0592,0.2415,-0.2018
5.1,2.0,1.4,4.7,1.6,3.7,7.8,36.5,40.8,0.1067,0.2934,-0.2798,0.0684,-0.2921,0.0606,0.5804,-0.5764
5.1,4.0,2.9,2.2,3.7,19.6,3.1,17.5,11.5,-0.0385,0.5193,-0.345,0.2259,0.5273,-0.1685,-0.273,0.4043
5.1,2.0,4.6,2.1,4.6,12.0,7.4,15.5,25.2,0.6126,0.7616,0.1394,-0.0326,-0.0169,-0.015,0.0619,-0.0506
5.1,1.7,2.8,3.4,1.3,13.4,16.4,9.4,26.6,0.4873,0.2366,0.3675,0.2181,0.5562,-0.0624,-0.2205,-0.3717
5.1,4.9,4.5,1.3,1.6,2.3,9.2,28.6,19.1,0.4633,0.8717,-0.0495,0.0218,-0.0077,0.002,-0.0021,0.0005
5.1,1.7,3.5,3.1,4.6,2.5,8.5,43.8,20.8,0.6332,0.6899,-0.0343,0.0034,0.0029,0.0146,0.2186,-0.2108
5.1,2.1,1.8,4.5,4.0,21.9,15.5,13.2,30.5,-0.5,0.0458,0.405,-0.0811,-0.4853,-0.417,-0.309,0.2306
5.1,1.4,3.4,2.3,1.4,3.6,6.1,22.0,41.1,0.4328,0.6948,-0.3404,-0.0086,0.3703,-0.0048,-0.002,0.1992
5.1,3.6,1.3,3.0,3.7,12.3,16.4,39.2,40.3,0.262,0.7619,0.1448,-0.3108,0.2211,-0.3132,0.142,-0.221
5.1,4.8,2.7,3.2,2.8,14.7,18.1,41.4,18.0,0.2938,0.5364,-0.1812,0.2443,-0.3228,0.5297,-0.0118,-0.3241
5.1,1.5,4.5,2.3,3.4,16.4,12.3,23.9,41.8,0.5914,0.3524,0.1624,-0.3429,-0.0489,0.2849,-0.1116,0.5089
5.1,3.5,2.0,4.2,2.1,17.3,10.5,39.3,30.1,-0.2945,0.2206,0.1545,0.2641,0.1574,0.2633,-0.2382,-0.7685
5.1,2.3,4.4,3.6,1.3,4.8,7.4,24.7,39.8,0.607,0.2181,-0.1049,0.0175,0.2644,-0.2433,-0.0659,0.5534
5.1,1.1,1.6,2.7,1.7,17.2,20.6,27.4,17.5,-0.2164,0.3745,-0.26,0.4714,-0.5099,-0.2422,0.391,0.1763
5.1,3.0,3.8,1.5,3.4,20.0,13.2,38.7,15.7,0.1957,0.868,-0.1213,0.1398,-0.3436,0.1326,0.0984,-0.0876
5.1,1.8,2.0,1.1,3.1,19.2,5.6,18.6,16.9,0.1505,0.4241,0.1312,0.4686,-0.0209,-0.4965,0.0861,0.5357
5.1,4.7,4.6,1.1,1.7,8.3,12.5,29.6,42.0,0.2362,0.9639,-0.0292,0.013,-0.0048,0.0007,-0.066,0.0147
5.1,4.4,1.2,1.5,3.6,4.3,6.0,37.8,8.8,0.024,0.6046,-0.265,0.3446,-0.42,0.3296,0.0406,-0.3748
5.1,1.3,4.4,2.1,2.4,3.9,4.4,31.3,8.1,-0.2236,0.0294,-0.3198,0.1087,-0.5525,-0.3314,0.602,-0.1904
5.1,4.0,1.4,3.1,2.1,18.8,2.1,21.0,8.4,0.1581,0.3478,-0.4573,0.027,0.4556,-0.027,-0.0793,0.6436
5.1,1.9,2.0,3.8,3.1,19.1,7.4,39.0,8.3,0.0912,0.0775,-0.1507,0.1712,-0.1507,0.1711,0.157,-0.9112
5.1,3.9,2.0,3.1,2.5,17.1,18.1,20.8,39.2,0.1229,0.5204,0.0203,-0.4874,-0.0458,0.4819,-0.0367,0.4681
5.1,2.6,1.5,2.2,4.6,19.5,18.4,41.0,17.2,0.2662,0.5361,-0.1821,0.4336,-0.1877,0.4337,0.0093,-0.4215
5.1,1.4,4.5,4.8,3.6,15.1,5.6,4.3,20.7,0.0438,0.8873,0.1765,0.1844,0.3141,0.1472,-0.0372,-0.0953
5.1,3.1,4.1,3.3,3.2,4.1,13.6,38.7,9.4,-0.3723,0.5614,-0.3061,-0.0766,-0.3174,-0.079,-0.3731,-0.4296
5.1,4.6,5.0,2.0,1.2,20.3,7.2,12.9,11.2,-0.0518,-0.04,-0.038,0.1122,0.1123,-0.0628,-0.7574,0.6056
5.1,3.8,2.9,2.0,3.1,6.5,13.0,34.9,14.9,-0.1543,0.829,-0.1171,0.2774,-0.395,0.1309,0.0164,-0.0976
5.1,4.8,2.6,2.2,1.9,8.0,11.3,28.3,29.3,-0.3672,0.8921,0.0471,-0.0035,0.0081,0.0067,-0.2092,-0.0909
5.1,4.6,1.4,2.2,4.3,5.3,15.4,37.7,31.6,-0.131,0.7582,0.2241,-0.2962,0.3634,-0.261,-0.0577,-0.2221
5.1,3.9,2.6,3.9,2.8,11.8,10.0,40.6,27.5,0.4481,0.7641,-0.1763,0.0971,-0.1209,0.0902,0.2874,-0.2139
5.1,4.3,2.2,4.0,2.3,7.5,14.0,21.2,39.5,-0.3432,0.838,-0.0871,-0.0255,0.0911,0.0249,0.3577,0.156
5.1,2.2,4.7,4.3,2.6,13.2,15.6,24.0,16.0,0.3132,0.0098,-0.3205,-0.0596,0.4535,-0.6534,0.2947,-0.1541
5.1,2.9,3.7,3.3,4.0,9.9,2.6,33.1,6.1,0.0411,0.9306,-0.0667,-0.2609,0.1275,-0.175,0.03,-0.042
5.1,4.9,3.9,2.5,1.4,9.9,16.0,20.7,41.1,0.0607,0.9868,0.0627,-0.0381,-0.0867,0.0381,0.0175,0.0063
5.1,3.6,2.1,3.9,1.3,22.0,21.5,19.7,19.9,-0.3366,0.5102,0.2353,0.3999,-0.2268,-0.3986,0.0026,0.4189
5.1,3.0,2.9,1.1,1.6,3.5,14.9,41.4,25.1,-0.0931,0.4415,0.3209,0.1261,0.3209,0.1259,-0.6033,-0.408
5.1,1.8,3.8,4.7,1.9,17.8,10.8,35.9,38.8,0.0426,0.5818,0.2217,-0.2142,0.3548,-0.1405,0.5695,-0.243
5.1,1.6,4.1,3.1,2.8,16.1,14.3,39.0,26.5,0.0329,0.2877,0.1894,0.3967,0.2005,0.3995,0.0563,-0.7023
5.1,2.9,4.6,3.9,3.5,19.1,16.5,37.0,16.0,-0.1391,0.5478,-0.3048,0.3533,-0.4103,0.3083,0.1903,-0.3814
5.1,3.2,4.5,1.8,2.2,21.0,11.5,9.5,20.9,0.5804,-0.0274,-0.1162,0.4319,0.0962,0.2435,-0.2104,-0.5545
5.1,3.9,3.1,2.1,4.7,14.1,11.5,31.3,37.7,0.507,0.7497,0.328,-0.2051,-0.0322,0.0626,-0.0589,0.0738
5.1,3.4,2.4,3.1,1.1,2.5,14.3,33.9,13.3,-0.583,0.1222,-0.2885,-0.0187,-0.4291,-0.2344,0.1107,-0.5407
5.1,2.9,1.1,4.8,2.1,16.4,19.9,4.6,20.1,-0.0697,0.5952,0.0203,0.4439,0.3019,0.3903,-0.2697,-0.336
5.1,4.9,2.4,3.0,4.4,3.6,17.3,11.6,35.1,-0.1861,0.4274,0.1769,-0.4959,-0.5443,0.0605,-0.4154,0.1217
5.1,2.3,2.9,1.2,2.8,11.1,14.7,11.1,40.8,0.5851,0.7684,0.1584,-0.1648,0.0285,-0.0517,0.0179,-0.0317
5.1,5.0,4.2,1.5,3.2,5.0,17.5,38.1,32.7,0.0454,0.7856,0.1313,-0.3401,0.2753,-0.3388,-0.0338,-0.1946
5.1,4.2,4.6,4.1,1.6,14.0,3.0,43.5,27.9,0.6005,0.4868,0.2361,0.0397,0.3156,-0.0097,0.2083,-0.4189
5.1,3.2,3.9,5.0,1.1,14.9,19.8,31.7,42.4,0.4229,0.066,-0.3121,-0.1359,0.4358,-0.4784,0.1559,0.4261
5.1,1.9,4.9,2.9,3.9,14.9,16.6,17.1,15.4,-0.1932,0.6275,-0.2118,0.2839,0.5529,-0.0084,-0.3398,0.0848
5.1,3.7,4.6,4.3,2.5,12.1,12.6,38.4,26.2,0.1988,0.7097,-0.1942,0.2157,-0.1226,0.2585,0.4522,-0.2371
5.1,3.7,4.2,2.8,3.2,18.3,10.6,12.3,8.7,-0.018,-0.001,-0.0816,-0.27,-0.2301,0.1168,-0.818,0.4053
5.1,1.5,3.0,3.1,1.4,19.0,18.0,19.7,5.8,0.0735,0.2953,-0.3579,-0.2721,0.3548,0.2721,-0.0461,0.6989
5.1,4.9,2.7,4.3,5.0,5.3,14.0,22.0,43.1,-0.286,0.6406,-0.2787,-0.0642,0.2874,0.0626,0.4608,0.3371
5.1,1.1,3.7,4.3,3.0,21.7,8.0,39.3,22.2,0.3623,0.2854,0.0456,-0.0328,0.0458,-0.0329,0.5078,-0.6951
5.1,1.4,2.0,4.1,1.1,14.3,21.3,8.9,43.6,0.5225,0.1739,-0.3024,-0.1147,-0.5043,0.2684,-0.1043,-0.4594
5.1,4.7,4.5,4.6,2.9,11.3,11.0,6.3,18.7,0.0208,0.9244,-0.3515,0.0046,-0.0293,0.0328,0.0806,-0.0137
5.1,2.9,4.4,2.8,4.4,9.0,12.7,9.3,26.4,-0.138,0.9775,-0.0867,0.0371,-0.0054,0.0151,0.0569,0.0083
5.1,3.9,1.2,2.1,1.2,21.8,12.4,7.1,13.7,0.2272,0.2546,-0.2522,-0.0026,-0.3584,0.3738,-0.6818,0.2601
5.1,1.3,2.9,1.6,4.9,6.5,12.3,28.6,27.3,0.0861,0.136,0.2201,0.2759,-0.1571,0.3251,0.3706,-0.7359
5.1,4.4,1.1,2.6,4.3,17.9,20.3,25.1,39.1,0.1345,0.4936,-0.0619,-0.5025,0.328,0.3664,0.3296,0.3304
5.1,4.8,1.2,2.3,4.8,12.4,21.8,9.5,13.2,0.3298,0.5569,-0.5933,-0.2339,0.0603,0.3487,0.1318,0.1349
5.1,1.3,2.6,3.0,2.8,5.1,6.8,36.9,4.6,0.0687,0.2666,-0.304,0.1704,-0.3531,0.1519,0.4811,-0.6326
5.1,3.2,3.5,1.5,3.5,7.1,11.2,38.1,14.5,0.1345,0.8939,-0.1648,0.2688,-0.0666,-0.1746,-0.1302,0.0691
5.1,2.7,4.1,4.2,1.9,5.5,6.3,37.0,37.3,-0.5056,0.7194,-0.1565,-0.2105,-0.1056,-0.1926,-0.1916,-0.221
5.1,3.2,4.4,4.3,2.6,9.7,8.6,21.6,37.6,-0.5238,0.7263,-0.0087,-0.0056,-0.0513,-0.0228,-0.2108,-0.215
5.1,3.3,4.0,4.3,1.3,19.8,12.3,18.6,17.0,-0.2585,0.624,-0.4,0.1543,0.4761,-0.1116,-0.1703,0.2703
5.1,3.7,4.0,3.0,2.5,13.3,11.8,11.9,7.7,0.4358,0.0736,0.0248,-0.5228,-0.2051,-0.3154,-0.2954,-0.5239
5.1,1.7,4.6,4.7,2.7,4.9,16.8,36.1,43.2,-0.4977,0.1874,-0.2724,-0.1649,-0.3627,-0.2747,0.0609,-0.6185
5.1,3.0,2.4,3.2,3.1,8.8,10.5,11.1,20.9,-0.3034,0.9437,-0.0379,-0.003,0.0062,0.002,0.0687,0.0235
5.1,2.6,2.1,3.7,4.4,5.9,9.3,34.7,34.1,-0.4272,0.8277,0.2506,0.0745,0.0683,0.0493,-0.132,-0.0974
5.1,3.8,3.2,2.7,4.7,15.5,2.6,36.2,27.3,0.1673,0.0221,0.535,-0.2222,0.2546,0.6113,0.0832,0.3578
5.1,3.0,4.7,2.2,3.7,2.4,14.9,39.2,42.9,-0.0832,0.2167,-0.2941,-0.1007,-0.206,-0.5934,-0.2122,-0.5911
5.1,4.4,2.2,3.9,1.3,19.8,17.8,23.5,27.0,-0.0059,0.1979,0.3338,-0.0995,-0.3869,0.1237,0.3113,0.7452
5.1,3.8,1.8,1.5,3.9,6.5,17.5,31.7,27.6,-0.176,0.7921,0.3404,-0.3229,0.1192,0.201,-0.2216,-0.0201
5.1,4.2,3.9,3.1,3.7,4.2,12.1,6.6,15.5,-0.1564,0.2383,-0.6911,0.1118,0.0983,0.5855,0.1728,0.1335
5.1,1.8,4.5,1.2,4.0,7.7,4.8,41.6,37.3,0.241,0.9125,-0.1596,0.0098,-0.1523,0.007,-0.2152,0.0306
5.1,4.7,2.6,1.8,3.5,10.2,12.4,36.2,19.1,0.3181,0.93,-0.1479,0.061,-0.0037,-0.003,-0.023,0.0078
5.1,4.6,3.6,2.4,4.2,20.4,21.9,32.1,37.3,-0.0051,0.4613,-0.0834,-0.5393,0.3635,-0.3352,0.3321,-0.3295
5.1,3.0,4.7,2.3,1.8,16.7,14.7,18.2,12.7,-0.2859,0.3527,-0.2731,-0.1374,0.5203,0.3294,0.0107,0.5468
5.1,1.1,1.3,3.7,4.8,20.9,10.7,40.7,39.5,0.14,0.3587,0.1587,-0.4015,0.1611,-0.4001,0.2198,-0.6299
5.1,1.9,3.0,3.5,1.7,12.0,2.9,18.4,34.2,0.1307,0.5366,0.4019,-0.0558,-0.4275,0.0477,-0.3755,0.4267
5.1,1.4,2.2,5.0,4.2,5.6,15.9,19.9,5.1,-0.4415,0.399,-0.3543,-0.2225,0.3691,0.2288,0.0567,0.5186
5.1,4.4,3.1,3.2,1.6,3.8,7.6,17.0,28.1,-0.62,0.0905,-0.0063,-0.0868,-0.0137,0.077,0.0944,0.7555
5.1,5.0,2.7,3.2,3.9,17.8,2.6,25.2,35.6,-0.1642,0.2932,0.3501,-0.3798,0.4271,0.5237,0.2235,0.2779
5.1,3.6,2.2,3.6,3.3,18.5,12.2,19.3,36.1,0.0935,0.6618,0.3356,-0.2612,-0.3688,0.2556,-0.2122,0.3255
5.1,2.0,1.6,1.4,4.4,3.2,15.2,19.0,38.0,0.3225,0.5009,-0.024,-0.3927,-0.2016,0.4221,-0.2009,0.4596
5.1,2.9,4.1,4.6,4.7,4.5,17.7,22.2,37.7,-0.2587,0.5184,-0.0849,-0.3656,0.2611,0.3706,0.3031,0.4529
5.1,4.4,3.1,2.9,4.3,2.8,19.1,4.1,10.2,0.1981,0.4864,-0.3758,0.2383,-0.4392,0.2796,-0.3733,-0.3279
5.1,1.9,1.1,1.6,3.2,15.9,19.2,4.1,43.5,0.3355,0.4896,-0.3124,-0.36,-0.3874,-0.3037,-0.2718,-0.2954
5.1,4.2,2.5,3.0,1.1,9.5,19.9,14.0,21.3,-0.179,0.9621,-0.024,0.1216,0.1307,0.0313,0.0103,0.0017
5.1,3.0,4.8,1.9,3.9,15.8,11.7,22.9,4.3,0.6706,0.5537,0.1533,-0.1947,-0.0944,0.1636,-0.1877,0.3141
5.1,1.6,3.9,1.3,1.7,15.5,2.8,11.4,37.3,0.0494,0.4484,-0.0551,-0.508,-0.5217,-0.0201,-0.4858,-0.0441
5.1,4.9,3.5,3.5,1.9,2.7,17.3,43.9,40.6,0.0324,0.4236,-0.2518,-0.3234,-0.4243,-0.2199,-0.4999,-0.3839
5.1,2.5,1.9,3.3,4.7,15.7,5.4,7.6,43.5,0.4816,0.6108,-0.2509,-0.2308,-0.4759,0.1136,-0.1292,-0.0561
5.1,2.3,1.3,2.6,1.4,9.1,14.3,17.8,17.4,-0.1382,0.98,-0.0571,-0.0191,0.0392,0.0182,0.0729,0.0138
5.1,3.3,3.9,2.2,2.6,16.7,16.1,37.9,42.9,0.4284,0.2953,-0.2196,-0.1292,0.272,-0.6274,0.198,-0.3027
5.1,2.5,2.6,2.9,3.7,6.8,4.2,13.3,19.4,-0.4211,0.4959,0.4321,0.3595,-0.0846,-0.2846,0.1149,0.3826
5.1,2.7,1.9,2.3,2.8,10.3,17.8,27.4,39.2,0.2345,0.8916,0.2899,-0.1957,-0.0488,0.093,-0.0367,0.0471
5.1,1.3,4.7,4.2,3.9,4.5,15.2,17.8,28.1,-0.5623,0.3067,0.3181,0.0803,-0.451,-0.2072,-0.0317,0.47
5.1,2.3,3.1,3.4,3.2,21.2,16.0,41.3,6.9,0.0021,0.4379,-0.3989,-0.1723,-0.4584,-0.1442,-0.3821,-0.4716
5.1,3.9,3.9,1.8,2.8,5.3,15.4,37.9,19.2,-0.1638,0.4544,0.3161,0.371,0.159,0.388,-0.2334,-0.5244
5.1,4.9,3.8,1.9,3.4,5.3,20.2,34.5,27.6,-0.3854,0.6582,0.2002,-0.2573,0.4941,-0.0228,-0.0736,-0.204
5.1,3.0,3.6,3.7,3.4,11.7,14.2,5.9,40.5,0.3162,0.7165,0.3155,-0.3679,0.0783,-0.2814,0.0627,-0.2112
5.1,2.2,1.1,4.7,2.0,13.2,5.9,5.1,29.5,0.4896,0.118,0.1822,-0.0626,0.3412,-0.2041,0.007,-0.725
5.1,4.2,2.9,2.6,1.6,15.8,3.9,38.5,6.6,0.1385,0.6233,-0.2694,-0.128,-0.316,-0.1425,0.5307,-0.2759
5.1,2.3,3.0,4.3,3.1,9.7,19.0,39.4,7.0,-0.1321,0.9396,-0.0056,-0.1969,-0.0467,-0.1984,-0.0065,-0.0408
5.1,2.6,3.4,2.5,3.8,21.2,8.3,16.5,31.8,-0.6385,0.3698,-0.034,-0.0478,0.0148,0.0433,0.3104,0.5689
5.1,1.7,2.1,4.3,4.0,10.3,8.4,22.2,12.1,0.4614,0.7415,-0.0336,0.0037,0.0453,-0.0064,-0.3618,0.2475
5.1,1.2,1.9,4.5,4.7,12.9,2.6,16.0,4.4,0.1072,0.5615,-0.3688,-0.5141,-0.2336,0.3979,-0.0374,0.2171
5.1,4.0,2.6,3.8,4.2,2.8,13.5,19.3,41.1,-0.3174,0.1818,-0.1006,-0.1315,0.2929,0.6335,0.0155,0.533
5.1,2.5,1.7,3.1,1.3,21.8,2.3,12.5,39.3,-0.0738,0.3874,-0.0968,-0.5743,-0.3409,0.3387,-0.3459,0.3562
5.1,1.1,3.8,2.1,2.2,15.0,14.3,27.1,30.9,0.2609,0.2866,0.3518,0.2077,-0.51,0.1632,0.6043,-0.0413
5.1,4.6,1.1,3.0,1.3,9.5,13.2,18.4,38.7,-0.2237,0.8829,-0.006,-0.1169,-0.2011,-0.1196,-0.0614,-0.0795
5.1,4.5,2.4,1.8,2.6,5.6,8.5,33.4,24.3,-0.6237,0.3259,-0.0565,-0.0708,-0.0181,-0.0632,-0.2923,-0.6094
5.1,4.6,3.8,4.6,3.7,3.0,20.4,26.5,22.2,0.2995,0.2534,0.3591,0.2615,-0.5945,0.1971,0.4739,0.0823
5.1,2.1,3.8,3.0,3.3,7.5,4.8,16.4,14.0,-0.5393,0.7316,0.0968,0.1767,-0.0426,-0.1577,0.2271,0.2132
5.1,1.4,1.2,3.0,2.4,17.8,17.2,36.8,12.7,-0.1889,0.4509,-0.4574,0.0649,-0.5272,0.0341,0.1675,-0.4709
5.1,4.7,2.7,2.0,2.3,8.2,13.7,33.9,18.3,-0.0891,0.9837,0.0737,0.0058,0.0254,0.0068,-0.0947,-0.0116
5.1,2.8,2.0,1.4,4.5,8.4,21.1,6.4,21.0,-0.2555,0.8101,0.208,-0.0002,-0.0901,-0.0467,0.4025,0.1668
5.1,5.0,4.9,4.9,3.3,3.5,16.6,30.8,9.3,-0.4756,-0.1882,-0.2983,0.0009,-0.2489,-0.4804,0.3467,-0.4681
5.1,3.8,4.0,1.7,2.1,17.4,4.3,23.6,39.4,0.1881,0.7025,-0.2623,-0.2825,0.3867,0.2078,0.2863,0.1568
5.1,1.2,3.9,4.2,3.4,5.9,21.3,7.2,34.7,-0.4213,0.1753,0.3811,-0.0669,-0.551,-0.3682,-0.3965,0.1449
5.1,4.7,3.6,2.2,4.8,8.1,10.5,21.4,35.9,0.0663,0.971,-0.0446,-0.007,0.0418,0.0075,0.1976,-0.011
5.1,3.1,4.8,4.7,4.4,3.6,16.6,36.6,8.4,-0.487,0.3272,-0.3749,-0.0544,-0.4811,-0.1429,0.0557,-0.4914
5.1,1.9,3.9,2.9,3.5,16.4,18.9,16.8,7.0,-0.1472,-0.0204,-0.2606,0.0279,0.3316,0.791,-0.374,-0.0267
5.1,4.8,1.6,1.4,2.7,5.8,5.4,40.7,39.2,0.2013,0.7933,-0.2485,-0.0096,-0.2341,-0.0029,-0.3271,0.0651
5.1,3.8,2.3,1.6,1.7,17.7,21.6,12.7,28.2,0.4512,-0.1617,0.4477,-0.0449,0.0162,-0.6741,-0.1758,-0.2145
5.1,4.1,3.5,1.6,4.9,13.4,4.8,43.8,38.5,0.2034,0.6497,-0.1486,-0.4213,-0.3386,-0.3202,-0.1884,-0.2305
5.1,1.5,2.3,3.4,2.3,4.3,18.7,25.4,7.2,0.1787,0.1104,-0.2727,0.0791,0.4287,-0.3927,0.6885,0.211
5.1,2.7,3.5,2.4,2.9,8.4,6.1,32.9,17.8,-0.2397,0.9519,0.1019,0.026,0.0389,0.0193,-0.1115,-0.034
5.1,1.6,2.3,1.8,1.5,17.0,11.7,43.9,25.8,0.5809,0.0154,-0.0251,0.3096,0.0607,0.2402,-0.1218,-0.676
5.1,3.7,4.6,3.7,1.6,16.3,18.1,32.3,13.6,-0.2918,-0.0541,-0.3463,0.0026,-0.4339,-0.4894,0.5495,-0.1898
5.1,5.0,3.6,1.6,2.4,6.2,9.5,42.1,31.4,0.0874,0.936,0.0232,0.0042,0.016,-0.0056,-0.3175,0.031
5.1,2.9,2.6,1.0,2.6,14.6,2.5,26.3,21.5,0.4684,0.4493,0.1853,0.4847,-0.3392,-0.2815,0.2404,0.202
5.1,2.3,2.8,1.5,4.9,8.0,19.4,36.6,20.1,-0.015,0.9471,0.2333,-0.0257,0.0861,0.0137,-0.1656,-0.0255
5.1,1.7,1.4,3.8,1.9,2.3,10.5,17.9,14.0,-0.5477,0.5406,-0.2542,-0.1251,0.3044,0.1505,0.2072,0.3927
5.1,4.9,3.7,3.7,2.9,2.0,21.2,35.9,21.6,-0.0665,-0.1221,0.416,-0.0192,0.1587,0.8181,0.143,0.0932
5.1,3.1,3.3,4.4,4.8,11.6,15.7,19.7,32.7,-0.1088,0.7459,0.3711,0.005,-0.4388,-0.0298,-0.2209,0.188
5.1,2.4,3.5,2.2,1.5,5.1,20.8,43.6,33.8,0.1112,0.2974,-0.1206,-0.151,-0.0304,-0.3836,-0.8076,0.1352
5.1,2.5,3.4,1.6,3.7,7.3,16.4,37.4,13.0,0.0094,0.8751,-0.1134,0.2636,-0.2362,0.2568,-0.0771,-0.108
5.1,4.6,2.1,4.3,1.6,5.1,8.5,38.7,9.8,-0.659,0.4806,0.0025,0.0081,0.003,0.0082,-0.3348,-0.4582
5.1,2.6,3.4,4.1,3.1,16.7,21.3,18.1,30.1,-0.0717,0.3144,0.4288,-0.0974,-0.4659,0.082,-0.3049,0.6055
5.1,2.2,3.1,4.0,4.9,8.7,20.2,5.5,9.9,-0.6032,0.2012,0.0251,0.0044,-0.0569,-0.0605,0.1705,0.6914
5.1,4.4,3.9,3.5,1.9,18.3,8.4,40.3,15.2,-0.476,0.5569,0.0008,0.0035,0.0008,0.0035,-0.5012,-0.4335
5.1,3.7,3.1,4.1,4.5,10.9,18.2,9.4,25.7,0.2123,0.8006,0.0861,0.3741,0.3653,0.0369,-0.1323,-0.0215
5.1,3.6,4.0,2.8,4.2,16.9,3.6,39.6,9.0,0.2647,0.6139,-0.419,0.0325,-0.4276,0.0322,0.1879,-0.373
5.1,1.5,2.0,1.0,3.7,6.4,3.6,33.3,18.4,0.018,0.481,0.3835,0.4193,0.0635,0.4533,-0.0747,-0.4556
5.1,4.6,1.7,2.9,3.6,17.7,6.4,32.3,36.5,-0.1813,0.4384,0.0129,-0.5587,0.3416,-0.3514,0.2553,-0.36
5.1,3.2,2.9,1.1,1.0,8.7,18.4,13.2,41.6,0.2465,0.9624,-0.0473,0.0322,-0.0019,0.0074,0.0384,-0.0095
5.1,3.0,3.6,1.4,4.6,13.5,4.0,10.8,31.8,0.5811,0.5194,0.5182,-0.229,-0.094,-0.1275,0.1339,-0.1156
5.1,2.8,3.6,3.2,1.8,7.1,11.2,24.2,20.5,0.0588,0.4121,-0.006,0.1396,-0.202,0.0385,0.8422,-0.1575
5.1,2.1,1.1,4.2,1.9,8.0,8.9,39.1,38.2,-0.4177,0.6857,0.0042,0.0122,0.0024,0.0119,-0.4688,-0.2996
5.1,3.7,2.4,1.8,1.4,6.6,3.2,24.4,43.4,0.242,0.5933,-0.1033,0.1865,0.1863,-0.3099,0.6097,-0.1246
5.1,1.7,3.9,2.1,1.6,14.5,8.7,11.0,36.0,-0.6704,0.2208,0.0001,-0.0054,-0.0016,0.0033,0.1532,0.615
5.1,4.3,2.9,4.0,3.5,7.6,21.7,5.4,6.1,-0.0462,-0.0152,-0.0046,-0.0157,0.0135,0.158,-0.5497,0.8004
5.1,1.8,3.0,1.1,3.3,4.9,11.0,37.6,41.6,0.3199,0.2213,-0.0728,-0.2212,0.1101,-0.2648,0.3216,-0.7466
5.1,3.0,4.0,1.1,1.0,17.2,10.6,24.8,15.3,-0.0193,0.446,-0.111,-0.0778,0.1685,0.0183,0.8403,0.1035
5.1,4.3,1.1,4.1,1.5,19.9,14.4,12.6,38.2,-0.1613,0.3379,0.1825,-0.4804,-0.485,0.1125,-0.5407,0.1755
5.1,1.4,2.8,2.6,4.7,14.4,14.2,39.0,35.6,0.0618,0.7874,0.2298,-0.1924,0.3771,-0.1636,0.2612,-0.1702
5.1,4.2,3.2,2.8,3.8,8.7,14.1,16.0,10.5,-0.1175,0.9843,0.01,-0.043,-0.0497,0.0235,0.0613,0.0098
5.1,4.2,1.1,3.2,2.8,19.3,7.2,23.6,12.8,-0.0615,0.1964,0.0391,0.2228,0.0675,-0.3348,0.6543,0.5826
5.1,3.9,2.9,2.5,4.0,19.0,20.4,14.2,39.8,0.1298,0.4526,-0.2153,-0.5062,-0.316,0.3746,-0.2933,0.3573
5.1,1.7,2.5,3.0,3.4,10.6,9.9,30.7,31.6,0.1068,0.1368,0.0106,0.4879,-0.3573,-0.1649,0.6149,0.3053
5.1,2.5,3.9,1.6,1.6,8.7,7.8,10.3,16.5,0.0045,0.9926,0.0246,0.003,-0.0099,-0.0033,0.0669,0.001
5.1,4.5,1.9,1.4,2.7,4.2,8.5,23.9,30.3,0.0602,0.7518,-0.009,0.0324,0.1052,0.0697,0.6275,-0.051
5.1,2.5,2.0,2.6,2.3,7.1,7.6,34.2,4.6,-0.639,0.5442,0.0656,0.1684,0.0173,0.1487,-0.2758,-0.3801
5.1,2.3,4.3,3.5,3.2,17.2,13.3,36.2,9.5,-0.3376,0.0796,-0.2081,-0.0555,-0.2992,-0.6389,0.1532,-0.528
5.1,2.0,1.5,2.5,1.9,19.7,9.8,19.4,25.8,0.2409,0.0722,-0.0206,0.1314,0.0259,-0.1317,-0.1663,0.9196
5.1,3.9,4.0,3.9,2.2,10.7,10.2,29.3,24.4,0.1733,0.9659,-0.1466,0.0171,0.0156,-0.0053,-0.0266,0.0084
5.1,3.0,2.8,1.9,1.4,5.2,4.5,23.1,20.2,0.1289,0.7446,0.2658,0.1423,-0.3916,-0.0631,0.3982,0.0834
5.1,3.7,1.3,3.7,3.4,16.3,14.1,7.4,33.5,0.0702,-0.0685,0.5957,0.0571,0.0921,-0.764,-0.0631,0.0321
5.1,4.4,4.2,4.9,4.2,4.9,9.8,38.7,8.3,-0.5604,0.5166,-0.0997,-0.0889,-0.0738,-0.0884,-0.4007,-0.4605
5.1,3.9,4.4,2.8,1.2,2.9,17.3,4.6,26.5,-0.088,0.3536,0.339,-0.0135,0.3712,-0.0295,-0.587,-0.5092
5.1,2.1,1.6,1.3,3.4,15.7,14.3,30.1,6.0,0.3164,0.2971,-0.3107,-0.4253,0.4902,0.0766,0.5086,0.0949
5.1,3.8,2.0,3.5,2.5,12.0,4.2,28.8,9.3,0.5322,0.6932,-0.232,-0.2729,0.1919,-0.2205,-0.0696,0.0334
5.1,4.1,1.6,2.3,2.3,19.2,5.1,28.4,24.7,0.6105,0.1711,0.4045,0.1401,-0.3865,0.4526,0.124,0.1267
5.1,4.5,2.6,4.9,4.5,14.5,6.2,14.6,43.9,0.3382,-0.0799,-0.4137,0.0786,0.0978,0.4305,-0.1893,-0.6375
5.1,1.4,3.2,4.2,2.0,10.8,10.5,29.0,7.8,0.5682,0.5334,0.2921,-0.2486,-0.0798,0.1834,-0.1855,0.3525
5.1,4.3,1.8,4.2,1.2,21.9,9.9,11.5,36.8,-0.3979,0.5535,0.5865,0.1471,0.0104,-0.1807,0.1508,0.1475
5.1,1.4,2.6,3.5,2.8,11.9,6.6,22.5,22.0,0.174,0.9297,0.1273,0.1158,-0.2353,-0.069,-0.0043,0.0438
5.1,3.5,1.8,2.6,1.4,13.7,8.8,6.2,5.1,0.6495,0.7212,-0.0239,0.0011,-0.0012,0.0052,0.1579,-0.1453
5.1,2.1,4.2,2.1,4.1,10.7,17.9,38.5,8.6,0.362,0.7604,-0.1901,-0.3087,-0.0024,-0.3526,-0.023,-0.1327
5.1,1.2,3.8,2.9,4.5,17.3,8.6,23.8,31.3,-0.2622,0.5074,-0.005,-0.0034,-0.0467,-0.0431,0.7082,0.3753
5.1,2.0,3.4,4.4,3.8,19.1,12.6,32.9,14.2,-0.4785,0.276,-0.4058,0.2764,-0.4868,-0.3959,0.1937,0.0217
5.1,4.9,1.5,4.9,3.7,2.2,20.4,6.2,20.1,-0.0075,0.5457,0.0819,0.3923,0.4295,0.2368,-0.4801,-0.2424
5.1,4.8,2.3,3.9,3.2,3.8,17.0,10.5,26.8,-0.2046,-0.2305,0.3097,0.0004,-0.0179,-0.6411,-0.476,0.3915
5.1,2.6,2.8,2.2,4.9,13.6,6.8,18.1,21.4,0.2092,0.8802,0.3397,0.0995,-0.1445,-0.1215,0.0677,0.0543
5.1,4.6,3.2,2.2,4.8,20.4,6.5,9.5,40.8,0.3942,0.5553,-0.4423,-0.3376,-0.0668,0.403,0.0139,0.1788
5.1,3.3,2.0,4.1,1.4,18.8,16.6,19.7,39.3,-0.1699,0.2955,0.0053,-0.5448,-0.0401,0.4326,-0.1163,0.3829
5.1,4.3,5.0,1.6,1.2,8.7,3.1,40.5,36.2,0.1703,0.9773,-0.0094,-0.0026,-0.0074,-0.0028,-0.0846,0.015
5.1,3.6,3.5,3.0,1.9,17.4,4.2,36.1,14.9,-0.198,0.2239,-0.2577,0.3446,-0.3653,0.291,0.2725,-0.641
5.1,2.5,4.8,4.7,2.5,15.9,9.6,20.3,36.9,-0.0142,0.9412,0.2237,0.0242,-0.1774,-0.0176,-0.0027,0.0513
5.1,1.3,3.0,1.7,4.8,20.8,6.9,37.6,32.8,-0.2601,0.3005,-0.1236,-0.413,0.0108,-0.4026,-0.0939,-0.6675
5.1,3.2,2.2,1.1,4.3,3.1,7.0,28.8,29.0,0.0013,0.1179,0.1413,-0.4572,0.5387,0.211,0.5605,0.2495
5.1,2.7,3.7,2.1,3.9,7.7,5.3,41.5,13.9,0.0571,0.897,0.0881,0.0432,0.0809,0.0484,-0.3933,0.0191
5.1,3.5,1.9,4.5,1.5,14.7,9.9,35.1,26.4,0.0591,0.2768,-0.0376,0.1417,-0.1799,0.0433,0.8808,-0.2383
5.1,4.9,1.7,2.8,1.2,5.5,2.3,15.9,21.7,-0.6404,0.3189,0.2493,-0.0187,-0.4562,-0.258,0.0117,0.3601
5.1,2.8,3.7,3.0,1.5,14.7,18.2,41.0,22.3,0.3232,0.5938,0.0455,0.4364,0.0693,0.4294,0.0789,-0.3684
5.1,4.4,3.2,4.8,1.0,3.5,18.9,25.9,14.5,-0.04,0.2215,0.0562,-0.0102,0.0576,-0.3131,0.9016,0.1036
5.1,2.9,4.8,2.4,4.0,14.4,16.0,34.7,17.6,0.0288,0.4493,-0.0715,0.5674,-0.4392,-0.2455,0.365,0.2348
5.1,4.8,4.9,2.9,4.6,17.7,11.9,32.4,37.9,0.4147,0.2203,0.2764,-0.5685,0.1237,0.3222,0.1563,0.4366
5.1,3.2,3.8,2.0,2.4,13.0,10.9,28.0,7.2,0.7619,0.5612,0.1535,-0.1441,-0.0381,0.0664,-0.1014,0.1704
5.1,4.6,2.6,2.3,2.0,10.2,19.9,25.7,28.3,0.197,0.9551,0.0257,0.1355,-0.1326,-0.0496,0.0165,0.0068
5.1,5.0,3.7,3.9,4.8,21.3,18.5,15.2,30.9,-0.4312,0.3294,0.3612,-0.267,-0.579,-0.0223,-0.2591,0.2859
5.1,1.3,2.9,3.9,1.1,20.2,8.0,38.6,42.1,0.3358,0.2211,-0.072,0.0514,-0.0708,0.0517,0.4309,-0.7656
5.1,3.9,2.7,4.7,2.2,17.3,3.8,9.2,19.3,-0.0432,0.5763,-0.0329,0.5256,0.477,-0.0611,-0.3705,0.0543
5.1,4.7,4.4,4.0,4.2,19.6,17.3,34.0,16.2,-0.227,0.4289,-0.214,0.4521,-0.4985,0.1863,0.3937,-0.2404
5.1,3.3,1.1,4.3,3.7,20.0,21.9,37.8,18.5,-0.2584,0.4799,0.0203,0.4809,-0.0432,0.4595,-0.0478,-0.4884
5.1,1.0,4.7,3.2,2.3,3.2,17.6,39.5,14.7,-0.1526,0.5179,-0.3234,0.3396,-0.3165,0.3392,-0.1775,-0.4721
5.1,4.4,1.2,2.7,1.2,7.5,13.4,38.8,39.4,-0.3766,0.8707,-0.1215,-0.0365,-0.0924,-0.0318,-0.1985,-0.0917
5.1,2.4,3.2,3.1,4.9,20.8,17.2,36.3,9.4,-0.4285,0.2641,-0.3269,0.1396,-0.5768,-0.448,0.1916,-0.1438
5.1,3.7,3.9,2.2,1.2,7.5,10.9,43.6,25.0,0.2584,0.5689,0.0027,0.0278,0.0487,-0.0247,-0.6594,0.3403
5.1,3.4,1.6,1.9,2.3,2.3,21.2,24.9,11.0,0.3228,0.1957,-0.2065,0.2771,0.3195,-0.5351,0.5332,0.2136
5.1,3.6,2.5,2.4,3.2,5.8,20.7,37.4,32.0,-0.3038,0.6657,0.0551,-0.3759,0.1081,-0.3684,-0.226,-0.3238
5.1,5.0,2.0,4.4,3.5,10.3,12.6,26.3,5.7,0.0754,0.8851,0.2296,-0.2956,-0.0185,0.2266,-0.0026,0.0818
5.1,3.5,1.4,3.2,4.3,9.2,9.2,14.5,27.1,-0.0649,0.9918,-0.0252,-0.0029,0.0062,0.0016,0.0211,0.0022
5.1,4.0,1.7,4.3,4.6,14.1,14.6,36.3,26.9,-0.1183,-0.0004,0.3117,0.009,0.1585,0.8341,0.2962,0.1049
5.1,4.6,1.5,1.3,3.8,4.2,13.4,19.4,22.5,-0.1545,0.5736,0.4319,0.1206,-0.2307,-0.2108,0.4544,0.3492
5.1,4.6,2.9,1.7,1.6,15.1,15.4,31.4,40.7,0.5618,0.4069,0.1425,-0.5352,0.0885,0.3093,0.0816,0.2779
5.1,3.4,2.8,4.5,2.6,20.3,12.5,37.4,19.0,-0.0316,0.362,-0.1397,0.443,-0.2012,0.424,0.2537,-0.5865
5.1,4.6,1.7,2.1,3.3,9.8,6.5,16.7,31.0,0.2252,0.9617,0.1077,0.0277,-0.0509,-0.0305,0.0149,0.0033
5.1,2.2,4.4,4.9,5.0,9.3,18.7,39.2,20.5,-0.2408,0.9,-0.1838,0.1442,-0.198,0.14,-0.0103,-0.0673
5.1,4.6,1.3,1.3,2.2,12.8,8.4,24.0,27.8,0.6406,0.7492,0.047,0.0523,-0.0511,0.0878,-0.0495,0.0398
5.1,3.0,3.3,1.1,3.4,12.7,5.1,9.9,5.5,0.5523,0.6558,-0.2885,-0.2456,-0.0194,0.3177,0.0013,0.1106
5.1,3.5,3.0,3.4,3.0,8.9,20.5,33.6,17.6,-0.234,0.952,-0.1496,-0.0178,-0.0311,-0.0108,-0.0611,-0.0204
5.1,2.3,4.7,2.7,4.3,13.8,10.1,17.1,35.4,0.0479,0.938,0.2968,-0.0338,-0.0399,-0.0183,0.0693,0.009
5.1,1.8,3.7,3.3,4.7,2.1,14.8,9.4,32.4,-0.1714,0.119,0.7115,-0.1313,-0.1097,-0.6181,0.0604,0.085
5.1,3.0,2.3,1.7,3.2,12.3,11.7,4.3,17.0,0.0796,0.582,-0.5391,-0.1766,0.2026,0.3187,0.2823,0.2698
5.1,2.6,1.1,4.0,1.0,7.6,21.4,28.7,33.8,-0.8241,0.304,0.1262,-0.1015,0.1653,-0.0363,-0.105,-0.3813
5.1,3.6,2.7,3.6,2.8,16.8,4.4,37.6,24.1,0.057,0.6232,0.3316,0.1848,0.3711,0.1996,0.4186,-0.2925
5.1,2.4,1.8,1.4,3.5,12.7,19.2,34.8,15.9,0.518,0.4055,-0.3908,0.4841,-0.0593,-0.2454,-0.03,0.2962
5.1,3.7,1.8,4.8,4.0,14.9,15.3,43.6,31.5,0.4102,0.1716,0.3213,0.0044,0.5678,-0.4101,-0.3271,-0.2471
5.1,3.4,1.4,4.2,3.7,14.8,2.4,29.7,38.1,-0.0864,0.5315,0.0983,-0.5237,0.4874,0.028,0.4073,0.004
5.1,1.7,4.7,1.5,3.5,8.6,10.0,38.9,41.0,0.0718,0.9787,-0.0316,0.0049,-0.0167,0.0006,-0.1476,0.0086
5.1,2.9,3.0,1.0,2.8,10.6,20.0,39.8,18.1,0.3064,0.7545,0.1274,0.133,-0.2965,-0.013,0.2617,0.0371
5.1,3.7,2.3,3.6,1.6,14.9,11.3,35.2,28.0,0.2676,0.1707,0.2712,0.0458,-0.4776,0.3927,0.5878,-0.2072
5.1,3.8,3.7,2.8,3.8,5.9,6.3,38.6,18.5,-0.1496,0.8773,0.2577,0.1171,0.2012,0.1197,-0.215,-0.1127
5.1,1.5,3.7,3.6,2.5,17.9,20.7,28.4,34.8,-0.3941,0.1719,0.4041,-0.2596,0.5652,0.3005,0.3791,-0.0301
5.1,4.2,1.2,2.2,4.2,4.7,11.6,33.4,12.7,-0.2338,0.6578,-0.5164,0.3049,-0.1089,-0.2784,-0.206,-0.0275
5.1,2.9,3.6,2.8,2.8,6.0,5.0,41.0,7.1,-0.177,0.5277,0.0224,0.2476,0.0054,0.2572,-0.6534,-0.3361
5.1,3.0,3.5,2.0,3.0,15.1,2.9,23.9,34.9,0.4928,0.0412,0.1985,-0.1018,-0.2193,0.7419,0.206,0.078
5.1,4.5,3.9,2.4,2.5,2.5,11.1,33.3,16.7,0.1475,0.7268,-0.544,0.2691,-0.0049,-0.1616,-0.1282,0.0875
5.1,4.3,4.1,3.0,1.4,16.4,17.8,8.3,30.5,0.4434,0.0786,0.3585,-0.0306,0.4934,-0.2741,-0.3477,-0.4537
5.1,4.5,4.0,3.6,1.4,14.7,2.2,28.0,6.0,0.669,0.4542,-0.2417,-0.1495,0.3811,-0.1011,-0.0787,0.292
5.1,3.0,1.9,2.2,4.2,10.9,6.4,14.9,5.1,0.2648,0.875,-0.2577,-0.2111,0.0494,0.198,0.0165,0.0578
5.1,1.3,1.2,4.2,4.8,12.3,16.1,17.6,19.8,-0.1165,0.5796,-0.1498,0.4339,0.4238,-0.2536,-0.359,0.2307
5.1,1.6,1.5,1.5,4.3,5.0,2.7,23.0,32.5,0.3087,0.4969,0.1304,-0.464,-0.1388,0.47,0.2086,0.3515
5.1,1.0,2.7,1.8,4.3,6.4,11.4,30.2,6.7,-0.0217,0.0579,-0.1763,-0.3007,0.1872,-0.2571,0.5344,-0.6785
5.1,3.1,3.1,1.1,1.5,10.9,11.7,24.4,8.4,0.5745,0.812,0.0416,-0.0338,-0.0123,0.0117,-0.009,0.0079
5.1,4.6,1.7,3.0,3.1,3.2,2.4,12.1,27.9,-0.3664,-0.0573,0.3356,-0.0491,-0.4559,-0.4927,-0.4075,0.3371
5.1,4.4,3.2,1.7,2.2,13.9,17.9,29.6,15.4,0.3872,0.484,-0.68,0.1486,-0.1115,-0.2534,-0.1764,0.0604
5.1,3.3,4.1,4.7,4.4,17.0,17.1,34.1,8.1,-0.2632,-0.0816,-0.3429,-0.0098,-0.3017,-0.7119,0.4181,-0.0582
5.1,4.4,3.7,1.2,2.5,7.2,3.2,39.9,13.3,0.1922,0.9443,0.1318,0.0514,0.1144,0.057,-0.1585,0.013
5.1,2.6,2.1,4.3,1.1,17.6,17.3,29.4,17.9,-0.3282,0.3272,-0.3413,0.3711,-0.5386,-0.1068,0.4563,0.0085
5.1,4.0,2.9,4.2,1.4,11.6,11.7,41.9,12.2,0.3116,0.6371,0.0847,-0.4102,0.0093,-0.393,0.1588,-0.3408
5.1,3.3,2.0,2.0,1.6,16.3,16.8,24.2,5.3,0.4762,0.3704,-0.1959,-0.4292,0.2838,0.3568,0.1158,0.4215
5.1,3.4,3.2,3.2,1.7,20.4,21.6,19.0,7.9,-0.0913,0.2123,-0.3963,0.0719,0.4164,-0.0665,-0.1553,0.7513
5.1,3.2,4.9,1.8,3.2,21.8,3.0,7.7,34.7,-0.2734,0.4936,0.1863,-0.3519,-0.6396,-0.1385,-0.2616,0.0026
5.1,1.4,2.0,2.5,2.9,20.7,21.3,25.1,38.8,0.0295,0.5372,-0.0671,-0.4612,0.426,0.249,0.4075,0.2479
5.1,2.4,1.9,3.7,3.5,11.6,19.8,24.4,43.4,0.2224,0.7709,-0.1277,-0.3575,0.3061,0.2638,0.0983,0.1477
5.1,3.4,3.7,1.9,3.1,20.6,6.9,20.5,24.5,0.5658,0.4944,0.2017,-0.1319,-0.206,0.1327,-0.2853,0.4596
5.1,3.6,3.5,1.0,1.1,5.2,2.6,6.8,30.7,0.2008,0.1353,-0.104,0.0462,-0.2316,-0.3913,-0.4722,0.6897
5.1,3.8,4.6,2.2,1.6,21.1,19.2,12.1,39.3,0.0972,0.4312,-0.1237,-0.4907,-0.4529,0.1922,-0.4886,0.2046
5.1,1.4,2.6,1.1,3.8,20.4,16.5,13.5,41.8,0.3073,0.3944,-0.264,-0.3307,-0.3676,0.3145,-0.4301,0.3558
5.1,1.5,4.0,2.1,2.5,6.1,5.0,34.1,17.0,-0.403,0.6067,0.2452,0.3734,0.0702,0.3305,-0.1568,-0.3404
5.1,3.2,3.9,4.0,3.6,16.5,12.2,24.4,42.1,0.2663,0.1811,0.0201,-0.4723,0.1727,0.3783,0.2471,0.6403
5.1,1.2,2.7,2.5,2.3,4.8,20.0,4.2,32.5,0.0991,0.3291,0.035,-0.3152,0.166,-0.4779,-0.6567,-0.2828
5.1,2.9,3.9,1.2,1.3,6.5,16.6,7.5,27.5,-0.3713,0.1512,0.2626,0.0338,-0.0232,-0.2216,0.2547,0.7892
5.1,4.5,1.6,1.8,4.5,10.2,8.5,37.1,23.0,0.3151,0.9433,0.055,-0.0024,0.0215,0.0031,-0.0103,0.0019
5.1,4.5,2.3,1.7,1.6,14.9,3.9,39.9,5.9,0.1358,0.7259,-0.2596,-0.1661,-0.271,-0.1703,0.4205,-0.1918
5.1,4.2,2.1,4.2,4.2,16.4,10.1,20.0,8.3,-0.1244,0.1275,0.0022,-0.2553,0.1064,0.4221,-0.0011,0.8224
5.1,2.4,4.6,2.2,1.5,13.8,21.5,40.0,30.7,0.4711,0.5958,0.333,0.0255,0.3283,0.0268,0.2214,-0.3634
5.1,3.4,1.7,1.9,1.7,17.5,14.6,29.4,31.6,0.341,0.0167,0.4582,0.081,-0.3692,0.5764,0.3631,-0.1734
5.1,3.9,4.2,4.7,2.6,13.2,14.4,32.4,29.1,0.3289,-0.0233,0.4189,0.1407,-0.4153,0.6077,0.2976,0.1507
5.1,2.7,4.5,2.8,1.4,13.9,3.3,21.2,21.5,0.1994,0.7829,0.2161,0.3222,-0.2005,-0.3232,-0.0174,0.1957
5.1,2.6,1.5,4.0,4.8,6.8,9.4,14.9,10.9,-0.7465,0.5231,-0.1152,-0.087,0.0346,0.0568,0.1998,0.3057
5.1,1.3,1.3,4.1,2.5,21.6,13.3,25.5,34.8,-0.2576,-0.1031,0.382,0.0038,0.147,0.7819,0.3039,-0.0686
5.1,1.7,4.5,2.2,2.0,22.0,14.8,15.1,34.5,-0.3486,0.5818,0.2452,-0.3454,-0.5338,-0.2002,-0.0623,0.0737
5.1,3.0,3.2,3.1,4.4,6.2,14.5,6.2,21.8,0.0819,0.4674,0.1227,0.2029,0.3515,-0.0319,-0.7607,0.0574
5.1,1.7,2.6,3.4,3.6,21.7,19.2,20.3,37.4,-0.1424,0.4866,-0.008,-0.4805,0.0021,0.4799,0.0842,0.5069
5.1,4.9,4.2,3.9,1.2,18.9,20.6,15.6,9.6,-0.1946,-0.0611,-0.2642,-0.0479,0.3456,0.1845,-0.6866,0.4934
5.1,2.3,4.9,4.6,3.2,20.9,11.7,20.7,7.0,-0.312,0.25,-0.1742,-0.2376,0.1625,0.2364,0.3207,0.7441
5.1,4.2,4.4,1.0,2.8,13.1,7.1,29.8,5.8,0.6817,0.7145,-0.1206,0.0465,-0.0334,-0.0021,-0.018,0.0117
5.1,4.7,1.1,3.6,3.6,10.6,15.9,20.2,26.3,0.2137,0.869,0.0385,0.2826,0.0437,-0.2887,0.0435,0.0746
5.1,4.0,4.4,1.0,3.0,8.3,20.4,29.8,30.0,0.3069,0.9376,-0.0165,-0.0735,0.0842,-0.0531,-0.0454,0.0115
5.1,1.6,2.4,3.6,3.3,17.3,11.1,40.0,11.6,-0.2919,0.5393,-0.3154,-0.1871,-0.325,-0.1849,-0.3573,-0.449
5.1,2.5,2.3,1.2,3.3,4.9,18.5,7.9,43.6,0.3339,0.2672,-0.2808,-0.2264,-0.2876,0.3792,-0.3972,0.529
5.1,2.3,4.9,4.0,4.1,11.4,17.3,6.2,8.9,0.2916,0.691,-0.2467,-0.3038,-0.4419,-0.1659,-0.1381,-0.1742
5.1,2.0,1.7,3.5,1.1,12.2,7.6,24.4,32.2,0.6718,0.2858,0.1108,0.0484,-0.1313,0.178,-0.2155,0.5652
5.1,2.0,4.1,2.1,1.6,15.8,5.5,38.6,35.3,-0.0335,0.2301,0.0774,-0.3906,0.0988,-0.3901,-0.1201,-0.757
5.1,4.0,3.3,3.8,3.6,9.8,13.1,36.5,26.4,0.0122,0.9549,-0.0534,0.138,-0.2059,0.0855,0.0571,-0.0257
5.1,3.1,1.4,1.0,1.8,16.4,15.8,13.8,26.2,0.5125,0.3796,0.3525,0.1778,0.4485,-0.2659,-0.3436,0.166
5.1,4.3,2.6,2.6,4.7,10.5,20.9,23.8,38.6,0.1612,0.8687,0.303,-0.2234,-0.0683,0.1763,-0.1176,0.0885
5.1,4.1,1.7,3.6,1.7,19.5,17.5,17.4,5.6,-0.2096,0.1682,-0.2626,-0.2899,0.3391,0.3445,-0.4624,0.5572
5.1,4.9,4.4,2.3,1.1,22.0,17.3,21.7,11.8,-0.3125,0.5746,-0.2986,0.1599,0.302,-0.16,0.3875,0.4177
5.1,4.6,1.5,3.5,2.2,4.4,19.8,33.1,15.4,-0.5093,0.3023,-0.2032,0.4149,-0.3493,0.286,0.1094,-0.4529
5.1,2.5,2.5,2.7,3.8,7.9,18.8,4.5,14.0,0.246,0.49,0.1278,0.0129,0.0358,0.2035,-0.7098,0.3474
5.1,2.1,2.5,1.1,4.2,13.4,17.4,6.5,11.7,0.6154,0.56,-0.1924,-0.096,-0.3228,0.2887,-0.1979,0.1572
5.1,1.4,1.8,3.5,2.3,8.0,6.6,22.9,5.5,-0.0054,0.5514,0.0655,0.0374,0.0071,-0.124,0.8033,0.0019
5.1,3.3,3.8,3.3,4.7,20.9,18.8,26.2,4.3,0.2095,0.4692,-0.2755,-0.3247,0.5225,0.041,0.5033,0.1086
5.1,3.9,1.6,4.2,4.9,8.4,3.2,41.1,43.5,-0.0389,0.9021,-0.0016,-0.0375,0.0014,-0.0387,-0.3865,-0.0058
5.1,3.0,1.4,4.4,4.4,11.0,14.9,34.7,11.2,0.3229,0.4564,-0.6044,-0.2527,0.0937,-0.424,-0.1816,0.0376
5.1,3.8,1.5,3.3,4.9,9.0,3.1,22.4,12.5,0.1929,0.8916,-0.0798,-0.0476,0.0632,0.0572,0.3168,-0.0798
5.1,2.1,4.3,1.4,1.5,19.0,17.9,36.8,39.2,0.3076,0.6071,-0.0267,-0.3266,0.3153,-0.3237,0.3127,-0.3214
5.1,3.8,3.3,4.4,4.0,13.4,6.5,8.2,22.2,0.3587,0.8022,0.1934,0.3075,0.1771,-0.2135,0.0359,0.0203
5.1,4.7,1.3,4.1,3.9,9.8,18.3,16.7,38.1,-0.1784,0.8117,0.0788,-0.3155,-0.3401,-0.193,-0.142,-0.0803
5.1,3.6,3.1,2.4,4.4,6.3,14.8,40.4,29.2,-0.0874,0.8434,0.2518,-0.1185,0.2547,-0.1185,-0.3064,-0.1237
5.1,4.9,3.8,1.6,4.9,2.6,19.2,7.6,26.3,0.451,0.4015,0.2752,0.1405,0.3913,-0.3373,-0.4063,0.306
5.1,4.4,2.7,2.0,4.3,11.2,4.1,34.9,15.7,0.506,0.6869,-0.4308,0.1994,-0.0148,-0.0799,-0.1059,0.0989
5.1,3.1,4.4,2.4,2.7,2.5,10.9,14.3,29.6,-0.5069,0.0949,0.2162,0.2001,-0.0157,-0.1891,0.0509,0.766
5.1,1.5,3.4,1.3,2.8,15.8,11.3,15.0,8.0,0.1176,0.2883,-0.1511,-0.1884,-0.2864,0.0895,-0.823,0.2264
5.1,1.9,1.5,1.1,2.2,17.2,14.9,33.6,20.7,0.2472,0.4066,0.2432,0.4248,-0.4835,-0.0562,0.5143,0.0559
5.1,2.4,2.1,4.8,4.6,7.5,13.5,42.9,23.7,0.0306,0.4907,0.1158,0.0552,0.2393,-0.0498,-0.799,0.0309
5.1,2.2,1.8,3.7,3.8,16.6,16.3,29.2,20.5,0.0284,0.4463,-0.0003,0.5443,-0.4775,-0.1179,0.4811,0.1134
5.1,2.3,1.2,3.9,1.1,10.1,10.8,41.7,30.1,-0.0024,0.9705,-0.1574,0.0664,-0.0779,0.0597,0.0329,-0.0188
5.1,2.4,2.5,3.7,3.3,7.9,5.7,21.9,37.3,-0.1552,0.8141,-0.0215,-0.0764,0.2481,0.0601,0.4521,0.0869
5.1,3.9,3.3,2.8,4.6,9.4,2.3,10.3,39.9,0.0165,0.9305,0.1497,-0.2669,-0.056,-0.154,0.0129,-0.036
5.1,3.9,3.5,3.5,1.8,13.8,13.2,10.9,38.7,0.3172,0.4939,0.4479,-0.4667,0.0073,-0.3201,0.0169,-0.3281
5.1,2.9,2.5,3.1,3.3,21.2,17.2,21.9,29.6,0.0721,0.4914,0.4354,-0.1431,-0.4687,0.1578,0.3233,0.4188
5.1,2.0,4.3,1.5,1.1,10.9,18.1,40.5,33.1,0.4357,0.8168,0.1476,0.1906,0.1377,0.1945,0.0501,-0.098
5.1,4.9,3.7,1.1,3.0,16.1,20.5,36.0,22.2,0.4876,0.5463,0.2062,0.2988,-0.261,0.3719,0.1832,-0.269
5.1,1.0,1.9,1.6,3.9,20.6,11.0,28.3,41.3,0.5959,0.0651,0.1075,-0.4401,0.0829,0.27,0.1508,0.5353
5.1,4.9,4.7,4.2,1.1,4.6,13.4,12.9,34.6,-0.7218,0.0588,0.279,-0.0717,-0.2365,-0.3423,-0.0275,0.4476
5.1,3.6,4.5,2.4,1.4,2.3,20.9,38.0,38.2,-0.1706,0.5138,-0.1314,-0.4801,0.0003,-0.4636,-0.0649,-0.464
5.1,3.8,3.0,1.6,4.9,6.5,12.4,43.4,42.2,0.1757,0.8262,-0.1169,-0.0068,-0.1599,0.0279,-0.4682,0.0804
5.1,3.8,3.8,1.0,3.5,20.2,14.0,43.3,15.7,0.6373,0.659,-0.1427,0.1222,-0.1973,0.2039,-0.1229,0.0486
5.1,3.9,2.1,3.4,3.2,9.1,7.2,32.8,10.0,-0.1637,0.9784,-0.048,-0.038,-0.0173,-0.0271,-0.0317,-0.0079
5.1,4.3,4.8,3.4,2.1,20.1,14.9,7.6,41.8,0.1173,0.1999,-0.1887,-0.3768,-0.3925,-0.204,-0.6206,-0.4068
5.1,3.3,4.9,3.6,1.4,12.5,4.6,23.8,20.1,-0.0077,0.8948,0.1203,0.2304,-0.2398,-0.2041,0.0931,0.0874
5.1,3.7,1.0,4.1,3.8,7.4,12.2,8.4,24.6,-0.7737,0.3298,0.2127,0.0397,0.0201,-0.1044,0.1781,0.4314
5.1,4.4,2.8,4.1,3.9,8.9,12.4,17.8,42.3,-0.2386,0.9563,0.0192,-0.0567,-0.1164,-0.0246,0.0405,0.0118
5.1,1.9,2.6,2.7,3.1,20.5,2.9,20.0,43.4,0.0612,0.5874,-0.4346,-0.2048,0.44,0.205,-0.0263,0.4062
5.1,2.6,2.9,4.4,1.1,10.0,13.7,11.9,30.7,-0.1281,0.9462,-0.0236,0.1887,0.1739,0.0579,-0.0306,-0.0111
5.1,5.0,1.7,3.9,3.2,10.7,20.2,42.8,30.1,0.2149,0.9124,0.1045,0.1639,0.2453,0.0857,-0.0271,-0.0373
5.1,3.2,3.0,4.9,4.9,2.9,7.6,31.3,28.9,-0.363,-0.2467,0.0897,-0.1593,0.1442,-0.0842,0.538,-0.6553
5.1,1.8,4.4,1.6,4.1,15.9,14.0,21.1,7.0,0.2315,0.3028,-0.0416,-0.4232,0.1783,0.4166,-0.0736,0.6578
5.1,4.1,3.1,2.8,2.1,5.3,4.5,39.6,31.3,-0.4149,0.6561,-0.0401,-0.1963,-0.0399,-0.196,-0.4345,-0.3359
5.1,3.2,4.9,2.9,3.6,15.4,7.0,39.0,20.8,0.1242,0.922,0.0966,0.0091,0.1758,0.0312,0.2175,-0.0331
5.1,2.9,1.2,2.1,2.2,3.0,10.4,15.9,43.9,-0.0493,0.0311,-0.0961,-0.2194,-0.0944,0.2064,-0.3513,0.8565
5.1,2.3,2.1,2.5,4.1,19.8,8.7,9.3,23.9,0.7242,-0.0742,0.0389,-0.0308,-0.0054,-0.0244,-0.087,-0.6422
5.1,4.2,2.6,3.2,4.5,4.3,8.9,12.6,21.5,-0.0311,-0.0795,-0.0179,0.1078,0.1007,-0.0275,-0.9251,0.2759
5.1,2.7,4.8,3.8,5.0,6.1,7.0,30.3,24.5,-0.276,-0.166,0.1277,-0.1969,0.2129,-0.0998,0.5872,-0.6378
5.1,4.9,3.0,1.2,2.3,11.2,5.3,8.2,13.6,0.5583,0.7792,-0.2365,-0.0352,0.0945,0.081,0.0277,0.0125
5.1,1.2,2.8,1.8,1.4,9.0,13.3,43.1,34.0,-0.4029,0.8081,0.0763,-0.0429,-0.0009,-0.0535,0.2891,0.1716
5.1,1.7,4.7,1.4,1.1,7.3,9.8,19.7,30.2,-0.0846,0.9186,0.0202,0.0007,-0.017,-0.0017,0.3675,0.0355
5.1,4.2,3.9,1.6,3.4,12.9,11.8,16.1,17.3,0.4224,0.8437,-0.2748,0.1396,0.0068,0.0199,0.0537,-0.0285
5.1,3.5,4.9,2.5,2.2,8.3,12.4,5.3,39.7,-0.5898,0.3441,-0.0654,-0.0512,0.0232,0.0498,0.3207,0.6136
5.1,2.3,3.4,3.9,1.6,11.1,2.0,33.8,26.4,0.464,0.7237,0.2208,0.227,-0.1724,0.2296,-0.1616,0.1012
5.1,4.0,1.4,1.8,1.4,5.1,13.9,34.1,30.4,-0.5582,0.5957,0.1449,-0.1445,0.3522,0.1456,-0.2302,-0.2701
5.1,1.7,4.6,4.7,1.4,12.5,3.7,16.7,26.7,0.0204,0.5506,0.1852,0.1294,-0.2386,-0.1863,-0.7129,0.1561
5.1,4.3,2.9,1.5,3.2,11.8,15.2,25.9,27.2,0.5812,0.6696,-0.0625,0.349,-0.0433,-0.2428,0.0119,0.1162
5.1,4.8,2.2,2.6,2.7,8.5,4.9,25.4,35.0,-0.4752,0.7706,0.0013,0.0343,-0.0074,0.0326,-0.3129,-0.2122
5.1,2.2,3.4,1.7,2.7,16.7,12.7,14.7,11.1,-0.0417,0.1306,-0.4432,-0.2771,-0.0776,0.4431,-0.0794,0.6888
5.1,3.0,2.9,2.4,3.1,20.3,9.3,36.5,4.1,0.2652,0.3675,0.0268,-0.0759,0.0873,-0.0638,0.6912,-0.5184
5.1,4.4,3.9,1.5,2.4,4.7,17.2,23.0,25.2,0.0587,0.758,0.2736,-0.0455,-0.2849,0.0541,0.4927,0.0692
5.1,3.9,3.9,3.2,2.6,12.5,3.6,31.7,4.8,0.3925,0.7693,-0.2185,-0.3206,0.1867,-0.2346,0.004,-0.0461
5.1,1.5,4.8,3.1,1.6,10.7,2.7,11.4,21.4,0.0745,0.8754,0.044,0.3241,0.3107,0.0016,-0.1039,-0.0077
5.1,4.3,2.1,1.7,4.9,3.5,4.6,12.9,23.5,0.0505,0.4322,0.6708,0.217,-0.1008,-0.3854,0.1635,0.3347
5.1,2.6,1.6,4.2,2.6,5.9,10.4,6.1,25.5,0.0245,0.1233,0.0276,0.1712,0.1951,-0.039,-0.9236,0.2173
5.1,1.6,1.7,1.0,4.3,2.7,4.5,12.6,23.0,0.1912,0.4422,0.5371,0.313,-0.0925,-0.4409,0.0938,0.3913
5.1,3.5,3.9,4.1,3.0,15.6,7.1,15.4,6.5,-0.0196,0.2332,-0.1029,0.065,0.1772,0.0397,-0.9361,-0.0153
5.1,4.9,2.5,5.0,4.5,17.2,2.9,10.6,37.2,-0.1679,0.4553,0.1542,-0.5356,-0.4975,0.026,-0.4297,0.043
5.1,4.7,2.1,1.9,4.1,5.2,2.8,28.3,29.2,-0.4022,0.1737,0.3067,-0.1871,0.5077,0.4932,0.0127,-0.3788
5.1,4.4,2.3,3.8,2.4,18.4,2.6,6.9,25.7,0.4711,0.1255,0.3245,-0.0211,0.4837,-0.2892,-0.2186,-0.5196
5.1,1.8,1.8,4.6,3.3,4.7,16.6,19.9,38.0,-0.345,0.4525,-0.086,-0.4204,0.0812,0.4191,0.1477,0.5229
5.1,2.6,4.7,2.2,4.1,20.4,18.5,33.9,43.7,0.1183,0.232,-0.5709,-0.3198,0.1255,-0.5093,0.0588,-0.436
5.1,4.2,2.3,1.8,3.5,2.3,19.9,13.4,38.4,0.1279,0.4348,-0.1469,-0.4824,-0.351,0.3496,-0.3618,0.381
5.1,3.3,4.2,1.8,3.7,20.2,11.6,30.2,31.6,-0.4085,0.3726,0.4686,0.1803,0.094,0.2478,-0.2271,-0.5236
5.1,4.8,4.2,4.3,1.2,15.4,6.7,13.3,15.4,-0.1233,-0.1158,-0.193,0.1569,0.2713,-0.0193,-0.8259,0.3559
5.1,3.3,3.8,3.6,1.1,14.8,7.7,21.7,16.0,-0.3552,0.2544,0.0151,0.112,-0.0112,-0.1126,0.466,0.7331
5.1,4.1,3.9,1.6,4.7,14.8,20.5,23.7,40.2,0.3669,0.5368,-0.1133,-0.4662,0.1992,0.41,0.1488,0.3078
5.1,4.7,3.6,4.3,2.7,10.9,19.3,23.7,25.9,0.1373,0.9224,0.0617,0.2237,-0.1697,-0.1811,0.0072,0.0554
5.1,1.6,2.5,4.8,2.3,4.2,10.4,39.9,33.0,-0.3285,0.6184,0.2121,0.1069,0.2727,0.0975,-0.4657,-0.3565
5.1,1.1,2.4,4.4,4.0,19.3,20.6,13.3,28.3,-0.2923,-0.0957,0.3724,0.0064,-0.3811,-0.5739,-0.5171,0.0543
5.1,1.0,1.5,1.5,4.7,13.7,20.0,13.0,20.6,0.2051,0.4836,0.1737,0.5013,0.4844,0.057,-0.4289,-0.0577
5.1,4.7,2.2,3.7,1.9,19.8,3.9,15.1,17.4,-0.3808,0.3127,-0.0891,0.5094,0.2744,-0.38,-0.1988,0.464
5.1,2.3,4.2,5.0,3.4,3.0,18.1,11.0,30.1,-0.4314,-0.1466,0.3462,0.014,-0.3713,-0.4572,-0.4372,0.3442
5.1,1.5,2.1,1.5,4.6,4.8,16.7,12.0,10.7,-0.069,0.5155,-0.695,0.1913,0.1397,0.2964,0.2733,0.1174
5.1,4.2,3.3,3.2,4.8,6.5,12.1,11.0,15.1,-0.3707,0.5573,-0.2402,0.4167,0.5184,0.0722,-0.155,0.0692
5.1,4.1,4.2,3.7,4.2,8.0,13.4,18.1,42.2,-0.3546,0.9137,-0.0096,0.0212,0.0397,0.0196,0.157,0.0616
5.1,1.6,2.8,3.3,3.5,10.7,5.5,15.5,12.9,0.4282,0.0932,-0.4452,0.207,0.1093,0.3479,0.0052,-0.5951
5.1,3.1,4.0,2.2,4.5,5.7,6.1,37.0,16.6,-0.298,0.8256,0.2445,0.1578,0.1471,0.153,-0.2465,-0.1636
5.1,2.5,2.8,4.9,2.3,5.4,8.7,25.5,37.4,0.2751,0.8452,0.1987,0.0373,0.0019,0.0431,-0.1165,0.0744
5.1,2.9,1.9,4.6,2.2,9.5,17.0,29.3,12.8,-0.215,0.912,-0.0179,-0.261,0.1288,-0.1387,0.0259,-0.0323
5.1,2.1,1.5,1.9,4.2,14.9,5.4,16.4,17.8,0.0913,0.5645,-0.0158,0.4429,0.378,-0.3375,-0.3136,0.3274
5.1,4.1,3.1,1.7,4.9,13.2,7.4,5.4,40.3,0.441,0.8629,-0.0437,-0.0629,-0.1828,0.0801,-0.0616,0.0265
5.1,4.0,3.6,3.6,2.0,15.4,19.8,20.7,37.0,-0.0078,0.513,0.2256,-0.4372,-0.2249,0.437,-0.0244,0.4813
5.1,1.4,4.0,1.7,4.1,9.7,11.1,10.8,20.1,0.2195,0.9669,-0.0714,0.0244,0.0074,-0.0016,0.0141,-0.0022
5.1,2.3,3.6,4.4,1.5,3.2,10.6,14.3,39.5,-0.0442,0.1469,0.0957,-0.3224,-0.3145,0.1295,-0.7795,0.3226
5.1,4.3,4.3,5.0,1.5,5.4,15.1,26.2,28.2,0.021,0.0506,0.0753,-0.0223,-0.1542,0.2241,0.9174,-0.2227
5.1,4.0,3.2,1.6,4.6,15.9,17.8,11.9,16.3,0.4574,0.4437,-0.4002,0.5306,0.0696,0.2513,0.0159,-0.2612
5.1,4.8,3.8,3.9,3.3,17.1,5.9,7.8,29.1,0.1923,-0.1552,0.1826,-0.0164,-0.0393,-0.4567,-0.5323,-0.621
5.1,4.8,3.5,2.3,2.5,3.5,13.7,5.6,13.0,0.2417,0.5762,-0.2539,0.0748,-0.3803,0.2373,-0.5723,0.0396
5.1,2.8,2.0,1.5,3.8,16.5,19.1,9.9,24.6,0.3954,0.4685,0.3054,0.3233,0.473,-0.1686,-0.3784,0.1254
5.1,1.6,1.1,1.4,3.8,3.3,21.9,27.4,12.3,0.1178,0.0432,-0.6008,0.1103,-0.1512,-0.7172,-0.1092,-0.1633
5.1,5.0,1.4,2.9,2.9,6.0,14.0,33.9,15.8,-0.4085,0.5524,-0.0499,0.4639,-0.2255,0.3604,-0.0101,-0.3369
5.1,4.2,2.4,1.6,2.6,7.1,3.2,30.2,26.0,-0.2882,0.8484,0.0835,-0.2233,0.2902,0.0276,-0.1777,-0.0844
5.1,1.5,4.1,2.2,3.0,11.7,14.8,26.6,14.9,0.2108,0.3579,-0.5317,-0.3425,0.1082,-0.5076,-0.0074,-0.3506
5.1,3.3,1.6,4.7,4.7,14.6,7.2,30.0,25.3,0.6201,0.143,0.4495,0.1041,-0.0731,0.3825,-0.093,0.4249
5.1,2.7,4.5,2.5,1.7,16.2,3.6,41.0,17.0,0.0513,0.389,-0.0368,0.463,-0.0307,0.4624,-0.3623,-0.5064
5.1,1.7,3.3,2.9,3.3,13.2,13.9,11.2,34.2,0.0557,0.4476,0.7491,-0.2241,-0.0541,-0.3426,0.1651,-0.1018
5.1,3.0,5.0,4.8,1.1,18.7,12.9,19.9,35.5,-0.4064,0.5152,0.4086,0.0236,-0.4154,-0.0274,0.1193,0.4375
5.1,1.2,1.3,5.0,4.3,20.0,14.5,20.1,24.2,-0.3207,0.4101,0.2708,0.3791,-0.2984,-0.3933,-0.0902,0.4947
5.1,4.5,2.3,3.9,1.2,11.9,4.1,36.7,32.9,-0.0853,0.0902,0.1596,0.0076,0.1923,0.2147,0.5745,0.6623
5.1,1.5,4.4,4.3,1.3,20.6,15.7,4.4,37.2,0.1033,-0.1546,0.0304,-0.162,0.2011,-0.672,-0.5802,0.1291
5.1,2.8,1.4,4.8,4.8,7.3,13.9,35.1,42.1,-0.707,0.494,-0.228,0.1267,-0.1519,-0.2568,-0.161,-0.2327
5.1,3.9,2.4,2.0,1.2,9.4,11.2,18.6,20.4,0.0974,0.9894,-0.0521,0.0126,0.0018,0.0016,0.0347,-0.0031
5.1,3.1,3.8,1.5,4.3,13.1,12.7,35.5,18.5,0.5719,0.7118,-0.2806,0.238,0.0302,-0.0764,-0.055,0.0853
5.1,4.2,3.8,3.1,4.5,4.2,21.7,19.5,36.4,-0.2825,0.5987,-0.2046,-0.3752,0.1396,0.3713,0.228,0.3932
5.1,2.6,3.9,1.1,3.8,9.7,14.1,18.3,35.4,0.4529,0.8814,0.0892,-0.0364,-0.0336,0.0085,0.0188,-0.0058
5.1,1.8,1.1,1.3,4.5,10.6,3.4,16.9,35.4,0.5495,0.7584,0.272,-0.1665,-0.0011,-0.0307,0.0536,-0.0489
5.1,1.5,2.3,4.2,4.0,21.9,19.2,25.8,34.3,-0.3197,0.0252,0.3636,-0.0453,0.3564,0.6935,0.3388,0.0055
5.1,2.7,3.4,3.7,1.2,15.5,3.1,20.1,9.2,0.2734,0.2998,-0.316,0.0089,0.3163,-0.0088,-0.3783,0.6894
5.1,3.7,3.2,4.5,1.3,7.0,17.1,12.0,9.9,-0.8465,0.2796,-0.1077,0.0448,0.1403,0.0405,0.1095,0.3861
5.1,4.3,2.4,3.7,2.4,6.4,14.4,23.7,21.3,-0.0496,0.6234,0.123,0.0921,-0.258,-0.0108,0.7003,0.1018
5.1,1.7,3.8,1.3,4.2,13.5,14.0,14.0,40.1,0.6445,0.3541,0.1678,-0.4976,-0.0489,-0.263,-0.0459,-0.2858
5.1,2.3,3.1,4.8,1.1,4.4,20.8,24.9,9.8,-0.0343,0.1829,0.0307,0.0403,0.0692,-0.2015,0.9311,0.1788
5.1,4.7,2.2,2.4,4.0,14.8,16.3,9.9,27.5,0.4269,0.4574,0.3175,0.3509,0.4846,-0.1934,-0.2963,0.0883
5.1,2.3,2.4,3.9,3.9,10.1,20.9,33.7,30.8,0.1712,0.8302,0.3726,0.2557,0.0246,0.2093,-0.0683,-0.0581
5.1,4.6,2.5,1.6,3.9,12.2,15.4,6.3,20.6,0.5277,0.7796,-0.2223,0.1988,-0.0508,0.0888,0.0415,-0.0662
5.1,4.5,4.8,1.4,4.9,18.8,18.9,34.8,16.4,0.1027,0.4884,0.0888,0.4861,-0.5179,-0.002,0.4578,0.0138
5.1,4.1,1.3,2.4,1.8,8.5,6.5,10.6,43.5,-0.2487,0.9576,-0.0029,0.0152,0.0107,-0.0092,0.1011,0.0278
5.1,1.2,4.0,3.0,4.9,2.6,15.0,5.6,20.5,0.0513,0.3748,0.027,0.4947,0.2501,0.4142,-0.2861,-0.5324
5.1,3.7,1.3,4.1,2.0,13.2,11.7,29.6,23.8,0.2907,0.3977,0.0172,0.5613,-0.3199,-0.3559,0.2546,0.3459
5.1,3.0,1.9,3.8,2.5,9.4,2.6,15.6,19.1,-0.2706,0.8759,-0.073,0.2036,0.2942,0.0916,-0.0584,-0.0158
5.1,3.6,3.0,3.4,1.6,7.4,11.4,37.5,19.7,-0.5287,0.7561,0.1193,0.0582,0.0617,0.0488,-0.2673,-0.2018
5.1,3.3,4.8,2.7,3.8,15.0,4.4,30.2,7.4,0.6195,0.3443,-0.5039,-0.183,0.0966,-0.4084,-0.0886,0.0896
5.1,4.4,4.8,3.2,3.4,15.3,9.9,15.0,29.0,0.0049,0.0652,0.0248,0.2315,0.2056,-0.1067,-0.8245,0.4168
5.1,1.8,2.9,2.4,1.6,6.5,15.7,28.3,34.9,-0.5719,0.4204,0.284,-0.2576,0.4631,0.2484,-0.0214,-0.2072
5.1,2.2,1.4,2.9,1.0,16.8,18.8,12.6,9.8,-0.0686,-0.0888,-0.1053,-0.0776,0.1496,0.5034,-0.822,0.0261
5.1,4.9,4.6,3.5,3.8,7.6,10.3,19.9,33.4,-0.2803,0.9186,0.1031,-0.034,-0.1317,0.0277,0.1812,0.0722
5.1,3.3,2.4,4.8,3.9,12.8,3.5,14.5,29.7,-0.1425,0.0001,0.3436,-0.0705,-0.3669,-0.4673,-0.6124,-0.3094
5.1,4.5,3.4,1.5,3.6,5.0,2.7,43.3,11.5,0.1813,0.5663,0.1215,0.373,0.0784,0.428,-0.5118,-0.1305
5.1,4.4,1.1,1.1,2.1,6.5,11.1,33.0,29.7,0.0117,0.9709,0.1182,-0.0456,0.0221,0.0065,-0.1687,-0.0023
5.1,2.4,4.1,1.6,1.5,11.7,6.7,30.7,24.1,0.5233,0.8269,0.1652,0.0134,0.0457,0.0386,-0.0274,0.0082
5.1,4.9,3.3,4.2,4.6,11.6,10.2,23.3,35.0,0.2456,0.712,0.0255,0.2453,-0.3869,0.2115,0.3068,-0.1865
5.1,4.4,2.7,1.9,1.2,15.7,18.2,21.8,33.0,0.3118,0.5356,0.4496,0.0265,-0.443,-0.0286,-0.0906,0.4339
5.1,2.7,3.2,2.1,4.5,9.7,3.9,17.7,41.6,0.1783,0.9361,-0.0221,-0.193,-0.0992,0.1817,-0.0058,0.0376
5.1,4.4,1.9,1.5,1.5,9.2,20.1,36.5,40.2,0.2414,0.9593,0.042,-0.0823,0.0054,0.0546,-0.024,0.0113
5.1,3.8,3.9,4.6,2.1,12.0,7.7,11.8,26.1,0.6682,0.6439,0.0837,0.0054,0.0041,-0.0254,0.2132,-0.2336
5.1,4.0,4.7,2.1,4.9,6.7,13.8,30.4,35.0,-0.0778,0.5875,0.0539,-0.4787,0.4669,-0.2208,0.274,-0.1993
5.1,2.2,1.8,1.7,4.3,7.1,3.3,19.9,23.5,-0.11,0.8586,0.1875,-0.0664,-0.3994,0.0284,0.1513,0.1063
5.1,1.6,1.4,4.0,1.6,4.9,4.9,33.0,7.2,-0.4547,-0.0281,-0.3022,0.0931,-0.3611,0.022,0.2918,-0.6782
5.1,3.4,4.9,3.0,4.1,4.0,2.9,10.2,39.0,0.0862,0.3789,-0.2156,-0.5318,-0.3757,0.319,-0.3883,0.3265
5.1,2.7,4.3,4.5,3.3,3.7,15.2,37.8,5.3,-0.3872,0.3179,-0.301,-0.2284,-0.3307,-0.2422,-0.125,-0.6372
5.1,3.6,3.9,1.9,2.8,4.1,12.9,37.6,31.0,-0.3315,0.7174,0.1418,-0.229,0.3736,0.2308,-0.2569,-0.113
5.1,1.6,4.0,2.9,4.2,8.4,15.3,29.8,6.0,-0.604,0.7053,-0.191,0.035,-0.0091,-0.0619,-0.2042,-0.1822
5.1,4.4,1.5,3.7,1.3,7.5,21.6,22.2,31.4,-0.3035,0.8403,-0.014,-0.0469,0.0071,0.0492,0.4052,0.1474
5.1,4.9,2.1,4.6,2.8,17.5,11.9,21.7,17.1,0.1339,0.5417,-0.3268,0.3085,0.3853,-0.3273,-0.0986,0.4486
5.1,2.6,1.5,2.8,3.8,8.3,15.5,4.3,24.5,0.3049,0.4739,0.0341,0.0018,0.0737,-0.0554,-0.6702,0.4439
5.1,1.8,4.4,5.0,2.4,10.9,15.5,36.1,25.8,-0.1855,0.4828,-0.1501,0.0873,-0.0328,0.5526,0.5422,0.1516
5.1,3.4,3.1,1.5,1.8,14.2,4.2,25.9,38.2,0.2521,0.4286,0.067,-0.5858,0.286,0.36,0.2193,0.3368
5.1,3.8,4.4,3.9,2.1,15.4,8.5,26.5,43.0,0.7548,0.2691,0.0307,-0.0127,0.0008,0.0153,-0.1755,0.5351
5.1,3.2,2.8,3.0,4.2,2.1,2.1,30.2,6.8,0.2346,-0.032,-0.597,-0.1494,0.2429,-0.658,0.175,-0.1579
5.1,1.9,3.7,3.4,2.5,6.1,20.4,17.1,9.6,-0.5467,0.4068,-0.2577,0.2104,0.3109,-0.1827,0.1589,0.5088
5.1,4.3,4.7,3.8,1.4,20.0,14.6,31.3,31.2,-0.1926,-0.2327,0.2604,0.0157,-0.0619,0.5329,0.5508,-0.4658
5.1,3.6,4.9,1.3,3.5,14.1,13.4,29.4,40.1,0.694,0.6398,0.1926,-0.2088,-0.0351,0.0716,-0.0417,0.0819
5.1,2.6,1.1,2.6,1.8,19.5,13.0,33.1,40.4,0.1301,0.3998,-0.1113,-0.4179,0.4512,-0.1619,0.5689,-0.2318
5.1,2.6,2.8,2.8,1.5,12.5,10.3,43.4,33.0,0.392,0.0524,-0.0604,0.3345,0.0717,0.2686,-0.1738,-0.7454
5.1,4.2,4.5,4.7,4.8,2.8,7.5,34.6,23.2,-0.0758,-0.069,0.0678,-0.0906,0.1091,-0.0488,0.7644,-0.5881
5.1,3.7,2.7,1.3,1.3,5.7,14.8,33.7,42.8,-0.4391,0.5648,-0.3898,-0.0307,-0.0972,-0.1472,-0.3652,-0.3748
5.1,1.4,4.5,4.0,1.2,21.9,4.2,43.5,24.9,0.0425,0.0359,0.0554,-0.1626,0.1525,-0.2523,-0.6769,-0.6232
5.1,4.4,1.8,1.4,3.6,12.5,13.9,11.6,18.9,0.5637,0.746,-0.2575,0.2077,-0.0265,0.0532,0.0368,-0.0527
5.1,2.5,4.9,1.3,1.1,17.4,3.4,30.0,11.5,0.2935,-0.2901,-0.2587,0.0938,-0.1647,-0.6092,0.4326,0.3654
5.1,2.7,2.2,2.2,2.4,4.4,10.1,16.7,20.4,0.2196,0.3429,-0.0293,0.2223,0.2149,-0.1888,-0.6064,0.5485
5.1,1.4,4.6,3.2,3.8,2.5,3.2,44.0,13.9,0.0469,0.1109,0.0696,0.1011,-0.025,0.6216,-0.7237,-0.1393
5.1,4.7,1.1,1.0,4.5,21.3,9.9,39.3,16.1,0.3701,0.9149,-0.0697,0.0346,-0.0247,0.0086,-0.0685,0.024
5.1,4.1,2.9,2.1,4.1,12.1,15.7,34.6,30.0,0.3189,0.5803,0.5009,0.3098,0.0212,0.3868,-0.0629,-0.196
5.1,1.7,3.6,4.6,4.3,13.6,6.1,4.0,26.2,0.4714,0.5179,0.2598,-0.0429,0.3154,-0.0622,0.3168,-0.4655
5.1,4.2,4.5,3.0,3.2,15.0,2.8,16.0,30.2,-0.1752,0.1896,0.2897,-0.1362,-0.5254,-0.2991,-0.6579,-0.0489
5.1,1.0,1.9,2.6,1.4,13.4,13.7,20.5,18.2,0.282,0.7195,-0.3005,0.236,0.3368,-0.2481,-0.056,0.2442
5.1,2.2,4.7,3.5,1.1,2.4,3.1,34.6,4.2,-0.1732,0.092,-0.3052,-0.0984,-0.4067,-0.2339,0.555,-0.5591
5.1,1.5,4.7,4.6,5.0,10.1,11.6,43.5,32.9,0.0696,0.7276,0.0816,0.2739,0.4597,-0.0762,-0.3595,0.0244
5.1,2.8,2.4,1.2,4.1,12.2,11.7,22.5,11.1,0.5245,0.3482,-0.0688,-0.4113,0.0726,0.408,0.0384,0.4728
5.1,1.7,2.3,4.3,1.7,6.7,14.5,19.4,40.2,-0.4603,0.4862,-0.2206,-0.2066,0.2197,0.2063,0.3257,0.4993
5.1,4.0,2.2,2.0,2.9,4.0,19.1,24.6,22.4,0.1581,0.5492,0.2986,0.173,-0.4467,-0.0234,0.5757,0.0849
5.1,1.8,3.0,2.6,3.6,20.4,6.8,26.3,41.0,0.5082,0.6373,-0.2469,-0.2763,0.266,-0.3073,0.0119,-0.0319
5.1,1.1,4.6,1.6,1.5,22.0,11.7,32.5,36.7,-0.0014,0.8791,0.3929,-0.1265,0.0375,0.0481,-0.1219,-0.0142
5.1,2.1,1.3,3.0,3.6,16.8,12.1,35.3,7.3,0.1094,0.1598,-0.3981,-0.3499,0.2962,-0.498,0.2373,-0.5133
5.1,2.3,2.4,3.2,1.3,6.3,7.7,36.7,19.2,0.1282,0.6847,0.4314,-0.0182,0.0623,0.2143,-0.1653,0.1225
5.1,4.0,1.0,1.4,1.8,22.0,10.9,24.6,38.5,0.61,0.5484,0.2883,-0.3078,-0.0538,0.1963,-0.0689,0.2366
5.1,1.2,2.6,1.8,4.3,20.6,2.4,21.8,10.4,0.2469,0.6962,-0.4049,0.1483,0.4062,-0.1484,0.0055,0.2659
5.1,3.2,4.0,2.7,1.9,18.3,8.0,16.4,36.3,-0.528,0.7486,-0.0881,-0.0686,0.047,0.0583,0.2517,0.2037
5.1,3.7,2.4,1.9,3.8,18.2,6.5,25.8,33.3,-0.1559,0.0782,0.2466,-0.1266,0.5507,0.5361,0.4918,0.1028
5.1,3.5,1.1,2.2,3.7,20.9,9.9,34.7,21.4,0.0327,0.2029,0.043,0.2519,-0.2802,-0.0232,0.8599,0.0358
5.1,2.1,1.4,4.5,1.8,7.4,14.6,32.8,19.4,-0.7109,0.3693,0.2606,0.2711,0.0422,0.1708,-0.1204,-0.395
5.1,2.5,2.6,3.4,1.0,6.7,19.3,8.8,28.8,-0.5717,-0.1342,0.1162,0.0221,-0.1445,-0.2084,-0.2146,0.7164
5.1,3.7,2.1,1.1,4.5,5.2,3.7,12.2,41.0,-0.0562,0.6176,-0.58,-0.0919,0.2149,0.2232,0.2857,0.2692
5.1,2.4,2.7,2.0,4.0,14.0,7.2,36.0,14.1,0.0795,0.29,-0.123,0.3056,-0.3253,0.2355,0.5515,-0.5483
5.1,4.0,2.8,1.8,1.7,18.0,21.8,35.6,29.9,-0.1456,0.2522,0.2927,-0.0426,0.5622,0.2012,0.608,-0.2471
5.1,3.4,4.7,4.9,3.1,20.3,9.5,33.8,38.8,-0.0231,0.2454,0.0943,-0.2096,0.2724,-0.0056,0.8698,-0.036
5.1,1.3,1.8,1.0,4.9,8.3,16.0,33.8,16.3,0.1291,0.6229,0.256,0.4407,-0.0437,0.4487,-0.0038,-0.314
5.1,3.3,3.5,3.4,4.6,17.8,20.2,10.8,33.6,-0.2379,0.2227,0.3855,-0.4591,-0.5115,-0.3313,-0.3372,-0.1608
5.1,3.1,3.5,2.4,3.8,13.3,10.6,8.5,6.1,0.7555,0.4639,0.2202,-0.2259,0.0473,-0.1194,0.1076,-0.2646
5.1,3.1,2.6,1.1,1.2,13.4,19.9,25.6,42.2,0.6364,0.5941,0.059,-0.3606,0.0358,0.2631,0.0059,0.1545
5.1,1.1,2.6,3.7,2.0,7.1,8.8,27.9,26.8,-0.3554,-0.2441,-0.0036,0.032,-0.0165,0.0209,0.5211,-0.7136
5.1,2.6,2.9,2.2,1.4,15.3,18.8,20.5,28.7,0.346,0.4813,0.3418,0.255,-0.3421,-0.2551,-0.1507,0.4938
5.1,3.0,1.1,2.9,5.0,20.4,15.3,13.3,9.6,-0.054,0.1135,-0.7485,-0.0916,-0.0393,0.5754,0.0802,0.2444
5.1,1.9,3.1,4.1,3.7,12.0,5.3,36.8,11.8,0.0295,0.4917,-0.3218,0.0381,-0.3975,-0.008,0.6163,-0.2972
5.1,1.5,2.4,3.3,3.1,5.9,2.7,30.1,43.3,-0.1601,-0.189,-0.4339,0.0107,-0.0433,-0.7245,0.3493,-0.2473
5.1,2.5,4.8,2.1,2.8,11.6,17.7,40.9,38.8,0.5079,0.7213,0.239,-0.2201,0.132,-0.1419,-0.064,-0.0011
5.1,1.8,2.7,2.7,4.2,14.8,5.8,37.7,40.2,0.1069,0.7803,-0.3957,-0.2563,-0.1416,-0.279,-0.104,-0.1474
5.1,3.5,3.9,2.7,2.5,9.9,13.8,18.4,13.7,0.1117,0.8817,-0.1569,-0.2859,0.0297,0.2824,0.0111,0.0976
5.1,3.3,1.4,1.2,4.8,3.3,2.9,28.2,11.8,0.1052,0.2824,-0.6498,0.2839,-0.2522,-0.4904,-0.2705,-0.0124
5.1,1.8,1.5,4.1,2.6,3.8,10.2,37.3,7.8,-0.5169,0.18,-0.1538,-0.0459,-0.054,-0.3229,-0.2159,-0.6942
5.1,4.3,4.9,2.9,3.8,12.8,19.2,37.8,29.1,-0.1887,0.4203,0.1821,0.0102,0.4937,0.4182,0.4974,0.0738
5.1,2.8,4.0,3.4,1.6,7.1,20.5,24.8,23.0,0.0795,0.112,0.0843,-0.0654,-0.1507,0.2797,0.8145,-0.4091
5.1,2.0,3.9,3.8,1.9,8.3,15.0,30.3,29.1,-0.697,0.6693,0.0491,-0.0476,0.0486,0.0428,-0.142,-0.1522
5.1,2.9,2.2,1.1,2.4,10.5,11.8,27.7,8.4,0.5605,0.8186,0.0632,-0.0568,-0.0107,0.0132,-0.0035,0.0044
5.1,3.7,3.0,5.0,3.7,12.3,18.4,18.1,36.5,-0.1144,0.6255,0.3032,-0.3187,-0.3958,0.2771,-0.2565,0.2916
5.1,1.2,4.0,3.7,4.0,16.6,16.5,44.0,4.5,0.0977,0.4745,-0.2136,-0.4216,-0.4303,-0.2835,-0.345,-0.3746
5.1,2.9,3.1,4.3,2.8,11.9,9.9,22.3,17.2,0.0511,0.5101,-0.1569,-0.4791,0.2389,-0.4278,0.1515,-0.3914
5.1,2.5,2.7,3.7,3.3,11.4,18.2,28.2,11.9,0.4466,0.462,-0.4059,-0.3822,0.3319,-0.3754,0.0206,-0.0382
5.1,3.0,1.7,4.1,4.1,14.5,9.1,42.2,26.7,0.4671,0.0641,-0.1389,0.0691,0.0295,0.1453,0.0757,-0.8249
5.1,5.0,4.9,4.5,4.8,16.0,12.9,8.2,6.8,0.1414,0.2753,-0.169,-0.4544,-0.461,-0.1769,-0.5765,-0.2823
5.1,4.7,3.1,2.4,2.7,12.6,3.2,13.5,34.7,0.4609,0.2417,0.558,-0.3747,-0.1022,-0.2939,0.0547,-0.3734
5.1,1.0,4.0,3.8,3.0,4.8,9.5,15.8,18.1,0.2482,0.294,-0.382,0.3954,0.0525,0.3523,-0.0008,-0.5507
5.1,1.9,1.7,4.7,1.7,5.2,19.9,24.0,8.7,-0.0324,0.201,0.0069,0.0825,0.1241,-0.271,0.8903,0.227
5.1,3.5,3.9,2.8,3.8,11.4,4.9,33.3,20.3,0.0672,0.7992,0.136,0.4163,-0.1761,0.3087,0.0779,-0.1386
5.1,1.9,4.5,2.9,1.7,4.3,11.4,16.6,11.1,-0.6133,0.3255,-0.2068,-0.113,0.0614,0.1305,0.2702,0.598
5.1,1.0,3.4,4.2,5.0,18.7,5.7,27.9,31.5,-0.1911,0.0397,0.3044,-0.0003,0.3982,0.4742,0.6695,0.0961
5.1,1.2,4.8,2.8,3.7,6.7,15.9,20.8,6.0,-0.3554,0.5966,-0.3067,-0.0964,0.3184,0.097,0.3653,0.3981
5.1,2.4,4.2,3.5,1.2,12.4,13.1,43.0,37.6,0.0177,0.2824,0.5055,0.2845,0.1855,-0.4805,0.1252,0.3758
5.1,1.6,2.7,3.8,3.0,19.1,10.1,21.3,19.7,0.358,0.5797,-0.3921,0.1149,0.0924,-0.2632,-0.3688,0.3453
5.1,1.8,3.5,3.7,3.4,21.8,21.6,34.9,22.1,0.1059,0.0654,0.5894,0.0889,-0.0676,0.7429,-0.0284,-0.0112
5.1,2.9,3.7,4.4,4.2,6.4,5.8,24.7,29.0,0.0123,0.2397,-0.0481,0.0819,0.0356,0.2722,0.8952,-0.1692
5.1,1.6,1.9,1.7,4.6,2.3,12.2,21.1,15.1,0.21,0.8743,-0.2244,0.1288,0.2869,-0.1378,-0.0303,0.1019
5.1,1.3,1.2,1.7,2.0,6.7,10.2,10.5,24.7,-0.2905,-0.0681,0.1006,0.1626,0.0469,-0.1388,-0.2933,0.8561
5.1,4.7,2.6,3.2,3.1,5.2,11.0,36.6,30.0,-0.5902,0.5816,0.1338,-0.1683,0.2401,0.2859,-0.2383,-0.2038
5.1,2.2,5.0,2.7,4.1,19.9,14.6,42.9,11.7,0.1488,0.6474,-0.3558,0.0049,-0.4376,0.0659,-0.4436,-0.1349
5.1,3.9,3.1,3.1,4.6,2.1,6.1,34.5,5.2,-0.1199,0.0362,-0.3326,0.2286,-0.4757,-0.3817,0.5976,0.2455
5.1,2.4,3.6,2.9,4.9,6.5,17.1,20.4,4.8,-0.3808,0.6848,-0.2673,-0.0739,0.3514,0.0893,0.276,0.2998
5.1,3.9,3.4,4.8,3.9,6.6,6.2,8.5,26.2,-0.609,-0.0904,0.2164,-0.0831,-0.2738,-0.0139,-0.2015,0.659
5.1,1.9,4.3,2.0,4.8,18.6,12.8,28.0,38.0,0.5613,0.493,0.339,-0.4111,-0.022,0.2271,-0.0542,0.2771
5.1,3.9,4.0,3.6,4.4,10.3,9.6,27.8,11.9,0.5907,0.4812,0.3416,-0.3147,-0.0543,0.1914,-0.0936,0.3139
5.1,1.2,4.6,2.7,2.0,15.4,8.3,29.9,31.7,-0.0122,-0.0411,0.0109,-0.0228,0.0267,-0.004,0.9564,-0.21
5.1,3.1,3.2,5.0,2.8,4.2,15.0,12.1,10.4,-0.6098,-0.072,-0.2959,-0.0041,0.3426,0.3488,-0.2285,0.4841
5.1,1.1,1.3,3.7,1.5,14.9,7.9,41.8,26.4,0.4614,0.0841,0.0736,-0.0585,0.1541,-0.1433,0.0904,-0.8267
5.1,3.5,1.8,3.7,4.1,18.3,10.4,8.7,9.9,0.0541,0.1246,-0.1302,-0.3582,-0.3758,0.0902,-0.7894,0.2141
5.1,2.2,1.9,3.8,3.6,3.5,16.7,42.8,32.4,0.1331,0.2506,0.1037,-0.2628,0.2909,-0.5009,-0.6199,-0.2871
5.1,3.6,2.4,4.2,4.6,13.5,18.0,41.1,17.8,0.3047,0.4884,-0.1663,0.3446,-0.3493,0.4668,-0.1558,-0.3097
5.1,1.5,2.9,2.4,1.3,6.7,16.6,5.2,21.9,0.097,0.403,0.201,0.1639,0.3741,-0.0368,-0.7771,0.0185
5.1,4.9,4.2,2.8,4.0,20.7,18.2,29.0,38.4,0.0723,0.4099,-0.0806,-0.5023,0.4884,-0.0141,0.5506,-0.0201
5.1,2.8,4.3,3.9,4.4,2.5,8.7,4.7,5.3,-0.0006,0.0072,0.044,-0.067,-0.0627,-0.0905,-0.4683,-0.8667
5.1,4.9,1.6,2.8,3.6,3.1,17.8,6.8,42.5,0.2017,0.4387,-0.3029,-0.2152,-0.5041,0.0186,-0.5955,-0.0691
5.1,3.7,3.2,1.7,1.4,3.5,19.1,38.2,20.9,0.0284,0.3604,0.4366,0.3363,0.097,0.457,-0.1973,-0.5276
5.1,4.7,3.7,4.3,3.0,5.7,7.0,33.7,20.2,-0.3161,-0.0161,0.2428,-0.2755,0.3524,-0.1512,0.4754,-0.5822
5.1,4.4,1.7,1.6,1.8,6.6,5.9,21.0,35.0,0.0047,0.9446,-0.1069,-0.0546,0.1161,0.0506,0.2609,0.0153
5.1,4.9,3.4,3.6,2.9,16.2,21.8,9.0,31.2,0.2316,-0.1774,0.357,-0.0207,0.0105,-0.6692,-0.3942,-0.3919
5.2,4.9,3.3,3.3,1.8,20.2,20.1,8.5,31.4,-0.028,-0.0235,0.0727,0.0224,-0.1076,-0.5314,-0.8185,0.081
5.2,2.3,1.4,2.1,4.0,16.2,18.2,22.4,22.5,0.254,0.4858,0.2314,0.4333,-0.2712,-0.4121,0.2169,0.3901
5.2,1.2,4.9,1.0,2.2,8.0,2.3,4.9,43.0,0.4599,0.1725,-0.1493,0.09,-0.1624,0.3187,-0.331,0.6668
5.2,2.2,1.4,1.9,3.7,16.5,15.6,30.1,39.4,0.2171,0.3796,-0.1699,-0.5293,0.4718,0.1109,0.478,0.1031
5.2,1.9,3.5,2.5,3.7,19.9,16.9,17.7,17.9,0.0998,0.5524,-0.0905,0.4309,0.2777,-0.4088,-0.248,0.4135
5.2,1.4,4.4,4.1,2.1,10.0,7.4,38.9,32.9,0.4026,0.7761,0.1005,-0.0111,0.0974,-0.0113,0.3362,-0.2128
5.2,4.4,4.8,1.4,2.4,9.1,15.3,8.2,4.1,0.314,0.944,0.0315,-0.0238,0.0021,-0.0048,0.0288,-0.0092
5.2,2.7,1.1,2.4,3.5,21.7,15.3,21.0,30.3,0.1103,0.6317,0.4131,-0.1993,-0.4133,0.1996,0.2551,0.2929
5.2,2.5,1.0,4.1,2.4,9.8,15.9,43.8,4.9,-0.0411,0.9215,0.0615,-0.2696,-0.1418,-0.1889,-0.0397,-0.0472
5.2,2.4,3.9,2.5,2.2,11.9,19.7,12.9,42.9,0.4481,0.6908,-0.216,-0.3093,-0.3426,0.1781,-0.0984,0.0335
5.2,3.7,3.8,3.4,3.5,5.4,15.1,25.4,29.6,-0.0558,-0.1035,0.2374,-0.0266,-0.1038,0.5552,0.5088,-0.5632
5.2,2.0,1.5,2.3,4.2,3.3,4.8,25.0,6.3,0.4644,0.4807,-0.3669,-0.0235,0.5191,-0.1873,0.3035,0.0919
5.2,3.4,3.1,2.2,4.0,8.1,10.2,30.8,32.8,-0.1222,0.9699,0.1272,-0.0662,0.0046,0.0257,-0.1102,-0.0135
5.2,1.6,3.6,4.6,3.8,20.1,14.3,14.4,16.9,-0.2588,0.4051,-0.2299,0.4472,0.5029,-0.1542,-0.4394,0.1808
5.2,2.0,3.1,2.5,3.4,18.9,4.1,31.2,11.1,-0.2234,0.0906,-0.3376,0.2562,-0.5897,-0.2496,0.5699,-0.0625
5.2,1.0,1.2,1.9,1.6,13.1,20.0,25.1,39.8,0.3464,0.4955,-0.031,-0.5456,0.2601,0.3572,0.1919,0.2849
5.2,1.1,1.0,3.2,4.7,6.6,21.8,37.4,16.1,-0.3885,0.4836,0.0342,0.4481,-0.0606,0.4156,-0.094,-0.4608
5.2,1.9,2.9,4.6,1.9,13.3,10.9,37.1,36.6,0.0068,0.8,0.357,-0.0904,0.3562,-0.0893,0.1758,-0.1764
5.2,1.7,4.6,4.2,4.3,21.1,4.5,4.4,12.0,-0.1526,0.3085,0.0159,0.2736,-0.0716,0.3318,-0.5833,-0.5844
5.2,4.3,4.7,4.9,3.7,21.1,17.0,14.1,10.4,-0.5459,0.0833,-0.3651,0.0893,0.4983,0.2049,-0.2363,0.44
5.2,4.2,3.4,3.4,2.2,20.7,20.4,36.5,20.0,0.1146,0.3069,0.5087,0.2984,-0.049,0.5696,-0.1979,-0.3134
5.2,3.9,3.6,2.1,4.2,14.2,13.0,10.2,42.7,0.4254,0.1899,-0.067,-0.5856,-0.292,-0.3,-0.3259,-0.3469
5.2,4.1,3.9,2.2,1.2,9.1,17.9,11.7,31.0,0.0272,0.9921,0.0027,0.0524,0.0503,-0.0146,0.0257,0.0006
5.2,1.7,1.5,2.9,2.1,8.4,10.7,35.5,11.1,-0.3379,0.9159,-0.016,0.0199,-0.0528,-0.0141,-0.1653,-0.0626
5.2,3.4,2.6,2.4,1.5,12.1,20.4,9.9,13.5,0.6329,0.4295,-0.4272,-0.2218,-0.1344,0.3695,0.0765,-0.06
5.2,1.4,1.4,4.5,5.0,8.7,2.8,30.6,30.8,-0.5614,0.8011,0.0161,0.0787,-0.0156,0.0548,-0.0884,-0.0714
5.2,3.8,2.5,4.4,3.7,6.5,6.8,17.7,14.6,-0.5586,0.7239,0.0662,0.1082,-0.045,-0.101,0.2731,0.2305
5.2,3.4,4.4,3.3,1.7,11.0,17.0,39.4,21.4,0.1845,0.8965,-0.1335,0.2185,-0.1499,0.2179,0.0769,-0.0925
5.2,1.3,4.0,1.7,2.1,7.6,11.9,25.2,18.0,-0.0032,0.4651,0.0202,0.4867,-0.4583,-0.2243,0.3951,0.2764
5.2,3.9,3.1,1.1,4.5,16.9,14.6,22.4,19.8,0.697,0.5325,-0.1069,0.2489,0.1143,-0.2601,-0.0682,0.2328
5.2,4.6,4.9,4.6,1.6,8.0,15.3,18.6,17.7,-0.514,0.8304,0.0177,0.011,-0.0089,-0.0076,0.1654,0.1035
5.2,2.6,3.6,3.7,4.1,19.2,3.5,22.7,26.5,0.3345,0.3054,0.3832,-0.1741,-0.4576,0.2231,0.1364,0.5639
5.2,1.2,4.9,2.7,2.1,7.1,4.5,22.5,35.7,0.1505,0.4185,-0.1748,-0.0829,0.1085,0.1832,0.7747,-0.2488
5.2,4.3,4.6,4.4,4.4,18.0,8.3,9.2,10.3,-0.0478,-0.1322,0.0287,-0.0797,-0.0789,0.0207,-0.9303,0.2845
5.2,2.3,1.3,4.0,4.6,21.2,17.6,42.5,35.1,-0.288,0.0317,0.2559,-0.0674,-0.2968,-0.784,-0.2097,-0.0165
5.2,1.1,1.8,2.1,2.0,14.1,6.0,29.9,6.4,0.6907,0.18,-0.4671,-0.0481,0.0158,-0.3917,-0.0857,0.2932
5.2,4.3,1.4,1.6,2.4,6.6,9.4,28.3,35.9,0.0618,0.9659,0.1202,-0.0241,0.0363,0.0011,-0.0994,-0.0047
5.2,2.0,2.8,2.4,1.6,5.9,14.1,17.4,18.3,-0.1384,0.4236,0.116,0.4795,0.0015,-0.4703,0.0507,0.5613
5.2,3.1,3.6,3.3,3.1,2.6,21.0,43.2,41.5,0.3729,0.3415,-0.3932,-0.1344,-0.5723,0.1298,-0.402,-0.1774
5.2,3.5,1.9,2.7,4.0,20.3,7.3,43.2,4.1,0.7048,0.4607,-0.2217,-0.0226,-0.3566,0.214,0.0265,-0.2069
5.2,4.3,3.0,2.2,4.1,6.9,11.7,33.2,43.4,-0.3102,0.8973,-0.1699,0.0194,-0.0337,-0.0214,-0.2203,-0.0841
5.2,2.2,2.5,1.4,1.9,17.0,11.3,33.5,24.9,0.1048,0.2604,0.178,0.1985,-0.3105,0.05,0.8334,-0.1183
5.2,2.2,4.0,5.0,2.0,11.8,4.5,13.9,20.4,0.0597,0.8011,0.2588,0.4086,0.1425,-0.2625,0.0075,0.0832
5.2,3.3,4.4,3.3,4.9,18.1,3.2,40.0,39.6,0.0668,0.7055,-0.337,-0.2855,-0.338,-0.2846,-0.1228,-0.2671
5.2,2.3,2.5,4.4,2.5,17.9,6.2,42.9,11.4,-0.0328,0.0044,-0.045,-0.0516,0.0518,0.3914,-0.8371,-0.3292
5.2,3.3,1.5,2.0,3.1,2.4,19.1,7.9,37.5,0.1047,0.4621,-0.0965,-0.4751,-0.4966,-0.0604,-0.5198,-0.0488
5.2,4.5,1.8,2.4,1.2,4.2,18.0,21.7,38.7,-0.1645,0.5928,-0.2827,-0.2869,0.2713,0.2858,0.3802,0.3779
5.2,2.2,1.7,3.1,4.1,2.6,10.7,12.2,24.2,-0.0351,0.0276,0.1567,0.3926,0.296,-0.2056,-0.6649,0.4776
5.2,2.5,1.4,1.2,4.7,19.8,15.3,14.3,17.5,0.2077,0.3952,0.1549,0.5357,0.4847,0.1037,-0.4599,-0.1023
5.2,2.4,2.3,1.1,4.2,18.5,5.4,26.6,43.3,0.6595,0.4914,-0.2133,-0.1476,0.2647,-0.3528,0.1231,-0.1598
5.2,3.1,4.2,2.4,3.0,21.9,13.9,22.4,37.6,0.1486,0.3217,0.0908,-0.5056,0.1836,0.4318,0.1234,0.5716
5.2,2.9,3.3,2.0,1.8,2.2,10.5,26.2,6.7,0.004,0.0823,-0.0714,-0.1559,0.176,0.0317,0.9391,0.1796
5.2,2.6,1.3,2.2,4.0,13.6,9.8,21.4,40.9,0.5707,0.7474,0.1063,-0.0755,-0.1057,0.0762,-0.1863,0.169
5.2,2.8,2.7,2.0,4.0,19.2,2.5,35.2,24.6,0.2509,0.2335,0.6957,-0.0211,0.1161,0.5555,-0.1836,-0.0649
5.2,1.5,1.1,2.3,2.6,17.5,12.7,19.4,31.6,-0.0462,0.6794,0.439,-0.0255,-0.4521,0.0258,0.1528,0.3094
5.2,1.7,4.0,2.0,4.0,11.0,6.3,12.1,5.0,0.4062,0.8598,-0.2655,-0.0545,0.0777,0.0794,0.0288,0.0153
5.2,1.0,3.4,2.2,2.6,3.0,2.5,9.2,27.3,0.1732,-0.1892,0.3469,-0.0778,0.0378,-0.7692,-0.4403,-0.0096
5.2,1.9,3.8,2.4,2.8,10.3,13.6,11.1,21.5,0.3401,0.8703,-0.2516,0.1942,-0.049,0.0817,0.0298,-0.0457
5.2,1.6,1.4,1.2,1.7,8.4,15.3,35.3,19.3,0.127,0.9619,0.1591,-0.0317,0.0628,-0.0003,-0.1253,0.0041
5.2,2.0,3.0,3.2,2.7,10.9,17.8,25.0,29.3,0.4343,0.7054,0.216,0.2555,-0.4118,0.0019,0.0838,0.0752
5.2,4.3,2.1,2.8,2.4,2.3,6.4,41.2,27.1,-0.0403,0.1279,0.0412,-0.2495,0.0768,-0.2813,-0.4909,-0.7516
5.2,2.4,4.6,1.9,2.0,5.3,6.9,24.0,17.8,-0.1314,0.8829,-0.1205,0.1129,-0.357,0.0715,0.0253,-0.0672
5.2,2.1,3.7,3.0,2.8,2.4,6.2,18.2,41.6,0.2627,0.4912,-0.3004,0.0815,0.3412,-0.0728,-0.4576,0.4817
5.2,1.3,2.8,1.2,1.7,6.9,9.6,30.3,31.0,-0.4277,0.7918,0.0673,0.0073,0.0286,0.0151,-0.3461,-0.1982
5.2,4.8,1.4,1.8,3.5,19.1,18.6,32.9,14.4,-0.095,0.4343,-0.1319,0.5111,-0.5813,-0.0985,0.387,0.0339
5.2,2.4,4.8,2.4,2.5,4.5,21.8,29.7,15.6,-0.3051,0.4452,-0.1656,0.4736,-0.448,0.2834,0.1976,-0.342
5.2,1.7,3.3,3.5,1.5,7.9,4.4,32.5,18.2,-0.5783,0.6808,0.2559,0.1844,0.0917,0.1273,-0.1541,-0.2028
5.2,1.4,3.4,1.9,2.4,16.5,3.5,26.2,14.6,-0.1181,-0.0199,-0.4047,0.2763,-0.4952,-0.6029,0.2746,0.1732
5.2,2.5,4.6,1.7,3.0,5.1,4.7,41.2,27.8,-0.0067,0.4131,-0.1005,-0.3495,-0.0975,-0.3529,-0.6466,-0.34
5.2,1.8,4.0,3.2,1.8,20.4,8.0,30.4,29.9,-0.2186,-0.1778,0.0113,-0.0367,0.0276,-0.0225,0.6166,-0.7117
5.2,1.0,2.8,4.4,1.1,3.5,15.5,12.8,32.6,-0.6014,-0.0108,0.3078,0.0026,-0.3836,-0.1747,-0.2135,0.5529
5.2,2.1,4.4,2.3,4.4,7.9,5.7,4.1,13.3,0.1739,0.8257,0.0813,0.0067,0.0409,0.049,-0.5087,0.1018
5.2,3.0,2.0,1.6,4.5,4.5,17.2,30.7,33.3,-0.0185,0.5237,0.0479,-0.5474,0.539,0.0883,0.3093,0.0563
5.2,1.3,3.4,5.0,2.8,3.6,20.0,20.3,24.2,-0.1292,0.3024,0.4386,-0.0426,-0.4468,0.043,0.0596,0.6893
5.2,2.1,3.3,4.3,4.2,19.7,20.6,41.7,34.8,-0.1925,0.0862,0.145,0.0052,-0.2311,-0.8009,-0.3811,-0.0141
5.2,4.1,5.0,1.0,4.7,9.1,2.1,9.7,19.4,0.481,0.8711,-0.0388,0.0305,0.002,-0.0004,0.0169,-0.0089
5.2,2.2,1.4,2.4,4.9,16.6,6.0,31.6,11.7,-0.0037,-0.0045,-0.4382,0.4348,-0.4357,-0.4197,0.3572,0.3116
5.2,1.3,2.9,2.2,4.8,10.5,20.8,22.9,16.5,0.4206,0.7916,-0.2209,0.1323,0.2743,-0.1683,0.0111,0.0992
5.2,2.0,1.8,1.2,2.7,19.1,19.3,17.1,39.7,0.387,0.4322,-0.1885,-0.3794,-0.1055,0.4723,-0.0995,0.4665
5.2,3.7,4.1,1.3,3.0,17.2,5.5,13.4,23.7,0.6475,0.541,0.4644,-0.0964,-0.1244,-0.1228,0.1114,-0.0519
5.2,2.2,1.6,1.8,3.3,7.8,4.9,20.2,10.1,0.0255,0.9205,0.0938,0.141,-0.0911,-0.1416,0.2885,0.0241
5.2,2.8,3.8,4.4,1.6,13.6,6.3,18.3,29.1,0.2576,0.3031,0.1511,-0.0529,-0.162,0.0483,-0.6085,0.6274
5.2,2.0,4.6,2.6,2.4,5.6,11.5,6.3,21.7,0.0114,0.2391,0.0769,0.2151,0.2689,0.0082,-0.8936,-0.0529
5.2,2.9,1.1,4.1,1.0,19.4,5.5,31.7,27.1,-0.1396,-0.0835,0.2358,0.0077,0.2911,0.1107,0.7828,-0.427
5.2,5.0,4.1,1.3,3.6,12.2,14.2,39.3,14.6,0.577,0.5086,-0.3264,0.2891,-0.0879,-0.1419,-0.174,0.2879
5.2,2.9,3.9,4.3,4.4,21.3,14.1,27.8,28.3,-0.0168,-0.1344,0.4948,0.1424,-0.2618,0.5896,0.3796,-0.3521
5.2,4.7,3.9,4.3,1.7,2.7,3.2,24.0,40.4,0.2538,0.3095,-0.4044,0.0354,0.5279,-0.1186,0.2423,0.5356
5.2,4.7,1.4,3.9,2.2,15.4,7.0,24.9,33.8,-0.0742,0.0745,0.1455,-4.4589e-05,0.1707,0.5174,0.6898,0.3946
5.2,3.3,3.9,1.4,4.8,15.9,21.8,38.2,33.7,0.336,0.6238,0.1021,-0.2969,0.308,-0.3146,0.2561,-0.3385
5.2,1.5,1.2,1.7,1.6,4.0,6.7,11.0,34.1,-0.2477,0.2636,0.0956,-0.4695,-0.3274,0.3615,-0.2141,0.5783
5.2,1.8,1.7,3.9,4.9,3.9,17.7,33.0,33.7,-0.3236,0.3623,0.2642,-0.4424,0.5172,-0.1507,0.3506,-0.2563
5.2,3.1,2.8,4.8,1.4,8.7,18.0,20.5,34.2,-0.2659,0.8986,0.03,0.0463,-0.0212,-0.0476,0.3016,0.0893
5.2,4.2,4.6,4.1,1.6,14.0,3.0,43.5,27.9,0.6489,0.2924,0.2282,0.0002,0.3306,-0.1041,0.1129,-0.5275
5.2,1.6,1.4,4.9,3.7,14.7,19.3,20.3,25.9,0.052,0.5198,0.4395,0.195,-0.4398,-0.195,-0.1683,0.4679
5.2,1.4,3.4,1.5,2.3,13.5,7.9,17.4,26.1,0.1405,0.6227,0.0034,-0.0374,-0.0871,0.0157,-0.7241,0.147
5.2,1.9,1.2,1.2,4.9,4.4,20.6,22.5,13.1,0.4792,0.6227,-0.2131,0.3372,0.2143,-0.3376,0.0468,0.2218
5.2,1.3,4.9,4.5,3.4,18.9,5.4,42.0,17.6,-0.4371,0.6677,-0.1351,0.2109,0.4396,0.1922,-0.1788,-0.0769
5.2,3.2,1.6,3.4,2.6,20.0,19.9,33.6,30.4,-0.3456,0.2319,0.3945,-0.1276,0.5431,0.0103,0.2878,-0.5026
5.2,4.1,4.9,2.8,1.1,19.7,3.1,10.2,38.9,0.139,0.5444,-0.1235,-0.4693,-0.4705,0.1476,-0.3985,0.1189
5.2,3.9,4.6,1.4,3.0,16.7,14.6,11.7,13.6,0.0785,0.5929,-0.6673,0.1757,0.1567,0.2118,0.2644,0.0839
5.2,3.2,1.7,2.7,2.8,3.5,17.0,4.2,20.6,0.0566,0.4671,0.2337,0.3393,0.4062,0.2338,-0.531,-0.3115
5.2,3.2,4.2,2.7,2.8,9.9,19.5,25.6,33.6,0.2648,0.7308,0.23,0.3735,-0.1338,0.3523,0.0487,-0.1673
5.2,3.5,2.8,2.3,2.3,3.7,10.4,27.7,42.2,0.0232,0.0862,-0.0658,-0.199,0.2119,-0.0422,0.9134,-0.1913
5.2,2.9,1.7,2.6,1.2,13.3,11.3,7.7,22.3,0.6585,0.5658,-0.2291,0.265,-0.0678,0.1725,0.1113,-0.2446
5.2,1.3,3.0,3.6,3.5,8.2,12.9,23.5,12.1,0.1569,0.371,-0.0318,0.0603,0.1147,-0.24,0.7796,-0.3273
5.2,1.8,3.6,3.5,4.7,15.4,4.9,39.8,7.0,0.2909,0.6617,-0.3863,-0.015,-0.3857,-0.0149,0.2334,-0.3271
5.2,2.2,2.6,3.4,3.5,15.3,5.0,14.5,14.8,-0.2478,0.2736,-0.2546,0.4057,0.4705,-0.2329,-0.4007,0.4279
5.2,3.1,2.2,1.7,2.6,17.2,18.1,13.2,5.0,0.4294,0.3529,-0.3641,-0.3054,-0.377,0.3938,-0.2725,0.2843
5.2,3.7,1.5,3.3,3.6,16.8,6.5,5.3,27.3,0.5918,0.1094,0.2313,-0.1279,0.3624,-0.2981,-0.1138,-0.5587
5.2,3.0,3.3,1.4,2.4,10.1,4.4,17.0,43.0,0.4333,0.8667,-0.1391,-0.1104,0.0634,0.1286,0.0114,0.0214
5.2,1.6,4.6,1.0,1.2,8.5,12.7,42.4,10.4,-0.1922,0.2733,-0.0256,0.0094,-0.014,0.0142,0.3998,0.6987
5.2,3.6,3.2,2.8,1.1,4.8,18.1,36.0,26.0,-0.5825,0.3716,0.2511,-0.0385,0.3177,-0.002,-0.207,-0.545
5.2,2.2,4.5,1.6,1.5,14.2,10.1,28.1,33.2,0.0284,0.0726,0.08,0.1781,-0.195,0.0247,0.92,-0.0772
5.2,4.1,4.3,4.1,3.6,11.8,6.5,35.9,15.7,-0.4638,0.3895,0.0457,0.3991,-0.0385,0.367,-0.1178,-0.5361
5.2,2.1,3.0,1.3,3.5,16.9,2.5,17.7,26.8,-0.0993,0.2229,0.2018,-0.3369,-0.6275,-0.3654,-0.3576,-0.2557
5.2,2.6,1.8,1.2,3.6,16.0,19.7,17.1,21.5,0.4518,0.5044,0.1658,0.3387,0.1903,-0.4296,-0.1583,0.3713
5.2,3.6,3.5,4.6,2.3,3.9,11.7,17.8,22.0,-0.4664,0.072,0.2073,-0.0064,-0.0687,-0.5071,0.0932,0.6571
5.2,2.7,4.6,2.6,3.1,18.9,14.3,32.1,12.7,-0.2748,0.2687,-0.6494,0.262,-0.2043,-0.5075,-0.1358,-0.1367
5.2,1.2,1.8,4.6,3.6,7.4,7.8,43.5,9.9,-0.0148,0.0843,-0.1124,-0.0551,0.1493,0.1172,-0.888,0.3259
5.2,2.2,1.3,2.9,4.6,18.6,10.2,21.0,5.2,0.1965,0.1823,-0.0085,-0.3575,-0.0306,0.3648,-0.0521,0.8009
5.2,3.0,4.6,3.1,5.0,20.4,15.2,31.6,26.9,-0.1122,0.0912,0.6645,0.21,-0.0997,0.5057,0.0262,-0.4443
5.2,2.2,4.7,2.3,4.9,19.8,9.3,5.9,33.7,0.1458,0.2766,0.0698,0.369,0.1271,-0.3782,-0.2579,0.6863
5.2,4.4,1.1,3.8,2.1,10.6,10.2,37.9,34.9,-0.2663,0.8444,0.258,0.087,0.2524,0.0926,0.1265,-0.0314
5.2,4.2,3.0,2.6,1.4,18.7,14.6,7.1,21.9,0.2673,0.1757,0.1714,0.456,0.3435,0.305,-0.4326,-0.4933
5.2,1.2,4.6,1.8,2.3,16.7,21.4,32.0,25.4,0.488,0.0341,0.5521,0.0174,-0.053,0.6293,0.0462,0.1141
5.2,1.6,4.9,4.9,2.9,5.5,21.1,6.7,18.4,-0.1234,0.5555,-0.0619,0.4045,0.4858,0.0629,-0.4919,-0.0975
5.2,1.9,1.5,3.8,1.4,13.0,19.2,19.2,21.3,0.0909,0.6829,0.0694,0.4353,-0.071,-0.4351,-0.1579,0.3097
5.2,3.7,4.7,4.4,4.8,3.5,11.7,42.7,43.7,-0.0204,0.3852,-0.1626,-0.201,-0.3369,-0.0589,-0.773,-0.2039
5.2,2.3,3.4,1.1,2.0,5.6,2.8,20.5,36.8,0.1388,0.7677,-0.3011,-0.1234,0.302,0.1221,0.4002,0.0681
5.2,5.0,1.6,1.5,3.8,2.5,2.2,37.3,12.8,0.1278,0.6398,-0.1921,0.3543,-0.3862,0.3455,0.1314,-0.333
5.2,2.7,2.5,3.4,4.7,15.9,16.6,5.2,28.0,0.3052,0.5529,0.4064,0.0681,0.5323,-0.0251,-0.278,-0.2395
5.2,3.1,4.9,2.2,3.3,21.3,2.1,10.1,14.3,-0.2984,0.3999,-0.2541,0.4079,0.6349,0.086,-0.2907,0.0996
5.2,2.8,3.4,4.3,2.7,11.1,19.0,19.5,20.7,0.0528,0.801,-0.0622,0.3824,0.0683,-0.3816,-0.0654,0.1946
5.2,1.2,1.3,5.0,4.3,20.0,14.5,20.1,24.2,-0.2696,0.443,0.341,0.3312,-0.3511,-0.3351,-0.0363,0.5033
5.2,3.3,5.0,1.9,1.8,2.8,19.8,23.9,29.6,0.191,0.2931,0.1771,-0.3735,-0.2204,0.4219,0.6174,0.277
5.2,1.1,4.5,2.4,1.9,5.5,9.4,23.0,10.9,-0.0807,0.4963,0.055,-0.054,0.1479,0.0008,0.8293,0.1116
5.2,3.9,4.8,1.7,2.8,6.9,18.0,41.8,8.4,0.2724,0.8053,-0.104,0.1477,-0.1126,0.1563,-0.4171,0.1055
5.2,3.8,1.6,3.6,4.2,16.9,10.7,32.4,39.2,0.0358,0.2557,-0.02,-0.4714,0.4399,0.0573,0.6885,0.0582
5.2,4.1,4.5,1.7,4.6,18.0,21.0,13.4,16.7,0.084,0.5125,0.061,0.466,0.48,-0.1997,-0.4278,0.1928
5.2,1.8,2.0,2.0,2.3,16.6,10.6,20.1,7.6,0.4256,0.1393,0.0098,-0.2526,-0.0085,0.2518,-0.1009,0.8009
5.2,4.1,2.7,1.9,2.2,2.4,21.6,40.4,20.2,0.0667,0.609,0.36,0.283,0.3551,0.2817,-0.3034,-0.3099
5.2,1.4,1.9,2.9,2.7,15.0,15.5,21.8,30.6,0.2123,0.5211,0.457,-0.0427,-0.514,0.0727,0.1989,0.3807
5.2,3.7,1.2,1.1,3.5,14.0,17.0,31.1,35.7,0.6512,0.5131,0.2993,-0.3965,-0.0027,0.1482,-0.0323,0.1626
5.2,2.6,3.7,3.7,3.1,3.2,16.1,37.4,27.4,-0.2957,0.4314,0.419,0.0261,0.4337,0.0294,-0.1876,-0.5537
5.2,2.4,2.1,1.4,1.7,7.3,8.9,41.7,31.2,0.3553,0.7393,0.0051,-0.0008,-0.0093,0.0003,-0.4803,0.2473
5.2,3.0,3.8,2.8,1.2,11.7,20.7,9.5,37.2,0.0765,0.3961,0.4314,-0.5509,-0.1969,-0.3868,-0.0805,-0.3321
5.2,2.6,3.2,4.8,2.1,6.6,15.6,19.4,29.4,-0.4901,0.6048,0.1321,-0.1384,-0.1318,0.1385,0.4018,0.3854
5.2,2.5,1.7,3.4,4.0,7.8,17.7,38.0,18.1,-0.3289,0.8711,0.1239,0.0551,0.0942,0.0526,-0.275,-0.1207
5.2,2.6,4.4,4.3,1.1,15.5,9.4,15.1,22.5,0.0106,0.2683,-0.043,0.0841,0.1206,-0.0077,-0.936,0.0645
5.2,4.0,2.9,4.2,4.5,8.1,7.7,18.6,9.6,-0.3137,0.9314,-0.0022,-0.0012,0.0016,0.0011,0.1504,0.0515
5.2,4.6,2.9,2.5,3.0,16.0,6.4,27.4,43.7,0.7465,0.3821,-0.3576,-0.0967,0.04,-0.2762,-0.1109,0.1998
5.2,3.9,3.0,4.0,4.7,18.5,14.4,24.2,37.8,0.0958,0.3718,0.0493,-0.5279,0.2568,0.407,0.3055,0.4721
5.2,1.1,3.5,3.5,4.8,4.6,13.6,17.6,21.5,-0.1787,0.2239,0.2738,0.4643,0.0939,-0.4161,-0.1554,0.6363
5.2,4.9,1.1,1.3,4.8,12.5,2.1,43.9,29.1,0.5875,0.7224,0.1904,-0.0002,0.2601,-0.0788,-0.1054,0.0186
5.2,4.8,2.2,1.8,4.6,9.3,21.8,16.1,29.6,0.2797,0.9393,0.1356,0.064,-0.0636,-0.0698,0.026,0.0066
5.2,4.9,2.1,1.4,3.8,6.0,8.0,19.7,10.1,0.0354,0.9547,0.0679,0.0074,-0.0548,-0.0114,0.265,-0.0047
5.2,2.4,1.6,4.3,3.4,7.2,9.6,17.3,8.7,-0.6271,0.6651,-0.0931,-0.0457,0.0348,0.0371,0.2697,0.263
5.2,2.6,4.9,3.0,4.9,13.1,9.6,18.5,13.2,-0.4142,0.7263,-0.2928,-0.1085,0.1429,0.1137,0.297,0.2499
5.2,3.9,3.7,2.2,2.1,13.4,14.2,38.3,32.5,-0.0272,0.6541,0.385,0.1353,0.4925,0.1481,0.0502,-0.3195
5.2,1.3,5.0,2.4,1.7,9.2,5.9,5.3,14.5,-0.1052,0.9813,0.0018,-0.0148,-0.0425,0.0051,0.0425,0.0081
5.2,1.4,1.3,4.6,4.9,21.8,14.8,32.4,23.6,-0.026,0.1158,0.5,0.4713,-0.3133,0.4383,0.2097,-0.3916
5.2,1.1,2.6,5.0,2.4,9.8,10.4,23.9,4.8,-0.0611,0.9468,0.2521,-0.0352,-0.0771,0.0339,-0.0543,0.0216
5.2,1.8,2.1,2.0,1.9,13.6,13.7,33.2,38.2,0.0948,0.4986,-0.0871,-0.4741,0.4638,0.1559,0.4586,0.1596
5.2,2.8,5.0,3.1,4.7,9.2,18.1,37.8,19.0,-0.0277,0.9564,-0.032,0.1012,-0.2391,0.0148,0.0255,-0.0072
5.2,3.1,1.2,1.7,3.6,8.6,18.1,22.8,27.3,0.3206,0.1655,0.0021,-0.0044,-0.0035,0.0169,0.1868,-0.8209
5.2,4.7,1.9,3.3,4.1,12.3,21.9,13.9,33.8,0.0262,0.1855,0.3942,-0.538,-0.3466,-0.3756,-0.2825,-0.3732
5.2,1.9,1.9,1.5,3.2,14.1,15.1,25.5,43.0,0.4764,0.317,-0.1619,-0.4955,0.2962,0.3383,0.2457,0.3343
5.2,4.3,1.2,1.4,2.2,2.2,16.6,29.8,16.3,0.0316,0.4592,-0.0338,0.5602,-0.5366,-0.1174,0.3808,0.0805
5.2,4.4,2.2,1.7,4.3,3.4,7.1,20.1,16.3,-0.0382,0.8651,0.2281,0.0948,-0.2007,-0.1025,0.3459,0.0818
5.2,1.8,1.6,2.2,3.7,6.8,4.1,4.4,12.8,0.1132,0.5614,0.1779,0.1915,0.0827,0.3113,-0.7002,0.0072
5.2,4.1,4.5,4.5,3.6,4.3,16.6,38.5,4.7,-0.3069,0.4616,-0.3743,-0.0988,-0.3741,-0.099,-0.3116,-0.5286
5.2,4.6,2.7,1.3,4.8,18.1,5.2,27.7,27.7,0.5452,0.2482,0.5571,0.0935,0.0733,0.5115,-0.1286,-0.0907
5.2,2.5,3.7,1.3,3.6,17.6,8.7,7.3,28.8,0.0893,-0.1315,0.0016,-0.0024,-0.001,-0.0024,-0.8541,-0.4397
5.2,2.1,4.4,4.8,1.0,16.8,8.6,35.9,19.8,0.1222,0.6758,-0.0499,0.0147,-0.0661,0.0044,0.6799,-0.1382
5.2,3.6,2.4,2.3,3.8,20.9,10.6,7.9,23.1,0.0616,0.0731,0.108,0.3211,0.3113,0.085,-0.8347,-0.2139
5.2,2.9,4.6,3.9,4.0,10.9,10.8,43.0,18.2,0.1052,0.908,-0.3697,0.0472,-0.0144,0.0405,0.0908,-0.0182
5.2,1.6,4.6,4.3,2.8,12.5,13.5,17.1,39.9,0.1009,0.6198,0.0108,-0.33,-0.4124,0.2361,-0.4521,0.211
5.2,1.0,2.5,4.0,2.4,6.8,10.0,42.7,39.2,-0.1,0.2739,0.0276,-0.2141,-0.2517,-0.0934,-0.8052,-0.3321
5.2,2.7,4.5,1.1,1.8,19.5,12.1,23.9,21.9,0.8058,0.2781,-0.0929,0.2284,0.0325,-0.1714,-0.0756,0.3923
5.2,2.6,1.1,3.7,2.7,20.7,10.2,16.9,40.7,-0.0042,0.1283,-0.03,-0.3294,-0.1495,0.2943,-0.3521,0.781
5.2,3.6,1.4,4.3,2.9,6.2,3.2,11.0,37.5,-0.4816,0.2236,-0.3201,-0.4887,-0.0558,0.3115,-0.0521,0.5045
5.2,2.3,2.4,2.7,1.8,10.6,21.3,19.8,12.1,0.2869,0.8832,-0.2012,-0.1064,0.2017,0.1062,-0.1093,0.0957
5.2,1.7,2.4,4.9,4.3,14.3,18.0,29.5,13.7,-0.3267,0.0229,-0.4906,0.2243,-0.4567,-0.4814,0.3626,0.0963
5.2,4.4,4.9,4.1,2.0,20.3,17.4,5.6,11.4,0.0082,0.2658,-0.1639,0.237,-0.2585,0.3174,-0.6967,-0.4258
5.2,2.5,5.0,2.1,3.3,12.5,14.8,14.7,16.2,0.3551,0.591,-0.4874,0.418,0.026,0.223,0.0839,-0.1925
5.2,2.1,4.1,1.7,4.0,18.3,12.2,35.2,6.9,0.1714,0.205,-0.2047,-0.3095,0.2001,-0.3492,0.3947,-0.669
5.2,1.1,3.4,1.1,2.9,6.7,16.7,8.0,38.8,0.2618,0.4707,-0.1929,-0.2818,-0.3999,0.2116,-0.5417,0.267
5.2,2.8,1.7,1.1,1.3,17.3,15.1,11.0,9.4,0.4221,0.1836,-0.4215,-0.0925,-0.4606,0.3485,-0.4662,0.1809
5.2,4.8,3.0,4.6,1.4,12.2,10.8,39.7,27.0,0.3149,0.7671,-0.1533,0.1344,-0.1502,0.1333,0.3979,-0.2204
5.2,1.3,2.3,1.1,1.5,6.6,11.6,36.0,18.7,0.3691,0.6351,0.001,0.2582,-0.3001,0.2768,0.3165,-0.3029
5.2,2.4,1.3,2.9,1.3,15.8,10.7,32.7,7.9,0.1173,0.16,-0.2018,-0.1971,0.3554,-0.1545,0.7824,-0.2999
5.2,3.3,4.0,3.5,5.0,2.8,4.8,32.0,25.0,-0.1941,-0.0553,0.3933,-0.1929,0.4973,0.4288,0.5506,0.0429
5.2,4.6,3.9,3.2,2.5,2.4,7.8,33.3,41.9,-0.031,-0.038,-0.028,0.0592,-0.0653,0.0261,0.8409,-0.493
5.2,3.4,1.9,2.4,4.2,20.0,3.6,32.7,24.0,0.2357,0.2342,0.6905,0.1979,-0.051,0.5367,-0.0734,-0.223
5.2,3.4,1.1,3.8,2.8,16.8,5.3,36.3,16.3,-0.2687,0.3921,-0.1308,0.4504,-0.1936,0.4274,4.1378e-05,-0.5614
5.2,3.3,1.7,2.0,4.5,5.9,7.2,5.2,37.4,0.2458,0.8056,-0.0706,-0.1367,-0.354,0.081,-0.3313,0.0843
5.2,1.1,1.7,4.6,2.9,20.3,16.4,27.7,28.8,-0.0647,-0.2088,0.2263,0.0508,-0.0269,0.6624,0.6538,-0.0557
5.2,3.4,3.4,1.6,2.8,6.0,19.0,29.7,34.9,-0.0292,0.6011,-0.0213,-0.4908,0.3264,-0.3862,0.1418,-0.3083
5.2,1.1,3.0,4.5,1.5,18.3,8.0,43.8,26.2,-0.0157,0.0244,0.0312,-0.007,-0.0368,-0.034,-0.858,-0.4788
5.2,3.3,3.4,3.1,3.4,3.0,17.9,4.6,19.1,0.0072,0.4822,0.0967,0.4325,0.401,0.2782,-0.4648,-0.3243
5.2,2.5,3.9,3.0,3.0,2.4,19.2,38.9,40.4,0.0104,0.4936,-0.3516,-0.3347,-0.3476,-0.3352,-0.191,-0.4768
5.2,2.9,2.8,1.3,4.9,4.6,16.1,7.6,12.3,-0.0128,0.2889,-0.6263,0.0644,0.1893,0.4761,0.351,0.3364
5.2,4.3,2.5,4.9,3.2,21.1,9.3,31.8,7.8,-0.4835,-0.1805,-0.0557,-0.1992,0.0591,-0.1236,0.3298,-0.734
5.2,4.3,4.9,1.7,2.6,20.5,19.2,34.4,32.4,-0.1326,0.5632,0.1884,-0.3788,0.5578,-0.1809,0.2141,-0.2607
5.2,3.3,3.5,3.4,1.9,16.7,8.5,42.9,31.3,-0.0616,0.1105,-0.0159,0.0197,0.035,0.0199,-0.8368,-0.4937
5.2,1.7,1.2,2.1,1.1,11.1,18.5,14.2,18.8,0.0244,0.607,0.0214,0.4578,0.4516,0.1822,-0.3618,-0.153
5.2,1.4,1.1,2.9,2.9,17.1,21.7,20.5,16.4,0.0339,0.4593,-0.1643,0.4622,0.1669,-0.4631,0.1386,0.5196
5.2,2.8,4.3,4.4,1.0,12.7,4.8,22.6,5.9,0.536,0.648,-0.1585,-0.0274,0.1851,0.0211,-0.3293,0.3246
5.2,4.2,4.5,4.7,4.8,11.3,21.4,34.7,23.2,0.1926,0.8066,0.2866,0.3396,-0.0516,0.2865,-0.0324,-0.0924
5.2,4.0,3.0,4.5,2.8,20.4,21.2,7.7,18.8,0.0146,0.4927,0.0083,0.5029,0.497,0.0048,-0.4898,0.0019
5.2,1.3,5.0,4.4,2.6,6.5,4.9,22.3,19.2,0.0219,0.7301,0.32,0.1792,-0.4192,-0.1516,0.2455,0.2175
5.2,3.2,3.9,3.9,3.4,21.1,8.7,38.7,42.6,-0.1373,0.0583,-0.0075,-0.0826,-0.0072,-0.0828,-0.271,-0.9227
5.2,2.9,4.9,1.5,2.1,2.4,20.8,19.9,17.2,0.0593,0.5249,0.1958,0.4356,-0.1647,-0.4444,0.2954,0.4045
5.2,3.9,3.7,2.7,3.6,15.3,14.1,9.7,14.7,0.1079,0.4596,-0.7458,0.2354,0.0871,0.3211,0.1818,-0.0658
5.2,4.9,1.6,2.2,3.8,14.4,21.9,22.6,21.4,0.3245,0.6127,0.1312,0.4399,-0.1892,-0.4097,0.1225,0.2749
5.2,4.0,4.4,3.3,1.7,21.1,17.3,8.0,25.5,0.1594,0.073,0.2877,-0.0448,0.4004,-0.3116,-0.773,-0.0951
5.2,3.5,4.2,4.2,2.7,4.3,5.9,23.1,36.8,-0.099,0.7893,-0.0176,-0.2311,0.4054,0.0874,0.31,0.071
5.2,3.2,2.2,3.0,3.2,9.6,16.0,11.4,15.0,0.0534,0.8896,-0.3876,-0.1303,0.0973,0.1051,0.0586,0.0544
5.2,4.8,3.6,2.1,3.8,2.0,7.7,36.3,17.1,-0.0418,0.9666,0.1443,0.0246,0.0814,0.0296,-0.1358,-0.0215
5.2,3.6,4.6,2.3,1.2,11.1,7.5,25.4,40.3,0.2869,0.9386,-0.0385,-0.1035,0.0302,-0.1014,0.0012,-0.0101
5.2,2.8,4.0,4.4,1.5,13.2,11.3,10.9,39.0,0.4153,0.3592,0.4003,-0.4283,0.0178,-0.3172,0.0334,-0.4612
5.2,3.4,1.1,1.9,5.0,6.7,18.9,20.6,42.2,-0.0296,0.8999,-0.1766,0.0554,0.2749,-0.0504,0.2454,0.0652
5.2,3.5,3.4,2.9,2.6,11.1,5.0,24.4,40.9,0.2502,0.908,-0.0769,-0.1731,0.2442,0.0243,0.0625,0.0091
5.2,4.9,4.8,2.0,2.5,9.5,7.3,23.6,43.6,0.0742,0.9704,0.0148,-0.0114,0.0403,-0.0117,-0.144,-0.0013
5.2,2.5,2.7,4.5,1.7,10.5,9.9,14.3,39.8,0.1452,0.9312,0.268,-0.0186,0.0493,-0.0241,0.0838,-0.0334
5.2,2.9,2.5,3.1,3.3,21.2,17.2,21.9,29.6,0.1235,0.4485,0.3766,-0.2334,-0.4292,0.2654,0.3966,0.394
5.2,3.2,4.2,3.5,4.8,8.0,17.5,16.1,36.6,-0.3658,0.9114,-0.0666,-0.0106,0.0163,0.008,0.1337,0.0565
5.2,3.8,3.9,4.1,4.0,13.6,20.6,43.5,4.3,0.3524,0.6742,-0.2144,-0.3408,-0.4447,-0.0967,-0.1598,-0.107
5.2,3.9,2.6,3.6,2.1,14.7,9.5,18.3,21.7,0.1677,0.6837,-0.0725,0.0694,0.1515,-0.0439,-0.6439,0.1783
5.2,3.1,4.0,4.5,1.1,4.1,17.1,14.6,15.2,-0.6498,0.2089,-0.2842,0.2431,0.3749,-0.1285,-0.0636,0.4723
5.2,1.3,4.4,4.3,2.1,11.7,10.9,11.7,10.8,0.0297,0.1085,-0.1171,-0.3638,-0.3825,0.0665,-0.8144,0.0496
5.2,2.4,1.3,2.2,3.3,20.1,8.8,22.4,6.4,0.5024,-0.027,-0.0082,0.0306,0.0232,-0.0449,0.0685,0.8409
5.2,3.7,3.3,3.0,4.9,2.6,21.1,7.5,20.8,0.2053,0.537,0.2027,0.3595,0.4987,-0.0152,-0.4875,0.0064
5.2,5.0,3.7,1.1,2.4,13.6,12.7,25.3,26.5,0.7786,0.5654,-0.0935,0.1524,0.0419,-0.0978,-0.0642,0.125
5.2,3.6,4.6,4.7,1.9,6.4,19.4,29.7,29.3,-0.8076,0.1568,0.1592,-0.077,0.2086,0.0321,-0.0504,-0.4793
5.2,4.2,3.2,4.0,4.7,14.3,2.1,4.7,16.7,-0.1781,0.0824,-0.4341,0.1494,0.2256,0.8117,0.0499,-0.0492
5.2,4.1,1.0,3.2,1.3,3.2,13.2,32.8,41.3,-0.0339,-0.132,-0.4318,-0.127,0.282,-0.576,0.273,-0.4928
5.2,3.1,4.0,3.1,4.7,18.5,14.1,31.0,23.9,0.1272,0.1993,0.2952,0.4523,-0.4159,0.2574,0.5351,-0.3205
5.2,1.7,1.8,2.1,1.2,9.6,15.6,9.8,18.5,0.1271,0.9588,-0.2208,0.0523,0.0033,0.0079,0.0284,-0.0037
5.2,2.1,4.2,1.1,2.4,8.2,15.4,26.3,26.8,0.052,0.9666,0.1009,-0.0637,0.007,0.0217,-0.1736,0.0052
5.2,3.8,4.2,1.7,2.5,2.0,15.9,22.3,25.7,0.0248,0.4518,0.3909,0.1269,-0.4035,-0.1176,0.5503,0.3594
5.2,2.8,3.1,3.6,1.3,17.9,21.3,23.0,31.3,0.0141,0.1175,0.1103,-0.2305,-0.1858,0.2868,0.5422,0.6975
5.2,4.9,2.8,3.6,1.4,14.5,13.8,8.2,24.6,0.4831,0.3749,0.1273,0.4677,0.2923,0.3346,-0.0935,-0.4078
5.2,1.8,2.2,1.0,3.8,21.4,15.7,20.1,7.7,-0.0226,0.7529,-0.2517,-0.012,0.5127,-0.0083,0.2207,0.173
5.2,2.9,1.1,3.5,1.4,4.4,10.2,12.4,23.9,-0.3609,-0.1658,0.1173,0.219,0.0951,-0.1426,-0.4113,0.7518
5.2,3.4,1.8,3.3,2.2,5.7,4.9,25.1,22.2,0.1189,0.0455,0.1331,-0.1096,-0.2128,0.5524,0.7542,-0.0534
5.2,2.0,4.2,3.9,2.1,4.8,21.5,43.9,28.4,-0.0351,-0.0724,-0.0003,0.0129,-0.0193,-0.3594,-0.8795,0.2363
5.2,1.5,4.8,4.5,4.6,18.8,11.8,32.1,31.8,-0.3194,0.2948,0.7145,-0.1833,0.0793,0.4606,-0.1172,-0.0266
5.2,3.9,4.9,1.9,4.4,7.7,11.6,22.8,9.3,0.3294,0.8315,-0.0306,0.0041,0.0496,-0.0206,0.3919,-0.1591
5.2,3.7,3.5,4.3,3.3,15.9,13.9,15.5,29.4,-0.4088,0.132,0.3034,0.0664,-0.4999,-0.4736,-0.3503,0.3126
5.2,4.2,2.9,2.9,2.4,6.2,11.6,26.7,7.6,-0.3277,-0.064,-0.1597,-0.1494,0.0572,-0.1601,0.2469,-0.848
5.2,3.5,3.9,1.3,4.5,19.7,11.3,18.6,6.5,0.1747,0.1259,-0.1666,-0.277,-0.0092,0.3412,-0.0244,0.8384
5.2,1.5,2.5,3.7,3.6,12.9,10.8,41.3,28.6,-0.0446,0.3699,0.2282,0.3352,0.337,0.2875,-0.4284,-0.5344
5.2,4.4,4.1,2.0,2.1,15.9,3.2,13.9,22.1,0.4783,0.5417,0.3449,0.3434,0.2177,-0.3819,-0.0703,0.1635
5.2,3.3,1.1,4.3,1.5,7.3,18.8,20.6,36.5,-0.3743,0.7711,-0.091,-0.1012,0.057,0.1122,0.413,0.22
5.2,2.7,3.1,3.8,1.3,19.6,19.6,27.8,8.0,0.0129,-0.1339,-0.0742,0.0039,0.0402,-0.451,0.8629,0.0574
5.2,1.3,1.7,2.0,3.4,11.2,14.9,8.9,36.1,0.3979,0.7169,0.4386,-0.2825,0.0277,-0.1264,0.091,-0.1193
5.2,3.6,3.1,1.5,4.5,20.5,15.4,21.0,7.7,0.023,0.7219,-0.3679,-0.0425,0.4004,0.0324,0.3549,0.1965
5.2,4.0,3.2,1.4,4.5,6.6,3.0,30.6,26.3,-0.1381,0.7721,0.1004,-0.4113,0.4018,0.1302,-0.0836,0.0027
5.2,2.5,1.3,1.3,1.5,17.2,11.3,35.5,8.0,0.3681,0.3139,-0.1715,-0.1086,0.2527,-0.26,0.5145,-0.5459
5.2,1.9,4.7,3.1,2.8,19.8,21.5,31.4,10.6,-0.2898,0.0527,-0.357,0.1075,-0.5467,-0.229,0.5319,-0.3405
5.2,3.0,3.7,4.5,2.7,8.5,5.9,28.8,20.5,-0.5212,0.8365,-0.0035,0.0675,-0.0316,0.0415,-0.0807,-0.0557
5.2,1.5,3.9,3.2,1.3,8.7,4.8,36.4,25.2,-0.3271,0.9226,-0.0012,-0.0053,-0.0004,-0.0049,-0.1589,-0.0575
5.2,4.0,4.9,3.8,3.7,8.3,8.8,18.0,10.7,-0.2503,0.9555,0.0081,0.0014,-0.0041,-0.0012,0.12,0.0324
5.2,1.6,2.0,1.5,3.7,6.4,7.5,17.7,20.4,0.3862,0.8004,0.3797,-0.0987,-0.1116,-0.0429,0.1203,-0.014
5.2,3.1,4.0,1.7,2.5,4.6,17.7,43.7,27.9,0.3338,0.3915,0.2526,-0.1289,0.3334,-0.3244,-0.6022,0.2074
5.2,3.3,2.3,1.3,2.5,2.5,16.2,30.8,29.2,-0.1298,0.2164,0.6545,-0.1651,0.1757,0.5063,-0.2418,-0.3145
5.2,3.5,1.6,2.0,3.2,4.7,6.8,30.1,30.5,-0.3201,0.2598,0.1453,-0.4311,0.3531,-0.3224,0.1355,-0.5912
5.2,2.5,4.9,2.1,4.7,14.8,5.5,8.1,13.6,-0.0034,0.0034,-0.3249,0.3644,0.4843,0.415,-0.4401,-0.3693
5.2,2.2,3.4,3.7,1.4,2.8,11.1,16.1,21.9,-0.1304,0.0141,0.077,0.2824,0.1144,-0.242,-0.4013,0.8043
5.2,1.1,2.3,1.5,5.0,12.5,4.3,10.1,8.8,0.4758,0.5114,-0.4525,-0.281,-0.0319,0.427,0.0262,0.1844
5.2,4.3,2.8,5.0,3.3,14.4,5.2,32.9,29.5,-0.1184,0.0635,0.2906,-0.0867,0.3995,0.1136,0.8121,-0.1644
5.2,4.5,3.0,2.1,4.4,8.4,15.3,15.9,17.6,0.0653,0.9918,-0.0088,0.0026,0.0028,-0.0004,0.0662,-0.0038
5.2,2.6,1.9,2.4,2.9,12.1,4.0,26.5,28.1,0.6068,0.5989,0.2321,0.2287,-0.3149,0.2237,0.0295,0.0073
5.2,1.5,2.4,1.4,4.2,15.1,15.2,33.2,12.9,0.3006,0.6144,-0.588,0.3067,-0.0998,-0.1655,-0.1807,0.0763
5.2,1.5,1.5,3.1,1.4,19.4,8.5,19.1,36.2,-0.3598,0.8036,-0.0421,-0.0401,0.042,0.0401,0.3872,0.1904
5.2,4.4,1.0,4.7,1.1,4.4,17.9,28.5,20.7,0.0677,-0.1385,0.3733,0.1819,-0.4239,0.5187,0.514,-0.2275
5.2,2.6,1.2,1.7,2.8,13.9,17.5,5.0,25.3,0.4654,0.479,0.2789,0.376,0.3884,0.2653,-0.2193,-0.2281
5.2,4.6,3.9,2.4,3.8,12.4,11.3,32.6,40.4,0.6083,0.6802,0.2641,-0.2233,-0.0502,0.0904,-0.0612,0.1101
5.2,1.0,3.6,4.0,3.7,9.3,8.1,9.1,37.2,-0.4119,0.8994,-0.0008,-0.0022,0.0001,0.0009,0.0496,0.0253
5.2,1.8,2.7,2.9,2.8,10.0,22.0,12.8,32.8,0.3026,0.8046,0.4392,0.0996,-0.0702,-0.135,0.0911,0.0161
5.2,4.1,1.5,3.7,3.3,17.0,2.1,26.5,18.0,-0.0831,0.4687,-0.1359,0.5166,-0.4668,-0.2135,0.4215,0.1743
5.2,5.0,1.6,3.0,3.3,18.0,12.3,7.5,41.6,0.2101,0.2138,-0.1614,-0.4673,-0.3828,-0.2686,-0.5235,-0.3867
5.2,3.8,3.4,1.5,4.8,3.8,3.8,34.5,43.3,0.1979,0.3933,-0.6301,0.4013,-0.2129,-0.3378,-0.1795,0.1169
5.2,1.7,4.6,4.3,3.1,14.2,8.7,33.4,4.7,-0.0134,0.221,0.0338,-0.0797,0.11,0.0038,0.9477,0.0591
5.2,3.0,1.1,4.7,1.8,21.8,19.6,18.4,19.5,-0.4129,0.4259,0.1467,0.4009,-0.2088,-0.4436,-0.0395,0.4319
5.2,3.7,2.5,4.2,1.4,21.0,4.2,34.8,20.3,-0.3505,0.1372,0.2526,0.1495,0.4063,0.5621,0.4695,-0.0317
5.2,2.2,4.0,2.3,1.1,14.7,5.7,30.2,40.9,0.5405,0.6303,-0.3765,-0.2172,0.0442,-0.2733,-0.0788,0.0107
5.2,3.0,1.9,2.8,3.4,13.1,14.6,39.7,35.4,0.3657,0.7253,0.3013,-0.2032,0.3195,-0.2128,0.0093,-0.1953
5.2,3.5,1.7,2.2,2.9,6.8,3.0,14.4,9.0,-0.37,0.8001,-0.105,0.2377,0.2281,-0.1794,0.1818,0.1688
5.2,4.1,2.6,1.5,2.4,11.8,5.5,22.5,35.4,0.6438,0.6335,0.1579,-0.1009,-0.2393,0.2244,-0.0409,0.1381
5.2,2.1,2.6,1.1,2.1,13.4,5.1,32.2,6.0,0.6401,0.5666,-0.4284,-0.0702,-0.1177,-0.2196,-0.0874,-0.0174
5.2,1.9,4.1,3.5,1.8,16.4,20.9,9.2,30.6,-0.0462,-0.184,0.1586,0.0333,-0.126,-0.5695,-0.7569,-0.0252
5.2,4.3,4.5,1.0,1.8,6.0,5.7,30.2,5.4,-0.1048,0.5417,-0.0131,0.4657,-0.2143,0.455,-0.0929,-0.4312
5.2,3.2,1.2,2.4,4.0,16.9,17.2,14.3,22.7,0.2537,0.4121,0.281,0.452,0.3605,-0.3616,-0.3011,0.3391
5.2,1.3,2.3,4.6,1.3,12.7,14.9,32.9,33.4,-0.328,0.1846,0.395,0.0787,0.5015,0.2396,0.4604,-0.3823
5.2,3.7,5.0,2.7,2.0,17.9,3.2,40.7,15.5,-0.0165,0.362,-0.0286,0.4271,-0.0298,0.4287,-0.4409,-0.5302
5.2,1.7,1.6,3.1,2.4,7.2,17.6,21.1,8.9,-0.1614,0.6874,-0.1341,0.1915,0.1557,-0.2008,0.566,0.2172
5.2,5.0,3.1,4.1,1.6,8.9,5.0,33.5,42.8,-0.3447,0.9293,-0.0198,-0.0577,0.0033,-0.0447,-0.0507,-0.0222
5.2,3.9,2.4,2.3,3.8,3.6,9.4,35.4,30.7,-0.4699,0.7336,0.1475,0.0491,0.0721,0.053,-0.3531,-0.2503
5.2,2.5,3.1,2.3,3.1,9.4,14.3,36.5,26.6,0.1561,0.9707,-0.027,0.0754,-0.1073,0.0689,-0.0021,-0.0091
5.2,4.3,2.1,1.3,4.0,15.3,7.6,23.6,4.6,0.655,0.7264,-0.0857,0.006,0.1465,-0.0791,0.0096,0.0096
5.2,1.4,4.1,1.2,2.0,20.2,8.4,12.4,38.8,0.5815,0.7938,-0.0473,0.0219,0.0044,-2.5798e-05,0.0079,-0.0078
5.2,1.0,2.8,1.7,1.8,21.4,21.2,27.4,35.7,-0.1415,0.4609,0.1231,-0.4725,0.5749,0.0828,0.3977,0.0514
5.2,1.7,3.5,2.0,2.2,21.1,21.9,8.8,37.8,0.0995,0.5554,-0.0909,-0.4549,-0.4707,0.1531,-0.4282,0.1247
5.2,3.2,3.2,4.0,3.5,21.4,13.4,31.9,23.0,-0.1168,0.0093,0.4034,0.376,-0.2561,0.3819,0.3321,-0.5768
5.2,1.8,1.5,1.4,2.1,3.9,17.4,14.9,10.7,-0.3246,0.5716,-0.2411,0.194,0.6215,0.0785,0.0275,0.2517
5.2,1.1,1.4,4.8,3.6,4.7,16.6,13.2,8.7,-0.4797,-0.0867,-0.3346,-0.0414,0.3907,0.4557,-0.3804,0.3648
5.2,2.1,4.0,3.4,2.4,16.4,6.2,28.3,29.5,-0.0474,-0.0774,0.216,-0.0713,0.301,0.2006,0.876,0.1072
5.2,2.8,2.0,1.3,4.1,10.9,12.1,16.5,24.8,0.6238,0.5893,-0.1154,0.3874,0.0258,0.2324,-0.0171,-0.1423
5.2,3.6,4.0,3.5,1.5,14.4,15.7,32.5,37.7,-0.0906,0.4993,0.0956,-0.4958,0.49,0.111,0.4426,0.1006
5.2,3.3,2.3,1.9,4.3,8.4,14.5,9.2,41.6,-0.0293,0.9878,-0.0299,0.0112,0.0011,0.0036,0.1066,0.0048
5.2,3.0,2.1,4.9,4.9,11.7,5.8,14.5,11.4,-0.0462,-0.0579,-0.3714,0.1911,0.3546,0.3909,-0.5853,-0.4091
5.2,1.8,4.7,1.4,2.2,6.2,9.7,42.1,35.0,0.3088,0.8002,-0.0381,0.0647,0.1506,-0.092,-0.3055,0.1835
5.2,1.6,3.6,5.0,1.4,21.2,3.4,19.3,31.9,-0.4638,0.2812,0.0892,-0.1884,-0.0857,0.1892,0.3304,0.7039
5.2,1.4,2.8,1.2,4.1,21.0,15.4,37.8,32.4,0.1429,0.7925,0.034,-0.2127,0.4415,-0.1385,0.2303,-0.0898
5.2,1.5,3.1,1.0,1.4,3.3,19.3,34.2,20.8,0.3009,0.3613,0.2877,0.3704,-0.1384,0.4721,0.1624,-0.5174
5.2,1.9,4.1,2.9,4.0,17.2,5.8,5.7,24.9,0.691,0.3874,0.2229,-0.0089,0.3447,-0.2467,0.0702,-0.3442
5.2,2.6,3.6,2.5,3.4,5.7,19.9,26.8,11.9,-0.4296,0.0626,-0.2795,0.0756,-0.4887,-0.45,0.1851,-0.4744
5.2,2.8,3.9,2.4,2.4,16.7,21.3,21.5,31.9,0.3244,0.2949,0.3046,-0.3434,-0.3178,0.3508,0.1737,0.5645
5.2,3.0,4.7,2.9,4.2,10.0,19.5,29.6,17.3,0.2066,0.7955,-0.4654,0.2516,0.028,-0.1166,-0.0839,0.0786
5.2,3.7,3.9,1.6,3.3,9.6,5.2,35.7,18.4,0.3593,0.7504,-0.1418,0.4096,-0.0898,-0.2286,0.0167,0.1219
5.2,3.4,1.4,4.0,3.4,16.0,5.1,4.6,38.4,0.0478,0.7124,-0.1179,-0.3698,-0.3665,-0.2771,-0.27,-0.19
5.2,3.1,3.3,1.6,4.9,16.4,4.7,31.0,14.8,0.0272,0.2741,-0.0482,0.5771,-0.5187,-0.1316,0.5011,0.1579
5.2,2.8,3.7,1.4,1.3,21.3,8.0,14.1,17.7,-0.078,0.9627,0.1265,0.0077,-0.0571,-0.0164,0.1574,0.0252
5.2,4.8,3.5,4.7,4.7,19.6,10.6,9.9,7.1,-0.0239,-0.0387,-0.1341,-0.3849,-0.3223,0.1234,-0.7753,0.3084
5.2,2.0,4.6,4.0,2.3,15.4,2.4,16.1,17.1,-0.2855,0.4658,-0.1293,0.4888,0.2942,-0.3962,-0.156,0.4064
5.2,2.2,3.5,5.0,3.7,2.2,16.3,36.4,41.7,-0.3255,0.3007,-0.3,-0.3087,-0.3664,-0.3492,0.1564,-0.5587
5.2,4.3,1.3,4.4,1.9,3.7,15.8,8.7,31.4,-0.2126,-0.1477,0.1656,0.1036,-0.1963,-0.4708,-0.6783,0.3985
5.2,1.5,3.5,3.1,4.0,4.8,17.7,41.8,28.3,0.1025,0.4943,0.3612,-0.1912,0.4422,-0.2548,-0.4279,-0.3306
5.2,1.8,4.9,4.9,3.4,12.5,16.2,28.0,40.6,0.1578,0.5055,-0.1169,-0.5307,0.4781,0.1624,0.3332,0.1807
5.2,4.5,2.5,1.6,4.8,10.4,20.6,6.4,28.3,0.4586,0.8352,0.1047,0.1033,0.2323,-0.0493,-0.0713,0.0166
5.2,1.6,3.5,5.0,2.2,9.9,11.8,39.8,12.8,0.0067,0.7232,-0.1409,-0.3978,-0.2353,-0.3834,-0.0524,-0.2611
5.2,2.1,4.1,1.3,4.6,16.4,6.5,36.8,9.8,0.0613,0.3823,0.0017,0.2104,-0.3348,0.0509,0.794,-0.1117
5.2,3.0,2.5,4.1,3.2,11.5,18.2,11.7,11.6,0.4614,0.1981,-0.614,-0.1852,-0.1341,0.5095,0.0834,-0.1585
5.2,1.1,2.0,2.0,4.0,16.5,8.6,20.6,41.9,0.4931,0.7106,-0.0256,0.0137,0.0289,-0.0139,-0.3865,0.2759
5.2,3.0,4.4,3.1,4.8,13.9,3.9,32.8,37.3,-0.0074,0.6069,-0.126,-0.533,0.2896,-0.3512,0.2049,-0.2478
5.2,4.2,1.7,2.2,4.8,3.1,17.2,42.6,6.4,0.1763,0.6312,-0.3609,-0.0613,-0.4242,-0.0097,-0.4781,-0.1068
5.2,1.9,2.1,3.8,4.8,12.1,19.9,43.5,14.4,0.3982,0.1382,-0.3595,-0.0826,-0.3902,0.6747,-0.1686,-0.046
5.2,4.5,2.5,2.2,2.7,14.8,12.6,35.0,30.7,0.1794,0.0578,0.6235,0.0428,0.0243,0.6732,-0.1636,-0.1857
5.2,4.0,1.4,4.2,2.6,19.6,4.5,5.5,9.3,0.0692,0.0625,-0.069,0.1817,-0.2014,0.3625,-0.6513,-0.5865
5.2,2.0,2.0,2.4,4.3,21.2,17.2,12.4,41.5,0.1517,0.2649,-0.3497,-0.4541,-0.3347,0.3746,-0.3585,0.4168
5.2,1.5,3.7,1.1,4.4,18.3,20.7,14.3,17.5,0.2289,0.5386,0.153,0.3774,0.4342,-0.239,-0.4226,0.2205
5.2,1.4,3.6,2.2,2.0,15.8,16.3,34.0,29.8,-0.2158,0.0517,0.2472,-0.0189,0.4372,0.6458,0.3514,-0.3389
5.2,1.1,4.0,4.2,1.9,3.0,15.3,34.2,25.0,-0.3926,0.015,0.1886,0.1565,0.2886,0.3991,0.2757,-0.6672
5.2,3.1,4.5,3.4,2.6,12.4,14.2,30.2,43.2,0.3362,0.4101,-0.1557,-0.5404,0.4139,0.2376,0.2903,0.2457
5.2,2.7,1.6,2.2,3.8,10.3,4.9,30.4,14.9,0.3857,0.7847,-0.4489,0.0476,-0.0713,-0.0634,-0.0894,0.0089
5.2,1.4,3.9,1.9,4.8,15.6,8.6,24.8,25.5,0.7939,0.2736,-0.0234,0.02,-0.0032,-0.0148,-0.1577,0.4903
5.2,1.8,2.8,3.7,3.6,9.2,5.0,7.1,40.0,-0.2512,0.9255,0.0419,-0.1656,-0.1847,-0.035,0.0073,0.0063
5.2,3.1,1.3,3.2,4.9,4.9,5.3,39.5,31.2,-0.2754,0.5257,0.0125,-0.3725,0.0186,-0.3719,-0.372,-0.4609
5.2,4.8,3.9,1.1,2.1,8.8,13.5,24.7,4.1,0.2271,0.9413,0.0054,-0.0035,0.002,-0.0003,-0.1809,0.0319
5.2,3.2,2.4,2.7,2.4,21.6,5.1,18.8,17.8,-0.2385,0.6635,0.2117,0.3373,-0.1854,-0.3381,0.2691,0.3314
5.2,1.0,2.1,1.6,2.5,10.0,4.4,38.1,39.9,0.3329,0.8783,0.0378,-0.2034,0.0923,-0.2162,0.0275,-0.0668
5.2,4.9,1.4,3.5,3.4,16.0,19.5,16.9,24.4,0.0824,-0.1704,0.3119,0.01,-0.1269,-0.7856,-0.2879,-0.3027
5.2,4.2,2.4,2.9,2.3,5.9,19.9,24.4,42.3,0.1537,0.4114,-0.1751,0.1044,0.2871,-0.3037,0.7463,-0.0885
5.2,1.1,1.1,2.8,4.3,21.1,9.7,7.4,8.4,-0.0305,0.2429,-0.046,-0.2082,-0.2468,-0.0593,-0.8735,-0.2219
5.2,1.8,4.2,3.9,3.6,7.4,15.1,31.1,30.0,-0.7198,0.4519,0.2047,-0.1659,0.3127,0.0751,-0.1008,-0.2805
5.2,3.0,3.3,3.8,1.6,19.6,20.2,8.8,43.1,0.2655,-0.1091,-0.2601,0.045,-0.3545,0.4867,-0.5879,-0.3238
5.2,3.7,2.0,4.8,2.5,15.9,12.8,21.0,12.4,0.0219,0.4316,-0.467,0.0509,0.5043,-0.0589,0.1245,0.5502
5.2,4.8,2.5,2.9,1.8,16.9,10.0,36.6,25.9,0.1832,0.2529,0.0085,0.1493,-0.1531,0.1149,0.6954,-0.5713
5.2,3.3,2.4,1.6,4.4,9.9,20.6,25.7,19.6,0.3904,0.8803,-0.1905,0.1456,0.0236,-0.0476,-0.0393,0.0306
5.2,3.1,4.3,2.2,2.4,15.8,10.6,28.6,10.1,0.0499,-0.0303,-0.0968,-0.2641,0.2512,0.0393,0.893,0.1576
5.2,2.4,3.3,3.5,1.9,7.2,5.2,19.1,34.6,-0.4008,0.7895,-0.0642,-0.1035,0.0623,0.1032,0.3667,0.2049
5.2,1.9,4.1,1.5,3.5,6.7,19.9,11.1,43.3,-0.252,0.4669,-0.6116,0.1913,0.1504,0.3209,0.3098,0.2387
5.2,1.8,4.0,4.3,1.8,4.8,10.1,13.4,41.7,-0.3962,-0.1523,-0.0541,-0.2086,-0.064,0.1448,-0.3768,0.7653
5.2,1.6,3.0,4.5,4.8,13.3,10.2,42.0,21.9,0.4115,0.3797,-0.2653,0.3525,-0.0866,0.3205,0.1757,-0.5665
5.2,2.7,4.3,4.0,3.7,10.8,12.7,29.0,40.7,0.3412,0.6499,0.3131,-0.4544,-0.006,0.2866,-0.0119,0.2177
5.2,3.4,4.5,1.7,1.2,21.4,9.9,30.2,14.5,-0.5641,0.1665,-0.133,-0.1107,-0.0266,-0.1075,-0.1661,-0.7364
5.2,1.6,3.3,4.3,3.4,14.9,16.4,40.6,30.8,0.1438,0.4176,0.403,-0.1614,0.5022,-0.2157,-0.1988,-0.5009
5.2,3.6,2.5,3.4,1.1,20.4,14.2,6.0,16.2,0.0835,0.038,-0.098,0.0566,-0.1331,0.751,-0.6094,-0.0108
5.2,1.9,3.4,4.8,4.2,20.6,15.0,32.1,33.3,-0.4077,0.3124,0.3523,-0.3482,0.5637,0.0265,0.3586,-0.1477
5.2,2.7,1.4,2.6,4.4,13.7,12.9,27.9,8.6,0.3201,0.4256,-0.2908,-0.3738,0.5215,-0.0763,0.4425,-0.0441
5.2,1.4,1.5,3.5,4.1,18.2,4.4,21.5,7.6,0.2114,0.5445,-0.4695,-0.0156,0.4755,0.0143,-0.0734,0.4403
5.2,4.1,4.5,4.0,4.2,14.6,16.8,36.0,30.4,-0.206,0.5196,0.3894,-0.0268,0.5665,0.0906,0.2999,-0.2997
5.2,1.6,4.7,2.2,3.9,10.2,11.8,28.2,42.3,0.4035,0.8808,0.1756,-0.1084,-0.0292,0.0294,-0.0235,0.0218
5.2,4.8,1.2,2.7,1.4,4.0,5.9,17.1,38.8,-0.0468,0.5608,-0.4948,-0.2668,0.1447,0.3388,0.2855,0.2763
5.2,4.5,1.2,2.9,4.4,11.0,15.4,6.4,37.5,0.279,0.8122,0.381,-0.234,0.0755,-0.1506,0.0892,-0.1106
5.2,3.4,3.1,3.6,1.1,15.6,18.6,18.5,11.3,0.034,0.2586,-0.3705,-0.0726,0.3972,0.0834,-0.4163,0.6592
5.2,3.0,2.6,3.5,4.9,2.5,10.8,10.1,21.8,0.0413,0.1102,0.0638,0.4242,0.387,0.0355,-0.7932,-0.0682
5.2,4.9,2.5,4.7,2.9,20.4,3.1,17.6,43.8,-0.2571,0.1444,-0.3941,0.0483,0.4367,-0.0226,-0.3296,0.6566
5.2,4.2,3.2,3.7,4.9,6.2,6.7,14.9,31.2,-0.6465,0.6358,-0.0935,-0.1593,0.0276,0.1269,0.2192,0.2618
5.2,2.7,2.4,3.1,3.6,7.1,13.3,17.4,15.5,-0.379,0.6745,0.0779,0.366,-0.0032,-0.3476,0.191,0.301
5.2,3.7,4.9,4.4,1.5,10.2,8.7,31.2,36.7,-0.403,0.889,0.0996,0.0544,0.0282,0.0245,-0.044,-0.0289
5.2,2.4,3.9,1.1,4.5,2.5,15.1,16.4,6.7,-0.0889,0.4494,-0.561,-0.1332,0.213,0.3058,0.3401,0.432
5.2,2.3,3.1,2.7,2.9,5.2,5.6,22.9,30.6,-0.0247,0.4531,-0.1325,-0.0943,0.0455,0.2418,0.8222,0.1026
5.2,3.6,2.5,3.1,2.3,4.1,8.7,4.0,32.6,-0.0782,0.6388,-0.0158,0.0084,0.0527,0.016,-0.7495,-0.0933
5.2,2.5,4.9,2.5,4.6,4.3,9.7,40.9,15.9,0.1969,0.9265,-0.146,0.0172,-0.1701,0.0313,-0.1781,0.0114
5.2,4.4,4.3,4.9,4.3,19.8,16.4,36.7,5.9,-0.2966,0.3401,-0.3564,-0.2452,-0.4271,-0.2818,0.0994,-0.5628
5.2,3.9,3.5,3.4,1.9,9.3,14.2,35.3,4.2,-0.1249,0.9757,0.0128,-0.0807,0.1278,0.0114,-0.0122,-0.0029
5.2,2.5,3.2,1.0,4.4,19.0,13.3,35.9,27.0,-0.0864,0.4457,0.5428,0.1173,0.212,0.2929,-0.3547,-0.4324
5.2,1.0,4.4,3.4,3.6,6.0,2.5,12.5,25.9,-0.4055,-0.0539,0.3551,-0.0606,-0.4706,-0.4451,-0.3928,0.3328
5.2,2.1,4.3,1.8,3.7,14.5,5.2,21.2,20.8,0.2765,0.8388,0.2915,0.0949,-0.2895,-0.096,0.1261,0.0716
5.2,3.9,5.0,3.4,4.3,6.3,10.8,7.0,22.6,-0.0105,0.0266,0.051,0.1939,0.1414,-0.1363,-0.6831,0.6587
5.2,4.7,1.7,4.1,2.1,14.8,21.2,32.2,33.7,-0.2457,0.1243,0.3655,-0.2058,0.536,0.1354,0.6334,-0.0976
5.2,1.3,2.6,3.4,1.1,22.0,16.2,27.3,37.6,-0.21,0.4235,0.1995,-0.4631,0.5102,0.1132,0.4548,0.0941
5.2,5.0,2.5,3.2,2.6,21.8,9.3,7.8,43.0,-0.0041,0.1695,0.0035,-0.0994,-0.1177,-0.01,-0.9588,-0.0369
5.2,2.8,2.4,4.5,1.3,15.3,20.6,39.3,8.4,0.2418,0.1966,-0.3213,0.0463,-0.3369,0.0488,0.1736,-0.7916
5.2,2.7,2.1,4.2,4.0,17.1,21.3,41.9,39.3,0.0962,0.6273,-0.1821,-0.3928,-0.3893,-0.2955,-0.2829,-0.2581
5.2,1.5,4.9,5.0,2.0,14.9,8.8,7.3,34.1,-0.3211,-0.1766,-0.0422,0.2759,0.15,-0.1751,-0.5573,0.6036
5.2,3.5,1.1,2.1,2.5,8.8,15.2,14.9,15.2,0.0547,0.9898,-0.063,-0.0296,0.0311,0.0281,0.0495,0.0007
5.2,1.6,3.5,1.1,3.1,16.0,8.8,32.9,36.3,0.3352,0.9301,-0.0028,-0.0006,-0.0007,-0.0002,-0.0282,0.0078
5.2,2.8,4.3,4.3,1.2,21.8,4.9,39.2,41.7,-0.0449,0.1231,-0.2326,0.1897,-0.231,0.19,-0.0972,-0.8656
5.2,1.1,4.6,4.4,4.0,3.2,13.2,8.6,10.0,0.0981,0.0312,-0.3409,-0.2459,-0.4297,0.3643,-0.6468,0.254
5.2,3.9,3.3,3.0,1.8,21.1,20.7,32.2,31.6,-0.4255,0.1174,0.3423,-0.1933,0.5024,-0.0176,0.2753,-0.5425
5.2,1.9,3.9,2.6,3.5,5.9,14.0,5.9,35.8,-0.1285,0.402,0.1736,-0.4821,-0.4723,-0.3412,-0.3129,-0.3002
5.2,2.4,2.5,1.1,4.8,2.2,19.2,7.0,39.0,0.2664,0.5432,-0.2875,-0.2584,-0.4692,-0.0229,-0.4951,-0.0247
5.2,2.7,2.7,2.5,2.2,12.1,15.9,9.6,10.4,0.5396,0.4943,-0.3152,-0.3017,-0.4553,0.1657,-0.1552,-0.0211
5.2,2.3,3.2,1.9,1.4,8.5,13.9,17.7,42.2,-0.0078,0.9868,-0.0159,0.0465,0.0251,0.0336,0.1122,0.0006
5.2,4.1,3.5,3.5,2.4,10.4,7.9,20.5,34.3,0.2839,0.1971,0.0834,-0.1208,-0.0829,0.1208,-0.2117,0.7947
5.2,1.4,4.0,4.5,2.2,2.0,17.2,18.6,29.3,-0.3552,0.283,0.3812,-0.0934,-0.3886,0.0905,0.0928,0.6768
5.2,1.7,3.1,2.5,1.6,18.9,3.4,25.1,22.7,0.5175,0.4142,0.3715,0.154,-0.5364,0.0906,0.2114,0.191
5.2,4.3,2.4,1.2,1.3,10.3,16.0,33.2,18.8,0.4917,0.8481,-0.15,0.0931,0.0017,-0.0063,-0.016,0.0106
5.2,2.5,4.1,4.8,2.4,11.6,8.2,43.8,35.6,-0.6482,0.6913,0.0465,0.0575,-0.0169,-0.0407,0.106,0.127
5.2,5.0,4.0,3.9,1.5,6.4,6.9,8.5,9.2,-0.3874,-0.1466,-0.0815,0.0519,0.1048,-0.0271,-0.349,0.8182
5.2,2.8,2.6,2.6,1.4,19.5,6.1,16.5,39.8,0.3273,0.1984,-0.5184,0.0996,0.1382,0.4806,0.0803,-0.3666
5.2,1.9,4.4,4.2,3.4,12.8,19.0,15.4,25.0,0.1641,-0.0575,0.384,0.0047,0.0413,-0.776,-0.2682,-0.3126
5.2,1.8,5.0,3.5,2.3,8.4,13.3,26.7,9.1,-0.6483,0.7106,-0.0417,0.0073,0.003,-0.0154,-0.1655,-0.1578
5.2,2.8,4.2,2.7,2.6,5.0,17.9,26.9,35.9,-0.1825,0.509,0.1475,-0.4411,0.5535,0.0037,0.3945,-0.0286
5.2,2.5,2.2,2.6,2.8,19.0,8.0,41.9,41.4,0.7588,0.3849,-0.0805,-0.0221,-0.1228,0.1524,0.1772,-0.3962
5.2,4.0,4.6,2.3,2.8,4.7,8.0,18.6,40.8,-0.2215,0.0597,0.0092,0.0561,0.0015,-0.0556,0.1561,0.9321
5.2,1.5,4.4,4.3,2.0,3.1,20.7,4.5,43.9,0.0549,0.1559,-0.2349,0.2024,-0.3136,0.2499,-0.5486,-0.6297
5.2,1.2,2.5,2.9,3.3,7.7,19.4,31.6,19.3,-0.5154,0.4145,0.3997,0.3295,0.0748,0.2577,-0.1129,-0.4324
5.2,4.9,1.4,3.6,4.6,13.0,18.6,7.8,25.9,0.4152,0.6425,0.2228,0.3142,0.4628,0.0271,-0.1872,-0.0542
5.2,1.2,3.6,4.0,4.0,21.9,3.6,40.1,41.4,0.1046,0.6037,-0.4455,-0.1296,-0.4691,-0.1228,0.0191,-0.383
5.2,3.4,1.8,1.7,1.4,11.3,15.3,40.2,10.2,0.4697,0.7979,-0.0156,-0.2244,-0.0129,-0.2242,0.1033,-0.122
5.2,4.8,4.5,1.4,1.4,10.8,17.6,40.0,19.6,0.3974,0.8808,-0.0012,0.0601,-0.1762,0.083,0.0847,-0.0393
5.2,2.0,5.0,2.9,2.2,11.3,7.3,21.1,36.1,0.0519,0.7762,-0.09,-0.0748,0.117,0.0622,0.5513,-0.0221
5.2,3.3,4.8,1.7,4.6,17.7,8.0,18.7,9.0,0.3646,0.2366,-0.0163,0.0549,0.0424,-0.0561,-0.4629,0.7503
5.2,1.1,1.3,2.9,3.5,19.3,13.2,16.4,10.7,-0.4698,0.2783,-0.3028,0.0548,0.5657,0.4214,-0.1622,0.2546
5.2,1.7,2.1,4.6,3.4,13.8,20.9,35.6,42.1,-0.2613,0.3694,-0.1589,-0.2618,-0.3284,-0.5018,0.5302,-0.0913
5.2,1.3,3.5,1.6,3.4,20.5,3.0,32.8,12.6,-0.1429,0.3905,-0.1632,0.418,-0.6117,0.0074,0.4709,-0.0821
5.2,2.5,2.3,4.0,3.0,11.9,7.5,5.9,29.9,0.6489,0.0855,0.178,0.0414,0.0711,-0.2622,0.0629,-0.6481
5.2,1.6,1.4,4.1,1.2,14.6,11.9,12.2,33.1,-0.3572,-0.1238,0.2747,0.0794,-0.2728,-0.6129,-0.461,0.2872
5.2,2.4,2.1,3.7,4.8,7.3,8.1,30.1,13.5,-0.7353,0.5604,0.0396,0.0631,0.0105,0.0455,-0.2055,-0.2823
5.2,4.6,1.7,4.7,2.8,8.8,13.3,31.8,42.1,-0.3429,0.9174,0.0454,-0.1096,0.1137,0.0497,-0.0276,-0.0109
5.2,3.9,3.0,3.3,4.3,18.1,8.1,34.5,25.8,0.0515,0.0818,0.017,-0.0334,0.0387,-0.0185,0.7945,-0.5635
5.2,3.0,2.6,2.4,2.8,5.8,3.0,38.8,4.5,-0.0873,0.653,-0.3993,0.1149,-0.3994,0.1148,-0.3321,-0.3072
5.2,1.1,4.7,1.9,1.3,2.7,17.0,35.2,6.6,-0.1294,0.0759,-0.1743,-0.0535,-0.2895,-0.5281,0.1757,-0.7253
5.2,2.0,3.9,4.5,2.7,13.6,9.0,5.9,34.0,-0.1963,0.0603,0.0058,0.415,0.2194,-0.2803,-0.5059,0.5762
5.2,3.1,2.0,1.9,1.4,19.7,12.4,36.1,40.9,0.3553,0.3614,-0.1305,-0.2451,0.2901,-0.3162,0.4137,-0.5229
5.2,4.3,1.6,3.9,2.7,8.6,3.8,13.6,39.0,-0.3207,0.928,0.0388,-0.095,-0.1149,-0.0028,0.0503,0.0229
5.2,3.0,1.2,4.9,1.2,3.8,11.9,25.3,17.0,-0.3998,0.1718,-0.4076,0.0973,-0.4743,-0.4592,0.4109,0.043
5.2,2.3,2.4,1.8,1.6,14.1,7.0,41.3,9.2,0.7521,0.4849,-0.1099,0.0525,-0.1437,0.0864,0.181,-0.3258
5.2,4.6,2.3,4.4,4.5,20.5,3.3,8.3,27.0,0.0716,-0.2098,0.2058,-0.0226,0.094,-0.6723,-0.6481,-0.0535
5.2,3.3,4.0,1.6,4.4,2.9,19.7,20.2,27.7,0.1796,0.7465,0.3587,-0.1532,-0.4056,0.1643,0.0787,0.2124
5.2,2.3,1.8,4.4,1.5,17.6,12.7,39.7,27.5,-0.0491,0.2505,0.3504,0.1579,0.3957,0.1459,-0.2845,-0.7093
5.2,4.8,4.3,4.6,2.4,18.9,16.9,38.7,41.7,-0.0719,0.3299,-0.3414,-0.3131,-0.3428,-0.3138,0.0793,-0.6487
5.2,2.9,2.7,2.0,3.9,9.4,11.2,14.8,24.0,0.2397,0.9608,-0.0868,0.0432,-0.0037,0.0055,0.0161,-0.0044
5.2,1.0,1.9,2.7,4.6,4.3,10.7,8.3,16.4,0.1413,0.6192,-0.6341,0.2557,0.0226,0.2475,0.1726,-0.122
5.2,3.9,4.7,2.3,3.6,5.4,17.8,26.7,16.8,-0.0943,0.5845,-0.0956,0.401,-0.55,0.0627,0.383,-0.0776
5.2,3.4,4.5,2.1,2.1,21.2,11.7,10.6,15.0,-0.353,0.6258,-0.5461,0.0087,0.0898,0.1673,0.2675,0.2333
5.2,2.5,2.5,2.7,3.8,7.9,18.8,4.5,14.0,0.28,0.3984,0.1051,-0.0356,0.0416,0.1816,-0.6748,0.4911
5.2,1.3,3.1,4.6,2.2,3.3,14.2,25.6,11.2,0.0431,-0.091,-0.1779,0.0098,0.2458,-0.502,0.7823,-0.1097
5.2,2.5,4.5,4.0,4.2,4.7,8.2,22.1,22.7,-0.2049,0.1503,0.0161,0.0231,-0.0014,-0.0368,0.548,0.7812
5.2,1.5,3.9,2.6,2.7,12.6,12.0,24.3,28.9,0.2278,0.1809,0.1797,0.4199,-0.3196,-0.3057,0.4253,0.5443
5.2,3.9,4.4,3.0,1.8,17.5,8.6,28.5,7.3,0.1272,-0.198,0.0118,-0.0346,0.0277,0.0148,0.8156,0.499
5.2,4.0,1.1,4.7,1.2,20.8,8.3,28.7,42.2,-0.006,-0.0707,-0.0811,0.0406,-0.1013,-0.0397,0.9647,0.0639
5.2,2.6,2.8,1.7,4.0,17.0,5.8,23.1,19.8,0.2346,0.7976,0.2348,0.1583,-0.3737,-0.0636,0.2627,0.0471
5.2,1.9,1.5,3.0,1.9,11.7,21.4,37.8,34.5,0.2358,0.6211,0.4029,-0.1461,0.4033,-0.1458,0.1753,-0.3679
5.2,2.4,2.0,4.6,3.1,3.9,13.5,12.1,6.5,-0.3059,-0.2088,-0.4133,-0.0442,-0.0644,0.6085,-0.3118,0.4534
5.2,2.6,3.4,4.0,2.8,8.5,3.4,10.5,16.7,-0.4831,0.8558,-0.0841,-0.0388,0.0273,0.0215,0.0909,0.0568
5.2,3.7,2.1,1.6,2.5,4.6,21.9,25.2,40.5,0.3509,0.5191,-0.2607,-0.145,0.4278,-0.1822,0.4992,-0.175
5.2,4.6,3.4,4.2,2.9,4.8,8.8,42.7,6.0,-0.063,0.3721,0.0189,-0.0416,-0.0726,-0.0149,-0.8981,-0.1304
5.2,1.1,2.9,3.1,2.8,9.1,6.4,32.6,30.9,-0.2498,0.956,0.0405,0.0276,0.0168,0.0213,-0.0448,-0.0151
5.2,1.1,4.4,1.5,2.0,13.3,7.3,4.5,43.4,0.7327,0.6423,-0.0392,0.0063,-0.0867,0.0623,0.0954,-0.12
5.2,2.2,2.1,2.9,2.9,20.4,17.4,43.4,17.4,-0.119,0.3932,-0.2315,0.5078,0.4193,0.3708,-0.2849,-0.315
5.2,1.2,2.9,3.2,1.1,8.2,20.0,5.3,4.9,-0.5189,-0.0744,-0.0619,0.0171,0.0276,0.1686,-0.1434,0.7908
5.2,2.4,2.4,1.3,2.1,7.0,4.0,28.9,21.8,-0.192,0.6357,0.5704,-0.1172,0.1319,0.1945,-0.3228,-0.1886
5.2,4.2,4.2,2.3,4.1,3.7,16.1,23.4,19.3,0.0288,0.4554,0.1721,0.3863,-0.3948,-0.2586,0.5076,0.3397
5.2,1.0,4.2,1.5,5.0,16.0,10.9,43.7,42.8,0.6288,0.1873,0.0716,-0.3055,0.0025,-0.2552,0.0328,-0.6015
5.2,3.7,4.5,2.5,1.3,2.3,16.8,28.2,42.7,0.1881,0.134,-0.3397,-0.1869,0.4716,-0.145,0.7256,-0.0224
5.2,2.0,3.0,4.3,3.4,5.6,12.0,7.8,33.6,-0.4446,0.1136,0.4905,-0.2171,-0.3684,-0.5606,-0.1288,0.0641
5.2,2.7,3.8,1.0,4.2,6.1,16.5,8.7,9.7,-0.0829,0.7194,-0.4739,0.1841,0.1519,0.1399,0.3813,0.1136
5.2,1.8,3.5,1.6,3.6,6.1,6.6,20.7,8.2,-0.2299,0.485,0.1463,0.2353,-0.1452,-0.2356,0.5828,0.4453
5.2,1.4,1.8,3.3,4.8,10.5,20.3,5.4,35.1,0.2931,0.2535,0.3921,0.2178,0.2688,-0.6769,-0.0176,0.2465
5.2,4.0,4.7,3.6,4.5,14.5,21.3,40.3,39.5,0.1522,0.7348,-0.2469,-0.3327,-0.283,-0.3199,-0.1133,-0.2211
5.2,3.5,4.7,4.6,1.9,3.3,18.5,16.4,41.0,-0.3989,0.0893,-0.2565,-0.1573,0.3855,0.4032,-0.284,0.5719
5.2,4.2,3.1,3.6,3.6,14.7,9.3,16.4,43.7,0.0734,0.321,0.0221,-0.1425,-0.1857,0.0498,-0.8626,0.2335
5.2,1.6,3.3,2.8,4.4,7.5,21.3,13.8,31.3,-0.5104,0.5684,0.0496,-0.3973,-0.2061,0.304,0.0839,0.3126
5.2,2.0,2.3,3.7,2.6,8.9,20.9,25.5,11.5,-0.3739,0.9034,0.0346,-0.0889,0.1012,-0.0219,-0.0577,-0.0339
5.2,1.4,1.6,2.3,2.9,12.1,5.1,4.9,43.8,0.4797,0.7418,-0.2284,-0.1416,-0.3514,-0.0268,-0.0487,-0.0853
5.2,2.7,3.7,2.2,4.6,21.4,3.7,10.0,42.1,0.3792,0.2853,-0.4942,-0.3139,-0.2538,0.4978,-0.1287,0.2778
5.2,2.0,4.7,1.6,4.0,3.8,9.1,27.1,13.1,-0.1937,0.0176,-0.0647,-0.1298,0.0116,-0.1314,0.0974,-0.9296
5.2,1.6,3.5,4.5,4.3,7.4,12.1,21.9,16.2,-0.2642,0.5837,0.1359,0.2713,-0.0415,-0.3144,0.4859,0.3751
5.2,1.1,4.1,1.2,4.4,18.7,3.1,43.4,17.6,0.049,0.4192,-0.0169,0.4326,0.5297,0.386,-0.2067,-0.3108
5.2,3.7,3.9,1.8,4.2,10.1,7.4,30.1,24.2,0.3758,0.9188,0.0765,-0.0027,0.0255,0.0068,-0.0047,-0.0004
5.2,2.7,1.1,4.5,3.7,16.5,4.3,9.5,9.0,0.1767,-0.2525,-0.3104,-0.0372,-0.1061,0.6811,-0.4759,-0.2977
5.2,4.7,3.8,4.1,4.7,15.5,14.5,6.4,9.2,0.3153,0.4268,-0.3597,-0.2194,-0.5742,0.0321,-0.4147,-0.1629
5.2,1.6,1.2,3.9,3.6,19.4,20.4,27.6,13.0,-0.2718,-0.1163,-0.3909,0.0371,-0.3393,-0.6544,0.4338,-0.058
5.2,4.8,2.9,3.5,2.8,11.6,4.1,15.7,24.5,0.3849,0.8298,0.2334,0.2093,-0.0156,-0.2111,0.0635,0.026
5.2,2.4,3.4,2.3,3.0,7.8,3.8,41.0,18.1,0.01,0.8326,-0.0937,0.0696,0.3575,-0.0138,-0.3275,0.0709
5.2,4.3,2.7,5.0,2.7,7.2,7.9,7.0,33.7,-0.7075,0.0205,0.0195,-0.0789,-0.0386,0.0597,0.0018,0.6826
5.2,4.7,3.1,2.4,1.6,3.9,2.7,29.0,22.6,0.1753,-0.1,0.3901,-0.0185,-0.231,0.675,0.4661,-0.2198
5.2,4.1,1.7,4.0,4.3,21.7,17.7,27.5,24.7,0.1853,-0.0543,0.4311,0.1769,-0.4408,0.4786,0.4821,-0.2396
5.2,3.5,2.8,2.0,2.9,20.5,15.1,6.5,39.4,0.1918,0.2737,-0.1736,-0.4746,-0.4112,-0.2325,-0.5422,-0.3025
5.2,1.6,4.8,5.0,4.7,13.2,13.8,20.8,43.8,-0.1342,0.4402,-0.267,-0.4071,0.2655,0.4069,-0.0249,0.5415
5.2,3.3,1.6,1.4,1.1,17.1,4.9,28.6,34.2,-0.0002,-0.0309,0.2888,-0.3495,0.4859,0.3546,0.5622,0.2698
5.2,2.5,3.0,1.7,1.6,19.5,10.5,43.5,29.3,-0.027,0.1632,0.0949,0.1352,0.1679,0.0613,-0.8727,-0.3355
5.2,3.0,2.4,2.4,4.8,20.2,9.3,42.3,19.3,0.5317,0.6984,-0.3271,-0.026,0.0867,0.1654,0.1871,-0.0867
5.2,3.9,4.9,1.4,3.9,5.9,5.9,14.0,21.2,0.4082,0.5505,0.5421,-0.3536,-0.1068,-0.1618,0.1398,-0.1194
5.2,4.5,4.3,1.6,4.1,7.4,4.7,25.6,17.0,-0.0082,0.4996,0.0643,0.473,-0.0844,0.4811,-0.0726,-0.4836
5.2,4.3,2.1,3.7,2.4,13.9,18.0,16.3,23.0,0.6049,0.3221,0.2734,0.2564,0.2737,-0.5041,0.1051,-0.0709
5.2,2.6,1.1,1.8,4.7,8.1,16.6,18.8,12.8,0.0392,0.9498,0.0917,0.1657,-0.0468,-0.1664,0.1406,0.0293
5.2,3.1,1.1,3.2,3.8,5.4,11.4,5.9,22.2,0.0576,0.3947,0.1242,0.2141,0.3375,0.0159,-0.8082,0.0042
5.2,3.4,3.3,3.2,1.5,18.7,5.7,30.5,23.0,0.1567,-0.2104,0.2882,-0.0653,0.1884,0.426,0.5745,0.4989
5.2,4.6,1.5,1.3,3.8,4.2,13.4,19.4,22.5,-0.0991,0.6547,0.4306,0.0361,-0.2239,-0.1577,0.4762,0.2334
5.2,1.5,1.2,3.4,3.0,18.6,9.1,6.6,21.4,0.7226,0.2068,-0.1463,0.0993,-0.0047,0.0843,0.1349,-0.5815
5.2,1.6,2.8,2.3,2.7,21.3,9.2,30.5,43.6,-0.0007,-0.009,-0.0059,-0.103,0.0996,-0.0201,0.9529,-0.1585
5.2,3.6,1.5,4.5,1.2,12.6,10.7,40.1,42.0,0.363,0.7397,0.2273,-0.1735,0.1679,-0.1701,0.3081,-0.2497
5.2,2.2,3.6,3.4,4.7,14.9,8.7,31.8,42.3,0.3475,-0.2341,0.06,-0.1472,0.0715,0.0778,0.5273,0.6615
5.2,4.3,1.3,3.1,4.9,10.1,10.4,11.4,29.2,0.2067,0.6376,0.0626,0.5114,0.4001,0.1376,-0.257,-0.0733
5.2,4.4,3.2,4.8,2.9,17.9,3.0,41.5,14.4,-0.0403,0.2233,0.0465,0.1662,-0.1264,0.4913,-0.6657,-0.4302
5.2,2.5,2.6,4.4,2.8,9.3,15.3,4.6,23.9,-0.2169,0.9244,-0.135,0.1876,0.0142,0.1659,0.0181,-0.026
5.2,4.7,3.5,1.2,1.4,18.6,17.3,40.6,19.9,0.5363,0.4423,-0.02,0.3824,-0.0583,0.3987,0.059,-0.4227
5.2,2.7,1.6,2.1,3.9,4.8,8.4,39.8,5.9,-0.1299,0.1036,0.0235,0.1391,0.023,0.1391,-0.4479,-0.8349
5.2,3.3,2.5,1.1,2.5,10.1,18.8,10.1,37.4,0.534,0.8227,0.1401,-0.1015,0.0015,-0.0066,0.0139,-0.0103
5.2,3.4,2.6,2.5,2.6,19.8,4.9,37.0,40.5,-0.1403,0.5954,-0.2923,-0.171,-0.4843,-0.2615,0.3109,-0.2093
5.2,2.1,1.1,3.7,1.3,9.8,9.1,23.0,41.8,-0.0811,0.9879,0.0407,0.0129,0.0108,0.0066,-0.0011,-0.0006
5.2,2.8,4.9,2.3,4.3,16.8,4.7,26.9,28.6,0.5169,-0.0945,0.3896,-0.0206,-0.0481,0.6518,0.1258,0.3048
5.2,2.7,2.4,3.3,2.5,19.9,9.1,34.5,19.0,-0.0696,0.2699,-0.0355,0.1952,-0.2217,-0.1122,0.739,0.3953
5.2,3.2,2.9,1.2,2.6,11.8,9.2,17.9,19.3,0.5287,0.8429,-0.0264,0.0151,0.0051,-0.0023,0.0012,-0.0005
5.2,3.6,3.5,4.9,4.6,18.2,15.8,9.2,33.8,-0.292,0.2025,0.4499,-0.4065,-0.4598,-0.3951,-0.2895,-0.1797
5.2,3.2,3.5,2.7,2.3,6.2,19.0,15.2,27.6,-0.5566,0.6098,0.1921,-0.1627,-0.3084,0.0846,0.208,0.3127
5.2,2.8,2.3,4.5,2.3,4.0,18.4,28.6,21.3,0.0919,-0.0353,0.4586,0.3301,-0.43,0.4552,0.4079,-0.2881
5.2,3.4,2.8,4.5,2.6,20.3,12.5,37.4,19.0,-0.0451,0.3244,-0.0515,0.461,-0.0702,0.4558,0.0939,-0.6569
5.2,1.1,4.1,2.8,3.8,2.8,19.4,37.3,19.0,-0.0935,0.4895,0.1473,0.4935,-0.0065,0.483,0.0271,-0.4845
5.2,1.1,2.8,4.9,4.7,20.4,14.1,40.8,16.6,-0.0365,0.4373,-0.1004,0.4072,-0.2514,0.4826,-0.2045,-0.5121
5.2,2.3,4.9,4.8,2.1,16.7,5.3,33.2,43.1,-0.0191,0.2061,-0.2339,0.0088,-0.3109,-0.1018,0.8231,-0.2893
5.2,1.1,2.4,3.9,3.5,15.1,6.7,21.8,16.9,-0.1959,0.6702,0.2001,0.184,-0.0523,-0.2771,0.5252,0.2398
5.2,1.7,2.6,1.3,3.3,12.7,8.3,24.3,5.4,0.6846,0.7094,-0.1069,0.0112,-0.0412,-0.0252,-0.055,0.0475
5.2,3.2,2.6,2.4,1.1,17.2,14.4,41.3,8.1,0.2592,0.1652,-0.2734,-0.2934,-0.3016,-0.2773,-0.187,-0.7193
5.2,3.7,2.5,4.6,1.5,14.3,20.9,30.1,34.0,-0.2285,-0.0213,0.3812,-0.087,0.4662,0.3119,0.6675,-0.0151
5.2,2.7,4.2,3.8,2.9,3.0,17.9,7.4,20.9,0.1669,0.3323,0.229,0.4001,0.5169,0.0092,-0.603,-0.0647
5.2,3.4,3.8,2.8,3.9,4.9,9.3,25.8,18.1,0.6678,0.4124,-0.3493,0.2535,0.0177,-0.1499,-0.1129,0.3278
5.2,4.6,3.1,2.9,3.8,3.7,20.6,32.4,18.8,-0.1463,0.361,0.2608,0.5487,-0.1459,0.4243,0.1559,-0.4849
5.2,4.1,2.9,1.9,4.4,16.0,13.8,6.4,42.9,0.3241,0.2722,-0.2122,-0.4704,-0.3665,-0.3076,-0.4071,-0.3644
5.2,3.1,1.1,1.7,1.8,3.6,21.7,4.7,5.6,0.2997,0.4274,-0.4006,0.071,-0.496,0.1945,-0.4959,-0.1535
5.2,4.0,1.3,2.9,3.1,3.8,17.3,13.0,39.7,-0.0703,0.1725,-0.3826,-0.4764,-0.2078,0.3984,-0.2192,0.566
5.2,4.5,4.5,2.4,3.0,11.4,13.5,27.0,25.8,0.5267,0.7406,-0.1874,0.2867,0.0394,-0.1722,-0.0296,0.1008
5.2,2.2,4.8,3.4,2.3,20.0,3.2,41.6,8.0,0.1946,0.0808,-0.2266,0.262,-0.2811,0.3034,-0.4736,-0.6433
5.2,2.2,2.4,1.3,2.2,9.9,15.3,6.5,19.9,0.4383,0.8828,-0.1146,0.0798,-0.0106,0.0132,0.0118,-0.0085
5.2,2.1,2.7,2.3,4.4,17.3,17.2,6.8,16.8,0.1662,0.4004,-0.4357,0.5324,0.192,0.4089,0.015,-0.3437
5.2,3.6,2.9,2.9,4.3,13.0,17.1,37.3,5.7,0.4394,0.4604,-0.3154,-0.3143,0.1695,-0.5442,-0.0566,-0.1796
5.2,1.7,2.5,3.4,1.1,21.5,19.9,12.0,24.2,-0.1378,-0.1332,0.1408,0.076,-0.1505,-0.5334,-0.7258,0.2812
5.2,5.0,3.8,1.3,1.5,20.5,19.5,4.0,43.9,0.1926,0.5267,-0.4597,0.0178,-0.4701,0.0261,-0.3883,-0.285
5.2,4.7,4.2,2.5,3.8,3.5,8.0,12.2,5.2,-0.044,-0.0662,-0.0099,0.0525,0.0498,-0.023,-0.8436,0.5085
5.2,3.3,4.6,2.5,2.3,3.6,20.7,17.8,5.5,-0.1954,0.3977,-0.4165,-0.0075,0.5423,0.0532,-0.0173,0.5644
5.2,2.8,3.2,2.2,1.6,16.7,19.4,23.4,18.7,0.1598,0.4713,-0.1096,0.5511,-0.2078,-0.4295,0.1466,0.4065
5.2,1.2,1.6,4.7,4.2,15.7,5.7,35.8,41.6,-0.2968,0.3217,-0.2476,-0.1088,-0.4059,-0.4361,0.5582,0.0986
5.2,3.4,4.0,4.8,4.1,4.6,16.8,22.5,13.4,-0.0292,0.3976,0.0005,0.2788,0.1436,-0.4057,0.674,0.3233
5.2,3.9,3.9,1.4,1.8,4.2,21.1,18.7,41.6,-0.1844,0.6382,-0.2615,0.0373,0.6095,0.0826,0.0633,0.2535
5.2,3.3,1.0,1.3,1.2,18.9,22.0,25.3,42.6,0.4441,0.4222,-0.3923,-0.2231,0.5071,0.0459,0.3347,0.1569
5.2,3.1,4.8,3.1,3.1,2.4,17.2,7.6,29.9,0.1057,-0.1507,0.295,-0.0637,0.2051,-0.6613,-0.5378,0.2919
5.2,4.5,3.2,2.1,2.2,4.5,6.0,37.6,33.3,-0.3766,0.748,-0.1457,-0.1562,-0.1143,-0.1567,-0.373,-0.2457
5.2,4.2,1.1,1.4,1.9,9.0,13.6,5.6,42.4,0.2314,0.9636,0.0265,-0.0181,-0.0013,-0.0039,0.0775,-0.0168
5.2,1.2,2.9,2.8,4.6,6.8,6.2,31.7,35.9,-0.4236,0.5496,-0.2775,-0.4321,-0.0275,-0.339,-0.0618,-0.3364
5.2,1.0,4.7,1.3,4.7,3.6,2.8,22.0,37.9,0.0901,0.6884,-0.3596,-0.2101,0.3543,0.2118,0.3363,0.2111
5.2,3.4,2.5,4.0,4.0,14.4,13.5,33.4,17.5,-0.1239,0.5201,-0.1367,0.4292,-0.515,-0.0257,0.4744,0.0025
5.2,2.2,4.3,3.5,1.9,16.8,18.2,28.1,17.1,-0.2754,0.3957,-0.275,0.4764,-0.5153,-0.2139,0.3393,0.1327
5.2,1.2,2.3,2.6,1.5,21.4,2.8,4.7,23.1,0.3841,0.3655,0.4237,0.0946,0.5568,-0.0342,-0.2819,-0.3508
5.2,1.7,2.8,1.3,4.6,19.8,19.8,38.4,35.3,0.3483,0.5824,0.0426,-0.3633,0.2263,-0.3942,0.1851,-0.3774
5.2,1.2,2.9,2.7,4.1,20.5,21.3,4.8,26.3,0.3353,0.5308,0.4238,-0.0342,0.5177,-0.1077,-0.1937,-0.3058
5.2,4.2,1.3,3.8,1.9,6.5,8.3,42.0,6.3,-0.0255,0.5893,-0.0084,-0.0255,0.0293,0.0515,-0.7853,-0.0135
5.2,1.7,1.6,2.3,1.7,17.2,5.3,33.5,34.3,-0.1383,0.3014,0.2277,-0.385,0.4005,-0.3029,0.3231,-0.5535
5.2,1.2,3.4,2.9,3.5,8.0,21.8,12.9,34.2,-0.5627,0.617,-0.1438,-0.3259,0.0069,0.2596,0.136,0.2697
5.2,3.0,4.5,3.9,2.4,10.2,4.7,15.8,11.5,0.4071,0.8222,-0.2796,-0.0895,0.008,0.1157,0.1378,-0.0644
5.2,1.5,2.2,3.4,4.0,13.7,20.4,19.3,27.6,-0.0125,0.6027,0.4157,0.1415,-0.4629,-0.1533,-0.2531,0.3529
5.2,1.1,3.9,4.7,4.5,5.1,16.8,41.3,32.2,-0.1317,0.4374,0.0936,-0.3384,0.2132,-0.4125,-0.4331,-0.4869
5.2,5.0,2.8,4.5,3.8,12.0,19.2,4.4,12.6,0.4132,0.6484,-0.3289,-0.0399,-0.4651,0.0431,0.0336,-0.259
5.2,1.6,4.9,2.3,2.8,4.2,21.7,36.3,20.9,0.071,0.4917,0.6316,0.1521,0.1074,0.4432,-0.1651,-0.2397
5.2,3.3,4.5,2.7,4.5,2.1,19.0,11.5,14.8,-0.2119,0.3896,-0.2136,0.5055,0.5824,0.0842,-0.3771,0.0055
5.2,2.1,3.0,3.8,3.4,13.8,18.8,37.6,31.3,0.0198,0.5134,0.4629,-0.1114,0.4756,-0.1086,0.1815,-0.464
5.2,4.9,1.6,1.6,1.0,2.3,13.4,23.2,18.5,0.3377,0.4119,-0.1711,0.4199,-0.0686,-0.5303,0.102,0.4353
5.2,2.8,1.1,4.8,2.8,8.8,3.4,37.3,18.3,-0.2626,0.9137,-0.1671,0.0149,-0.1697,0.0131,-0.134,-0.0691
5.2,4.2,3.4,3.5,3.1,3.2,12.8,8.0,18.1,-0.0037,0.2719,-0.0927,0.526,0.4334,0.2135,-0.5633,-0.2725
5.2,2.3,3.4,4.1,1.8,14.9,6.2,5.0,11.0,0.1395,-0.0527,-0.0131,0.1002,-0.1115,0.2373,-0.503,-0.7938
5.2,3.9,2.7,1.2,1.8,2.8,15.4,9.5,23.7,0.2517,0.2718,0.2871,0.1931,0.3761,-0.2234,-0.6409,0.3534
5.2,4.3,2.8,2.7,2.0,12.2,11.3,29.3,10.7,0.5361,0.2858,0.0351,-0.5422,0.1726,0.3363,0.1459,0.3736
5.2,1.6,1.3,1.7,4.4,14.6,16.2,17.3,9.9,0.2246,0.3828,-0.7034,0.1532,0.1656,0.418,0.25,-0.0164
5.2,3.1,1.1,1.2,3.2,15.5,13.4,33.2,13.7,0.3578,0.6063,-0.5494,0.3354,-0.0988,-0.159,-0.1645,0.0965
5.2,1.8,4.2,2.8,2.7,21.8,12.4,38.6,6.7,-0.2188,0.2469,-0.2075,-0.2407,-0.2102,-0.2432,-0.3506,-0.735
5.2,2.0,2.6,3.1,4.4,11.9,19.4,32.9,16.2,-0.1179,0.3734,-0.2193,0.545,-0.4764,-0.2501,0.3699,0.2191
5.2,1.5,4.5,3.3,3.0,9.6,3.2,36.0,27.1,0.0101,0.9626,0.1294,0.1451,0.0382,0.131,-0.0062,-0.025
5.2,3.1,1.1,4.6,2.2,21.3,10.9,17.2,23.2,-0.4257,0.0582,0.0432,0.2059,-0.1922,-0.4107,-0.1218,0.7238
5.2,4.8,1.4,1.2,1.3,13.9,11.5,4.8,9.7,0.7649,0.556,0.0797,-0.1435,0.0471,-0.1148,0.1169,-0.2016
5.2,1.6,3.7,2.0,2.7,19.9,2.8,4.8,14.7,0.2392,0.0321,0.0727,0.2135,-0.0185,0.7036,-0.6059,-0.1014
5.2,1.7,1.3,2.6,3.9,5.3,13.4,22.6,24.4,-0.0675,0.5814,0.3186,0.1292,-0.3644,-0.106,0.5455,0.288
5.2,4.8,2.7,1.1,1.8,6.7,12.4,5.1,42.7,0.5012,0.7096,-0.0274,-0.0093,-0.0782,0.0578,-0.3897,0.2729
5.2,4.2,1.4,3.9,2.7,8.9,18.1,29.7,29.0,-0.2287,0.952,-0.0146,0.1291,-0.092,0.062,-0.0232,-0.0166
5.2,1.6,1.9,4.2,2.7,16.4,14.9,16.3,30.3,-0.3402,0.2933,0.4215,0.0624,-0.525,-0.1482,-0.28,0.4726
5.2,3.2,1.1,3.0,2.8,18.9,16.3,27.6,22.8,0.2801,0.3103,0.2973,0.4014,-0.5397,0.0576,0.5098,-0.0173
5.2,2.7,2.1,4.0,4.0,17.0,13.9,43.5,17.8,0.0087,0.3606,-0.339,0.5307,0.225,0.4354,-0.1631,-0.4276
5.2,3.1,2.2,1.8,3.3,17.2,2.8,8.6,5.9,0.5179,0.4292,-0.341,-0.2605,-0.4376,0.2889,-0.2504,0.1305
5.2,2.9,1.8,1.8,3.7,21.0,15.9,11.0,23.3,0.2228,0.2557,0.3186,0.3701,0.3686,-0.3289,-0.4529,0.4211
5.2,4.3,3.0,1.5,4.0,8.5,11.0,35.5,19.2,0.2524,0.9624,0.0059,-0.0011,0.0014,-0.0001,-0.0488,0.0124
5.2,4.5,3.5,3.3,3.7,8.2,8.7,36.4,36.1,-0.1995,0.9687,0.0057,0.0009,0.0032,0.0009,-0.1119,-0.0234
5.2,1.4,4.3,2.6,4.9,18.8,12.6,43.8,14.0,0.3896,0.4933,-0.2326,-0.1449,-0.4064,0.3682,-0.3622,0.2321
5.2,4.7,2.1,3.2,2.5,5.0,6.8,34.0,6.8,-0.6495,0.2102,-0.0283,0.2291,-0.0843,0.1977,-0.1262,-0.6335
5.2,3.1,3.9,2.3,1.9,19.0,11.3,21.4,42.1,0.4752,0.1447,0.0368,-0.2556,-0.0224,0.2493,-0.0754,0.7657
5.2,4.8,4.9,2.9,3.5,15.5,18.5,30.2,19.1,0.1148,0.4796,0.0495,0.5791,-0.4614,-0.1279,0.3972,0.112
5.2,4.2,1.6,3.3,2.2,7.6,19.9,28.2,28.1,-0.6421,0.6878,0.0551,-0.058,0.0946,0.0027,-0.2053,-0.2045
5.2,3.2,1.4,1.6,1.9,12.0,12.3,35.3,13.0,0.5625,0.3674,-0.3547,-0.2675,0.1455,-0.5094,-0.0262,-0.1904
5.2,4.9,3.6,2.0,4.1,11.5,11.2,29.2,23.2,0.537,0.8104,-0.169,0.1164,0.0242,-0.0262,-0.0234,0.0254
5.2,4.6,3.1,2.5,2.1,17.3,10.5,13.8,26.7,0.0255,0.0518,0.0912,0.2301,0.2413,-0.0436,-0.9023,0.179
5.2,2.8,2.3,3.2,1.7,8.2,8.9,41.1,11.5,0.2102,0.3659,0.0123,-0.0083,-0.0169,0.0064,-0.6782,0.5121
5.2,3.6,2.6,4.5,3.7,6.4,5.9,27.4,13.3,-0.6935,0.1576,-0.1862,0.2686,-0.2782,0.156,0.0252,-0.5171
5.2,1.7,4.9,1.4,1.4,17.2,5.7,19.5,8.1,0.6298,0.4182,-0.1477,0.1217,0.1554,-0.1233,-0.2767,0.5112
5.2,2.0,1.9,4.0,2.4,20.7,11.0,33.5,40.5,-0.0327,0.126,-0.0869,-0.3915,0.2609,-0.2801,0.53,-0.602
5.2,3.5,2.9,2.1,1.3,9.4,20.5,25.3,32.8,0.1257,0.9786,0.0069,0.0701,-0.0956,0.0203,-0.009,-0.001
5.2,3.5,4.7,2.4,1.9,4.5,21.1,4.1,43.8,0.0633,0.3763,-0.2551,0.3088,-0.2837,0.3285,-0.5844,-0.3807
5.2,4.9,4.8,4.8,2.3,11.4,17.2,17.5,23.7,0.3739,0.7733,0.136,0.2783,0.2546,-0.2607,0.064,0.0096
5.2,1.0,1.9,3.6,2.4,13.4,16.7,13.7,18.5,-0.1365,0.536,-0.1273,0.4501,0.4872,-0.1281,-0.4412,0.1126
5.2,3.8,1.2,2.8,3.1,8.1,13.3,30.8,38.2,-0.2978,0.9396,-0.0465,-0.003,-0.0065,-0.004,-0.1179,-0.0393
5.2,4.2,4.1,3.8,4.5,4.0,3.5,31.7,15.4,-0.4228,0.3399,-0.045,0.5313,-0.2769,0.3579,0.1419,-0.427
5.2,1.8,3.6,1.9,3.1,17.6,3.6,12.8,5.4,0.464,0.3266,-0.5998,-0.2054,-0.0555,0.4934,0.0625,0.1179
5.2,2.9,3.1,4.8,1.9,9.9,19.7,19.9,39.1,0.0199,0.799,0.0863,-0.2471,-0.1519,0.2881,0.2025,0.0218
5.2,2.5,3.5,1.6,4.5,18.8,9.5,20.8,43.5,0.5347,0.2145,0.0283,-0.1261,-0.0434,0.1316,-0.2338,0.7328
5.2,2.7,2.9,3.2,2.8,16.6,4.0,42.2,30.4,0.3091,0.0143,0.1478,-0.2146,0.2768,-0.4709,-0.4395,-0.5557
5.2,3.7,3.4,2.7,3.1,14.1,13.3,34.2,30.5,0.0725,0.1161,0.6786,-0.0106,0.0516,0.6605,-0.1196,-0.1342
5.2,4.5,3.9,2.9,1.3,16.4,21.4,22.8,26.1,0.5209,0.4088,0.3304,0.0145,-0.3497,-0.0055,-0.1802,0.5254
5.2,4.3,1.7,3.2,2.8,7.7,6.5,42.6,10.0,0.0045,0.0656,-0.0166,-0.0515,0.0478,0.0816,-0.4235,0.8365
5.2,2.5,2.7,4.6,3.0,17.9,3.0,15.3,26.8,-0.1916,0.1538,0.3666,0.0341,-0.4713,-0.1513,-0.5733,0.4608
5.2,2.2,1.1,2.9,3.9,12.7,2.3,11.5,15.8,-0.0171,0.2385,-0.4131,0.5619,0.3523,0.3852,-0.2403,-0.3287
5.2,1.4,5.0,4.9,2.8,4.2,4.2,11.4,33.4,-0.5756,0.045,0.2811,-0.3328,-0.4002,0.1504,-0.2533,0.4629
5.2,3.7,3.9,3.4,5.0,11.9,15.6,11.7,30.9,0.1684,0.4789,0.7429,0.1481,-0.0305,-0.3356,0.15,0.1012
5.2,2.9,4.6,2.3,1.4,19.8,19.1,15.6,32.2,-0.3158,0.3071,0.3677,-0.1538,-0.5623,0.0161,-0.1625,0.5302
5.2,4.8,2.1,2.9,1.0,12.0,3.5,32.7,12.6,0.6325,0.653,-0.2725,-0.1304,-0.0036,-0.1785,-0.1353,0.1009
5.2,2.4,2.0,4.0,2.8,13.2,14.5,23.7,26.1,0.3377,0.4647,0.301,0.3532,-0.4714,-0.2332,0.194,0.3473
5.2,3.4,4.2,3.4,1.1,11.3,10.0,18.7,14.8,0.2312,0.4013,0.0746,-0.258,-0.2219,0.2371,-0.5259,0.5341
5.2,4.2,3.4,3.0,2.5,3.9,14.2,19.6,20.8,-0.3254,0.3329,0.1894,0.3075,-0.2796,-0.3262,0.1897,0.6378
5.2,2.0,4.5,3.0,4.0,20.3,19.7,12.1,8.8,-0.069,-0.1534,-0.5335,0.127,0.2018,0.7372,-0.2529,0.0351
5.2,3.6,1.5,2.3,1.1,5.6,2.1,28.6,22.5,-0.2258,-0.1154,0.3546,-0.0291,0.0155,0.5968,0.2706,-0.5875
5.2,3.7,4.2,1.5,3.7,10.0,3.4,31.6,22.2,0.3901,0.8587,0.0916,0.1982,-0.2152,0.0708,0.0485,-0.0156
5.2,2.1,1.4,3.7,2.1,9.1,6.7,30.5,38.8,-0.3174,0.9049,0.022,-0.1951,0.1207,-0.1109,-0.0203,-0.0356
5.2,1.8,1.2,1.0,2.0,20.3,20.1,23.2,10.5,0.5303,0.4673,-0.3307,0.191,0.3965,-0.2944,0.3017,0.0597
5.2,2.8,1.3,4.6,1.7,14.0,4.3,15.2,18.3,-0.3057,0.4876,-0.0797,0.5161,0.2633,-0.3933,-0.1835,0.3487
5.2,2.2,2.8,4.3,3.8,4.5,18.5,24.4,20.1,0.0305,0.4891,0.1395,0.373,-0.4635,-0.1441,0.554,0.2049
5.2,2.2,1.1,4.8,4.2,9.3,19.7,33.3,13.6,-0.0847,0.8906,-0.3143,-0.2261,-0.0589,-0.1412,-0.0411,-0.0588
5.2,2.0,3.2,3.1,1.2,9.7,18.2,16.8,14.0,0.0705,0.9446,-0.1587,-0.1764,0.0301,0.1584,0.0134,0.0324
5.2,3.5,3.3,4.9,4.3,16.3,19.4,26.5,37.8,0.0083,0.5223,0.0139,-0.5273,0.4674,0.1432,0.4132,0.1264
5.2,2.0,2.4,5.0,4.8,18.9,2.8,15.4,23.8,-0.1449,-0.1118,0.4263,-0.023,-0.2172,-0.7453,-0.3537,-0.1514
5.2,3.6,4.6,4.6,1.6,4.8,7.7,14.6,17.8,-0.1935,0.9346,0.134,0.0745,-0.0346,-0.0389,0.009,0.0124
5.2,4.9,3.3,2.3,1.3,14.8,9.0,33.9,26.6,0.6496,-0.1657,-0.0258,0.0476,-0.0104,-0.0269,0.2023,0.6719
5.2,3.7,3.4,3.5,3.3,10.7,7.2,5.5,24.2,0.2879,0.9352,0.045,0.1194,0.0675,-0.0987,0.0136,0.0042
5.2,1.3,3.2,1.1,2.8,6.1,10.9,41.9,30.2,0.2429,0.8198,0.0904,-0.0103,0.1177,-0.0388,-0.4555,0.1239
5.2,1.9,3.3,2.8,4.3,19.4,18.6,43.5,15.0,0.1122,-0.0276,-0.3338,0.0709,0.0548,0.8698,-0.2224,0.0213
5.2,2.7,4.2,1.3,1.8,15.8,19.2,20.8,42.0,0.5057,0.4825,-0.1405,-0.3923,0.135,0.3956,-0.0074,0.3786
5.2,1.1,1.1,3.8,1.1,4.1,11.3,24.7,35.4,-0.2472,-0.1504,0.3715,0.0275,-0.0079,0.7269,0.3172,-0.2941
5.2,1.2,3.6,4.3,3.5,9.1,14.9,8.0,6.4,-0.418,0.8652,0.1142,-0.1521,-0.055,-0.1102,0.0429,0.0127
5.2,3.0,4.9,4.9,4.2,8.9,14.0,39.8,21.5,0.2061,0.4886,-0.0805,-0.0264,-0.1651,0.1198,-0.4956,0.4244
5.2,2.0,1.4,4.3,3.6,6.3,9.8,5.4,30.4,0.0754,0.3808,0.0672,0.1585,0.2693,-0.0444,-0.8424,0.1407
5.2,1.9,1.6,2.2,2.2,12.2,12.8,15.9,5.0,0.3905,0.6478,-0.2096,-0.19,-0.4519,0.1639,-0.3065,0.0839
5.2,2.7,4.3,2.8,1.3,6.3,13.2,13.6,38.3,-0.3957,0.1802,-0.2237,-0.4474,-0.0626,0.3446,-0.1047,0.6245
5.2,3.0,4.3,3.6,4.9,20.7,7.2,22.9,6.9,0.1008,-0.0073,-0.0111,0.1305,0.0446,-0.1556,0.3346,0.8991
5.2,4.2,2.9,4.0,2.1,5.4,14.9,16.2,36.5,-0.5053,0.3784,-0.1262,-0.4355,-0.0188,0.3688,0.0471,0.4914
5.2,1.1,2.1,1.6,3.9,12.1,6.3,36.4,34.6,0.1636,0.5299,0.0733,-0.3631,0.3528,-0.3211,0.3779,-0.3874
5.2,2.2,2.6,3.6,1.7,12.8,20.0,4.6,22.7,0.3382,0.6992,0.1926,0.3435,0.3301,0.2689,-0.0336,-0.2113
5.2,2.4,1.1,2.2,4.9,12.5,17.7,23.7,15.2,0.5473,0.6553,-0.2399,0.1212,0.3463,-0.2126,0.1087,0.0718
5.2,4.0,5.0,3.1,4.7,14.4,18.4,37.6,4.4,0.3526,0.4429,-0.3847,-0.3232,0.1192,-0.5654,-0.0744,-0.2295
5.2,4.2,4.4,2.1,4.0,20.1,12.9,34.2,6.1,-0.0427,0.1176,-0.3106,-0.3377,0.1155,-0.3751,0.2112,-0.7403
5.2,4.4,1.7,3.9,3.5,9.0,6.6,41.3,22.7,-0.3157,0.9078,-0.0253,0.053,0.119,0.0479,0.1364,0.0616
5.2,3.8,1.1,4.7,2.1,17.4,15.6,4.9,38.4,-0.0334,0.4832,0.0225,-0.4739,-0.279,-0.4096,-0.3189,-0.4161
5.2,4.7,4.4,3.6,1.4,6.6,21.7,12.0,4.7,-0.7801,0.3536,-0.1266,0.0935,0.1844,-0.0082,0.1541,0.4154
5.2,1.7,1.5,2.5,3.7,9.1,7.4,35.6,35.5,0.0251,0.9725,0.1638,-0.0134,0.0451,0.0068,-0.0468,-0.0059
5.2,3.8,2.5,1.2,3.5,2.4,2.4,22.1,29.4,0.4945,0.5621,0.2783,-0.316,-0.2865,0.3239,0.1454,0.199
5.2,2.0,1.3,1.7,3.7,19.8,10.1,20.5,7.1,0.1839,0.0606,-0.0755,-0.2481,0.0374,0.2638,0.1317,0.8816
5.2,4.3,3.3,4.8,4.7,16.0,11.9,40.8,20.5,0.2391,0.3673,-0.1641,0.473,-0.0062,0.4408,0.0023,-0.5819
5.2,3.1,2.1,2.0,3.5,4.0,18.9,6.7,30.9,0.0378,-0.1123,0.2771,-0.102,-0.0999,-0.8061,-0.2895,0.3565
5.2,1.7,4.4,4.3,3.8,12.0,16.4,20.2,27.1,0.0374,0.5836,0.3631,0.312,-0.3636,-0.3122,-0.1262,0.4069
5.2,4.2,2.1,2.8,3.4,13.0,9.3,38.7,18.0,0.2801,0.6447,-0.1349,0.1211,-0.0612,-0.0972,-0.0349,0.2964
5.2,1.3,2.5,2.0,2.3,9.0,8.4,38.2,24.4,0.0595,0.9853,3.7375e-05,-0.0002,3.6874e-05,-0.0001,-0.1125,0.0061
5.2,1.2,2.7,1.4,2.5,7.7,12.5,27.6,9.8,-0.4663,0.652,-0.2878,0.0122,-0.0735,-0.0894,-0.367,-0.3091
5.2,1.8,1.3,2.1,1.5,14.2,7.0,37.9,31.1,0.4728,0.4056,0.2227,-0.1252,0.2262,-0.1252,0.347,-0.5766
5.2,1.7,1.4,1.7,4.7,3.5,12.1,36.4,10.1,-0.1251,0.6637,-0.5725,0.1337,-0.1252,-0.2109,-0.3204,-0.1257
5.2,1.9,3.0,1.7,4.3,9.3,4.9,14.0,42.3,0.2407,0.9503,-0.0569,-0.1146,-0.0307,0.1059,0.0136,0.0085
5.2,4.8,4.8,2.3,4.8,6.8,6.0,34.0,18.9,-0.0366,0.8639,0.4364,-0.0361,0.1042,0.0565,-0.1599,-0.0561
5.2,4.4,3.0,3.2,2.1,9.3,2.6,42.7,7.7,-0.1335,0.9719,0.0134,-0.0813,-0.1027,-0.0335,0.0534,0.0098
5.2,1.6,1.7,3.2,4.4,21.8,16.2,30.2,43.2,0.1372,0.1195,-0.4609,-0.3929,0.3725,-0.4224,0.3402,-0.3672
5.2,3.6,3.0,3.1,2.3,14.3,18.3,6.1,11.4,0.5577,0.2999,-0.363,-0.0322,-0.5214,0.2358,-0.1616,-0.3134
5.2,3.9,3.5,1.2,4.3,15.0,15.0,31.6,11.0,0.1567,0.4495,-0.6588,-0.1351,-0.1726,-0.3612,-0.2069,-0.3046
5.2,1.8,4.6,3.6,4.0,13.3,9.0,16.1,14.6,-0.5526,0.7321,-0.2114,-0.0995,0.0841,0.0751,0.195,0.1869
5.2,3.4,3.0,2.6,4.7,20.4,12.2,23.7,9.7,0.0889,0.6207,-0.2917,-0.0855,0.3885,0.0069,0.5814,0.0999
5.2,4.2,4.0,4.0,3.2,3.6,17.9,35.5,38.2,-0.2087,0.3429,-0.3799,-0.4394,0.0154,-0.4214,-0.0324,-0.5417
5.2,2.7,2.9,3.3,3.7,20.9,13.4,4.6,32.0,0.3217,0.4322,0.2949,-0.1451,0.4772,-0.3684,-0.4537,-0.1166
5.2,1.8,4.3,3.0,3.1,8.6,16.2,26.6,40.2,-0.4633,0.8564,-0.0106,-0.0018,0.0008,-0.0022,-0.1513,-0.0877
5.2,3.5,1.8,4.1,3.4,9.5,16.9,24.4,15.8,-0.0799,0.6593,-0.474,-0.3773,-0.0414,-0.3171,-0.0939,-0.2321
5.2,4.6,1.7,3.5,4.4,6.3,19.6,39.6,43.2,-0.2093,0.7597,-0.2274,0.1552,-0.2271,0.1552,-0.4065,-0.2102
5.2,1.8,3.8,4.2,1.3,6.3,3.4,40.3,10.1,-0.2025,0.4985,0.0091,0.1047,-0.0147,0.116,-0.7497,-0.3152
5.2,2.3,3.3,1.0,2.9,11.5,14.2,11.1,34.9,0.545,0.7582,0.282,-0.1798,-0.0287,-0.0117,0.0545,-0.0303
5.2,2.6,4.5,2.0,2.5,11.4,19.4,40.8,17.3,0.5619,0.6728,-0.2341,0.1848,-0.2451,0.1996,-0.0955,-0.0488
5.2,2.6,1.2,1.2,1.0,15.6,11.6,19.3,43.2,0.4718,0.6465,0.1033,-0.1201,-0.0376,0.1165,-0.4239,0.326
5.2,3.9,4.2,2.8,1.2,18.7,3.0,22.2,36.8,-0.0838,0.502,-0.0977,-0.3932,0.0659,0.4085,0.4551,0.4149
5.2,2.7,1.9,2.6,2.0,6.4,15.0,33.1,10.3,-0.5837,0.6219,-0.1756,0.1157,-0.3147,-0.011,-0.1992,-0.2759
5.2,4.6,1.6,1.9,4.0,9.6,18.2,17.6,17.9,0.3176,0.9212,-0.1836,0.0769,0.0087,0.0065,0.0389,-0.013
5.2,2.2,3.4,1.0,4.1,10.0,2.7,32.6,39.1,0.5791,0.7489,0.1257,-0.2478,-0.0034,0.1037,-0.0049,0.042
5.2,4.3,3.5,2.5,1.6,2.7,11.9,7.6,34.7,-0.0362,0.0758,0.4947,0.1958,0.1372,-0.531,-0.12,0.5806
5.2,1.8,2.6,2.4,3.9,18.3,11.2,14.8,32.1,-0.1444,0.6706,0.6196,-0.1099,-0.0713,-0.1949,0.2329,0.0859
5.2,3.4,3.3,2.2,3.1,10.9,16.4,8.0,26.9,0.41,0.7485,0.1145,0.358,0.2835,0.1521,-0.1,-0.0628
5.2,4.2,3.4,3.5,1.4,20.9,20.6,5.0,14.7,-0.1039,0.4009,0.066,0.211,-0.0491,0.3266,-0.7294,-0.3564
5.2,4.1,1.5,1.7,4.1,7.4,10.0,31.3,19.7,-0.1956,0.9338,0.1438,0.0051,0.0523,0.0175,-0.2099,-0.0566
5.2,1.7,1.5,2.5,4.0,18.8,20.3,23.4,32.8,0.3709,0.346,0.1863,-0.3516,-0.3197,0.4932,0.3136,0.3376
5.2,4.8,1.2,1.9,4.3,9.7,3.4,34.6,8.2,0.3017,0.9101,-0.0982,-0.181,0.034,-0.1692,-0.0028,-0.0297
5.2,1.5,1.7,4.0,3.6,8.3,14.9,9.7,34.8,-0.7171,0.5458,-0.0679,-0.2203,-0.0102,0.1572,0.1396,0.2582
5.2,3.9,3.6,1.5,3.5,3.3,20.2,23.1,31.3,0.3668,0.3857,0.0447,-0.438,-0.1067,0.5227,0.3973,0.2359
5.2,1.5,3.5,2.6,3.1,13.6,15.4,34.2,15.4,-0.2149,0.5085,-0.1799,0.3836,-0.568,-0.1435,0.3736,0.0769
5.2,2.1,3.0,1.2,1.4,18.4,3.9,43.8,32.8,0.3891,-0.0556,0.0059,-0.2877,0.0687,-0.5804,-0.4885,-0.3674
5.2,4.0,4.6,1.4,3.1,18.9,7.5,21.2,35.6,0.2141,0.9185,-0.1,0.0007,0.0972,0.0005,0.2644,-0.0459
5.2,1.7,3.5,2.2,1.0,13.7,4.7,11.9,22.8,0.6628,0.465,0.3569,0.2005,0.1557,-0.3313,0.0819,-0.1056
5.2,4.9,4.8,4.2,4.2,10.5,4.9,31.4,32.5,0.4852,0.3505,0.6194,-0.1593,0.0351,0.2638,-0.1306,0.2903
5.2,3.8,1.1,1.6,1.8,2.9,12.6,31.7,40.6,0.1707,0.2307,-0.2319,-0.3373,0.3659,-0.236,0.5912,-0.425
5.2,2.8,3.2,1.4,4.5,4.2,11.7,21.9,23.8,-0.1198,0.5191,0.2777,0.133,-0.2779,-0.1332,0.6227,0.3391
5.2,1.2,1.2,3.2,4.3,8.7,10.9,31.7,25.1,-0.4562,0.8685,0.0322,0.0004,-0.0009,0.0053,-0.117,-0.0653
5.2,4.6,4.1,4.3,4.7,3.3,14.0,8.8,39.8,0.0728,0.1603,-0.16,-0.4254,-0.4316,0.0848,-0.7293,0.1382
5.2,4.9,1.4,3.2,4.6,4.9,7.8,10.6,16.8,-0.4435,0.5785,0.1986,0.4326,0.0107,-0.3317,0.0903,0.3216
5.2,3.1,1.8,4.2,1.4,4.7,15.7,42.0,42.8,-0.0293,0.3329,-0.2527,0.0419,-0.3736,0.1387,-0.7132,-0.3547
5.2,1.2,2.3,2.9,2.7,18.4,13.3,29.9,37.9,0.0116,0.3455,0.0282,-0.5527,0.4605,0.1494,0.5262,0.1887
5.2,4.2,3.1,2.1,3.2,2.3,6.9,32.2,26.3,-0.0321,0.0866,0.1275,-0.2306,0.3244,-0.0766,0.792,-0.3905
5.2,3.5,3.7,1.5,2.4,5.6,3.4,10.1,18.9,-0.0442,0.4135,0.3753,0.4518,-0.001,-0.455,0.0063,0.5087
5.2,2.7,3.4,2.1,2.5,17.0,6.8,39.7,19.4,0.2297,0.9096,0.2048,0.0476,0.2106,0.0426,-0.1069,-0.0241
5.2,4.3,3.7,3.1,1.1,20.5,2.0,23.2,28.0,-0.1154,0.2223,0.1569,-0.2288,-0.1848,0.2441,0.5346,0.6773
5.2,2.3,2.7,4.4,3.0,6.0,21.5,35.1,14.3,-0.6188,0.4536,-0.026,0.303,-0.0709,0.2797,-0.1789,-0.4369
5.2,3.3,1.4,1.2,4.8,3.3,2.9,28.2,11.8,0.1344,0.3479,-0.5796,0.4415,-0.2799,-0.4116,-0.207,0.1247
5.2,2.5,1.9,1.3,3.6,20.2,8.2,25.6,31.9,0.1204,0.4702,0.083,-0.1386,0.3182,-0.0586,0.7259,-0.2577
5.2,3.3,4.6,4.7,1.5,4.1,2.8,43.3,42.6,0.0066,0.107,-0.0357,0.1251,-0.1478,0.2915,-0.8602,-0.3013
5.2,4.4,2.7,2.0,4.3,11.2,4.1,34.9,15.7,0.539,0.498,-0.4383,0.3698,-0.0193,-0.1865,-0.0875,0.2388
5.2,1.2,3.2,4.1,3.1,2.7,10.2,26.5,6.4,-0.0038,0.0975,-0.0263,-0.2481,0.2574,0.0199,0.9092,0.1334
5.2,3.6,3.2,3.0,1.4,2.5,18.5,9.9,33.1,-0.3521,-0.0678,0.2926,-0.0001,-0.4246,-0.4472,-0.4501,0.4255
5.2,1.2,3.1,4.6,2.6,11.8,14.5,32.6,12.2,-0.3391,0.0334,-0.3347,-0.0463,-0.4181,-0.5769,0.4769,-0.0582
5.2,1.7,3.9,3.4,2.5,14.6,8.5,11.0,43.6,0.2483,-0.2157,0.0225,-0.0459,-0.0297,-0.0258,-0.629,-0.6674
5.2,4.8,4.7,1.2,3.5,18.0,21.2,13.6,11.8,0.2038,0.0845,-0.2724,0.6197,0.4052,0.3004,-0.2724,-0.358
5.2,3.7,2.5,2.4,2.3,8.5,2.1,29.2,29.1,-0.1552,0.9786,0.0008,0.0092,-0.006,0.0064,-0.0846,-0.0149
5.2,4.4,4.8,3.5,2.9,19.9,21.7,8.1,31.7,-0.1674,-0.0779,0.1939,0.0539,-0.3222,-0.56,-0.6641,0.2
5.2,2.6,4.9,2.4,3.1,3.5,20.5,15.4,34.7,-0.1788,0.4852,0.0171,-0.5111,-0.25,0.434,-0.0955,0.4393
5.2,2.2,2.8,3.0,2.4,8.1,8.8,5.6,34.5,-0.6909,0.4963,0.0607,0.0613,-0.0284,-0.0527,0.2716,0.4057
5.2,1.4,3.9,1.5,1.7,3.4,2.5,4.3,42.6,0.3897,0.4834,-0.429,-0.0233,-0.4996,0.0518,-0.373,-0.1484
5.2,3.4,2.1,1.6,3.9,13.9,8.1,15.7,19.0,0.2944,0.9268,0.1816,-0.0129,-0.0716,-0.0116,0.0399,0.003
5.2,2.6,4.1,3.2,1.5,5.4,11.6,35.7,18.1,-0.059,0.3569,-0.0974,0.455,-0.2634,0.3961,0.2868,-0.5566
5.2,1.4,1.8,1.4,2.0,13.6,19.5,21.6,26.6,0.4744,0.5345,0.351,0.2559,-0.3765,-0.2357,0.0985,0.2788
5.2,3.0,2.5,2.7,2.0,14.3,16.1,7.5,20.1,0.3264,0.4437,-0.1187,0.5917,0.19,0.3762,-0.1696,-0.3323
5.2,2.1,2.5,4.1,2.7,10.8,10.5,18.3,15.3,-0.2689,0.8246,-0.2804,-0.0798,0.3458,0.1023,-0.015,0.1232
5.2,2.7,2.3,3.3,2.0,9.3,21.4,24.8,9.1,-0.1241,0.9738,0.0125,-0.096,0.1121,0.0116,-0.008,-0.0028
5.2,4.7,2.2,4.5,1.9,10.2,9.0,41.4,34.0,0.2945,0.249,-0.2319,0.2681,-0.0236,0.2815,0.0458,-0.6817
5.2,4.4,4.1,4.7,4.9,7.0,5.2,7.6,41.6,-0.5817,-0.0564,-0.1357,-0.0271,0.1964,0.1584,-0.1358,0.731
5.2,1.2,4.9,2.7,4.8,14.4,12.6,5.9,39.4,0.504,0.4598,0.2453,-0.4064,0.0499,-0.3178,0.0891,-0.4193
5.2,2.4,3.2,3.3,1.5,15.4,19.9,16.9,5.1,-0.0035,0.4308,-0.153,-0.2784,0.2861,0.3822,-0.5925,0.3424
5.2,4.4,2.1,4.8,2.9,19.8,22.0,5.6,26.6,0.0986,0.0737,0.1337,-0.1792,0.2724,-0.35,-0.5836,-0.6156
5.2,1.8,4.9,3.3,3.9,18.6,12.0,29.1,27.5,0.0142,0.0378,0.24,0.3679,-0.3341,0.2206,0.6772,-0.3971
5.2,1.4,4.3,3.4,3.4,5.8,19.8,17.5,18.7,-0.3202,0.4779,0.2666,0.4416,-0.073,-0.4059,0.0648,0.4639
5.2,1.2,2.0,3.0,2.2,20.2,6.1,24.2,22.8,0.6088,0.371,0.2954,0.0451,-0.4562,0.2303,0.0103,0.3356
5.2,2.1,3.3,3.8,4.2,3.0,9.1,17.8,20.5,0.1668,0.3032,-0.0824,0.1697,0.1794,-0.1348,-0.6989,0.5278
5.2,2.1,3.3,4.5,1.6,7.9,2.5,28.3,15.2,-0.8008,0.4524,-0.065,0.1614,-0.1113,0.1018,-0.1184,-0.2693
5.2,2.6,2.0,1.3,2.2,17.9,7.8,24.1,20.2,0.5193,0.7008,0.1159,0.2504,-0.1472,0.313,0.0603,-0.1349
5.2,2.8,2.6,2.2,4.7,3.4,18.9,33.1,9.9,-0.2278,0.2286,-0.5077,0.4303,-0.4209,-0.5011,0.0054,0.0271
5.2,4.0,4.7,1.2,2.1,10.7,4.6,36.3,24.1,0.5236,0.8238,0.1679,0.0328,0.0819,0.0606,-0.0141,-0.0103
5.2,1.4,1.3,2.5,2.9,19.3,11.0,37.2,28.8,-0.3944,0.3355,0.1838,0.1829,0.385,0.3046,-0.1806,-0.5935
5.2,1.3,1.7,3.5,3.5,18.9,20.7,8.1,26.9,0.3925,0.0413,0.369,0.0393,0.4812,-0.5122,-0.3866,-0.2036
5.2,2.5,1.5,3.9,2.6,10.8,20.5,17.6,4.3,0.3473,0.7263,-0.186,-0.2853,-0.1705,0.3647,0.153,0.0004
5.2,3.8,4.4,4.3,4.2,3.9,13.1,13.6,13.5,-0.5033,0.3814,-0.3467,0.3125,0.5389,0.2025,-0.1554,0.122
5.2,3.8,2.1,3.2,2.2,4.4,21.7,42.7,26.3,0.016,0.2745,0.0519,-0.2044,0.1522,-0.3751,-0.7901,-0.2499
5.2,2.9,4.0,2.9,2.8,16.7,2.5,16.1,43.2,-0.158,0.1875,-0.1959,-0.0392,0.4421,0.5806,-0.5638,0.0473
5.2,1.8,3.1,1.2,4.3,9.5,13.0,16.9,7.5,0.4485,0.8804,0.063,-0.0864,0.0093,-0.037,0.0096,-0.0093
5.2,2.1,2.6,1.3,3.3,5.7,9.2,36.5,37.0,0.516,0.8323,0.0658,-0.0385,0.0085,-0.0022,-0.0044,0.0036
5.2,4.3,3.1,3.8,4.7,8.5,7.9,43.1,26.4,-0.3683,0.9023,0.0042,0.0294,0.0044,-0.026,0.1439,0.0672
5.2,1.2,3.6,1.4,2.4,18.6,14.9,10.3,10.5,0.1943,0.1043,-0.4422,-0.2163,-0.2441,0.4775,-0.3079,0.554
5.2,4.0,2.1,2.6,3.9,13.4,9.5,40.2,20.2,0.4635,0.8585,-0.0807,0.0257,-0.1115,0.0468,0.0754,-0.0507
5.2,4.5,2.8,2.9,3.4,6.1,3.3,17.1,24.3,-0.4464,0.6649,0.2226,-0.2125,-0.3057,0.1832,0.1956,0.2949
5.2,1.6,3.5,4.6,1.4,10.2,9.9,36.8,43.6,-0.0599,0.958,0.0718,-0.0067,0.0895,0.0009,0.2054,0.0048
5.2,2.0,4.9,1.8,5.0,14.9,21.5,32.5,37.6,0.1763,0.5696,-0.1565,-0.4609,0.3686,-0.3101,0.3008,-0.2434
5.2,2.7,4.7,2.1,2.6,9.0,21.2,33.9,39.5,0.073,0.9821,-0.0024,-0.1028,0.0901,0.0203,-0.0313,0.0042
5.2,2.4,2.2,2.4,3.3,7.9,11.7,20.9,34.0,0.0029,0.8505,-0.0916,-0.2303,0.0877,0.2323,0.3591,0.0742
5.2,1.9,3.7,2.6,3.9,11.3,21.1,35.8,31.2,-0.0983,0.1888,0.2384,-0.3122,0.4649,0.3286,0.4757,0.3967
5.2,4.0,4.1,4.4,3.2,11.9,12.4,18.3,38.1,0.061,0.8328,0.1431,-0.1677,-0.3405,0.1101,-0.3129,0.1051
5.2,1.6,2.1,3.1,5.0,13.2,14.7,22.8,32.6,0.2648,0.7243,0.3644,-0.1375,-0.405,0.1555,0.0658,0.211
5.2,4.0,3.6,2.8,3.7,14.0,19.4,29.2,17.3,0.0618,0.379,-0.197,0.6401,-0.371,-0.2951,0.2909,0.2695
5.2,5.0,3.3,3.1,1.6,17.0,22.0,12.4,9.8,0.0107,-0.1949,-0.2299,0.0233,0.2381,0.4363,-0.757,-0.2553
5.2,3.5,2.3,1.3,3.8,21.1,5.6,22.7,28.0,0.558,0.3216,0.2133,-0.3687,-0.2363,0.3927,0.14,0.3851
5.2,4.0,3.2,4.8,4.5,7.4,5.1,10.7,21.6,-0.7598,0.5265,0.1045,-0.1022,-0.1569,-0.0003,0.1498,0.252
5.2,1.3,3.4,4.5,3.8,20.4,6.3,15.4,16.7,-0.6331,0.497,0.1278,0.3631,-0.0038,-0.2868,0.0799,0.3182
5.2,3.3,2.6,4.1,1.5,9.0,13.3,27.4,18.7,-0.409,0.8796,-0.2001,-0.0232,-0.0056,-0.0157,-0.0683,-0.0346
5.2,5.0,1.5,4.6,3.2,20.9,12.1,13.1,9.9,-0.4992,-0.1272,-0.3377,0.0296,0.2623,0.5693,-0.244,0.3849
5.2,4.5,2.0,1.9,3.0,7.9,11.0,5.8,32.0,-0.4734,0.5221,0.1434,0.0016,-0.0464,-0.0771,0.4767,0.4667
5.2,1.2,4.7,1.0,1.5,12.3,16.4,41.1,35.4,0.5705,0.7074,0.2467,-0.1581,0.2099,-0.1327,-0.0844,-0.0352
5.2,1.5,3.2,1.3,3.0,6.3,17.4,29.4,39.7,0.142,0.2525,-0.2945,-0.3815,0.2051,-0.4083,0.3079,-0.5874
5.2,3.2,2.2,3.9,4.2,20.5,10.8,24.6,41.7,0.0155,0.217,-0.1061,-0.3358,0.3193,0.196,0.6933,0.4242
5.2,3.6,4.9,4.6,4.5,13.6,6.9,10.3,38.6,0.3061,0.8945,-0.2294,-0.1182,0.0205,0.087,0.0538,-0.005
5.2,2.1,4.5,1.6,2.8,17.8,11.6,27.4,22.7,0.7236,0.0409,-0.1057,0.3611,-0.0407,-0.2104,0.0832,0.4999
5.2,3.7,3.5,3.1,4.7,7.2,13.1,37.3,8.1,-0.3284,0.8856,-0.083,0.0444,-0.1665,0.0072,-0.2243,-0.0987
5.2,3.0,3.9,3.4,4.9,14.6,2.5,17.3,41.9,0.3704,0.3722,-0.5857,-0.1952,-0.036,0.5198,0.1596,0.0246
5.2,3.4,2.7,4.9,3.8,12.4,4.5,22.0,16.7,0.0513,0.0466,0.0371,0.0727,0.1146,-0.8086,0.4898,-0.0128
5.2,2.4,3.7,4.6,4.5,16.9,9.6,10.4,21.7,0.2124,-0.1022,-0.1198,0.3792,0.2025,0.2026,-0.5635,-0.5967
5.2,3.1,3.5,2.4,3.8,13.3,10.6,8.5,6.1,0.7663,0.3261,0.2123,-0.3011,0.0305,-0.1678,0.0662,-0.3451
5.2,2.0,1.9,3.1,4.8,5.7,18.4,14.7,43.4,-0.367,0.1253,-0.5967,0.164,0.1706,0.5822,0.0757,0.2488
5.2,1.7,2.4,4.6,2.2,5.9,12.4,41.7,18.0,-0.2484,0.4015,-0.184,0.331,0.423,0.2719,-0.4978,-0.3253
5.2,3.7,2.9,1.4,3.8,7.1,21.4,25.1,6.1,-0.0802,0.0639,-0.2798,0.0069,-0.0389,-0.4111,-0.1639,-0.802
5.2,3.7,3.6,1.3,3.9,20.0,9.7,24.6,16.5,0.0973,0.8802,-0.2945,0.0374,-0.1584,-0.0251,-0.2425,-0.0412
5.2,3.0,4.5,3.7,1.5,18.7,14.0,26.0,29.9,0.1282,0.1137,0.2949,0.0641,-0.4316,0.1658,0.791,0.1214
5.2,4.6,1.5,3.3,3.6,13.5,17.7,13.3,22.6,0.3003,0.6124,0.1817,0.4431,0.4413,-0.153,-0.2489,0.1011
5.2,3.0,2.2,2.7,1.3,3.2,18.7,25.7,17.3,-0.2543,0.4209,-0.2603,0.366,-0.5731,-0.2291,0.3841,0.0651
5.2,1.5,3.6,2.6,2.3,20.9,20.6,26.6,15.1,-0.3863,0.157,-0.3652,0.2291,-0.5917,-0.412,0.2934,-0.08
5.2,2.5,1.2,3.6,3.7,3.2,4.6,23.8,25.6,0.2956,0.2057,0.3364,-0.1868,-0.4691,0.3105,0.4165,0.4589
5.2,2.9,3.2,1.3,2.4,6.1,11.6,10.4,20.9,-0.1145,0.0799,0.2357,0.2883,0.0648,-0.3062,-0.1724,0.8201
5.2,2.2,1.4,1.5,4.1,17.6,17.7,36.2,31.0,-0.069,0.4927,0.1047,-0.448,0.5874,0.1857,0.3201,0.1162
5.2,3.7,4.7,1.2,3.2,4.9,13.0,16.9,40.2,-0.2354,0.3614,-0.365,-0.1973,0.1678,0.2672,0.3762,0.6006
5.2,2.2,2.8,2.5,4.0,7.4,7.5,39.9,39.0,-0.2204,0.4714,0.067,0.2925,0.0669,0.2927,-0.4834,-0.4837
5.2,4.3,4.7,1.2,3.3,2.9,10.6,6.9,33.7,-0.2226,0.6484,0.3696,0.0426,-0.1858,-0.1274,0.4398,0.2979
5.2,4.0,3.8,2.1,4.4,20.2,2.1,37.6,18.5,0.0255,0.5059,0.2082,0.467,0.0593,0.4812,-0.0868,-0.4703
5.2,3.0,4.7,4.4,4.7,15.7,16.1,30.7,14.9,-0.2579,0.2409,-0.4035,0.4754,-0.4814,-0.3231,0.3156,0.1751
5.2,4.9,3.1,4.0,2.2,12.5,8.3,22.8,23.5,0.4269,0.8706,-0.0045,-0.0019,0.0007,-0.0037,-0.1895,0.0958
5.2,1.7,5.0,4.6,3.1,14.9,14.5,7.3,20.7,0.1259,0.3543,-0.0136,0.5488,0.3152,0.3688,-0.3215,-0.45
5.2,5.0,1.4,1.1,3.5,3.4,6.3,39.3,27.6,0.3016,0.5046,0.1864,-0.4011,0.247,-0.4177,0.0197,-0.4439
5.2,4.4,3.1,1.0,3.0,11.5,16.4,13.6,37.8,0.6544,0.7048,0.1701,-0.1826,0.0198,-0.0426,0.0217,-0.0371
5.2,5.0,4.5,1.5,1.0,12.1,19.4,33.3,27.0,0.5916,0.7578,0.1075,0.1367,-0.1585,0.1019,0.0123,-0.0049
5.2,2.5,4.6,3.5,5.0,17.4,17.8,35.1,36.2,-0.0551,0.5132,0.0583,-0.4811,0.3941,-0.3138,0.3611,-0.3043
5.2,3.3,1.8,2.4,1.2,6.9,5.5,37.9,21.0,-0.2647,0.752,0.2733,-0.2015,0.2832,-0.2004,-0.2269,-0.2401
5.2,3.6,4.1,3.4,4.2,18.2,19.4,41.9,23.4,0.2627,0.5382,0.373,0.2446,0.4907,0.158,-0.2779,-0.2787
5.2,4.1,4.9,2.0,1.9,8.0,10.1,36.2,33.1,-0.0371,0.9887,0.0273,-0.0044,0.0076,0.0003,-0.1093,-0.0047
5.2,3.2,1.4,3.8,1.2,10.8,16.2,23.2,22.4,0.1078,0.8972,-0.0843,0.2976,-0.0486,-0.2566,-0.0011,0.0823
5.2,3.3,2.2,3.8,1.6,10.4,7.9,8.0,6.6,0.1568,0.9786,-0.0548,-0.0343,0.0092,0.0219,0.0169,-0.0022
5.2,1.6,2.0,4.5,1.9,3.2,8.2,12.2,16.9,-0.7329,0.6112,0.057,0.0895,-0.018,-0.0591,0.1284,0.1752
5.2,1.3,2.7,3.1,3.2,10.8,11.9,19.4,11.4,-0.0512,0.5311,-0.2314,-0.4212,0.2604,0.4252,-0.0968,0.4486
5.2,3.8,1.4,1.1,1.1,6.0,2.7,18.5,40.1,0.1737,0.702,-0.3862,0.2038,0.1348,0.159,0.3526,-0.1222
5.2,1.4,3.5,1.2,3.8,19.0,4.3,28.9,24.4,0.4806,0.4192,0.4809,0.2573,-0.0274,0.4665,-0.0222,-0.2371
5.2,3.0,1.9,4.5,2.1,4.1,2.8,11.7,25.8,-0.399,-0.1493,0.2863,0.0393,-0.363,-0.2506,-0.4916,0.5341
5.2,2.0,2.9,3.8,1.7,3.9,13.3,27.0,35.5,-0.4471,0.2504,0.4109,-0.3107,0.4907,0.3812,0.2207,0.0261
5.2,1.7,1.6,3.4,3.3,9.3,12.7,36.4,12.9,-0.0895,0.9192,-0.1563,-0.2275,-0.0699,-0.2123,-0.0326,-0.0689
5.2,1.5,2.2,1.7,2.1,9.1,2.6,26.6,18.9,0.0776,0.9881,-0.0309,0.0135,-0.0036,0.0003,-0.045,0.0018
5.2,2.2,5.0,3.0,2.8,14.9,9.1,20.2,32.7,-0.352,0.5989,0.0965,0.083,-0.1049,-0.0811,0.5602,0.3729
5.2,3.2,2.2,3.5,3.0,18.6,9.2,40.1,33.1,-0.1365,0.7333,0.044,0.09,0.2144,0.0468,-0.5784,-0.1277
5.2,3.5,4.4,3.9,3.4,3.5,11.7,15.5,40.1,-0.2469,0.0389,-0.1888,-0.3641,-0.1071,0.3034,-0.2695,0.7561
5.2,4.0,4.8,5.0,4.2,6.3,16.9,13.3,40.0,-0.6837,0.2346,-0.4526,0.0238,0.0215,0.2983,0.128,0.386
5.2,4.2,4.2,2.2,1.6,12.4,10.1,32.8,11.7,0.8129,0.1613,0.1351,-0.2061,-0.0091,0.1138,-0.0394,0.4403
5.2,3.5,2.9,3.8,4.7,4.5,5.4,23.8,15.8,-0.182,0.1732,-0.0373,-0.1979,-0.318,-0.6022,0.5254,-0.3242
5.2,4.4,3.1,4.2,2.3,13.5,21.7,43.3,8.8,0.6487,0.4264,-0.2448,-0.0866,-0.3793,0.115,0.1102,-0.3694
5.2,4.0,3.6,2.2,1.9,16.8,2.2,15.7,15.7,-0.08,0.4611,-0.2103,0.3742,0.5037,-0.2254,-0.3979,0.3446
5.2,2.7,2.5,4.7,4.0,8.1,13.2,5.0,32.9,-0.3517,-0.0746,0.0186,0.0395,-0.0409,-0.0771,-0.2475,0.8677
5.2,4.5,1.5,2.0,2.8,16.6,11.5,28.7,24.8,0.3439,0.0189,0.1383,0.4934,-0.3201,-0.2548,0.5,0.4077
5.2,1.2,3.5,1.9,2.9,6.4,15.3,31.2,27.2,-0.4347,0.2838,0.5569,-0.04,0.0729,0.348,-0.2278,-0.4614
5.2,3.2,2.6,1.1,2.3,2.6,9.3,20.1,26.2,0.0106,0.0121,0.0241,0.0444,-0.0218,-0.0456,0.4217,0.8837
5.2,3.3,3.1,3.3,3.2,15.5,19.3,38.4,19.0,0.1107,0.5637,-0.0391,0.4851,-0.0396,0.4843,-0.0045,-0.4214
5.2,4.4,3.5,1.1,3.4,4.0,7.6,26.5,30.4,0.3361,0.3682,0.0538,-0.1494,0.1877,-0.1504,0.5289,-0.5954
5.2,3.1,3.3,2.2,1.6,5.1,2.8,32.4,24.6,-0.5013,0.2027,0.2993,-0.0903,0.5194,0.1999,0.0685,-0.5206
5.2,2.2,1.3,4.9,3.7,7.9,15.1,14.1,40.2,-0.7157,0.6131,-0.1352,0.0845,0.0612,0.1262,0.1507,0.1743
5.2,1.2,4.7,4.3,4.8,7.0,19.7,28.6,11.0,-0.4943,-0.038,-0.3478,0.0485,-0.4512,-0.3333,0.3287,-0.4314
5.2,4.3,1.6,1.5,4.5,9.0,11.5,14.2,35.1,0.3094,0.944,0.0697,-0.0185,-0.0188,0.0022,0.0279,-0.0074
5.2,2.5,2.0,2.6,2.3,7.1,7.6,34.2,4.6,-0.5753,0.6703,0.0691,0.1051,0.0357,0.0952,-0.3065,-0.2866
5.2,1.7,3.6,3.0,2.0,16.5,6.9,25.6,24.0,0.6892,0.0303,0.1883,0.0364,-0.0598,0.289,-0.0128,0.6051
5.2,1.7,1.7,3.3,3.8,11.8,7.8,7.2,34.0,-0.1953,0.2461,0.3203,-0.1363,-0.5373,-0.1888,-0.6316,0.0885
5.2,2.4,2.2,4.9,3.3,20.6,3.4,20.9,10.1,-0.1617,0.236,-0.2049,0.27,0.2274,-0.2744,0.3314,0.7422
5.2,2.4,2.3,4.5,3.5,19.4,19.1,38.4,40.3,-0.0636,0.5247,-0.3078,-0.3795,-0.3088,-0.3791,-0.0378,-0.4657
5.2,3.9,4.2,1.3,4.7,17.5,15.1,16.2,5.6,0.3284,0.3352,-0.2735,-0.3433,-0.1999,0.4447,-0.2323,0.5276
5.2,2.2,3.7,2.8,1.4,2.7,20.7,37.8,19.3,-0.0959,0.5506,0.2515,0.4279,0.1505,0.4382,-0.1286,-0.4361
5.2,4.7,2.9,1.2,1.1,11.5,11.6,30.5,34.3,0.7038,0.5514,-0.1105,0.3258,-0.0068,-0.1749,-0.0036,0.1242
5.2,1.8,1.6,4.4,3.5,11.2,9.1,20.9,32.3,-0.3915,0.4583,0.1078,0.0028,-0.1428,-0.3375,0.4717,0.3864
5.2,2.5,1.9,3.1,4.7,3.6,4.5,29.6,25.5,0.0863,-0.169,0.549,-0.0342,0.006,0.7584,0.2331,-0.0267
5.2,2.4,3.5,2.2,1.5,5.1,20.8,43.6,33.8,-0.0057,0.0508,-0.0625,0.0371,-0.1722,-0.4738,-0.6583,0.4926
5.2,1.3,3.9,4.0,2.4,10.9,17.4,14.9,36.5,-0.2452,0.6125,0.1871,-0.3574,-0.5051,-0.0175,-0.3519,0.0028
5.2,1.0,1.6,4.1,3.4,17.4,13.4,40.4,12.8,0.0147,0.5112,-0.429,0.1571,-0.4857,0.1752,-0.1879,-0.454
5.2,3.6,2.3,1.3,3.9,17.4,6.7,23.0,20.9,0.4714,0.7925,0.2002,0.0155,-0.2672,0.0447,0.1546,-0.0235
5.2,4.6,2.3,4.9,4.4,7.7,14.0,43.9,13.1,-0.7765,0.4098,-0.0511,0.0169,0.074,0.0255,0.1881,0.3919
5.2,1.3,1.6,1.1,2.4,4.9,3.6,40.4,37.4,0.1177,0.6125,-0.3406,-0.2541,-0.3381,-0.2592,-0.4199,-0.2171
5.2,1.9,2.9,2.4,2.9,5.2,13.1,40.4,27.7,-0.1069,0.6505,0.2771,0.0256,0.305,0.0087,-0.5698,-0.2225
5.2,2.8,2.1,3.5,2.8,7.4,22.0,35.4,15.9,-0.478,0.7845,0.1055,0.1493,0.0669,0.1373,-0.2362,-0.1799
5.2,2.9,4.9,2.9,1.9,12.1,18.8,24.2,25.9,0.4691,0.7084,0.194,0.2743,-0.2745,-0.2216,0.0066,0.1599
5.2,1.2,2.0,4.8,1.0,19.0,9.2,23.3,6.3,-0.1194,0.1249,0.0338,-0.0538,0.0611,0.0528,0.7001,0.6723
5.2,4.6,1.9,4.5,1.1,3.2,7.8,37.5,11.6,-0.6718,0.2446,0.0007,0.0505,0.001,0.0504,-0.2309,-0.6457
5.2,3.8,2.0,2.6,3.8,9.5,11.0,18.6,9.6,0.1832,0.9571,0.0287,-0.0792,-0.1668,0.0612,-0.0305,0.0172
5.2,1.8,3.1,2.8,1.7,9.7,9.0,18.2,41.4,0.0539,0.9923,0.0222,3.5133e-05,-0.0091,-0.0009,0.0063,0.0007
5.2,3.8,3.2,2.7,4.7,15.5,2.6,36.2,27.3,-0.1911,0.2166,0.2783,-0.1897,0.5676,0.4224,0.4686,0.151
5.2,3.4,5.0,2.7,5.0,8.4,19.9,34.4,5.3,-0.1142,0.985,0.0006,-0.0171,0.0172,-0.0093,-0.0785,-0.0102
5.2,4.7,2.2,4.9,4.7,7.8,9.8,6.2,40.5,-0.7378,0.2105,-0.0074,-0.0103,0.0004,0.007,0.1595,0.6006
5.2,3.2,4.2,4.9,3.9,20.1,11.6,18.6,34.0,-0.1189,0.6463,0.3918,-0.2068,-0.4389,0.1913,-0.1654,0.306
5.2,3.0,2.1,3.6,1.4,5.9,15.1,20.6,43.6,-0.3742,0.5876,-0.2289,0.0283,0.2354,-0.0295,0.4814,0.4004
5.2,3.4,1.3,2.3,2.7,14.5,12.5,38.6,25.0,0.3963,0.5015,-0.051,0.3618,-0.0267,0.3631,0.2667,-0.4752
5.2,1.6,3.7,1.5,2.0,21.3,4.5,26.9,13.2,-0.2537,0.1262,-0.2788,0.1194,-0.6486,-0.34,0.4793,-0.1701
5.2,4.6,1.7,3.9,4.8,12.4,15.9,30.4,6.2,0.3007,0.6018,-0.1921,-0.4722,0.4488,-0.1167,0.2341,-0.0662
5.2,4.9,4.3,3.9,1.7,18.9,6.6,19.3,30.6,-0.397,0.0526,0.031,-0.1275,-0.042,0.124,0.0583,0.8832
5.2,1.8,3.4,4.0,2.5,13.5,9.7,9.1,38.9,0.6066,0.5561,0.3449,-0.1762,0.0615,-0.1211,0.1757,-0.287
5.2,3.2,3.0,4.1,4.4,2.9,10.0,4.2,20.6,0.0785,0.1092,-0.0497,0.3512,0.1229,0.3167,-0.3008,-0.7953
5.2,1.8,1.7,4.9,1.1,12.8,2.1,37.6,6.9,0.2827,0.4767,-0.2882,-0.1112,-0.2896,-0.1112,0.4831,-0.4943
5.2,1.7,1.7,2.4,1.8,13.1,4.3,38.8,16.2,0.2616,0.4264,-0.2706,0.3853,-0.2773,0.3886,-0.0102,-0.5254
5.2,3.0,1.2,2.3,2.4,10.0,20.2,35.0,20.7,0.1647,0.9231,0.0149,0.174,-0.264,0.0486,0.0788,-0.0184
5.2,4.6,2.1,3.9,4.4,14.4,21.6,42.9,6.7,0.451,0.6181,-0.3009,-0.2093,-0.4672,-0.0651,-0.1095,-0.1694
5.2,4.9,3.6,1.9,2.5,14.3,15.5,8.1,20.2,0.5946,0.5644,-0.2473,0.4008,-0.0275,0.2281,0.0219,-0.2011
5.2,2.3,1.4,3.4,4.1,20.5,9.4,7.6,29.4,0.0261,0.1497,-0.0002,0.2196,0.2322,-0.066,-0.8816,0.2595
5.2,2.7,1.5,4.3,4.7,13.6,2.2,37.2,18.9,-0.102,0.5708,-0.0407,0.4966,-0.1864,0.4497,0.1198,-0.3857
5.2,3.3,1.9,2.1,4.6,10.3,5.4,40.2,11.2,0.3161,0.8969,-0.1459,-0.0177,-0.1775,-0.0222,0.0512,-0.031
5.2,4.3,1.0,1.2,4.1,8.2,9.3,30.9,34.2,0.3014,0.9481,-0.0013,-0.0007,-0.0003,-0.0002,-0.048,0.0146
5.2,3.0,1.3,2.6,4.4,6.8,18.9,40.2,25.9,-0.0725,0.8008,0.2466,-0.1572,0.2459,-0.157,-0.3824,-0.1395
5.2,2.8,2.2,1.2,3.0,20.6,3.1,32.9,12.3,-0.0501,0.4926,-0.0858,0.4273,-0.6094,0.0489,0.3944,-0.0981
5.2,1.9,3.3,3.1,2.7,2.5,3.9,28.4,35.8,-0.2287,0.4154,0.1604,-0.5052,0.4955,-0.1847,0.3821,-0.2137
5.2,4.9,2.6,1.4,1.4,8.3,15.4,13.8,36.3,0.192,0.9729,-0.068,-0.0175,0.0327,0.0199,0.0501,-0.0065
5.2,3.9,1.9,1.5,2.8,13.2,11.4,41.6,37.8,0.5117,0.7966,0.2301,-0.1182,0.0016,-0.0557,0.0834,-0.0555
5.2,3.4,3.9,2.3,3.5,20.6,11.0,32.3,16.8,0.3796,0.595,-0.4686,0.4061,-0.0076,-0.2053,-0.0704,0.1913
5.2,4.5,4.3,4.8,1.5,8.2,12.1,8.5,22.1,-0.7436,0.6093,-0.0109,-0.0015,0.0006,0.0023,0.156,0.1954
5.2,1.4,1.3,4.5,1.9,18.5,5.4,11.7,21.4,0.3389,0.0188,0.4953,0.1865,0.2641,-0.6431,-0.0606,-0.2596
5.2,1.2,3.4,4.3,3.6,20.0,2.8,33.8,7.1,-0.2823,0.1273,-0.3556,-0.0618,-0.5058,-0.3006,0.5776,-0.2718
5.2,3.8,2.7,2.2,4.6,8.1,13.8,32.5,23.0,-0.088,0.9844,0.0542,-0.0193,0.0019,0.0061,-0.1009,-0.0102
5.2,2.8,3.7,3.7,2.2,15.8,8.6,18.4,35.9,-0.2389,0.9426,0.0704,0.0235,-0.0494,-0.0218,0.1187,0.0435
5.2,2.4,1.0,1.8,4.3,17.0,18.9,12.2,6.8,0.3328,0.3268,-0.4263,-0.3845,-0.2775,0.4473,-0.187,0.3591
5.2,1.1,5.0,3.4,2.1,16.1,7.4,22.1,10.5,-0.0467,0.0348,0.0011,0.068,0.0049,-0.0705,0.4744,0.8614
5.2,4.0,1.4,1.3,3.6,10.3,19.8,18.5,32.1,0.5065,0.8259,0.2005,-0.0342,-0.1005,-0.0108,0.0376,0.0007
5.2,4.0,1.5,3.7,1.7,18.4,14.9,8.4,17.2,-0.1969,0.2976,-0.3278,0.441,0.4763,0.3166,-0.4217,-0.2203
5.2,3.8,3.9,1.6,1.1,5.4,4.4,13.8,7.2,-0.4717,0.4992,-0.1091,0.3417,0.2407,-0.2925,0.2009,0.4489
5.2,2.5,4.7,4.6,3.4,17.1,12.3,11.3,22.2,0.0562,0.1322,0.1065,0.4628,0.4324,0.0075,-0.7383,-0.0551
5.2,2.2,1.6,1.5,1.5,18.2,13.2,22.0,32.5,0.1953,0.6047,0.3848,-0.056,-0.4306,0.0977,0.4525,0.1455
5.2,3.9,3.6,2.5,3.7,14.3,2.2,24.6,32.6,0.5151,0.1164,0.3803,0.0496,-0.2522,0.6778,0.0992,0.0395
5.2,2.2,4.9,3.1,2.4,15.2,8.9,19.3,23.3,0.5198,0.5665,-0.0518,0.0406,0.0531,-0.0404,-0.4467,0.4253
5.2,1.7,1.5,2.0,2.1,14.7,2.7,38.9,32.4,0.355,0.5122,0.3921,-0.2136,0.3921,-0.2136,0.059,-0.4333
5.2,4.6,3.9,4.2,2.8,10.0,7.6,32.7,15.5,-0.1295,-0.021,-0.1304,0.2453,-0.2545,0.0983,0.7135,-0.4194
5.2,1.5,1.4,1.2,4.9,8.0,12.9,25.7,40.9,0.4802,0.5078,-0.0524,-0.1014,0.1693,-0.1734,0.4337,-0.4567
5.2,3.2,1.7,3.9,4.2,11.3,19.9,43.0,39.3,0.119,0.7099,0.0635,-0.4738,-0.1926,-0.369,-0.1198,-0.2127
5.2,1.8,1.1,2.3,2.6,7.2,9.0,16.4,7.4,-0.5028,0.7527,-0.0011,0.0012,0.0009,-0.0006,0.3384,0.2298
5.2,2.4,4.6,1.9,2.7,19.4,3.9,16.3,42.1,0.0798,0.0876,-0.4202,0.2737,0.3892,0.6302,-0.2177,-0.2355
5.2,1.6,3.1,1.6,2.4,4.1,4.2,31.6,10.5,-0.2146,0.3277,-0.285,0.3087,-0.6142,0.0727,0.3691,-0.3626
5.2,5.0,2.5,1.7,4.7,2.4,15.4,42.4,15.8,0.5112,0.4692,-0.1344,0.3878,-0.1879,0.4478,-0.1507,-0.2529
5.2,2.3,2.4,1.7,2.9,16.7,7.9,41.9,18.8,0.299,0.8912,-0.0081,0.1064,0.2382,-0.1114,-0.1081,0.0534
5.2,3.7,3.7,3.5,1.2,11.1,17.3,20.7,31.3,0.1965,0.8704,0.1494,0.2178,-0.1494,-0.2178,-0.1838,0.1241
5.2,2.3,4.5,1.3,3.0,14.7,2.1,42.0,17.2,0.6676,0.3027,-0.091,0.3551,-0.1436,0.4489,-0.1591,-0.1618
5.2,2.6,3.2,2.6,1.3,8.0,19.4,25.7,28.8,-0.6444,0.6296,0.041,-0.0418,0.0747,0.0502,-0.2624,-0.2843
5.2,4.1,3.8,3.7,1.4,14.4,4.1,11.7,34.2,-0.1543,-0.0283,0.3437,-0.1497,-0.4544,-0.2878,-0.7135,-0.0634
5.2,2.7,4.4,1.1,1.3,19.2,16.0,38.6,10.8,-0.1074,0.4008,-0.3262,-0.1294,-0.4819,-0.1421,-0.35,-0.5438
5.2,4.2,3.3,4.2,4.8,3.5,5.4,22.9,7.3,-0.017,0.1934,-0.0967,0.2977,0.1589,-0.3382,0.5377,0.6475
5.2,2.7,1.1,2.4,1.7,16.7,20.5,31.7,22.6,0.4782,0.3531,0.3695,0.3145,-0.4392,0.3725,0.193,-0.1223
5.2,4.9,4.7,4.3,2.6,3.8,15.4,41.2,24.3,-0.1777,0.4483,0.3118,0.0369,0.3509,0.0202,-0.5577,-0.4619
5.2,1.5,3.1,2.1,3.3,16.4,6.5,38.6,14.4,-0.1831,0.2898,0.0502,0.3731,0.0378,0.3743,-0.2937,-0.6958
5.2,1.4,2.9,4.0,3.5,20.6,13.6,22.1,42.8,-0.08,0.3907,-0.2954,-0.2965,0.3652,0.273,0.3474,0.5631
5.2,4.5,3.2,3.6,4.7,6.1,9.4,22.7,36.6,-0.2649,0.4585,0.0994,-0.0456,0.3662,0.2645,0.606,0.2922
5.2,1.6,3.7,3.6,3.9,4.9,17.5,33.2,33.9,-0.3376,0.3997,0.2165,-0.4545,0.4477,-0.2676,0.2662,-0.3313
5.2,3.5,3.1,4.7,3.4,16.3,17.1,4.5,21.0,0.1371,0.5107,0.1492,0.4636,0.3491,0.3744,-0.2555,-0.3775
5.2,1.7,3.5,4.3,4.5,11.4,17.8,41.3,21.1,0.0677,0.6644,-0.0273,0.4789,0.1245,0.4386,-0.0618,-0.308
5.2,3.8,3.3,5.0,2.5,6.4,9.4,35.6,12.7,-0.6757,0.6142,-0.1047,-0.0607,-0.0375,-0.0454,-0.2441,-0.279
5.2,4.9,2.1,1.6,4.7,10.4,3.3,21.0,41.3,0.4289,0.8255,-0.0057,-0.2381,-0.0268,0.2501,0.0052,0.0712
5.2,1.2,1.7,4.6,4.3,5.2,11.1,33.4,11.6,-0.6266,0.1819,-0.38,0.1452,-0.3486,-0.4676,0.0384,-0.2156
5.2,1.7,3.5,3.3,3.1,5.5,3.3,18.3,29.5,-0.4284,0.3899,0.1555,-0.3274,-0.1797,0.3223,0.2125,0.5817
5.2,2.5,2.1,4.7,1.9,11.0,7.1,38.2,23.1,0.112,0.9591,0.0895,0.0524,0.0993,0.0517,0.1617,-0.0327
5.2,2.1,4.7,4.3,2.2,2.1,15.9,10.6,19.7,0.0163,0.283,0.0749,0.5278,0.473,-0.0918,-0.6166,0.0884
5.2,3.3,3.3,2.6,4.2,21.0,8.1,35.1,31.0,-0.6268,0.4496,-0.0395,-0.0479,-0.0183,-0.0433,-0.34,-0.5005
5.2,3.1,4.9,4.3,4.0,11.3,15.7,28.6,17.1,0.1062,0.5212,-0.5578,0.455,-0.038,-0.3285,-0.0383,0.2604
5.2,1.7,2.2,1.9,1.5,17.4,6.6,19.7,18.7,0.0033,0.8025,0.2712,0.1984,-0.2731,-0.1974,0.2987,0.1445
5.2,4.5,1.3,3.2,4.0,7.0,9.0,30.0,26.0,-0.6212,0.7116,0.0271,0.017,0.0101,0.0121,-0.2262,-0.2025
5.2,4.7,4.1,2.1,3.0,18.9,8.3,30.4,28.8,-0.0044,-0.0066,0.0023,-0.0195,0.0199,-0.006,0.8994,-0.3853
5.2,4.6,4.1,1.3,2.6,11.6,16.4,35.1,36.0,0.5763,0.7326,0.2701,-0.1978,-0.0014,0.0363,-0.0537,0.0545
5.2,3.7,2.0,1.7,2.1,21.1,2.8,23.0,13.4,0.1436,0.3584,0.0464,0.3958,0.0271,-0.5004,0.5555,0.3328
5.2,4.9,3.8,3.9,3.0,5.8,12.9,6.8,41.0,0.093,0.2351,-0.0958,-0.1613,-0.2404,0.0999,-0.846,0.3196
5.2,4.0,4.3,2.4,2.3,7.6,8.2,5.1,14.8,0.1667,0.0981,-0.048,-0.0063,0.055,0.0082,-0.4347,0.8617
5.2,2.0,3.4,1.7,1.1,11.3,2.3,4.6,20.8,0.4218,0.7434,-0.0489,0.3719,0.0526,0.3068,-0.0178,-0.1422
5.2,3.8,3.4,4.9,1.9,16.7,20.9,32.1,25.6,-0.1198,-0.0465,0.2141,0.0981,0.2728,0.3839,0.8205,-0.0553
5.2,1.7,1.8,2.7,1.3,15.9,9.2,39.2,11.3,0.0692,-0.0051,-0.016,-0.0499,0.0103,-0.0914,-0.2065,-0.9537
5.2,4.5,3.4,1.5,3.6,5.0,2.7,43.3,11.5,0.2476,0.4896,0.2019,0.2547,0.1297,0.4276,-0.5999,0.0411
5.2,1.5,2.4,2.5,3.9,16.3,12.7,33.8,29.8,-0.1321,0.2869,0.7299,-0.0086,0.0632,0.4784,-0.2012,-0.2416
5.2,4.6,2.7,4.7,1.3,6.9,16.4,29.0,34.2,-0.8016,0.2654,0.1683,-0.1429,0.2244,-0.0479,-0.0725,-0.4053
5.2,2.6,4.6,4.9,1.6,20.8,12.2,9.3,29.0,-0.0663,-0.1694,0.2029,0.1914,0.2654,-0.1857,-0.7826,0.3904
5.2,2.7,4.9,1.2,2.0,19.7,13.5,9.6,23.7,0.1859,-0.0401,0.2155,0.3497,0.3376,0.1226,-0.7394,-0.2906
5.2,2.7,1.4,3.1,1.2,4.9,7.6,19.3,8.4,-0.515,0.4152,0.0159,0.0927,-0.0167,-0.0927,0.447,0.5775
5.2,3.5,2.9,3.9,3.8,10.8,15.4,41.5,20.2,0.1951,0.7956,-0.3146,0.3207,-0.0996,0.2659,0.0637,-0.164
5.2,2.2,4.6,3.6,2.8,18.2,21.8,28.5,26.1,0.1282,-0.2345,0.2565,-0.0183,0.0017,0.6422,0.5904,0.2555
5.2,2.5,4.2,2.9,2.6,3.7,2.6,8.7,24.0,0.2359,-0.1349,0.357,-0.0342,0.2955,-0.6474,-0.5172,0.0562
5.2,1.9,2.4,1.5,2.0,20.7,8.7,30.9,43.9,0.0218,-0.0521,0.0013,0.0299,-0.0287,-0.0042,0.9591,0.0937
5.2,1.3,3.1,1.2,2.4,8.3,15.4,19.9,40.5,0.174,0.9387,-0.061,0.0321,0.1441,-0.0346,0.2103,-0.0288
5.2,1.8,2.1,2.4,1.1,21.1,9.1,12.1,23.6,0.0046,0.0275,-0.0032,0.047,0.0481,-0.0104,-0.9648,0.1864
5.2,2.0,4.9,1.2,3.6,9.8,16.5,14.0,17.1,0.4686,0.8643,-0.138,0.0743,0.0174,-0.005,0.0157,-0.0054
5.2,4.1,2.4,1.7,1.8,6.8,16.4,16.1,42.5,-0.2114,0.8892,-0.0538,0.2153,0.2144,0.1417,0.1816,0.0204
5.2,2.8,3.3,3.2,1.7,10.8,9.7,39.6,43.9,0.2544,0.9292,0.1363,0.021,-0.0221,-0.0463,0.1232,-0.0202
5.2,4.0,4.4,4.0,3.0,20.0,21.0,12.8,38.9,0.1391,0.347,-0.4162,-0.5178,-0.3121,0.3991,-0.1993,0.2931
5.2,3.3,2.0,2.7,2.3,6.8,9.8,25.7,25.8,-0.3206,-0.0589,0.0534,0.1111,-0.0274,0.0931,0.238,-0.8783
5.2,3.0,1.7,2.3,3.5,6.3,4.9,4.9,42.8,0.2682,0.3742,-0.1624,0.2565,-0.2706,0.4318,-0.6437,0.0392
5.2,1.7,4.5,4.9,4.5,10.1,9.5,17.8,30.4,-0.2452,0.2022,0.094,0.453,0.1087,-0.3839,-0.2244,0.6436
5.2,3.4,2.4,3.7,3.1,3.0,5.4,21.1,38.4,0.0481,0.7404,-0.3034,-0.2397,0.3682,0.2218,0.2152,0.2151
5.2,4.8,3.1,3.2,1.6,13.0,12.0,7.0,9.9,0.5656,0.3971,0.0514,-0.4382,-0.0801,-0.3496,0.0255,-0.4246
5.2,4.8,1.6,3.6,1.5,19.6,15.2,11.1,26.0,0.0691,-0.1978,0.1785,-0.0397,0.1573,-0.5706,-0.7393,0.0042
5.2,1.4,3.2,2.2,4.1,11.1,7.0,41.5,8.7,0.5159,0.8191,-0.1042,0.0104,-0.13,0.0292,0.1097,-0.0868
5.2,3.5,4.2,3.0,1.6,16.7,13.6,11.4,39.1,0.2137,0.2053,0.0466,-0.5968,-0.3223,-0.3029,-0.4153,-0.3948
5.2,3.9,3.3,1.2,4.0,5.2,8.9,23.4,24.2,0.068,0.6744,-0.0013,0.0047,-0.0251,0.0026,0.7143,-0.064
5.2,4.5,2.2,3.8,3.5,14.7,7.9,28.9,38.6,0.3872,0.8817,-0.1806,-0.0567,-0.0246,-0.0462,-0.0472,0.0162
5.2,2.3,2.9,3.0,3.5,4.2,11.8,31.9,14.9,-0.28,0.4438,-0.3622,0.4908,-0.4189,-0.3542,0.1039,0.1219
5.2,1.9,4.2,3.8,3.4,9.2,9.0,24.7,6.6,-0.1983,0.9677,0.0655,0.0122,0.0183,0.0064,-0.0271,-0.0088
5.2,3.0,1.3,1.1,4.2,2.3,20.7,6.0,30.6,0.6247,0.1492,0.2344,-0.0161,0.2183,-0.6046,-0.1568,0.2666
5.2,3.8,1.5,4.3,2.2,5.6,7.9,17.8,17.8,-0.3277,0.8624,0.1913,0.149,-0.129,-0.134,0.1143,0.101
5.2,3.0,3.6,1.5,2.8,4.0,16.1,31.7,39.3,0.1635,0.2875,-0.2483,-0.4015,0.2758,-0.3735,0.3873,-0.5222
5.2,2.3,1.4,3.2,2.5,12.1,13.3,22.1,40.9,0.3893,0.6549,0.1899,-0.3889,-0.0749,0.3502,-0.0769,0.2814
5.2,1.9,4.6,4.2,4.8,7.7,18.8,32.1,7.3,-0.7283,0.5165,-0.1539,0.1401,-0.2433,-0.0225,-0.1318,-0.2572
5.2,4.8,4.9,3.7,1.7,13.6,2.9,17.1,24.0,0.422,-0.0419,0.2929,-0.0042,-0.0125,-0.4742,-0.1189,-0.6563
5.2,3.4,1.8,3.6,2.9,18.5,17.7,40.6,44.0,0.2122,0.4101,-0.4388,-0.1545,-0.5013,-0.1232,-0.228,-0.4734
5.2,4.9,4.4,3.0,4.8,20.8,12.1,29.5,7.0,-0.0554,0.0128,-0.2583,-0.3633,0.255,-0.2683,0.5398,-0.5858
5.2,3.4,2.8,4.8,4.5,13.9,16.5,25.4,39.0,0.1016,0.5265,0.0031,-0.5348,0.3487,0.3379,0.2928,0.2887
5.2,2.5,3.5,2.6,1.5,7.4,11.5,15.3,25.4,-0.5029,0.8019,0.1037,0.004,-0.0197,-0.0203,0.2403,0.1556
5.2,4.2,1.5,4.9,2.2,2.7,20.3,31.1,20.0,0.0266,0.2124,0.3996,0.5514,-0.3436,0.3945,0.1904,-0.3854
5.2,4.9,4.5,3.4,3.7,9.1,13.9,12.4,26.0,-0.0331,0.9609,-0.0848,0.2016,0.0675,0.1103,0.0084,-0.0165
5.2,1.8,3.6,1.1,1.9,14.2,13.3,18.5,21.6,0.5258,0.7237,0.0277,0.0739,0.1981,-0.1608,-0.2702,0.203
5.2,1.3,1.6,1.3,2.0,9.2,8.2,4.1,42.0,0.1542,0.9733,-0.0029,-0.0027,0.0021,0.0038,0.092,-0.0099
5.2,3.8,1.1,3.3,3.2,7.5,22.0,6.5,24.5,-0.6642,0.2068,0.0949,-0.0352,-0.0846,-0.1661,0.184,0.6416
5.2,1.4,2.8,3.1,1.0,12.4,2.7,5.3,9.1,0.6637,0.3619,-0.2486,-0.0272,-0.3433,0.0565,0.1193,-0.4622
5.2,1.3,2.3,2.2,2.9,11.5,17.3,11.1,13.1,0.3495,0.3806,-0.716,-0.0891,0.0407,0.4096,0.1483,0.0345
5.2,4.1,3.9,1.5,5.0,19.8,21.7,41.6,15.1,0.291,0.4024,0.0179,0.4881,0.0179,0.4884,-0.2279,-0.4418
5.2,4.0,1.9,1.2,4.2,19.6,15.6,30.0,14.0,0.3794,0.5642,-0.4579,0.4713,-0.0931,-0.2011,-0.1077,0.1667
5.2,2.6,2.8,1.4,1.9,20.6,12.0,42.9,14.4,0.3962,0.5865,-0.1807,-0.0146,-0.2898,0.1876,-0.4933,0.2624
5.2,2.8,3.2,2.3,2.9,9.3,13.8,31.1,38.4,0.0987,0.9789,0.1367,-0.0481,-0.001,0.0064,-0.0277,0.003
5.2,4.0,1.9,4.9,4.0,8.0,13.8,14.1,28.7,-0.5472,0.8196,-0.0003,0.0053,0.0032,-0.0039,0.1155,0.0786
5.2,1.6,4.6,2.9,3.9,20.3,17.7,6.1,27.0,0.3013,0.4138,0.3912,0.0422,0.5486,-0.1611,-0.4595,-0.1732
5.2,2.1,1.1,4.2,1.9,8.0,8.9,39.1,38.2,-0.2048,0.7662,-0.0139,-0.0018,-0.0003,-0.011,-0.5646,-0.1418
5.2,4.1,2.8,2.2,4.3,5.8,3.7,29.2,21.9,-0.2217,0.2654,0.6336,0.1729,0.0353,0.3924,-0.1579,-0.4933
5.2,3.8,2.1,3.7,4.4,7.6,4.1,27.7,41.6,-0.6501,0.6686,-0.0783,0.0819,-0.1161,-0.0657,-0.1981,-0.2045
5.2,3.4,2.9,4.2,3.6,2.5,4.0,8.7,8.3,-0.092,-0.199,-0.2063,-0.0341,0.1692,0.5838,-0.7247,0.0547
5.2,1.8,3.1,1.6,3.8,18.1,16.4,8.2,8.5,0.4004,0.3755,-0.3347,-0.2089,-0.4425,0.3024,-0.4337,0.2363
5.2,2.2,4.6,2.3,4.9,17.4,14.5,29.7,12.8,-0.0392,0.4704,-0.7516,0.0535,-0.1039,-0.3223,-0.2238,-0.154
5.2,1.4,2.3,4.5,3.9,20.9,3.2,23.1,38.2,-0.1096,0.6505,-0.1132,-0.3676,0.3615,0.2989,0.3092,0.2856
5.2,4.3,1.0,3.1,3.4,8.3,16.1,8.6,8.6,-0.3242,0.9304,0.0074,-0.0209,-0.0205,-0.0088,0.1222,0.0446
5.2,2.4,2.9,1.6,3.6,17.1,7.1,11.0,10.0,0.2566,-0.2308,-0.1563,0.348,0.2477,0.1751,-0.5869,-0.5162
5.2,1.2,2.6,2.9,3.2,10.0,15.2,27.9,30.7,0.2619,0.7523,0.1745,0.3821,-0.3156,0.2068,0.1209,-0.0785
5.2,3.4,3.2,2.8,5.0,16.6,7.4,35.2,16.2,-0.3941,0.7974,0.222,0.1703,0.1088,0.148,-0.2126,-0.173
5.2,1.1,4.2,3.6,2.2,14.5,4.1,31.8,12.2,-0.1918,0.0638,-0.3379,0.1122,-0.4799,-0.1098,0.6825,-0.3198
5.2,4.1,3.6,4.7,4.8,13.5,9.0,7.7,37.8,0.423,0.8329,0.2825,-0.0335,0.0195,-0.0352,0.115,-0.0722
5.2,4.7,2.6,3.8,2.3,9.1,16.0,24.0,22.4,-0.2972,0.9142,-0.1514,0.1085,-0.0135,-0.0957,-0.1106,-0.0318
5.2,4.2,4.3,4.8,4.1,12.2,9.0,28.0,5.8,0.7596,0.4001,0.2184,-0.1213,-0.0285,0.081,-0.1642,0.37
5.2,4.9,3.2,2.0,4.3,19.3,7.1,5.7,27.9,0.2226,-0.0909,-0.0183,-0.1184,-0.006,-0.4157,-0.5497,-0.6443
5.2,3.1,3.3,2.6,2.7,18.9,17.9,37.9,24.1,0.0381,0.4136,0.3247,0.3432,0.3597,0.3461,0.0034,-0.5735
5.2,2.5,2.2,3.3,4.9,14.5,11.0,25.9,22.2,0.444,0.2573,-0.1874,0.5027,-0.0663,-0.3663,0.0972,0.5247
5.2,4.2,2.6,1.3,1.1,12.0,16.0,23.1,26.9,0.6078,0.7542,-0.0485,0.1508,0.0293,-0.1352,-0.056,0.075
5.2,1.4,4.7,2.3,2.1,18.1,20.7,32.0,8.2,-0.0958,-0.0895,-0.2696,0.0598,-0.3515,-0.6341,0.5881,-0.0477
5.2,4.3,3.4,3.2,4.1,4.5,17.7,26.7,20.4,0.1239,0.2942,0.1764,0.4029,-0.435,0.1607,0.641,-0.242
5.2,2.2,3.4,2.8,1.2,2.2,7.6,15.1,27.4,-0.1834,-0.077,0.0252,-0.0793,-0.0528,0.0644,-0.4199,0.8679
5.2,4.9,2.4,3.0,4.4,3.6,17.3,11.6,35.1,-0.1241,0.4102,0.0977,-0.528,-0.5006,0.1648,-0.4349,0.2077
5.2,3.4,3.4,3.2,1.0,12.7,6.5,6.9,37.4,-0.2796,0.5339,0.2557,-0.2793,-0.5499,-0.0993,-0.3439,0.0219
5.2,1.3,1.7,4.7,1.4,14.4,5.8,42.6,36.5,-0.4381,0.2584,0.3786,-0.1163,-0.5203,-0.3276,-0.3907,-0.0047
5.2,4.0,1.5,4.1,2.4,12.8,3.8,10.7,21.9,0.3163,0.7386,0.1461,0.3989,0.3532,-0.1519,-0.0894,0.0484
5.2,4.9,2.9,4.0,1.5,3.5,9.2,7.1,6.1,-0.065,0.2683,0.0138,-0.0518,-0.071,-0.0205,-0.9266,-0.2219
5.2,2.3,2.2,1.8,4.7,7.1,14.9,15.1,32.5,-0.0614,0.7525,0.0606,-0.3972,-0.3775,0.2698,-0.0754,0.171
5.2,1.8,3.0,4.0,4.9,10.0,18.1,33.4,43.5,0.0993,0.8059,-0.1302,-0.4076,0.2389,-0.2466,0.0935,-0.0996
5.2,3.4,4.0,2.0,3.5,15.8,21.5,8.0,39.9,0.3391,0.6158,-0.2251,-0.3531,-0.4601,0.0468,-0.3112,0.0249
5.2,1.3,1.4,5.0,4.2,17.1,9.6,41.3,8.3,-0.2434,0.2823,-0.0564,-0.2358,-0.1775,-0.2193,-0.5094,-0.6619
5.2,3.9,2.9,2.5,2.8,14.1,2.8,35.5,32.7,-0.0523,0.5131,0.2696,-0.1886,0.5162,-0.0539,0.5226,-0.2281
5.2,3.9,3.0,2.5,5.0,4.0,2.8,35.9,34.6,-0.1973,0.4907,-0.1228,-0.5012,0.0795,-0.46,-0.022,-0.4657
5.2,3.8,2.9,4.5,3.5,10.4,3.3,26.7,26.8,0.2616,0.8713,0.0894,0.2808,-0.2378,0.1084,0.0259,-0.0179
5.2,3.0,3.4,3.7,2.9,15.6,14.7,38.1,27.5,0.0201,0.401,0.3887,0.2876,0.3885,0.2878,-0.0341,-0.5881
5.2,2.0,1.1,3.1,1.6,4.2,5.9,30.8,12.4,-0.469,0.0318,-0.2672,0.2493,-0.374,0.136,0.2492,-0.6388
5.2,1.7,1.7,2.9,4.2,9.0,21.0,4.9,26.3,-0.4051,0.8225,-0.0301,0.0747,0.0967,0.0833,0.2556,0.1449
5.2,2.7,3.2,3.7,3.7,2.9,16.6,5.3,12.9,0.2104,0.147,-0.1269,0.198,-0.2947,0.5946,-0.638,-0.14
5.2,3.6,3.2,2.0,1.2,4.5,16.6,42.0,26.5,-0.0516,0.6009,0.2593,-0.0773,0.2861,-0.0983,-0.6436,-0.189
5.2,4.0,1.9,1.2,3.0,13.0,3.5,20.4,20.4,0.5632,0.6307,-0.0417,0.3187,0.0784,-0.3376,-0.0467,0.2195
5.2,1.1,4.1,2.9,4.1,8.5,19.1,39.5,20.5,-0.2443,0.9011,0.1176,-0.005,0.1161,-0.0046,-0.2758,-0.0904
5.2,3.1,5.0,1.8,4.5,17.5,18.1,42.8,35.2,0.5503,0.1327,0.137,-0.1423,0.1616,-0.6818,-0.1367,0.0401
5.2,2.9,2.2,4.2,1.3,2.9,3.3,5.9,8.5,-0.0488,0.1634,0.0169,0.0778,-0.0829,0.257,-0.8656,-0.3671
5.2,3.6,4.5,4.2,1.6,17.9,13.9,26.9,32.2,0.1347,-0.0772,0.295,0.0135,-0.3729,0.4937,0.6808,-0.0901
5.2,4.7,4.7,4.4,4.8,8.7,8.4,27.5,21.0,-0.3234,0.9378,-0.0299,-0.0123,-0.0097,-0.0066,-0.0586,-0.0219
5.2,3.2,1.4,3.3,3.5,9.9,2.5,15.0,7.5,0.1303,0.918,-0.105,-0.261,-0.08,0.2033,-0.0172,0.0515
5.2,4.7,1.2,4.4,4.8,18.0,19.7,20.6,21.5,-0.0526,0.5701,0.2403,0.4196,-0.2419,-0.4209,0.0919,0.4232
5.2,1.7,1.6,4.6,4.8,7.1,6.2,38.9,10.6,-0.5448,0.5818,0.009,0.1754,0.0065,0.1746,-0.3647,-0.3936
5.2,2.9,5.0,3.8,2.9,20.5,14.2,39.6,21.2,0.036,0.2641,0.1738,0.3988,0.1628,0.3977,-0.2357,-0.6885
5.2,3.2,1.1,3.1,3.0,14.6,21.8,40.3,19.8,0.1305,0.5924,0.0065,0.4912,0.1276,0.4602,-0.1203,-0.3596
5.2,3.9,4.3,2.1,1.6,14.3,3.5,38.4,15.7,0.255,0.4963,-0.2835,0.2788,-0.3501,0.2767,0.26,-0.4913
5.2,4.9,4.2,3.5,3.1,10.7,4.5,17.3,42.0,0.1847,0.9337,-0.1733,-0.1578,0.0518,0.1489,0.0173,0.031
5.2,4.7,3.7,3.5,2.1,8.0,3.4,22.3,7.4,-0.0266,0.8988,0.0045,0.0082,-0.0021,-0.0092,0.4187,0.0083
5.2,1.5,3.2,4.8,3.8,13.8,12.7,42.6,21.9,0.1236,0.3613,-0.0114,0.5212,0.2395,0.4176,-0.2237,-0.5261
5.2,3.1,2.0,4.6,1.3,16.8,21.9,18.8,4.4,0.1229,0.3699,-0.3597,-0.13,0.3612,0.1307,-0.4715,0.5617
5.2,3.0,3.3,3.3,2.3,20.2,4.2,7.3,32.8,-0.2094,-0.0277,0.2434,0.0576,-0.3965,-0.4969,-0.6452,0.2179
5.2,1.8,2.0,2.7,3.7,10.0,11.0,9.3,35.5,0.0585,0.9211,0.3553,-0.0226,-0.0406,-0.0246,0.0662,0.0116
5.2,4.3,1.6,2.8,4.4,19.2,12.5,29.8,33.6,0.0262,0.3472,0.5249,-0.5377,0.2385,0.395,0.044,0.2566
5.2,3.1,3.2,3.5,4.7,6.7,16.3,40.8,19.0,-0.1775,0.7315,0.1571,0.1334,0.2632,0.1027,-0.5046,-0.1939
5.2,1.3,3.5,1.5,4.3,19.1,11.7,26.2,4.0,0.6149,0.1034,0.0742,-0.4332,0.074,0.2937,0.116,0.5411
5.2,3.3,1.9,3.8,5.0,10.7,17.7,42.7,26.4,0.2436,0.8053,0.1786,0.2773,0.3224,0.2003,-0.1128,-0.1068
5.2,2.2,2.7,2.3,4.1,17.3,10.5,16.3,23.6,0.148,0.3414,0.0709,0.2555,0.3016,-0.159,-0.7167,0.3673
5.2,2.6,2.6,4.2,1.4,12.0,6.4,22.0,38.6,-0.0987,0.9114,-0.0643,-0.1774,0.2464,0.144,0.0953,0.0602
5.2,2.9,2.6,1.9,1.7,11.1,6.8,7.6,32.8,0.6166,0.7179,0.2578,0.0366,-0.0562,-0.0961,0.0755,-0.0431
5.2,2.3,5.0,1.7,2.6,4.3,19.7,30.5,5.7,0.0501,0.0157,-0.596,-0.0669,0.0649,-0.6136,0.0573,-0.4779
5.2,1.1,4.4,2.6,1.6,17.0,12.0,15.5,39.7,0.0719,0.5097,-0.036,-0.2536,-0.3684,0.0824,-0.6973,0.1153
5.2,1.5,4.9,1.5,2.8,18.8,19.4,13.0,26.7,0.2934,0.0893,0.64,0.0564,0.0217,-0.6403,0.0049,0.2296
5.2,2.6,2.9,4.5,1.3,7.3,18.9,25.0,10.8,-0.4216,-0.1913,-0.0483,-0.0374,-0.0658,-0.1549,0.3944,-0.7501
5.2,4.0,1.5,2.3,2.8,9.0,12.7,31.0,31.1,0.0638,0.9791,0.0057,0.1154,-0.1093,0.0365,-0.0183,-0.0037
5.2,4.9,3.1,1.7,4.8,2.4,19.6,22.3,42.3,0.17,0.7121,-0.3914,-0.0364,0.3942,0.0343,0.3413,0.1413
5.2,1.6,1.0,2.2,4.5,21.4,5.2,12.4,34.1,-0.1163,0.4511,0.1242,-0.486,-0.5405,0.1094,-0.4288,0.1574
5.2,3.0,2.1,3.8,3.7,19.2,13.0,5.5,33.6,0.1619,-0.0652,0.3786,0.0295,0.2048,-0.8207,-0.232,0.1224
5.2,3.8,4.8,3.4,3.4,5.7,21.7,7.4,27.1,-0.2007,-0.1184,0.0691,0.0558,-0.1801,-0.3926,-0.568,0.6407
5.2,2.2,4.0,1.1,1.3,6.7,11.9,32.7,36.4,0.2771,0.8556,0.2701,-0.2637,0.0123,0.0827,-0.0746,0.0473
5.2,2.5,1.1,3.6,4.0,7.7,6.7,33.6,32.7,-0.5527,0.7733,-0.0706,-0.1229,-0.0227,-0.0969,-0.1805,-0.1487
5.2,1.7,2.7,4.6,2.2,16.5,11.9,23.3,17.3,-0.1058,0.2902,-0.6152,0.2817,-0.0782,-0.5455,-0.1084,0.3144
5.2,2.4,4.1,1.3,4.1,10.7,13.3,20.5,29.8,0.5496,0.5272,0.1824,0.3264,-0.0442,-0.4312,0.0788,0.2081
5.2,4.2,3.7,2.2,1.8,2.2,16.5,4.3,15.1,0.2383,0.4645,-0.1603,0.3987,-0.2412,0.473,-0.4134,-0.2823
5.2,2.0,1.5,3.6,2.4,3.5,12.7,28.0,12.9,-0.4255,-0.1126,-0.4122,0.0637,-0.2198,-0.6272,0.2188,-0.3469
5.2,1.4,2.5,2.8,2.2,15.8,5.3,41.5,28.7,0.4599,0.1018,0.2119,-0.1901,0.2976,-0.2798,-0.1095,-0.6976
5.2,1.4,4.4,4.2,2.8,12.9,11.9,21.7,31.2,-0.1151,0.5443,0.3599,0.1704,-0.4119,-0.1555,0.3852,0.4093
5.2,2.5,2.6,4.0,1.8,16.8,18.2,27.8,36.2,-0.2932,0.3374,0.3148,-0.4248,0.5328,0.1758,0.4141,0.0754
5.2,2.6,2.9,3.2,1.7,16.6,10.6,10.2,11.6,-0.0075,-0.0174,-0.1351,-0.2945,-0.277,0.1219,-0.8155,0.3446
5.2,4.2,3.8,4.6,1.6,5.3,2.7,26.5,36.6,-0.2765,0.3185,0.2893,-0.3904,0.5227,-0.0915,0.4719,-0.2137
5.2,3.9,1.3,3.9,2.4,13.4,8.7,20.3,43.2,0.4437,0.736,0.0019,-0.0023,-0.0019,0.0023,-0.4155,0.258
5.2,4.0,1.5,3.2,2.1,13.3,14.1,13.7,33.4,-0.0222,-0.0095,0.5492,-0.2818,-0.3169,-0.5679,-0.1779,-0.3515
5.2,3.9,2.6,2.2,4.1,14.9,6.7,30.2,20.6,0.2423,0.755,0.3876,0.3092,0.0432,0.2953,-0.0241,-0.1375
5.2,3.3,3.4,2.5,4.5,9.6,11.1,42.4,14.0,0.1995,0.8704,-0.1122,-0.1358,-0.3299,0.0152,-0.2095,0.0111
5.2,1.9,3.2,4.5,1.4,3.8,3.3,14.3,29.0,-0.5446,-0.0428,0.2283,-0.1282,-0.2766,0.0704,-0.1929,0.709
5.2,1.3,1.2,4.2,4.8,12.3,16.1,17.6,19.8,-0.0854,0.5657,-0.0959,0.4715,0.37,-0.3262,-0.3155,0.2907
5.2,3.8,3.7,2.8,3.8,5.9,6.3,38.6,18.5,-0.0161,0.8824,0.2808,0.0816,0.2324,0.093,-0.2151,-0.0862
5.2,3.3,4.3,1.4,1.2,3.3,12.3,24.5,22.5,0.0571,0.0699,0.1536,0.2274,-0.2211,-0.1631,0.7199,0.5418
5.2,1.9,4.3,1.9,4.4,5.5,14.7,13.8,32.7,-0.0995,0.5426,0.1634,-0.5693,-0.472,-0.2269,-0.1644,-0.1302
5.2,1.8,4.9,2.9,1.7,11.5,7.2,10.5,21.7,0.4126,0.887,0.1383,0.0342,-0.0218,-0.038,0.057,-0.0238
5.2,3.1,2.9,2.2,2.9,18.1,2.4,11.5,27.7,0.1776,-0.1734,0.5291,-0.1289,-0.1549,-0.7242,-0.2158,-0.129
5.2,3.9,2.9,2.1,2.5,20.9,18.4,30.9,9.8,-0.274,-0.0677,-0.3877,0.1732,-0.3931,-0.6483,0.2189,-0.2897
5.2,4.0,2.2,1.7,1.7,18.7,11.4,22.8,4.8,0.533,0.0898,0.0076,-0.2843,0.0263,0.2618,0.0279,0.731
5.2,4.2,4.2,3.3,1.3,4.3,19.2,18.9,43.8,-0.4855,0.3376,-0.3085,0.0626,0.3422,-0.0501,0.1962,0.6142
5.2,4.8,3.8,1.3,4.5,12.6,19.7,17.1,10.9,0.5384,0.6849,-0.4242,0.084,0.1548,0.0751,0.1185,-0.0068
5.2,4.6,1.6,2.9,2.5,3.6,2.8,10.9,41.9,0.0991,-0.1574,-0.4835,-0.0367,-0.185,0.7077,-0.3325,0.2258
5.2,1.3,3.2,3.5,4.9,6.8,21.3,38.1,28.8,-0.4192,0.4773,0.209,-0.3412,0.2442,-0.3318,-0.1428,-0.476
5.2,4.9,2.7,3.3,2.1,11.1,17.3,28.0,7.3,0.2977,0.8728,-0.0695,-0.2623,0.2459,0.0455,0.0485,0.017
5.2,2.7,3.8,2.5,1.6,5.3,12.2,39.6,27.4,-0.2851,0.6413,0.1509,0.0401,0.1481,0.0404,-0.5925,-0.2994
5.2,1.9,2.2,4.2,1.5,15.9,9.5,28.5,14.7,-0.4976,-0.1055,-0.1449,-0.3523,0.0883,-0.2143,0.2834,-0.6515
5.2,4.6,2.9,3.7,3.0,16.4,20.8,40.6,8.9,0.3677,0.3885,-0.4142,0.0486,-0.4531,0.0696,0.058,-0.551
5.2,3.9,2.6,3.7,4.3,12.4,17.0,41.9,42.9,0.2917,0.659,-0.185,-0.394,-0.3083,-0.3269,-0.1212,-0.2324
5.2,3.1,3.5,4.3,3.0,5.2,17.8,26.1,4.3,0.0556,-0.0984,-0.3281,-0.1036,0.3543,-0.4216,0.6676,-0.313
5.2,3.3,1.1,2.1,4.2,14.7,13.0,27.5,33.5,0.1949,0.5861,0.6699,-0.1769,0.0865,0.2315,-0.2185,0.0365
5.2,5.0,2.4,3.0,2.5,7.6,9.2,17.8,39.3,-0.3124,0.9278,-0.0186,-0.0055,0.0105,0.0047,0.1708,0.0588
5.2,2.6,3.2,3.4,4.2,19.1,12.7,8.9,38.5,0.1343,0.215,0.0246,-0.5695,-0.3686,-0.2652,-0.4977,-0.3637
5.2,4.3,1.6,2.9,2.4,4.2,12.8,5.0,13.3,0.1798,0.4578,-0.182,0.2299,-0.3232,0.4123,-0.6149,-0.0965
5.2,2.4,1.1,4.4,3.0,3.8,20.7,20.7,36.6,-0.1169,0.4936,-0.162,-0.3448,0.0338,0.3998,0.4964,0.3797
5.2,3.1,3.3,4.5,1.3,9.4,20.8,25.5,13.5,-0.2338,0.9395,0.0364,-0.1393,0.1547,-0.0227,0.0205,-0.0058
5.2,1.2,1.5,3.6,3.5,3.2,8.7,31.9,32.0,-0.7739,0.1558,0.0177,0.0277,0.004,0.0218,-0.102,-0.575
5.2,4.9,2.6,4.2,1.4,2.4,12.0,41.3,43.3,-0.2505,0.2967,-0.1924,-0.1804,-0.233,-0.1689,-0.4841,-0.6633
5.2,2.4,4.6,4.4,1.5,16.6,2.5,9.3,40.4,0.4446,0.398,-0.3208,-0.3111,-0.5652,0.1628,-0.1823,-0.15
5.2,1.9,1.3,1.7,3.8,10.1,3.9,29.5,28.2,0.4154,0.8192,0.1456,0.2389,-0.1183,0.2164,0.0296,-0.059
5.2,3.1,2.5,4.3,3.3,7.6,18.1,30.1,40.0,-0.6992,0.613,-0.1731,0.0975,-0.0509,-0.1273,-0.1649,-0.1855
5.2,2.9,1.8,1.4,2.0,20.9,17.8,12.2,31.1,-0.3044,0.2716,0.3325,-0.3886,-0.6082,-0.3904,-0.0868,0.0908
5.2,4.6,2.3,3.8,3.4,7.0,11.4,38.9,7.1,-0.3198,0.8566,-0.0887,0.0006,-0.0872,0.0005,-0.3426,-0.1348
5.2,3.9,4.6,4.8,3.7,6.7,16.1,37.7,4.9,-0.474,0.696,-0.1808,0.0331,-0.186,0.0315,-0.353,-0.2879
5.2,1.4,4.3,2.4,4.8,9.9,10.2,12.9,33.5,-0.1026,0.9051,0.3511,0.0344,-0.0957,-0.0474,0.0995,0.0544
5.2,2.5,4.7,2.4,1.8,21.4,17.1,21.6,6.7,-0.0041,0.3536,-0.4117,-0.0951,0.4082,0.096,0.4891,0.5139
5.2,4.4,2.1,3.6,4.0,3.3,12.5,15.3,17.0,-0.122,0.4039,-0.1223,0.487,0.4212,-0.2931,-0.3946,0.3689
5.2,4.6,2.6,3.8,4.5,13.4,12.7,43.0,7.4,0.2698,0.4444,-0.1985,-0.4614,-0.3781,-0.3359,-0.2841,-0.3486
5.2,2.7,2.1,1.4,3.0,21.6,20.2,4.5,24.4,0.358,0.5556,0.3623,0.041,0.4604,-0.0872,-0.4443,-0.0126
5.2,1.1,4.1,3.5,4.0,5.9,16.0,16.9,30.0,-0.4945,0.471,0.3517,-0.144,-0.5023,0.0411,-0.046,0.3447
5.2,3.9,1.0,4.7,4.2,5.9,17.6,26.5,16.5,-0.3443,0.3329,-0.3387,0.3505,-0.5525,0.0418,0.3985,-0.2143
5.2,4.9,3.7,2.1,3.3,5.9,20.9,11.3,19.3,-0.3309,0.4462,0.4719,0.3101,-0.1092,-0.3078,0.1731,0.4677
5.2,3.6,4.2,2.7,3.2,21.5,9.1,43.0,11.7,0.0463,0.4116,0.0134,-0.0828,-0.133,0.0212,-0.8694,0.1221
5.2,4.5,2.2,4.2,3.3,7.5,8.1,17.8,12.8,-0.4638,0.8539,0.0064,0.0058,-0.0043,-0.005,0.1924,0.1052
5.2,3.0,3.0,3.4,4.0,16.4,5.3,9.2,41.6,0.551,0.4564,-0.3755,-0.3142,-0.3064,0.3557,-0.0154,0.0003
5.2,2.1,1.9,4.4,4.8,14.4,7.1,6.4,30.0,0.1055,-0.0235,0.0051,-0.0891,0.1262,-0.4501,-0.5836,-0.628
5.2,2.3,2.9,1.2,1.6,6.2,10.8,26.7,30.4,-0.4534,0.2521,0.1603,0.0794,0.0485,0.1101,-0.3249,-0.7269
5.2,1.3,3.6,4.4,4.6,20.4,8.4,5.1,25.7,-0.1543,0.1101,-0.029,0.0386,0.054,0.0764,-0.5305,-0.8081
5.2,2.6,3.1,2.2,3.0,16.4,8.1,21.4,38.4,0.409,0.8978,-0.0367,-0.0033,0.0688,-0.015,-0.0171,0.015
5.2,2.4,4.3,3.7,1.5,7.9,14.7,13.8,29.8,-0.6421,0.7201,0.0451,-0.0492,-0.0742,-0.0217,0.1622,0.15
5.2,3.6,4.1,2.0,4.1,13.7,11.3,30.4,36.1,0.4407,0.8129,0.3122,-0.1625,-0.0065,0.0309,-0.0499,0.0365
5.2,4.2,3.9,3.2,3.5,16.9,2.3,26.8,5.4,0.531,0.4006,-0.3592,-0.2533,0.5147,-0.1992,0.2019,0.0677
5.2,1.0,3.2,4.1,2.1,11.4,21.7,6.1,29.7,0.5707,0.2574,0.2589,0.0135,0.4287,-0.2341,0.0292,-0.518
5.2,4.9,2.3,2.2,1.4,19.6,13.0,25.7,6.5,0.058,0.1977,-0.2668,-0.2099,0.3613,0.1103,0.7104,0.4152
5.2,2.2,2.9,4.4,2.2,13.8,16.6,9.8,37.1,-0.1751,0.4403,0.2041,-0.5206,-0.4658,-0.1933,-0.3961,-0.1697
5.2,3.6,4.3,4.0,4.4,4.3,4.5,16.9,20.0,0.0575,0.2729,0.6911,-0.0281,-0.0599,-0.578,0.1976,-0.0356
5.2,3.6,3.0,4.2,3.8,16.7,15.4,8.1,7.6,0.3616,0.1842,-0.3969,-0.2578,-0.5857,0.2227,-0.4465,-0.0755
5.2,3.0,2.7,3.3,4.6,6.7,9.0,7.5,5.2,-0.0544,-0.0262,0.0098,-0.1205,-0.0839,0.0853,-0.6555,0.719
5.2,1.4,5.0,3.7,2.4,13.8,9.8,32.9,20.2,0.2546,0.022,-0.1469,0.3547,-0.1361,-0.258,0.3256,0.7219
5.2,1.3,4.3,1.8,1.2,13.3,13.9,42.5,36.8,0.4617,0.202,0.2641,0.0875,0.2711,-0.4216,-0.1293,0.4785
5.2,4.1,3.0,3.1,3.1,7.1,9.0,28.2,5.7,-0.7096,0.5397,-0.0396,-0.0299,-0.0138,-0.0224,-0.2526,-0.3449
5.2,2.9,3.1,4.7,1.7,3.6,4.7,19.9,37.9,-0.2597,0.7002,-0.2299,-0.3085,0.2406,0.3098,0.1729,0.2891
5.2,1.9,4.1,2.6,2.2,18.5,11.6,31.4,17.1,0.2243,0.5623,-0.5268,0.4379,-0.03,-0.2771,-0.0653,0.224
5.2,1.3,1.4,2.5,2.4,17.7,14.5,18.2,33.2,-0.0525,0.6503,0.4072,-0.1777,-0.4621,0.1699,-0.067,0.3357
5.2,3.3,2.7,3.8,3.6,18.3,12.9,44.0,11.1,0.2707,0.1429,-0.3745,-0.1593,-0.5173,0.3638,-0.5432,0.1192
5.2,1.1,3.1,4.0,1.9,13.0,10.9,42.8,20.3,0.4673,0.4878,-0.3596,0.3147,-0.0941,0.2578,0.1797,-0.4217
5.2,4.6,1.2,1.0,2.6,7.8,21.8,11.2,37.0,0.2995,0.9353,-0.133,0.0354,0.0476,-0.0035,0.0745,-0.0158
5.2,4.2,2.6,3.2,4.5,4.3,8.9,12.6,21.5,-0.102,-0.1124,-0.0029,0.1567,0.1169,-0.077,-0.7736,0.5503
5.2,4.6,3.0,2.5,4.2,2.2,15.4,30.1,22.6,0.1392,0.2095,0.291,0.4235,-0.3837,0.2844,0.5171,-0.3961
5.2,2.6,4.4,4.6,1.9,7.9,4.1,28.8,27.9,-0.7893,0.5355,0.0295,-0.0472,0.0462,-0.0234,-0.144,-0.2225
5.2,4.7,2.4,2.0,4.6,12.1,6.2,35.4,28.4,0.6123,0.6879,0.3334,-0.0479,0.075,0.0676,-0.088,0.0514
5.2,2.1,4.4,1.8,3.8,6.1,6.1,28.9,30.6,-0.2958,0.2426,0.0671,-0.4309,0.254,-0.3687,0.0962,-0.6487
5.2,3.1,1.5,3.3,2.1,9.8,8.1,35.2,6.0,0.0423,0.9926,-0.0388,-0.0142,-0.0175,-0.0112,-0.0025,-0.001
5.2,4.7,4.7,3.8,4.2,15.0,20.8,24.7,38.0,0.1041,0.6536,-0.0826,-0.4507,0.381,0.2701,0.2712,0.1959
5.2,1.7,2.8,5.0,3.8,10.7,17.7,39.1,21.4,-0.0293,0.7482,-0.0364,0.4257,-0.0002,0.4237,0.0445,-0.2421
5.2,1.8,1.9,2.2,4.2,5.5,21.6,25.1,37.5,0.0483,0.6271,-0.106,-0.3153,0.4647,0.0618,0.4987,0.0696
5.2,4.3,1.2,2.0,3.0,21.2,3.0,37.3,15.9,-0.0541,0.4949,0.006,0.4885,-0.0916,0.486,-0.0746,-0.4935
5.2,4.3,2.5,3.8,1.8,9.9,5.5,31.7,22.3,-0.0845,0.9676,0.0701,0.1642,-0.0247,0.1172,-0.0009,-0.0186
5.2,3.6,2.3,2.2,3.3,14.0,5.6,6.0,31.0,0.7049,0.189,0.2884,0.0555,0.2631,-0.4881,-0.0145,-0.2231
5.2,2.4,1.6,4.7,4.5,4.8,15.4,25.3,11.0,0.1012,-0.0142,-0.1201,0.092,0.2452,-0.5699,0.7456,-0.0391
5.2,3.3,2.3,4.6,4.3,2.2,17.6,7.2,25.2,0.3047,0.1356,0.3695,0.0832,0.5674,-0.2983,-0.5448,-0.1474
5.2,4.0,3.1,4.2,2.6,4.7,5.5,25.1,10.7,-0.0256,0.0988,-0.0515,-0.105,-0.1287,-0.3017,0.8923,-0.2249
5.2,2.6,2.4,1.4,3.7,4.6,3.4,17.8,27.3,0.0526,0.7156,0.2701,-0.229,-0.4792,0.2161,-0.0529,0.2548
5.2,4.5,5.0,4.7,1.6,6.6,16.9,32.0,6.3,-0.8223,0.3658,-0.1028,0.0545,-0.1368,-0.0563,-0.1405,-0.3514
5.2,3.3,2.2,4.8,3.1,17.3,10.2,18.3,14.8,-0.2771,0.7424,-0.3705,-0.0354,0.4111,0.0509,-0.0023,0.2112
5.2,4.0,3.1,4.2,3.4,12.0,20.3,20.3,34.5,0.1585,0.5941,0.3694,-0.2806,-0.3746,0.2819,-0.0888,0.3975
5.2,1.9,2.8,2.3,3.3,19.3,4.7,4.6,18.3,-0.0519,0.6613,0.055,0.364,0.4718,0.1907,-0.3495,-0.1723
5.2,3.4,4.7,1.2,2.5,11.5,9.9,40.1,6.3,0.5448,0.8094,0.0062,-0.0102,0.0324,-0.0185,0.121,-0.0698
5.2,4.4,3.3,3.8,4.9,3.3,14.2,19.0,4.8,-0.4486,0.3374,-0.1724,-0.1443,0.4481,0.4032,0.0793,0.4964
5.2,4.2,1.8,4.5,3.4,16.3,19.0,26.9,37.9,0.0182,0.4966,0.033,-0.5328,0.4626,0.1621,0.4329,0.129
5.2,4.9,2.4,2.1,3.2,8.1,19.1,38.7,16.0,0.0639,0.9849,0.0287,0.0074,0.0251,0.0079,-0.1251,0.0074
5.2,4.4,4.9,3.1,3.1,18.8,3.7,31.3,21.1,0.3405,0.4229,0.4811,0.4105,-0.2372,0.4241,0.0732,-0.1968
5.2,4.0,2.9,3.1,2.7,10.8,18.4,17.2,4.2,0.2361,0.8849,0.0028,-0.243,-0.1734,0.2309,-0.0523,0.0783
5.2,1.6,2.1,1.9,4.2,18.5,3.8,21.0,25.7,0.2257,0.7209,0.4174,0.0255,-0.4261,-0.0238,0.0259,0.2407
5.2,5.0,4.1,1.5,2.3,17.5,13.4,13.3,15.4,0.2374,0.6665,-0.5454,0.3412,0.0766,0.1622,0.1662,-0.0792
5.2,4.1,3.3,4.4,4.6,18.2,11.0,38.7,37.0,0.2544,0.5023,0.2393,-0.3387,0.2448,-0.3372,0.262,-0.4885
5.2,4.7,3.1,4.3,1.2,20.1,16.9,5.6,17.3,-0.2115,0.185,-0.1596,-0.0323,0.2243,0.7568,-0.4633,-0.1519
5.2,2.2,2.6,1.4,2.3,6.4,14.9,14.1,39.1,-0.2649,0.4413,-0.4486,-0.2503,0.1533,0.3018,0.261,0.5076
5.2,1.4,4.0,4.6,1.4,8.0,15.9,42.4,8.8,-0.4636,-0.1898,-0.0524,0.0087,-0.0154,0.1261,-0.3529,0.7372
5.2,2.5,2.5,3.4,4.8,18.4,10.0,20.7,25.4,-0.1097,0.1523,0.1346,0.2965,-0.0471,-0.3245,0.1707,0.8312
5.2,2.3,4.1,1.5,1.4,11.9,4.0,19.0,8.8,0.3226,0.8264,-0.1264,-0.0303,0.2204,0.0314,-0.3176,0.1505
5.2,1.1,4.5,1.7,2.9,10.5,3.6,13.8,29.8,0.5091,0.7599,0.3419,0.0509,-0.0888,-0.122,0.0613,0.0047
5.2,2.0,2.7,4.8,2.4,21.1,4.2,41.3,10.7,-0.0777,0.1875,0.0224,0.1241,-0.1029,0.2859,-0.7737,-0.4741
5.2,2.4,2.3,4.9,3.2,12.6,13.8,24.4,22.3,0.1934,0.5055,0.0326,0.5265,-0.2967,-0.3934,0.1945,0.3593
5.2,4.7,1.5,4.2,2.1,20.9,19.6,38.0,17.3,-0.3756,0.4634,0.0057,0.4136,0.0252,0.4144,-0.1628,-0.5065
5.2,1.2,4.5,4.4,2.4,15.7,2.6,39.6,9.4,0.0843,0.1831,-0.3348,0.1864,-0.3439,0.1885,-0.0731,-0.7942
5.2,1.5,1.7,1.1,1.4,9.3,13.6,6.2,17.7,0.3207,0.9395,-0.0478,0.0076,0.023,0.0018,0.0252,-0.0067
5.2,4.8,4.6,1.5,4.2,9.9,6.2,23.0,12.3,0.4464,0.8847,-0.021,-0.0069,0.0698,-0.0276,-0.0003,-0.0008
5.2,1.8,4.6,1.2,1.9,21.2,16.3,21.4,22.6,0.3316,0.1867,0.2451,0.3691,-0.1936,-0.3956,0.2669,0.6059
5.2,4.7,4.5,1.6,4.9,7.2,17.0,12.1,8.8,-0.0266,0.9257,-0.1526,0.2593,0.0866,0.1266,0.1378,-0.0168
5.2,5.0,1.2,2.2,2.0,18.0,9.4,24.6,33.9,0.0439,0.6298,0.035,0.0618,-0.1357,0.0005,0.7333,-0.0356
5.2,3.9,3.0,4.2,4.7,11.9,15.2,37.0,26.5,-0.2175,0.2345,0.0961,0.1304,0.319,0.6745,0.4497,0.0854
5.2,3.8,3.7,2.1,3.9,9.3,9.9,16.8,35.3,0.1543,0.9763,0.1045,-0.0136,-0.0356,-0.0002,0.0465,-0.0028
5.2,3.1,2.4,4.8,4.4,7.0,6.8,12.1,20.7,-0.6803,0.1684,0.2556,-0.2556,-0.3571,0.0939,-0.0654,0.4587
5.2,4.1,4.9,2.8,3.8,7.2,16.7,38.9,14.5,-0.1511,0.8834,0.1065,0.1644,0.0996,0.1645,-0.3136,-0.0955
5.2,4.2,2.3,1.7,2.3,6.8,2.6,39.0,29.9,-0.0073,0.9208,-0.076,-0.178,-0.0747,-0.1779,-0.2522,-0.0429
5.2,1.6,1.7,3.9,1.8,7.2,11.5,37.8,24.7,-0.4664,0.6397,0.1343,0.0415,0.1359,0.0412,-0.4402,-0.3501
5.2,1.9,1.1,1.6,3.2,15.9,19.2,4.1,43.5,0.3489,0.5189,-0.3762,-0.2593,-0.4472,-0.1995,-0.3015,-0.2308
5.2,4.2,1.9,2.5,4.2,20.2,16.0,20.2,16.8,0.1957,0.5107,-0.1472,0.4575,0.1678,-0.4598,0.0094,0.4629
5.2,4.4,3.7,1.9,1.4,10.7,3.9,29.7,12.8,0.4322,0.8582,-0.1689,-0.1377,-0.0117,-0.1377,-0.0089,-0.0199
5.2,4.5,2.4,3.7,3.2,21.9,6.8,37.0,18.1,-0.2095,0.833,0.2743,0.2119,0.1842,0.2026,-0.1511,-0.1524
5.2,1.8,3.4,2.2,2.9,3.4,16.7,4.5,10.3,0.2596,0.4739,-0.3535,0.1197,-0.4579,0.2441,-0.5261,-0.1177
5.2,3.1,4.0,2.1,1.9,10.2,15.9,42.6,7.2,0.3429,0.9083,0.0851,-0.1531,0.0302,-0.1221,0.007,-0.0266
5.2,1.7,2.1,2.4,1.8,15.2,20.6,43.3,11.2,0.5212,0.1122,-0.3204,0.1048,-0.4448,0.3823,-0.2677,-0.3984
5.2,2.6,4.1,4.3,1.0,20.5,4.5,7.0,23.4,0.0602,-0.0215,0.018,-0.0908,0.1327,-0.2911,-0.7359,-0.5669
5.2,2.4,3.7,5.0,1.7,12.2,6.1,8.8,17.2,-0.459,0.3349,-0.3057,0.4167,0.493,-0.1171,-0.2969,0.1987
5.2,3.5,2.2,1.2,1.6,20.4,14.3,17.0,12.1,-0.3048,0.6526,-0.2045,0.0855,0.5625,0.0448,0.1634,0.2493
5.2,2.5,4.3,3.2,1.4,8.1,17.0,11.7,36.7,-0.5582,0.771,-0.1267,-0.1318,0.0441,0.092,0.1411,0.1292
5.2,3.1,4.8,1.2,2.7,10.4,9.8,37.7,10.3,0.6012,0.7914,0.0328,-0.0232,-0.0011,0.0015,-0.0071,0.0066
5.2,3.7,1.1,1.1,2.5,4.8,17.5,36.9,42.5,-0.0257,0.6121,-0.4563,0.3147,-0.2001,-0.3031,-0.3714,0.0066
5.2,4.6,2.1,2.7,1.7,15.5,15.0,36.8,15.1,-0.1113,0.5963,-0.3987,0.1159,-0.5033,0.0807,0.3022,-0.2945
5.2,1.3,1.4,3.6,2.7,17.2,4.4,32.3,24.0,0.0157,-0.1414,0.3519,-0.0032,0.139,0.723,0.4287,0.2872
5.2,2.4,1.1,4.6,4.0,5.4,21.7,36.1,19.0,-0.4221,0.483,0.2546,0.4163,0.0698,0.3537,-0.1096,-0.4396
5.2,1.8,1.8,3.4,3.6,5.5,7.7,42.8,31.2,-0.0122,0.3445,-0.0174,0.1108,-0.0881,-0.2567,-0.8665,0.0787
5.2,4.7,4.1,1.1,1.3,3.4,15.1,16.3,23.0,-0.1452,0.1495,0.3947,0.1891,-0.0442,-0.3497,0.1633,0.7665
5.2,4.7,1.1,4.4,4.5,15.7,5.7,11.6,6.5,0.5421,0.1113,-0.517,-0.2336,-0.2451,0.5109,0.017,-0.177
5.2,2.6,4.1,2.7,4.7,16.4,9.7,9.9,27.9,0.0149,0.0617,0.0582,0.2621,0.2584,-0.0434,-0.8984,0.129
5.2,2.5,1.6,1.9,3.7,14.0,21.0,21.7,40.8,0.3409,0.5717,-0.1825,-0.4255,0.1987,0.4167,0.1146,0.3134
5.2,3.9,2.8,1.6,1.4,14.4,6.6,26.4,14.2,0.6972,0.0227,-0.331,0.1462,-0.092,-0.2638,0.0057,0.5236
5.2,1.2,2.1,4.2,4.2,7.4,5.4,14.7,10.9,-0.7311,0.2832,-0.0929,0.2817,0.169,-0.2108,0.0695,0.4549
5.2,2.3,3.3,2.1,3.6,6.9,21.9,34.5,11.3,-0.339,0.7011,-0.001,0.3746,-0.1221,0.3432,-0.1739,-0.2719
5.2,4.7,4.8,3.7,4.8,13.0,13.9,26.4,31.7,0.1495,0.3021,0.6053,0.3461,-0.1513,0.5,-0.0072,-0.2976
5.2,4.4,3.7,1.1,2.7,3.7,21.4,22.2,7.5,0.3921,0.6277,-0.3102,0.2962,0.3105,-0.2968,0.193,0.1768
5.2,3.1,4.1,3.3,3.2,4.1,13.6,38.7,9.4,-0.2687,0.5931,-0.3288,-0.0356,-0.3264,-0.036,-0.4434,-0.3816
5.2,4.2,4.3,2.3,4.3,17.3,19.1,9.7,30.0,0.1985,0.0733,0.7248,-0.0845,-0.0954,-0.6144,0.0739,0.0341
5.2,1.3,1.5,2.6,4.0,7.6,9.3,29.2,7.1,-0.6844,0.1663,-0.0807,-0.0958,-0.0145,-0.0769,-0.1302,-0.6558
5.2,3.0,4.1,4.5,3.9,17.2,20.3,30.5,31.2,-0.3509,0.0578,0.4086,-0.2166,0.5604,0.2311,0.489,-0.1631
5.2,2.2,3.2,2.5,2.9,4.2,10.0,12.1,9.7,-0.5185,0.007,-0.1615,-0.1912,-0.0071,0.1615,-0.0532,0.7903
5.2,3.4,4.6,3.3,2.2,17.4,6.4,14.3,19.1,0.0816,0.8695,0.3699,0.1945,-0.0792,-0.156,0.0428,0.0641
5.2,1.4,3.6,4.9,3.6,11.4,3.1,30.6,13.6,-0.2484,0.0343,-0.4138,0.1988,-0.4967,-0.3395,0.5659,0.1293
5.2,1.4,1.2,3.0,2.4,17.8,17.2,36.8,12.7,-0.1191,0.4653,-0.4582,0.1355,-0.4955,0.1252,0.0879,-0.5035
5.2,3.0,3.5,2.1,3.1,5.7,4.5,35.5,41.3,-0.2385,0.5916,-0.3156,0.1411,-0.5937,-0.0093,0.0645,-0.2847
5.2,4.6,3.8,1.8,3.4,9.8,10.9,34.2,23.6,0.3431,0.9323,-0.0659,0.032,-0.0008,-0.0005,-0.0086,0.003
5.2,2.4,1.3,4.1,2.2,5.6,4.9,20.9,9.9,-0.2937,0.4935,-0.0098,0.1756,0.0349,-0.1836,0.6317,0.4384
5.2,2.9,4.6,4.4,4.1,18.5,18.6,35.9,26.2,-0.2467,0.3243,0.3912,0.1247,0.5175,0.2213,0.307,-0.4786
5.2,4.9,4.9,3.2,4.3,5.9,19.1,35.2,12.3,-0.4498,0.6614,-0.0452,0.3536,-0.1554,0.3055,-0.1546,-0.2814
5.2,4.7,1.5,1.6,3.4,2.5,13.8,20.9,40.9,-0.0508,0.3839,-0.2939,-0.3245,0.3206,0.3207,0.3171,0.5657
5.2,1.9,2.3,3.7,1.9,9.5,11.4,36.2,22.6,-0.142,0.9719,-0.0433,0.038,-0.1363,8.1475e-06,0.0125,-0.0052
5.2,2.0,3.9,3.7,3.0,2.3,4.8,40.6,39.3,0.2097,0.7245,-0.3347,-0.1829,-0.4234,-0.144,-0.1227,-0.2033
5.2,1.6,4.0,1.3,1.4,18.3,11.3,26.2,35.3,-0.2806,0.3136,0.4166,0.1694,0.0883,0.2738,-0.2445,-0.6073
5.2,2.5,3.8,2.5,4.5,21.8,19.4,15.6,19.1,-0.0211,0.4239,0.1879,0.5241,0.1861,-0.4472,-0.1973,0.4685
5.2,1.6,4.3,1.1,2.5,9.0,21.4,33.5,28.2,0.3208,0.9398,-0.0207,-0.0325,-0.0001,-0.0325,-0.0308,0.0087
5.2,1.2,1.3,2.8,1.2,17.0,8.1,35.2,13.3,-0.2452,-0.0009,-0.0382,0.1451,-0.0598,0.1374,0.1174,-0.9238
5.2,3.1,4.9,2.4,1.8,15.0,16.1,4.8,30.0,0.3345,0.3495,0.4413,0.1673,0.4988,0.124,-0.319,-0.3991
5.2,3.0,4.4,4.6,4.7,4.3,6.7,42.7,34.5,-0.3434,0.3773,0.3725,-0.063,-0.5644,-0.1298,-0.3201,0.3039
5.2,4.7,3.2,2.3,3.4,21.6,17.4,12.1,21.8,0.0757,0.1816,0.372,0.4216,0.2626,-0.3942,-0.3262,0.5393
5.2,2.7,1.2,1.3,4.6,21.2,21.8,34.7,40.5,0.0984,0.4245,-0.5052,-0.34,-0.0865,-0.4363,-0.1081,-0.4455
5.2,1.8,3.1,1.3,2.6,16.7,19.8,23.9,40.3,0.3699,0.4276,-0.2499,-0.4344,0.3684,0.3119,0.3031,0.2845
5.2,4.0,1.9,3.3,4.2,17.1,10.8,36.3,13.6,-0.3348,0.6206,-0.2144,0.2086,-0.5397,-0.2674,0.1053,-0.0243
5.2,4.1,2.9,2.0,3.1,21.7,20.7,4.7,20.4,0.1612,0.6001,0.2758,0.2485,0.4465,0.1039,-0.4876,-0.1217
5.2,1.9,1.6,4.7,3.5,15.1,21.9,40.7,14.5,0.027,0.2681,-0.1057,0.3344,-0.2562,0.4267,-0.44,-0.5765
5.2,1.4,3.9,2.4,2.2,12.1,4.8,28.5,26.0,0.6754,0.5342,0.2907,0.1907,-0.1467,0.2811,-0.0836,0.0913
5.2,3.6,3.3,3.2,2.9,15.3,13.8,34.7,36.6,-0.0182,0.6411,0.1028,-0.3267,0.4733,-0.1014,0.4464,-0.1134
5.2,2.0,4.4,4.5,4.4,9.6,20.0,12.2,19.2,-0.2085,0.7587,-0.1241,0.4376,0.3371,0.1497,-0.1316,-0.0678
5.2,1.2,1.5,3.1,4.6,10.5,20.0,28.6,27.2,0.3122,0.7199,0.176,0.3771,-0.3711,0.1718,0.1417,-0.0627
5.2,4.1,2.6,4.2,3.4,10.4,12.2,41.2,9.9,0.2209,0.7605,-0.0344,-0.4068,-0.1643,-0.3541,-0.0418,-0.1872
5.2,2.6,2.9,2.0,2.4,10.0,20.6,35.4,40.7,0.2674,0.9173,-0.0089,-0.1548,0.1794,-0.128,0.0442,-0.033
5.2,3.8,1.1,4.1,4.6,20.3,15.0,21.8,10.4,0.0662,0.4937,-0.4641,0.131,0.4749,-0.1335,0.2394,0.4512
5.2,2.2,1.7,4.2,4.6,15.3,3.2,36.9,38.7,-0.0774,0.5912,-0.2197,-0.4935,0.0469,-0.4477,0.0219,-0.3538
5.2,4.5,4.1,2.8,2.0,9.3,12.1,16.9,39.1,-0.008,0.9888,0.1091,-0.0227,-0.0009,-0.0049,0.0383,0.0006
5.2,4.3,2.7,3.8,1.3,21.7,12.9,5.8,4.6,-0.0898,0.3392,-0.2069,-0.1307,-0.3101,-0.0644,-0.7313,-0.4119
5.2,4.0,3.7,1.2,2.5,20.4,19.7,31.0,43.6,0.3315,0.1628,-0.5153,-0.1973,0.1417,-0.5473,0.0923,-0.4357
5.2,1.5,2.2,3.4,2.1,13.3,13.5,38.2,28.2,0.1081,0.3855,0.3026,0.3603,0.3043,0.3597,0.0686,-0.6047
5.2,2.4,4.4,2.5,2.6,20.6,20.7,33.4,18.2,-0.0605,0.4889,0.0959,0.535,-0.2439,0.4253,0.2075,-0.3981
5.2,2.3,3.6,3.3,2.8,2.2,16.0,16.0,31.0,-0.41,0.4278,0.3799,-0.1086,-0.5447,-0.0108,-0.073,0.418
5.2,1.5,2.0,1.6,2.7,15.6,11.9,21.6,12.0,0.0463,0.6298,-0.371,-0.0723,0.3934,0.0566,0.4876,0.2086
5.2,2.7,3.8,4.1,2.8,5.6,18.4,41.3,7.5,0.0067,0.3486,-0.1495,0.1805,-0.2378,0.2691,-0.7901,-0.2066
5.2,1.9,2.1,3.8,4.4,16.4,13.9,31.3,13.4,-0.2615,0.1313,-0.5684,0.3479,-0.3573,-0.5317,0.1311,0.1402
5.2,4.1,4.9,3.7,2.0,18.2,4.0,27.3,19.7,0.2539,0.6404,0.1691,0.4119,-0.4718,0.0924,0.2679,-0.0388
5.2,2.7,1.9,4.7,1.8,10.6,2.4,20.1,18.5,0.0435,0.6521,-0.091,0.3404,0.3191,-0.4492,0.1742,0.2412
5.2,1.7,4.0,2.8,4.5,21.5,20.5,15.6,29.5,-0.3109,0.3607,0.3326,-0.2538,-0.623,-0.036,-0.3557,0.2457
5.2,5.0,1.9,1.1,1.2,4.0,11.8,8.7,28.5,0.2579,0.1737,0.1005,0.1046,0.1055,-0.1733,-0.4751,0.772
5.2,4.0,5.0,4.9,2.5,14.4,15.1,11.7,37.1,-0.0804,0.4016,0.1807,-0.5737,-0.4249,-0.2392,-0.3949,-0.2302
5.2,4.8,2.8,4.5,3.2,6.9,15.7,32.6,42.2,-0.7123,0.5971,-0.1023,0.0795,-0.167,-0.0706,-0.1641,-0.2171
5.2,3.1,1.9,4.0,2.5,18.5,14.2,14.4,4.0,0.1871,0.0095,-0.4429,-0.2075,-0.4,0.6166,-0.2893,0.2832
5.2,3.9,1.7,1.4,4.3,9.2,8.0,37.0,40.3,0.372,0.9226,-0.0462,0.0028,-0.0244,-0.0032,-0.0254,0.0088
5.2,1.1,1.9,1.1,1.1,3.4,12.2,12.6,12.4,-0.4073,0.274,-0.4044,-0.058,0.0785,0.2513,0.304,0.639
5.2,4.2,3.7,4.4,3.0,16.3,4.9,43.1,27.1,0.4132,-0.0528,0.1555,-0.0819,0.2543,-0.3565,-0.2683,-0.7041
5.2,4.3,1.6,2.8,2.5,8.2,12.5,17.3,18.1,-0.1839,0.9717,0.0125,0.0031,-0.005,-0.0021,0.1159,0.0228
5.2,2.1,3.1,1.1,2.2,5.8,10.9,22.5,24.8,0.1046,0.6836,0.0984,0.0223,-0.1368,0.0173,0.6821,-0.0818
5.2,5.0,3.7,3.5,2.0,8.1,15.1,37.5,6.2,-0.3079,0.9344,-0.0024,0.0009,-0.0029,0.0006,-0.1445,-0.0478
5.2,3.9,2.7,3.6,4.9,2.1,8.6,26.7,37.9,0.774,0.4348,0.1517,-0.0663,-0.0037,0.0491,-0.1518,0.3175
5.2,3.7,3.4,2.8,1.6,14.5,9.3,29.1,12.1,0.082,-0.1528,0.0123,-0.1444,0.1116,0.0474,0.8659,0.3848
5.2,4.3,3.4,2.4,2.5,16.9,15.0,16.0,35.4,-0.0747,0.6044,0.1071,-0.3538,-0.533,0.0545,-0.4209,0.0741
5.2,1.1,4.1,2.6,2.3,6.7,10.8,16.4,13.5,-0.4794,0.7416,-0.2884,-0.0083,0.0669,0.0746,0.2716,0.2039
5.2,4.3,4.0,4.6,1.6,10.5,8.3,22.6,42.5,0.0307,0.9927,-0.0013,0.0068,-0.0114,0.0046,-0.0225,0.0019
5.2,2.1,4.2,1.2,3.4,18.3,2.9,40.5,24.3,0.3693,0.7135,0.3843,0.0072,0.3888,0.0065,-0.1351,-0.1388
5.2,2.4,3.7,3.6,2.3,18.0,18.0,29.9,22.7,0.3103,0.181,0.4181,0.3253,-0.5253,0.3453,0.4004,-0.0817
5.2,4.5,4.2,2.3,3.6,2.4,21.9,25.2,32.2,-0.0071,0.0566,0.0031,0.0062,0.2755,0.6745,0.6331,-0.151
5.2,2.5,4.6,2.5,2.2,20.5,14.8,10.8,14.0,-0.3619,0.189,-0.592,0.269,0.2373,0.539,0.1011,0.1785
5.2,1.8,1.8,4.6,3.3,4.7,16.6,19.9,38.0,-0.2981,0.4799,-0.1639,-0.3937,0.1675,0.3937,0.2017,0.5101
5.2,1.8,1.1,3.6,4.2,2.3,18.8,27.1,19.1,-0.0461,0.4727,-0.0543,0.4828,-0.4848,-0.1191,0.5109,0.1135
5.2,3.9,2.6,2.6,1.1,14.6,3.2,31.8,9.0,0.5438,-0.1689,-0.2878,-0.0005,0.0136,-0.4283,0.2048,0.5762
5.2,2.3,4.5,1.6,1.2,16.0,7.1,4.4,30.5,0.6399,-0.0446,0.027,-0.0922,0.0526,-0.1186,-0.0844,-0.7283
5.2,2.8,2.1,3.5,3.9,11.4,14.9,41.2,8.1,0.2729,0.6787,-0.2119,-0.3727,-0.2963,-0.3341,-0.0881,-0.2419
5.2,1.0,2.2,2.4,2.1,6.5,5.0,31.4,40.5,0.0218,0.078,-0.7019,0.0249,-0.0594,-0.6437,-0.0465,-0.1004
5.2,1.1,4.6,2.8,2.6,19.3,3.6,42.1,24.6,0.483,0.3994,0.4036,-0.0554,0.4739,-0.1087,-0.0693,-0.4178
5.2,2.8,1.5,1.6,3.3,8.4,5.5,24.4,8.1,-0.1929,0.9084,-0.0115,0.0324,-0.0793,-0.0125,-0.2995,-0.0778
5.2,2.2,1.5,2.4,2.3,4.6,4.2,6.1,30.2,0.0013,0.0011,-0.0074,-0.0032,-0.1171,-0.5574,-0.7646,0.2712
5.2,1.6,3.7,1.1,1.2,16.4,7.1,38.2,35.6,-0.2243,0.3704,-0.1701,-0.1947,-0.1439,-0.2027,-0.5451,-0.567
5.2,4.1,1.1,1.8,2.9,12.1,10.6,31.0,43.0,0.659,0.6934,0.177,-0.1617,-0.0386,0.0594,-0.0395,0.0653
5.2,3.6,1.7,3.9,3.6,2.4,9.5,14.3,41.5,-0.1414,-0.0619,-0.0153,-0.2542,-0.1537,0.1582,-0.6088,0.6817
5.2,2.2,3.5,4.3,1.1,3.6,3.7,5.2,40.9,0.2114,0.1684,-0.3075,0.1396,-0.4504,0.2378,-0.389,-0.603
5.2,3.0,1.9,1.1,2.2,2.2,14.2,36.2,42.4,0.2682,0.1647,-0.3213,-0.2591,0.0578,-0.4731,0.0099,-0.6826
5.2,5.0,1.3,4.6,2.8,12.3,3.8,12.1,6.9,0.5586,0.6278,-0.2689,-0.2994,-0.1887,0.256,0.1042,-0.0555
5.2,2.3,1.6,4.9,4.4,20.7,13.7,12.5,11.6,-0.4654,-0.0239,-0.4451,0.1063,0.4154,0.5279,-0.2865,0.16
5.2,4.3,3.3,3.7,3.1,11.7,4.9,39.6,12.4,0.4238,0.7162,-0.2756,0.0065,-0.2879,0.0115,0.247,-0.2587
5.2,4.3,1.3,3.9,4.1,6.6,20.8,20.4,38.3,-0.2829,0.7832,-0.2208,-0.0765,0.2203,0.0769,0.3786,0.2065
5.2,1.1,1.8,2.6,3.4,8.1,16.2,14.4,37.7,-0.5137,0.6562,-0.3282,-0.1749,0.1118,0.1422,0.2081,0.2657
5.2,3.0,1.4,1.5,3.6,18.0,18.5,17.0,41.8,0.3077,0.3615,-0.3934,-0.351,-0.0423,0.5127,0.0105,0.4535
5.2,3.4,4.4,4.3,1.9,6.6,21.5,16.1,32.6,-0.7002,0.5574,-0.0006,-0.1702,-0.0374,0.1448,0.209,0.3089
5.2,2.7,3.4,3.4,1.0,4.3,20.2,40.9,40.2,0.0068,0.4903,-0.3901,-0.1823,-0.4535,-0.1593,-0.3597,-0.4245
5.2,1.8,1.1,2.7,3.1,18.2,8.4,11.7,7.8,0.0149,-0.0915,-0.0895,0.1328,0.1696,0.0584,-0.9307,-0.2015
5.2,2.9,4.9,1.5,4.0,6.5,8.0,43.4,35.0,-0.0838,0.3674,0.3249,0.0382,-0.3822,-0.031,0.174,0.6197
5.2,2.7,1.3,4.5,4.9,2.2,14.0,41.2,33.8,0.091,0.3686,0.1191,-0.405,0.2303,-0.4622,-0.3917,-0.4719
5.2,4.8,1.5,4.3,2.9,4.7,11.0,27.1,14.3,-0.4708,0.0161,-0.4398,0.1026,-0.3,-0.6032,0.1498,-0.2638
5.2,4.6,4.9,1.8,4.0,3.6,17.2,29.3,25.7,0.0075,0.0846,0.4961,0.2151,-0.1098,0.4722,0.1042,-0.6512
5.2,3.8,2.3,3.9,2.1,17.6,7.8,17.1,36.6,-0.3359,0.8874,-0.1354,-0.1042,0.0842,0.0904,0.1017,0.0718
5.2,2.4,1.8,1.4,3.5,12.7,19.2,34.8,15.9,0.3605,0.2778,-0.2018,0.6115,-0.2277,-0.3271,0.176,0.3832
5.2,2.3,4.7,1.3,2.4,19.8,6.9,31.9,41.8,0.8276,0.2135,-0.2431,0.2053,-0.0356,-0.09,-0.0481,0.3133
5.2,1.6,2.3,4.1,4.4,10.3,14.5,15.8,43.3,0.1406,0.7408,-0.1019,-0.4176,-0.3479,0.2447,-0.1646,0.1236
5.2,1.4,4.5,2.6,1.5,5.0,16.1,9.2,36.8,-0.2149,0.494,0.1571,-0.4764,-0.5297,-0.1151,-0.3568,-0.0841
5.2,4.9,4.7,2.9,3.9,13.6,4.3,28.3,36.9,0.0483,0.6623,-0.0301,-0.4762,0.4643,-0.0334,0.303,-0.0214
5.2,2.5,1.3,4.5,4.8,17.8,10.8,23.3,8.7,-0.0505,0.4925,-0.2931,-0.2459,0.3966,0.2083,0.4881,0.3914
5.2,3.4,4.5,3.0,4.4,3.6,2.3,16.1,18.6,-0.1934,0.4701,0.2904,0.4948,0.0087,-0.4382,-0.0058,0.4568
5.2,1.3,2.9,3.3,1.4,14.9,16.6,11.4,22.5,0.3115,0.3137,0.3484,0.3416,0.5813,-0.156,-0.4217,-0.0657
5.2,3.6,3.6,2.0,2.0,13.4,13.7,22.0,44.0,0.6191,0.6325,0.1049,-0.2243,-0.0848,0.2131,-0.1579,0.2494
5.2,1.8,4.0,4.1,2.9,21.9,12.3,17.7,23.0,-0.2249,0.0647,0.2856,0.137,0.0459,-0.5352,-0.0587,0.7237
5.2,4.5,1.4,2.5,1.3,8.6,11.5,25.5,11.7,-0.352,0.8938,0.0234,-0.0119,0.0039,0.0092,-0.2136,-0.0921
5.2,3.6,4.7,4.7,1.0,10.1,21.3,37.5,9.2,-0.0376,0.971,-0.0791,-0.0915,-0.0062,-0.0783,-0.0486,-0.0004
5.2,4.4,1.7,1.7,3.0,10.3,6.6,30.8,15.1,0.4642,0.8427,-0.2409,0.04,-0.0572,-0.014,-0.0287,0.0007
5.2,4.7,2.1,1.3,3.5,14.1,21.7,14.4,18.8,0.253,0.5092,0.1959,0.4562,0.4866,0.0306,-0.4103,-0.0234
5.2,2.9,4.8,4.0,2.0,21.6,20.5,15.5,7.1,-0.3697,0.0556,-0.3312,0.0264,0.424,0.0761,-0.2813,0.6843
5.2,4.9,3.7,4.1,2.7,19.0,14.5,32.7,15.9,-0.2905,0.3844,-0.2825,0.4041,-0.559,0.0315,0.417,-0.1322
5.2,2.6,2.6,4.6,3.7,13.1,6.6,42.7,4.1,0.5017,0.75,-0.1384,-0.1671,-0.3038,0.0938,0.0982,-0.1023
5.2,1.5,1.1,3.0,4.0,9.2,10.8,15.0,5.5,-0.0804,0.973,0.1538,-0.0642,0.0208,-0.0323,0.0339,-0.0022
5.2,1.4,4.7,1.9,2.3,19.1,3.6,28.8,32.4,-0.2761,0.1327,0.3223,-0.2571,0.6411,0.2726,0.4579,-0.0845
5.2,2.3,2.1,3.9,2.9,4.8,13.1,21.8,19.0,-0.1608,0.4203,0.0414,0.3825,-0.29,-0.3412,0.4252,0.5012
5.2,1.6,3.9,1.6,3.4,12.4,8.7,10.7,26.3,0.8491,0.4732,-0.0108,0.0099,-0.0004,0.0027,0.0862,-0.1642
5.2,4.5,4.4,4.4,4.8,14.8,3.7,14.5,29.8,-0.2127,0.0928,0.3518,-0.2092,-0.533,-0.2105,-0.6508,0.0443
5.2,3.2,1.1,4.9,3.5,14.0,12.8,38.1,38.4,0.104,0.5073,0.2012,-0.4627,0.1457,-0.4322,0.1068,-0.4531
5.2,3.6,3.3,4.2,2.9,2.2,13.9,17.8,20.4,-0.0162,0.214,0.3178,0.3821,0.1589,-0.5031,-0.005,0.6281
5.2,1.8,4.9,3.6,3.6,3.8,14.6,14.3,25.0,-0.2699,-0.0177,0.5152,0.189,0.1168,-0.4742,-0.1533,0.5878
5.2,1.2,3.5,1.5,2.3,5.8,3.7,23.5,13.2,0.1542,0.3734,0.2307,0.1703,-0.1446,-0.3748,0.7512,-0.061
5.2,4.1,1.1,1.6,4.8,11.5,16.9,30.0,12.3,0.3456,0.6444,-0.532,-0.1909,-0.1376,-0.2823,-0.1077,-0.1448
5.2,4.9,4.9,2.3,3.0,17.4,20.2,7.8,13.5,0.2376,-0.146,-0.3319,0.0873,0.0344,0.8238,-0.3065,-0.0737
5.2,2.3,4.5,4.1,2.6,7.8,5.5,39.3,17.6,-0.114,0.4449,0.1326,0.0451,0.1407,0.1073,-0.5254,0.2495
5.2,1.9,2.7,4.0,1.2,5.8,19.5,39.8,35.5,-0.2104,0.555,-0.0595,-0.2186,0.0067,-0.2492,-0.6324,-0.325
5.2,2.1,2.3,4.9,1.9,18.2,2.4,6.8,16.0,-0.4068,0.064,-0.4046,0.0399,0.4966,0.4408,-0.4482,0.0788
5.2,1.3,1.3,4.0,1.7,9.1,19.6,27.2,36.7,-0.4231,0.8481,0.25,0.0897,0.0412,0.037,-0.0621,-0.0479
5.2,1.0,3.5,2.8,2.3,9.3,18.1,16.9,10.2,-0.1039,0.9764,-0.0122,-0.0988,-0.0273,0.0907,0.028,0.014
5.2,1.6,3.2,3.3,4.9,11.8,15.3,42.6,20.6,0.2666,0.5997,-0.2285,0.4721,-0.0169,0.3999,0.0265,-0.338
5.2,2.2,1.3,3.0,2.4,3.1,3.5,40.7,35.4,0.059,0.298,-0.1879,-0.1893,0.0013,-0.5303,-0.6886,-0.1243
5.2,3.2,3.2,2.4,4.5,16.4,3.4,18.8,38.1,0.0835,0.5908,-0.2197,-0.456,0.0437,0.4713,0.0381,0.3797
5.2,2.7,3.5,3.4,2.4,4.8,16.9,14.9,13.3,-0.512,0.435,-0.2994,0.2618,0.4398,-0.1509,0.0063,0.4048
5.2,1.9,2.9,3.2,2.3,9.5,18.5,10.8,17.0,-0.0303,0.8967,-0.4124,0.0006,0.0288,0.0386,0.0745,0.0139
5.2,1.1,2.6,2.2,1.8,7.3,19.6,43.1,35.8,-0.4051,0.4888,0.2477,-0.1554,-0.5967,-0.2101,-0.1396,0.1675
5.2,4.7,2.8,4.6,4.2,3.4,16.9,4.9,15.8,-0.0761,0.0589,0.0077,-0.0504,0.0882,0.7896,-0.5779,0.029
5.2,1.5,2.4,2.7,1.4,8.9,18.4,39.4,32.1,0.2068,0.7831,0.0079,0.0101,0.0052,0.0133,-0.4746,0.1727
5.2,1.2,4.9,3.0,4.7,9.3,2.8,4.6,38.7,-0.3799,0.3574,0.277,-0.0379,-0.0965,-0.3534,0.2863,0.5292
5.2,2.9,4.5,4.5,3.9,13.0,8.0,42.2,33.8,-0.0385,0.0538,-0.0506,0.0254,0.0659,-0.017,-0.6653,0.631
5.2,1.3,3.4,3.2,4.6,12.9,16.4,18.1,18.4,0.0199,0.6656,-0.1436,0.3508,0.3892,-0.273,-0.3406,0.2401
5.2,2.5,4.1,3.7,2.4,19.1,19.5,36.7,12.6,-0.2154,0.3304,-0.3606,0.258,-0.3878,0.2492,-0.0315,-0.6436
5.2,5.0,3.7,2.1,1.5,8.4,8.4,4.5,30.4,0.3247,0.855,3.7535e-05,0.0004,-0.0002,-0.0004,-0.369,0.1404
5.2,2.7,4.5,1.1,1.5,7.3,16.5,5.9,42.6,-0.2777,0.1702,-0.2095,-0.0715,0.0332,0.1757,0.337,0.8017
5.2,1.0,2.4,3.9,4.0,4.5,18.2,12.7,8.4,-0.3307,-0.1515,-0.4082,0.0477,0.2777,0.6632,-0.3478,0.2184
5.2,3.5,3.6,3.8,3.9,6.7,12.7,21.7,13.8,-0.0384,0.6725,-0.0566,0.3,0.1089,-0.3289,0.5303,0.1832
5.2,3.7,1.2,1.7,3.9,9.9,3.7,12.4,7.2,0.3687,0.8817,-0.0701,-0.1843,-0.15,0.1268,-0.0268,0.0266
5.2,4.6,4.8,4.1,4.8,3.7,11.4,18.8,30.1,-0.4447,0.6852,0.2575,0.0176,-0.3859,-0.0774,0.1687,0.2593
5.2,1.2,3.8,4.3,2.8,3.7,15.8,40.6,12.4,-0.0783,0.4176,-0.2555,0.2601,-0.3361,0.3017,-0.4833,-0.4753
5.2,4.2,3.1,1.4,3.2,17.5,15.1,11.1,40.3,0.3064,0.2248,-0.2333,-0.5171,-0.4405,-0.1622,-0.5001,-0.1816
5.2,2.1,3.0,2.6,4.0,15.7,19.1,8.9,16.3,0.0104,0.3167,-0.3464,0.5978,0.3525,0.3739,-0.1974,-0.3203
5.2,2.5,3.9,4.1,2.8,18.8,16.1,22.2,30.2,0.1047,0.3443,0.3691,-0.1787,-0.4527,0.2287,0.4504,0.4702
5.2,4.8,4.9,3.5,2.1,13.6,4.5,20.4,28.3,0.3536,0.6718,0.2208,0.0188,-0.2315,-0.0202,-0.4497,0.317
5.2,1.8,3.8,2.3,1.6,21.5,12.7,41.4,21.0,0.3327,0.1268,0.0096,0.4065,0.1024,0.3562,-0.1913,-0.707
5.2,2.1,3.0,4.5,1.1,14.9,16.3,35.9,35.4,-0.2838,0.3444,0.405,-0.2311,0.4464,-0.2061,0.1749,-0.5342
5.2,1.3,4.5,4.6,1.7,22.0,2.1,11.7,15.2,-0.5599,0.1002,-0.3584,0.2596,0.4786,-0.0493,-0.2609,0.4106
5.2,3.2,2.5,3.4,4.5,19.6,3.3,5.1,39.7,0.1714,0.6373,-0.2746,-0.2991,-0.4441,-0.1968,-0.3293,-0.1994
5.2,4.4,1.7,1.6,1.8,6.6,5.9,21.0,35.0,0.0746,0.9442,-0.1037,-0.0408,0.1162,0.034,0.2586,-0.0058
5.2,3.8,2.3,2.3,3.3,7.4,14.2,16.6,42.8,-0.2234,0.921,-0.0603,0.1548,0.1253,0.1127,0.1827,0.0334
5.2,4.1,2.8,4.1,3.5,13.4,4.4,28.0,41.0,0.4043,0.6811,-0.2181,-0.3808,0.3368,-0.1954,0.0627,-0.035
5.2,4.0,3.4,2.3,1.2,10.6,20.2,24.6,7.6,0.3097,0.9261,-0.053,-0.1214,0.1191,0.0744,0.0119,0.0129
5.2,3.8,1.3,2.5,1.2,17.7,19.1,25.7,8.8,0.4279,0.0548,-0.3345,0.0882,0.4411,-0.2931,0.3464,0.5214
5.2,2.2,3.4,5.0,4.2,10.9,12.9,14.0,41.1,0.0555,0.6065,-0.0553,-0.4856,-0.4839,-0.0422,-0.3579,-0.0456
5.2,4.5,3.6,4.7,2.6,15.4,19.8,4.1,38.6,0.0566,0.6451,-0.1078,-0.444,-0.2559,-0.4064,-0.1444,-0.3176
5.2,3.9,4.3,2.0,1.9,3.6,8.0,22.9,18.0,-0.0916,0.3594,-0.1055,-0.1746,-0.2091,-0.1785,-0.1309,-0.6226
5.2,1.7,1.8,3.3,4.0,12.0,6.3,16.1,16.0,-0.1973,0.3901,-0.1888,0.4536,0.4024,-0.3268,-0.3127,0.4257
5.2,2.9,2.0,2.3,3.2,7.9,6.4,31.0,16.0,-0.2745,0.9261,0.1311,0.0764,0.0585,0.0617,-0.1488,-0.0594
5.2,5.0,2.2,3.0,2.2,8.4,17.0,39.7,34.7,-0.0801,0.9759,0.0186,0.0122,0.0231,0.0104,-0.1706,-0.0134
5.2,1.5,3.5,4.7,2.6,11.1,13.3,23.7,43.7,0.281,0.5563,-0.0001,-0.4885,0.1699,0.4178,0.0028,0.3765
5.2,4.7,2.2,4.5,4.4,9.8,10.8,21.2,40.6,-0.1591,0.6457,0.2665,0.0887,-0.0497,0.192,-0.2214,-0.2872
5.2,1.6,4.5,4.4,2.2,7.6,17.2,43.7,31.2,-0.595,-0.129,0.096,0.0072,-0.1143,-0.2329,-0.1986,0.6839
5.2,1.9,3.4,2.8,2.0,10.8,16.9,9.5,16.3,0.1983,0.5921,-0.6934,0.1457,0.0278,0.2202,0.178,-0.0846
5.2,4.5,4.6,3.2,3.3,2.1,5.0,21.4,42.3,0.3452,0.3192,-0.3646,0.1848,0.3671,-0.1857,-0.0795,0.639
5.2,2.8,1.9,1.5,2.3,14.5,15.8,33.8,12.6,0.2109,0.1213,-0.6417,0.2905,-0.2635,-0.5466,-0.1062,0.1614
5.2,3.6,1.8,1.4,5.0,4.3,4.5,29.3,8.6,0.0637,0.2552,-0.6958,0.2541,-0.2267,-0.4922,-0.242,-0.0816
5.2,2.1,1.5,4.8,4.9,14.7,8.6,35.2,7.5,0.0328,0.0676,0.0144,-0.0264,0.029,-0.0165,0.8485,-0.489
5.2,4.2,2.4,1.9,3.4,18.3,4.6,22.0,42.8,0.4194,0.6672,-0.3898,-0.0295,0.4067,0.0179,0.0863,0.1894
5.2,4.1,3.4,4.9,4.8,7.7,14.2,15.7,16.6,-0.5849,0.7783,0.0545,0.0408,-0.0218,-0.0258,0.1524,0.1191
5.2,2.0,2.4,3.8,2.7,11.7,10.2,26.4,33.3,-0.1564,0.2236,0.4079,0.5129,-0.1858,0.3813,0.1873,-0.4692
5.2,4.2,3.4,1.3,5.0,7.4,18.2,24.2,34.4,0.4869,0.5052,-0.1388,0.1796,0.0969,0.179,0.3774,-0.4552
5.2,1.5,1.3,3.8,3.4,19.1,17.0,32.4,31.2,-0.4212,0.195,0.4002,-0.1456,0.5802,0.2318,0.3682,-0.2311
5.2,1.6,1.9,1.1,1.2,2.1,20.7,22.6,17.7,-0.0859,0.0743,-0.1798,0.1963,-0.5229,-0.7165,0.0547,0.0065
5.2,4.5,3.0,1.4,2.1,17.2,14.0,29.4,32.1,0.2072,0.1408,0.5508,0.1828,-0.1039,0.5519,0.0578,-0.4807
5.2,2.7,3.7,2.2,4.5,13.9,20.9,42.3,30.9,0.5439,0.5807,0.3058,-0.1344,0.3833,-0.2122,-0.0658,-0.1893
5.2,1.7,3.6,2.9,1.6,3.0,7.8,39.6,25.9,-0.1242,0.0795,-0.0038,-0.0536,-0.0028,-0.0541,-0.4907,-0.8398
5.2,3.9,1.2,3.4,1.5,14.2,13.9,29.1,43.9,0.5146,0.4146,-0.3004,-0.3379,0.513,0.0213,0.1741,0.1871
5.2,3.4,3.5,2.0,2.7,3.1,13.5,36.4,16.7,0.1453,0.711,-0.1539,0.306,-0.383,0.2736,0.2307,-0.2491
5.2,1.7,3.6,4.4,1.3,13.6,16.5,37.7,36.0,-0.1019,0.4752,0.3718,-0.3221,0.3619,-0.3234,0.0076,-0.5089
5.2,3.9,2.6,4.5,3.2,14.3,16.5,29.3,37.4,-0.0494,0.4652,0.0949,-0.5615,0.4697,0.1293,0.4281,0.1086
5.2,2.1,2.4,4.2,2.6,19.9,4.1,36.7,35.1,-0.4143,0.4458,0.0281,-0.3932,0.0433,-0.3888,-0.1787,-0.5181
5.2,1.5,3.7,4.0,1.8,17.6,2.4,38.2,32.7,-0.2196,0.27,0.2127,-0.3054,0.2077,-0.3057,-0.2487,-0.7195
5.2,2.8,4.3,4.4,4.6,9.3,2.8,24.3,9.9,-0.0128,0.9523,-0.0108,-0.1599,0.2192,0.0182,0.0543,0.005
5.2,2.4,3.3,5.0,2.6,14.9,13.2,43.0,30.0,0.2512,0.1399,0.3493,0.0782,0.5627,-0.268,-0.5547,-0.2407
5.2,3.2,2.3,2.8,1.9,18.1,12.1,17.6,23.0,0.3236,0.0352,0.143,-0.0547,0.2539,-0.6906,-0.3413,0.3709
5.2,3.4,1.3,1.5,2.8,16.7,2.9,28.0,24.0,0.5108,0.4727,0.3214,0.2602,-0.4535,0.1952,0.2756,-0.0963
5.2,2.1,1.1,2.5,1.2,18.3,9.0,30.3,39.3,0.6749,0.6541,-0.0011,-0.0059,0.001,0.0004,-0.1095,0.1439
5.2,2.6,2.8,1.1,2.9,15.8,8.0,15.6,27.9,0.0161,0.1204,-0.0346,-0.1225,-0.1469,-0.0166,-0.9304,-0.1285
5.2,5.0,4.5,4.9,1.5,9.1,10.8,14.0,38.0,-0.4224,0.8901,0.1236,0.0378,-0.0166,-0.0098,0.0463,0.0255
5.2,2.5,4.1,3.9,1.1,5.0,20.5,5.9,33.0,0.0247,0.1628,-0.0611,-0.0369,0.0255,-0.2482,-0.9371,0.1149
5.2,3.8,3.3,2.8,1.8,15.0,20.2,14.5,25.5,0.5084,-0.0934,0.3589,0.0249,0.1327,-0.6055,-0.1591,-0.3902
5.2,4.2,1.2,3.6,3.5,5.1,20.7,27.2,12.5,-0.5031,0.0483,-0.3145,0.0242,-0.4608,-0.3493,0.2367,-0.4831
5.2,1.3,3.6,1.7,3.8,7.3,18.2,32.3,31.8,-0.1742,0.709,0.1035,-0.3948,0.4606,-0.1865,0.0955,-0.1506
5.2,4.4,1.2,1.1,2.7,4.8,4.2,15.2,41.7,0.0903,0.6482,-0.5768,0.2426,0.1562,0.1918,0.3058,0.0215
5.2,2.2,1.7,4.1,3.8,17.3,14.4,35.4,22.1,0.1048,0.3098,0.3391,0.4461,-0.2812,0.4982,0.142,-0.4477
5.2,2.9,4.5,2.1,4.7,12.8,18.4,10.5,8.6,0.4459,0.5059,-0.3336,-0.3576,-0.3248,0.3523,-0.1711,0.1874
5.2,2.3,2.9,4.2,2.2,13.9,10.3,31.7,40.5,-0.0048,0.1675,0.0226,-0.3589,0.3199,0.1568,0.7299,0.3691
5.2,1.8,4.3,3.2,3.2,21.9,8.5,42.3,39.0,0.7177,0.3793,0.1102,-0.023,-0.0159,-0.0666,0.219,-0.464
5.2,2.5,1.7,3.7,3.8,14.8,8.7,21.3,14.3,-0.3017,0.6843,-0.0383,-0.0281,0.0299,0.0319,0.5845,0.2664
5.2,4.7,4.3,2.8,3.2,9.3,3.8,33.4,39.0,0.0157,0.9574,-0.001,-0.1883,0.1717,-0.0882,0.0073,-0.0177
5.2,3.4,1.4,4.2,3.7,14.8,2.4,29.7,38.1,0.0049,0.5468,-0.0006,-0.5461,0.4716,-0.0839,0.379,-0.0867
5.2,2.4,2.4,4.5,2.4,18.1,16.3,7.4,17.2,-0.2732,0.3409,-0.3242,0.4304,0.484,0.2826,-0.3861,-0.2013
5.2,1.6,4.8,3.7,2.0,17.5,11.7,29.6,30.5,-0.1718,-0.1129,0.2636,0.3122,-0.2197,0.2556,0.5499,-0.5858
5.2,4.1,3.2,3.2,3.1,9.3,11.8,28.9,25.0,0.0031,0.9789,-0.1513,0.0744,0.0209,-0.0315,-0.0212,0.0055
5.2,2.1,3.8,2.1,1.3,2.0,3.8,30.8,27.0,-0.1493,-0.024,0.2294,0.0096,0.4166,0.3822,0.7056,-0.2841
5.2,1.8,4.2,2.8,1.5,20.8,12.7,4.6,7.4,-0.0292,0.1898,-0.1798,-0.1785,-0.2541,-0.1253,-0.7558,-0.4853
5.2,2.8,1.6,1.5,2.7,7.4,13.2,25.6,9.8,-0.4155,0.6778,-0.2492,0.0578,-0.0559,-0.1082,-0.4153,-0.2849
5.2,4.2,3.5,4.4,4.2,20.0,9.9,31.0,27.5,-0.42,-0.1059,0.1931,0.3274,-0.1003,0.213,0.3118,-0.6964
5.2,3.3,4.8,1.1,3.4,16.0,17.1,7.1,37.2,0.6496,0.4721,0.2084,-0.4297,-0.0064,-0.2299,0.0183,-0.2382
5.2,1.9,3.6,1.3,2.1,7.3,14.4,11.4,9.8,-0.1758,0.9075,-0.2333,0.1337,0.0344,0.0622,0.2324,0.047
5.2,4.4,1.2,1.8,1.7,11.2,7.4,8.7,13.6,0.5551,0.7887,-0.2239,-0.0278,0.0547,0.0607,0.0393,-0.011
5.2,1.2,4.5,3.7,4.8,10.2,14.3,41.7,30.4,0.0856,0.7982,0.293,0.1618,0.4013,0.1098,-0.1639,-0.1521
5.2,2.6,2.7,4.1,2.6,14.0,15.8,11.3,29.0,0.1447,-0.2031,0.4041,0.0304,0.1211,-0.7366,-0.4061,-0.146
5.2,4.9,2.7,3.8,1.4,21.7,4.5,13.3,28.0,-0.4013,-0.1442,0.2333,-0.103,-0.302,0.0074,-0.4334,0.6716
5.2,2.4,4.1,1.0,3.5,21.3,7.9,23.7,6.3,0.8228,0.11,-0.0259,0.0373,0.0556,-0.1608,-0.0494,0.5008
5.2,4.9,1.6,2.4,4.1,19.0,21.9,30.5,27.1,0.2307,-0.0382,0.6629,-0.0033,-0.0098,0.681,0.0392,-0.0542
5.2,2.2,2.4,2.5,3.6,4.7,12.2,7.8,21.7,0.0726,0.2575,0.1426,0.3375,0.3989,-0.0078,-0.7873,0.0101
5.2,2.3,4.2,4.3,4.9,14.4,7.1,17.6,38.3,0.3481,0.8656,-0.2283,-0.033,0.0302,0.0601,0.1171,-0.0519
5.2,3.1,1.6,3.9,2.6,13.4,11.1,26.0,24.2,0.3961,0.2137,-0.0559,0.5305,-0.1852,-0.3743,0.2145,0.514
5.2,2.9,3.3,2.4,3.2,13.6,5.5,37.6,24.8,0.1932,0.8019,0.2129,0.0425,0.2906,0.0544,0.3569,-0.1543
5.2,3.5,1.9,4.2,3.4,2.5,15.4,10.1,40.4,0.1173,0.1375,-0.2856,-0.4744,-0.4674,0.2219,-0.5474,0.2684
5.2,1.7,4.2,2.3,3.9,21.8,11.3,29.1,7.6,0.0353,0.0883,-0.1477,-0.2913,0.2767,-0.1597,0.7704,-0.4048
5.2,1.8,3.9,3.1,2.4,5.2,8.1,35.2,8.0,-0.5993,0.1947,0.0055,0.0163,0.0014,0.0149,-0.2324,-0.7284
5.2,3.8,3.4,3.3,1.1,20.4,4.3,21.2,42.2,0.1894,0.2573,-0.3819,0.1043,0.3839,-0.1048,-0.0957,0.7328
5.2,1.3,2.3,4.8,1.4,18.3,10.7,22.3,37.3,-0.0344,0.3075,0.6021,-0.1982,-0.032,0.5115,-0.2121,0.3464
5.2,4.2,3.3,4.2,1.2,12.6,5.7,24.0,39.8,0.1312,0.9293,-0.0676,-0.1617,0.2442,0.0647,0.0228,0.0307
5.2,4.3,2.1,2.3,3.6,9.6,19.9,40.7,20.2,0.3733,0.8603,-0.0909,0.0724,-0.1392,0.1159,-0.1598,0.065
5.2,2.3,2.9,1.2,4.6,20.2,10.1,17.4,14.5,0.2239,0.9407,-0.1771,0.0724,0.052,-0.0068,0.1126,-0.015
5.2,1.6,4.8,5.0,3.4,20.9,18.1,35.1,5.3,-0.34,0.171,-0.2909,-0.2039,-0.428,-0.4005,0.3632,-0.4816
5.2,1.3,2.7,2.1,2.8,20.3,12.5,38.9,10.1,-0.2231,0.5195,-0.3518,-0.1457,-0.3539,-0.1459,-0.3994,-0.4554
5.2,3.9,2.0,1.3,2.7,20.2,6.9,33.5,37.1,-0.0412,0.7336,-0.4418,-0.2051,-0.2089,-0.2378,-0.2132,-0.2142
5.2,4.7,1.0,4.3,2.2,8.4,8.0,29.5,37.8,-0.4939,0.8494,-0.0116,-0.0896,0.0207,-0.0604,-0.0889,-0.0597
5.2,3.5,4.2,1.9,3.4,6.3,7.5,20.8,41.6,-0.1785,0.7328,0.0777,0.0545,-0.0781,-0.0543,0.5999,0.168
5.2,4.6,2.7,4.7,3.0,7.0,17.6,34.4,27.1,-0.664,0.6634,0.0726,-0.1008,0.1021,-0.0795,-0.1831,-0.2079
5.2,4.0,2.2,3.3,1.4,3.9,20.0,14.1,5.7,-0.4709,-0.0249,-0.2731,-0.0483,0.3952,0.2293,-0.2897,0.6299
5.2,1.6,1.6,2.5,1.7,5.8,15.4,28.8,37.4,-0.0714,0.3902,0.0279,-0.5232,0.4462,-0.221,0.4731,-0.2597
5.2,4.4,2.6,3.2,2.3,20.6,19.7,40.9,8.7,0.006,0.3037,-0.3396,0.236,-0.3719,0.2554,-0.3625,-0.6135
5.2,2.5,1.3,4.6,2.9,7.1,16.2,39.9,7.8,-0.1544,0.6181,-0.085,0.138,-0.1225,0.1544,-0.6771,-0.2077
5.2,2.0,2.7,2.1,3.2,16.0,8.5,18.1,41.1,0.1188,0.6769,-0.0045,0.0087,0.0231,-0.0013,-0.6828,0.1016
5.2,4.0,1.4,2.8,2.3,12.2,9.7,43.2,22.1,0.4748,0.8546,-0.1453,0.0472,-0.0271,0.0174,0.0686,-0.0454
5.2,2.3,3.8,3.7,4.9,4.4,11.4,38.2,8.0,-0.5208,0.4701,-0.18,-0.1252,-0.3292,-0.2052,-0.2643,-0.4662
5.2,2.8,2.5,4.0,4.2,4.2,16.8,39.2,15.1,-0.1762,0.485,-0.1018,0.4311,-0.1029,0.4316,-0.2671,-0.5005
5.2,3.5,4.0,1.6,4.8,21.5,20.6,5.0,43.6,0.4295,0.6481,-0.3226,0.0525,-0.3994,0.138,-0.3086,-0.0117
5.2,1.6,3.4,2.2,1.2,9.1,16.0,19.5,7.3,0.0649,0.9827,0.0135,-0.0156,-0.0134,0.0155,0.1311,-0.0077
5.2,3.0,1.7,3.1,1.2,7.0,8.9,35.2,41.7,-0.6331,0.6598,-0.0108,-0.0082,-0.0063,-0.0071,-0.2755,-0.2684
5.2,1.9,4.7,1.1,1.5,3.7,14.5,29.3,11.5,-0.2488,0.0921,-0.382,-0.1079,-0.0075,-0.3149,-0.1071,-0.793
5.2,2.4,1.8,2.1,2.2,3.5,19.0,32.3,16.1,-0.1261,0.5229,-0.1344,0.4633,-0.4493,0.2969,0.2644,-0.3182
5.2,4.2,4.6,3.2,1.8,7.9,5.9,22.4,30.2,0.0326,0.86,-0.0096,-0.0061,0.0063,0.0079,0.49,-0.0243
5.2,1.6,4.6,2.6,2.3,4.8,6.6,15.9,18.6,-0.0866,0.899,0.3266,0.1233,-0.1311,-0.1119,0.0786,0.073
5.2,1.9,2.5,2.3,2.9,4.1,4.0,9.8,15.4,-0.2281,0.4064,-0.2123,0.4457,0.5527,-0.1554,-0.3604,0.2606
5.2,2.1,2.7,2.9,4.9,2.5,2.9,24.5,18.0,-0.1439,0.5591,-0.0421,0.4079,-0.4669,-0.293,0.3312,0.2596
5.2,1.2,2.4,1.4,1.9,21.2,20.5,24.1,8.1,0.4645,0.3604,-0.3994,0.099,0.4926,-0.2608,0.3659,0.1502
5.2,1.5,2.1,1.1,2.1,15.5,19.9,9.7,5.6,0.5259,0.4366,-0.3505,-0.2317,-0.4465,0.2264,-0.2883,0.1065
5.2,4.9,1.5,2.6,3.4,21.4,3.2,10.4,34.5,-0.1702,0.4175,0.1912,-0.4607,-0.5543,0.1075,-0.4034,0.2142
5.2,3.5,4.6,1.1,2.3,21.1,21.9,21.8,18.0,0.1691,0.6762,0.3311,0.1762,-0.3389,-0.1702,0.4427,0.1065
5.2,3.9,2.6,3.4,4.4,8.7,5.8,23.3,9.6,-0.3376,0.8921,0.0225,-0.0286,0.0927,0.018,-0.1949,-0.0892
5.2,4.4,4.5,4.1,1.5,19.3,8.9,31.2,7.8,-0.0939,-0.171,0.0155,-0.0633,0.0523,-0.0246,0.861,-0.4338
5.2,4.6,2.1,1.9,3.7,17.2,18.7,31.2,37.2,0.139,0.4376,-0.1049,-0.5363,0.4916,0.0477,0.4677,0.0371
5.2,3.6,3.9,3.0,1.3,11.4,4.2,29.9,26.3,0.429,0.8531,0.1256,0.1755,-0.0898,0.1316,-0.0385,0.0071
5.2,1.9,2.2,2.4,2.9,14.3,19.1,9.2,17.7,0.0676,0.3798,-0.1761,0.6292,0.3695,0.3089,-0.299,-0.294
5.2,4.6,2.3,1.8,2.4,4.1,2.5,11.4,38.7,0.0509,0.31,-0.3312,-0.4743,-0.1671,0.4415,-0.1846,0.5382
5.2,4.6,4.1,2.9,2.0,16.1,6.0,33.1,15.2,-0.2323,0.0676,-0.1503,0.3735,-0.3315,0.2434,0.451,-0.6133
5.2,3.6,1.5,4.2,4.4,6.5,3.2,24.8,23.5,0.0916,0.055,0.1277,-0.0814,-0.2158,0.4041,0.7698,-0.3584
5.2,1.5,3.5,1.6,1.1,21.5,15.5,26.6,10.5,0.1955,0.1562,-0.3038,-0.0208,0.3682,-0.2673,0.7398,-0.2568
5.2,1.4,4.7,3.5,2.0,3.1,18.4,17.6,36.8,-0.2167,0.4752,0.0287,-0.4947,-0.1339,0.4638,-0.0486,0.478
5.2,2.4,3.1,2.5,4.3,17.8,3.8,36.5,9.4,-0.0773,0.5179,-0.3325,0.0961,-0.5643,-0.0206,0.4256,-0.2866
5.2,1.2,3.0,4.1,4.4,9.5,17.9,26.5,18.8,-0.1565,0.8146,-0.4499,0.2117,0.0512,-0.1705,-0.0835,0.0586
5.2,4.7,2.3,1.4,4.4,8.1,9.1,39.8,9.1,0.3083,0.9409,-0.0024,0.0008,-0.0016,0.0004,-0.1008,0.0335
5.2,2.0,1.3,4.3,1.2,3.7,7.6,13.2,14.2,-0.6913,-0.0267,-0.0445,0.1756,0.0838,-0.1347,-0.0693,0.6689
5.2,2.2,4.1,3.7,1.6,15.6,10.4,28.9,30.8,-0.0313,-0.0519,0.0581,0.2616,-0.2235,0.0825,0.8693,-0.2816
5.2,2.5,4.5,4.9,1.5,4.0,2.9,33.8,39.6,-0.3633,0.1321,-0.2968,-0.1342,-0.3851,-0.5438,0.3944,-0.3048
5.2,3.3,3.8,3.3,3.5,13.1,7.9,6.0,38.5,0.3181,0.9316,-0.0806,-0.0397,0.021,0.0368,0.0225,-0.0061
5.2,1.2,1.9,4.5,2.7,3.8,13.4,30.8,29.8,-0.5377,-0.0686,0.3223,0.0145,0.3696,0.4399,0.2914,-0.4067
5.2,2.4,3.6,4.7,3.9,16.0,18.9,9.6,17.9,-0.1613,0.4404,-0.1644,0.5385,0.4963,0.0907,-0.4332,-0.0831
5.2,2.1,1.3,3.0,1.1,20.6,19.3,24.9,10.1,0.072,0.0511,-0.0832,0.148,0.1872,-0.3985,0.8036,0.3194
5.2,3.2,3.2,4.8,2.5,4.6,15.2,15.9,36.1,-0.4333,0.3271,0.009,-0.4881,-0.149,0.4058,-0.087,0.5064
5.2,4.9,3.2,1.0,4.9,17.3,2.3,6.5,32.3,0.3647,0.3371,0.6112,-0.1564,-0.2658,-0.3941,0.3094,-0.0114
5.2,3.4,4.6,2.6,1.2,6.4,18.7,10.0,38.9,-0.3007,0.1284,-0.3327,-0.4214,-0.0897,0.3474,-0.1492,0.6478
5.2,3.4,2.6,1.2,4.9,17.9,5.0,29.2,24.7,0.4647,0.4361,0.4685,0.2711,0.0141,0.456,-0.0438,-0.2629
5.2,5.0,2.1,3.3,4.4,7.7,11.7,37.4,30.2,-0.2277,0.9505,0.0346,-0.0534,0.05,-0.0492,-0.1573,-0.0423
5.2,1.5,3.3,2.6,1.7,21.1,18.6,13.8,24.4,-0.0711,-0.0869,0.247,-0.0239,-0.1129,-0.7416,-0.486,0.3099
5.2,3.2,1.9,1.4,4.0,9.3,14.5,4.4,38.9,0.2855,0.943,0.0801,-0.0417,-0.0107,-0.0028,0.0895,-0.0238
5.2,4.7,4.2,1.8,3.5,10.7,2.5,31.4,29.5,0.4264,0.8111,0.2805,0.1701,0.0597,0.1899,-0.0196,-0.0511
5.2,3.9,2.3,1.6,4.7,3.0,10.6,29.8,37.3,0.668,0.2491,0.2421,-0.4667,0.0341,0.2259,0.0411,0.3347
5.2,2.0,2.3,3.0,3.6,16.5,6.1,6.4,19.0,0.0345,0.7453,0.0263,0.3526,0.4553,0.0007,-0.3127,-0.0034
5.2,1.2,4.4,2.5,4.7,11.6,19.8,27.4,38.0,0.157,0.5535,0.0463,-0.5789,0.316,0.3128,0.2182,0.2482
5.2,1.3,4.9,3.1,1.1,14.1,8.3,16.5,11.6,0.1106,0.0829,-0.0005,-0.0007,0.0003,0.0008,-0.5597,0.8044
5.2,3.9,3.4,3.2,4.8,13.9,2.4,19.3,40.6,0.3324,0.5383,-0.4036,-0.2979,-0.0018,0.4951,0.1676,0.1359
5.2,2.8,2.3,2.0,1.9,11.9,7.1,20.8,37.4,0.0899,0.7843,-0.2648,-0.1935,0.226,0.2228,0.3362,0.1045
5.2,3.5,2.1,3.9,3.5,19.0,9.5,31.9,32.2,-0.6003,0.4955,0.369,0.2114,0.0692,0.1565,-0.1739,-0.3424
5.2,4.9,2.4,3.5,2.4,6.7,18.5,7.5,13.7,-0.4725,0.0606,-0.2558,-0.0197,0.3676,0.1821,-0.1258,0.7119
5.2,3.5,1.7,4.0,2.6,5.5,12.3,4.1,25.9,-0.0716,0.5311,0.2053,0.02,0.2912,-0.0326,-0.7292,-0.21
5.2,2.5,3.5,2.7,2.7,7.2,5.7,27.3,17.5,-0.4212,0.4991,0.2284,0.4534,-0.0038,0.3675,-0.0589,-0.3946
5.2,1.4,3.5,2.5,2.6,2.9,10.3,23.8,35.1,-0.1048,0.3432,0.4554,0.3267,0.012,0.4125,-0.08,-0.5294
5.2,4.5,4.0,1.5,3.6,8.3,5.9,8.2,24.2,0.1166,0.9807,-0.0058,-0.0457,-0.0184,0.0431,0.1022,-0.0089
5.2,2.2,4.7,4.6,2.3,17.9,13.0,41.5,30.1,0.0407,0.3302,0.3237,0.0751,0.44,-0.0069,-0.6636,-0.3401
5.2,4.9,1.1,2.5,4.9,12.2,14.8,12.3,20.6,0.3557,0.5369,-0.1836,0.5849,0.1523,0.3222,-0.1198,-0.2263
5.2,1.9,4.9,3.0,3.4,13.2,18.5,35.2,26.0,0.1915,0.019,0.4267,-0.0359,0.0197,0.8081,0.1972,0.1494
5.2,2.5,2.0,2.4,2.9,16.3,7.3,39.8,8.6,0.6109,0.3275,-0.1841,0.1328,-0.1908,0.1365,0.2207,-0.5836
5.2,1.1,2.4,2.2,4.0,19.8,21.4,34.3,28.6,-0.2693,0.2073,0.3283,-0.2961,0.6214,0.3427,0.3796,0.0347
5.2,2.4,5.0,3.5,1.6,4.6,20.5,36.4,24.7,-0.3907,0.2507,0.3302,-0.1023,0.3692,-0.0818,-0.1087,-0.6993
5.2,4.3,3.8,4.5,2.0,9.9,12.7,38.2,12.4,0.2049,0.7341,-0.0367,-0.2826,0.0548,-0.3265,-0.1439,0.0441
5.2,2.2,1.6,3.6,3.4,9.4,7.5,28.1,24.0,-0.0958,0.9738,0.0776,0.1236,-0.0006,0.0867,-0.0084,-0.0126
5.2,3.9,1.2,2.1,2.8,10.1,6.0,20.2,41.6,0.2695,0.9193,-0.1009,-0.161,0.0953,0.1621,0.0354,0.0295
5.2,1.4,1.9,2.6,4.2,20.7,10.7,14.1,26.4,-0.159,0.032,0.2589,0.3755,0.1642,-0.3118,-0.3641,0.6939
5.2,1.2,3.6,3.9,2.6,12.2,13.9,20.0,20.1,0.1809,0.6725,-0.2274,0.3428,0.228,-0.3409,-0.2416,0.3199
5.2,3.8,3.3,4.7,4.3,18.8,2.7,33.4,22.0,0.1854,0.0222,0.6162,0.1112,-0.1154,0.7105,0.0278,0.0547
5.2,4.5,2.8,2.6,1.8,21.4,16.4,6.6,25.8,0.1425,0.313,0.3282,-0.0162,0.4419,-0.1851,-0.7086,-0.1581
5.2,4.7,3.5,3.3,4.2,19.7,12.2,6.2,18.2,0.2862,0.2861,-0.2787,0.5383,0.1273,0.3967,-0.133,-0.5057
5.2,1.5,3.6,2.4,3.8,17.3,12.1,39.3,4.3,0.3222,0.3376,0.0782,-0.3581,0.0417,-0.3684,0.2675,-0.6304
5.2,3.2,2.3,3.9,1.7,10.6,14.8,19.5,13.8,0.0437,0.8322,-0.2782,-0.2083,0.2743,0.2081,-0.1651,0.1539
5.2,1.2,2.9,3.9,2.9,15.0,10.9,9.1,39.5,0.2686,0.1187,0.1781,-0.5205,-0.1881,-0.3358,-0.2936,-0.5863
5.2,3.1,2.9,2.6,1.5,11.6,20.7,17.9,20.6,0.2482,0.8238,-0.0041,0.3008,0.1985,-0.2987,-0.0858,0.1357
5.2,1.8,2.2,1.2,4.1,5.1,7.7,26.7,28.9,0.0697,0.4427,0.1167,-0.1725,0.4218,-0.0522,0.6945,-0.2414
5.2,3.4,4.6,2.3,4.7,12.4,3.5,41.4,5.5,0.3508,0.8111,-0.268,-0.1412,-0.2976,-0.1224,-0.0851,-0.082
5.2,4.2,4.4,3.6,1.1,11.8,9.0,34.9,9.0,0.7254,0.3039,0.064,-0.0421,-0.008,0.0346,-0.1831,0.5252
5.2,1.1,1.3,1.7,2.1,6.8,21.5,11.8,15.3,-0.1978,0.5769,-0.0913,0.4806,0.3808,-0.344,-0.1223,0.3096
5.2,3.1,3.1,1.4,4.7,17.7,18.6,42.0,4.4,0.2358,0.5152,-0.3721,-0.2994,-0.3855,-0.287,-0.3384,-0.2952
5.2,1.1,2.7,3.2,1.9,10.6,10.0,39.4,15.5,-0.152,0.7826,-0.2317,-0.1332,-0.2994,-0.1143,-0.359,-0.1825
5.2,3.6,1.3,1.8,4.7,14.4,2.6,5.7,9.9,0.56,0.6367,-0.2742,-0.0212,-0.3935,0.1173,-0.1725,-0.0144
5.2,2.5,2.4,2.1,2.2,6.7,3.3,24.4,19.0,0.1832,0.5417,0.0543,0.3122,-0.4001,0.1949,0.5304,-0.2639
5.2,1.9,1.3,2.4,3.0,4.8,21.8,18.6,28.5,-0.1573,0.5192,0.3887,-0.2418,-0.4253,0.2385,0.1309,0.4749
5.2,2.9,4.8,2.5,3.2,10.4,13.5,26.3,25.3,0.4002,0.8515,-0.1956,0.2049,0.0537,-0.1164,-0.0272,0.055
5.2,4.8,2.1,2.6,2.8,14.4,2.9,16.1,13.0,-0.1771,0.2323,-0.2607,0.2143,0.543,0.177,-0.6636,-0.0883
5.2,1.7,2.2,2.5,4.4,21.6,2.1,31.1,38.9,0.0944,0.4222,-0.1969,-0.5251,0.3686,-0.3199,0.3715,-0.3155
5.2,3.6,3.5,1.5,4.2,17.9,18.4,7.8,24.3,0.3947,0.4871,0.3136,0.2297,0.4756,-0.1385,-0.4299,0.1039
5.2,1.4,3.9,2.5,2.6,16.2,18.8,24.1,8.6,0.4137,0.3844,-0.4312,-0.0447,0.5466,-0.083,0.285,0.3002
5.2,1.6,4.5,4.9,2.7,13.0,11.4,42.8,22.4,0.3568,0.2206,-0.1624,0.4413,0.0547,0.365,-0.0385,-0.658
5.2,3.7,3.7,3.4,5.0,4.3,4.7,17.7,38.7,0.0484,0.5064,-0.6677,-0.1062,0.0836,0.3845,0.2352,0.1383
5.2,2.3,2.8,3.2,2.0,4.0,21.6,26.3,17.8,-0.1572,0.4817,-0.1486,0.461,-0.5228,0.0555,0.4554,-0.0725
5.2,4.6,2.7,2.3,1.4,3.9,3.8,31.2,30.3,-0.423,0.0991,0.3,-0.1831,0.4531,-0.0471,0.2035,-0.645
5.2,1.7,5.0,3.3,4.8,18.1,5.7,32.8,34.7,-0.4679,0.4387,-0.1455,-0.486,0.0753,-0.372,0.0015,-0.3992
5.2,2.1,4.0,3.4,1.9,12.9,2.8,32.0,41.4,0.4558,0.5542,-0.3436,-0.3345,0.3219,-0.3353,0.009,0.0055
5.2,1.9,3.9,4.4,4.4,17.3,7.5,34.5,28.2,-0.2487,-0.1327,0.0376,-0.0975,0.0694,-0.0736,0.4926,-0.7895
5.2,3.7,2.3,5.0,1.2,4.5,2.5,23.5,5.5,-0.1879,0.3495,-0.0059,0.1129,0.0891,-0.1784,0.7536,0.4552
5.2,5.0,3.5,4.2,4.0,15.8,15.9,25.4,9.9,0.4251,0.2895,-0.3896,-0.1188,0.5844,-0.2438,0.3217,0.2132
5.2,3.7,1.7,3.2,2.7,12.3,11.0,6.9,34.0,0.0581,0.3933,0.5675,0.3926,0.0934,-0.4455,0.0375,0.3335
5.2,2.3,3.5,4.0,2.8,19.7,12.3,24.9,27.0,0.0837,0.2085,0.2378,0.2322,-0.4249,0.0014,0.7804,0.1637
5.2,2.6,1.3,4.6,1.7,21.6,2.6,10.3,29.9,-0.2987,-0.1779,0.2692,0.0616,-0.3276,-0.2708,-0.6333,0.4504
5.2,1.8,1.9,4.8,1.8,18.2,12.3,13.2,27.4,-0.2894,-0.1635,0.1351,0.1101,-0.1257,-0.5402,-0.5457,0.483
5.2,3.8,1.3,3.7,2.6,9.1,14.8,15.9,8.9,-0.142,0.9674,0.0221,-0.1267,-0.0849,0.0985,0.0175,0.0184
5.2,1.1,4.2,1.2,1.9,13.9,7.2,41.4,42.8,0.6951,0.685,-0.0684,0.038,-0.0675,0.0384,0.0937,-0.1063
5.2,3.0,2.9,1.3,4.1,20.4,12.6,41.8,10.7,0.2281,0.7902,-0.2595,0.0494,-0.2715,0.0615,-0.3968,0.0218
5.2,4.3,1.4,2.9,4.2,13.9,12.5,20.4,26.0,0.203,0.4858,0.1473,0.451,-0.1659,-0.4517,-0.0369,0.4935
5.2,4.4,4.2,1.6,3.5,20.4,8.6,30.9,21.6,0.8896,0.0775,-0.0048,0.01,-0.0011,-0.0035,-0.014,0.3821
5.2,1.8,4.4,1.7,2.5,14.8,5.4,16.8,11.4,0.2313,0.4942,-0.1623,0.1607,0.3298,-0.1241,-0.5773,0.4174
5.2,4.6,5.0,4.3,3.3,5.6,13.6,15.6,5.2,-0.6886,0.3521,-0.3423,0.062,0.0426,0.2531,0.2068,0.403
5.2,3.3,1.7,2.3,2.0,9.6,11.6,43.6,38.6,0.0973,0.9761,0.1519,-0.0365,-0.0058,-0.0057,0.0374,-0.0017
5.2,3.6,3.7,1.7,2.8,16.7,14.4,22.1,37.7,0.4261,0.5971,0.3591,-0.2681,0.0219,0.2646,-0.2371,0.2229
5.2,5.0,3.4,3.2,1.2,10.9,19.9,29.1,33.7,0.3289,0.8326,0.1996,0.2844,-0.1172,0.2079,-0.0099,-0.0394
5.2,1.6,3.4,4.2,4.6,5.6,11.6,39.5,35.4,-0.0475,0.4215,0.1578,-0.4565,0.1572,-0.4572,-0.0035,-0.5682
5.2,3.2,2.7,2.5,3.1,8.5,13.9,33.7,34.9,-0.1065,0.9859,0.0154,0.0019,0.0075,0.0026,-0.0818,-0.0097
5.2,3.1,2.7,2.4,1.4,13.9,13.6,12.3,21.7,0.4067,0.3158,0.0198,0.5837,0.2679,0.3421,-0.2454,-0.3499
5.2,2.8,1.9,3.7,2.9,2.0,8.7,19.2,27.6,-0.368,0.1675,0.0084,0.0333,-0.0081,-0.0332,0.363,0.8271
5.2,4.4,3.9,3.7,1.6,18.6,19.7,19.0,15.4,-0.3121,0.3331,-0.2246,0.3779,0.2615,-0.3668,0.0144,0.6161
5.2,3.9,4.6,3.5,2.9,20.1,20.7,37.6,13.9,-0.2673,0.3867,-0.1674,0.3981,-0.1984,0.3918,-0.1472,-0.5975
5.2,2.3,4.1,2.0,2.9,5.1,14.7,30.4,19.5,0.0802,0.3005,0.1472,0.4529,-0.3869,0.2531,0.5614,-0.352
5.2,1.8,3.9,2.9,3.5,20.3,20.4,17.3,37.9,-0.0647,0.5078,-0.2003,-0.4973,-0.0431,0.474,-0.0562,0.4468
5.2,4.1,3.9,1.9,2.1,4.2,21.6,41.6,20.0,0.1106,0.7101,0.3308,0.1399,0.383,0.1057,-0.3978,-0.1389
5.2,2.3,3.0,4.3,3.1,9.7,19.0,39.4,7.0,-0.017,0.9405,-0.0421,-0.2129,-0.1018,-0.2032,-0.0201,-0.0514
5.2,2.5,4.7,2.4,3.6,12.8,3.6,18.9,17.2,0.1325,0.587,-0.1119,0.4443,0.2122,-0.4448,-0.093,0.4024
5.2,5.0,3.5,4.7,4.8,2.5,3.1,27.4,10.1,-0.1871,-0.1821,-0.2587,-0.0307,-0.2543,-0.5862,0.6376,-0.1736
5.2,4.4,1.5,4.1,1.1,12.4,11.7,13.6,14.7,0.31,-0.0646,-0.5417,-0.1395,-0.128,0.6878,0.0158,-0.2326
5.2,1.6,3.1,4.1,4.6,6.1,13.0,5.9,8.5,0.0446,0.4832,-0.2523,-0.0608,-0.4129,0.0855,-0.701,-0.1395
5.2,2.5,4.9,1.2,3.5,18.1,13.4,11.7,23.0,0.2692,0.0197,0.2124,0.4676,0.3769,0.1695,-0.6108,-0.2896
5.2,3.7,2.4,3.7,2.9,6.5,9.5,31.7,19.9,-0.7473,0.2832,0.126,0.1493,0.0273,0.1067,-0.1599,-0.5118
5.2,2.1,1.7,2.2,2.6,16.9,9.6,12.4,33.7,-0.506,0.665,0.2981,0.1013,-0.0952,-0.0987,0.2515,0.2679
5.2,2.9,3.7,4.0,3.5,14.6,8.2,31.4,7.3,0.0263,-0.0801,0.0057,-0.0159,0.0168,0.0029,0.947,0.2504
5.2,3.4,4.3,2.9,2.9,19.1,15.8,41.0,10.3,0.114,0.4771,-0.4422,0.0233,-0.4814,0.0485,-0.436,-0.3432
5.2,1.7,1.6,2.7,4.6,18.4,5.6,6.9,10.6,0.4838,0.054,-0.2314,0.1412,-0.3575,0.5777,-0.3059,-0.3462
5.2,4.5,2.8,2.6,4.6,10.2,10.1,9.4,35.1,0.1029,0.9518,0.2563,-0.0172,-0.0502,-0.0109,0.0502,0.009
5.2,4.6,4.6,1.5,3.4,5.1,3.2,30.7,12.7,-0.1398,0.6119,-0.0929,0.4487,-0.3876,0.3565,0.0393,-0.3167
5.2,2.0,2.1,4.0,1.2,7.0,6.5,24.6,14.1,-0.2411,-0.1179,-0.164,-0.0904,-0.216,-0.1771,0.5892,-0.6591
5.2,1.3,1.9,4.6,3.3,13.0,6.9,38.7,34.1,-0.4311,0.4177,-0.0059,-0.2929,-0.0025,-0.2935,-0.3386,-0.5681
5.2,4.2,4.3,1.4,1.4,4.8,10.7,36.0,31.3,-0.2823,0.8775,0.1098,-0.0063,0.0435,0.0152,-0.3275,-0.1138
5.2,2.1,1.6,4.7,3.6,17.7,15.8,25.4,40.4,0.1379,0.455,-0.1632,-0.4416,0.4908,0.1912,0.4462,0.2287
5.2,4.6,3.8,5.0,4.6,14.3,2.3,15.2,33.9,-0.2938,0.3609,0.2793,-0.4125,-0.5083,0.1733,-0.3812,0.2876
5.2,1.2,1.1,4.3,3.1,5.2,14.4,4.1,9.6,-0.0687,0.4103,-0.3128,0.1727,-0.3983,0.2086,-0.5102,-0.4785
5.2,4.9,4.6,3.8,1.2,13.0,19.2,4.7,14.6,0.4225,0.4988,-0.3721,0.0484,-0.4211,0.0657,0.1514,-0.4595
5.2,4.1,1.5,3.1,3.6,4.8,14.5,7.0,30.2,-0.0086,-0.1069,0.2096,-0.0521,0.0744,-0.6584,-0.503,0.4782
5.2,2.6,2.5,3.1,3.7,5.7,16.6,19.2,28.4,-0.2967,0.6379,0.3397,-0.1673,-0.3579,0.1656,0.2577,0.3565
5.2,1.6,3.4,3.7,4.2,8.1,21.8,17.7,8.2,-0.5295,0.7797,-0.0123,0.1249,0.0351,-0.1159,0.2063,0.1623
5.2,4.6,2.6,2.4,1.1,15.1,18.6,5.6,37.7,0.2247,0.447,0.4148,-0.4622,-0.0959,-0.4376,-0.0006,-0.3605
5.2,1.1,1.9,3.4,2.3,2.6,21.8,22.7,7.1,0.1836,0.2187,-0.3441,0.1751,0.4433,-0.2485,0.3355,0.6184
5.2,1.9,3.2,3.4,1.3,17.2,14.0,36.2,21.0,0.2243,0.3481,0.1296,0.2386,-0.3286,0.5199,0.3636,-0.4511
5.2,3.4,1.5,2.2,4.1,3.4,19.6,22.7,26.6,0.231,0.6002,0.4134,-0.0929,-0.4486,0.1175,0.3776,0.1838
5.2,1.9,4.3,3.0,4.8,14.2,3.3,30.2,41.5,0.3254,0.5577,-0.3483,-0.4384,0.2897,-0.3452,0.129,-0.1656
5.2,2.2,1.6,3.8,4.2,15.5,13.2,8.8,8.5,0.3081,0.278,-0.3437,-0.3442,-0.5696,0.1809,-0.4685,0.0393
5.2,2.7,2.6,1.3,2.5,13.5,8.1,30.9,13.1,0.3701,-0.306,-0.0388,0.2006,-0.1004,-0.0874,0.5676,0.5654
5.2,4.1,4.9,3.2,3.8,20.7,3.4,12.7,38.8,0.0997,0.4083,-0.4469,-0.4993,-0.1889,0.4226,-0.1292,0.3417
5.2,3.5,1.6,2.5,4.7,16.8,20.1,23.0,22.8,0.2058,0.5841,0.3109,0.3409,-0.3677,-0.3109,0.2766,0.2838
5.2,3.4,2.3,3.4,2.6,7.7,6.8,31.5,16.5,-0.5179,0.8142,0.0972,0.0867,0.0395,0.062,-0.1551,-0.1117
5.2,2.1,3.9,4.0,2.4,6.5,8.4,16.0,21.9,-0.7009,0.2489,0.0127,0.0246,-0.005,-0.0215,0.2128,0.6193
5.2,4.1,2.0,4.0,3.6,8.5,9.0,13.0,24.7,-0.3081,0.9438,-0.0193,-0.0054,0.0052,0.0025,0.0599,0.0207
5.2,1.1,3.4,3.1,4.5,13.8,17.9,23.6,16.7,0.2845,0.1899,-0.2414,0.0327,0.2006,-0.8349,0.1551,0.0669
5.2,4.6,4.4,1.8,2.1,6.9,6.4,15.4,22.5,-0.2844,0.8854,-0.1399,-0.1192,0.0736,0.112,0.2377,0.107
5.2,2.8,4.5,1.7,1.7,11.4,5.2,40.5,40.4,0.38,0.8709,-0.1963,-0.0709,-0.1783,-0.0766,-0.0423,-0.03
5.2,2.0,4.3,3.2,1.8,13.8,6.1,34.5,33.5,-0.1327,0.0822,0.1659,-0.2691,0.2488,-0.225,0.3671,-0.7672
5.2,1.9,4.7,4.2,1.7,19.8,17.1,8.6,40.7,0.2027,0.236,-0.2883,-0.3523,-0.5524,0.0227,-0.5855,-0.1429
5.2,3.0,4.1,3.3,4.2,5.6,20.9,29.7,44.0,-0.4877,-0.0021,-0.3506,0.1223,-0.4299,-0.4449,0.2052,-0.4086
5.2,4.2,3.3,4.1,4.7,6.5,16.9,24.0,42.2,0.1446,0.3807,-0.1596,0.018,0.2704,-0.1883,0.7933,-0.202
5.2,3.6,2.7,3.4,3.0,17.6,7.0,21.1,43.0,0.5668,0.3626,-0.1851,0.0923,0.201,-0.0989,-0.2771,0.5884
5.2,1.3,2.4,4.8,4.5,6.4,18.2,41.0,4.4,-0.1612,0.5384,-0.3731,-0.1092,-0.4377,-0.09,-0.3647,-0.4261
5.2,1.1,1.0,1.0,3.0,11.0,8.4,42.7,30.2,0.6982,0.694,0.0408,-0.0032,0.0821,-0.066,0.0389,-0.0452
5.2,2.1,2.8,1.6,3.0,5.6,15.3,21.5,43.5,0.0183,0.7184,-0.2916,-0.0012,0.3057,-0.0089,0.5248,0.114
5.2,3.6,2.8,1.5,2.3,21.3,16.2,12.3,12.6,-0.2669,0.3842,-0.3741,0.4743,0.4821,0.3955,0.0564,0.0193
5.2,1.9,5.0,4.1,4.6,10.0,4.8,8.9,10.2,0.3137,0.8166,-0.2409,-0.2966,-0.1164,0.2295,0.0309,0.0346
5.2,2.5,4.2,3.6,3.3,18.7,17.8,16.3,34.6,-0.1844,0.4986,0.2331,-0.4109,-0.4274,0.3077,-0.2545,0.3667
5.2,3.2,4.0,2.3,1.1,3.2,20.2,24.9,19.0,0.007,0.5975,0.1071,0.3701,-0.4539,-0.1623,0.4587,0.1746
5.2,1.9,4.9,3.2,4.1,16.3,16.5,15.9,41.1,0.1679,0.3659,-0.3073,-0.4491,-0.3253,0.4179,-0.301,0.3821
5.2,3.7,3.2,2.6,1.7,3.3,2.7,16.7,17.6,-0.2845,0.4918,0.1364,0.4807,0.0252,-0.4437,0.0575,0.4636
5.2,2.0,2.6,1.9,4.4,15.3,21.8,41.4,31.9,0.4679,0.573,0.3061,-0.2674,0.3166,-0.2756,-0.0031,-0.2979
5.2,4.9,5.0,3.4,4.2,4.2,21.6,14.7,26.5,-0.4661,0.2273,0.3317,-0.2499,-0.5155,0.0634,-0.1677,0.493
5.2,3.4,4.6,1.9,2.7,21.2,10.0,9.2,14.4,-0.5456,0.4733,-0.2917,-0.1312,0.0977,0.1441,0.3068,0.4716
5.2,3.7,3.5,3.7,1.1,21.0,13.2,13.7,40.8,-0.0315,0.0072,-0.2089,-0.367,-0.3234,0.2304,-0.635,0.4792
5.2,2.7,4.2,2.0,2.9,14.3,20.6,5.3,39.9,0.3237,0.5962,-0.1976,-0.4201,-0.3578,-0.287,-0.2323,-0.2024
5.2,3.4,2.9,1.1,4.5,5.7,11.1,30.0,30.5,0.0297,0.9293,0.2398,-0.0875,0.0691,0.0105,-0.2158,-0.0144
5.2,2.6,3.8,2.9,2.0,5.3,6.1,17.1,31.0,-0.5856,0.5076,-0.0526,-0.1577,0.0243,0.1504,0.3528,0.4604
5.2,2.2,1.3,2.0,1.1,6.3,9.6,8.5,16.1,-0.598,0.6473,-0.1597,-0.0585,0.0543,0.0547,0.2832,0.2898
5.2,1.9,1.2,1.9,2.4,9.6,12.3,15.9,43.6,0.2413,0.9324,0.0008,-0.1871,-0.0987,-0.1182,-0.0116,-0.0212
5.2,1.4,1.8,2.9,3.3,20.6,9.9,29.8,5.3,0.0111,0.0118,-0.0342,-0.2825,0.263,-0.0018,0.9073,0.0112
5.2,4.1,2.0,4.4,2.0,15.0,13.5,27.8,24.2,0.3927,0.3046,0.3159,0.3787,-0.5632,-0.0531,0.3204,0.2484
5.2,4.0,4.4,2.0,2.3,10.7,10.0,18.8,18.8,0.3027,0.9429,-0.0971,0.0291,0.0192,-0.0033,0.0152,-0.0027
5.2,2.7,3.3,1.5,4.5,17.4,6.9,10.3,40.2,0.4588,0.7435,-0.4171,-0.0316,0.1411,0.1201,0.0742,0.0392
5.2,1.4,4.3,5.0,3.7,5.0,13.6,12.6,9.5,-0.5272,-0.1296,-0.4062,0.0323,0.1467,0.5386,-0.1864,0.4254
5.2,1.1,1.9,5.0,3.1,3.7,21.4,10.0,24.3,-0.0039,-0.2114,0.2516,0.0594,0.0854,-0.6795,-0.627,-0.073
5.2,3.9,4.4,2.7,2.4,16.0,16.4,42.0,24.4,0.3822,0.3601,0.2239,0.4188,0.2843,0.38,-0.141,-0.4798
5.2,3.1,3.4,3.9,2.7,18.4,11.3,37.1,25.3,-0.1336,0.1201,0.0594,0.2965,0.1305,0.3316,0.0561,-0.846
5.2,3.0,3.7,4.8,4.8,20.7,20.8,7.7,35.8,-0.1989,0.4708,0.1878,-0.444,-0.5101,-0.1404,-0.4399,-0.1111
5.2,3.2,1.0,1.1,4.0,6.6,11.6,9.6,41.6,-0.321,0.6722,-0.3399,-0.0326,0.1376,0.108,0.4222,0.2934
5.2,4.2,3.6,4.6,1.9,19.1,2.5,33.7,32.3,-0.4419,0.0248,0.2931,-0.2319,0.3811,-0.1378,0.3006,-0.6218
5.2,1.5,1.1,3.5,3.8,11.3,8.3,19.0,25.7,0.1043,0.8071,0.0779,-0.0001,-0.1134,-0.015,-0.5332,0.0792
5.2,2.4,1.5,4.0,4.3,2.1,8.4,40.4,18.3,0.0875,0.9778,0.0362,0.0215,0.0694,0.0171,-0.0027,-0.0069
5.2,2.6,2.9,1.3,1.0,15.2,18.2,29.6,17.3,0.3078,0.2962,-0.3559,0.6195,-0.2188,-0.3269,0.0879,0.3429
5.2,3.9,3.0,2.0,4.0,10.0,3.0,43.8,10.8,0.3689,0.8913,-0.0605,-0.1071,-0.1958,0.0567,-0.0492,0.0151
5.2,4.9,1.4,3.4,2.8,17.1,17.7,17.2,40.9,0.4483,0.0961,-0.3782,-0.2343,-0.2376,0.6656,0.0701,0.0749
5.2,1.7,3.3,4.5,2.1,12.7,10.3,28.7,16.4,-0.2086,0.6693,-0.6525,-0.071,0.0187,-0.158,-0.1489,-0.0437
5.2,2.8,3.7,1.6,4.1,6.3,5.4,34.4,11.4,-0.3092,0.6907,0.2244,0.311,0.0956,0.3039,-0.2709,-0.2951
5.2,2.8,5.0,2.6,3.5,7.4,10.6,4.5,27.1,0.2596,0.498,0.0127,0.0503,0.0862,-0.0451,-0.7156,0.3815
5.2,3.3,4.0,1.6,1.9,21.0,5.8,35.2,36.2,-0.2617,0.6996,-0.3222,-0.2492,-0.1726,-0.2525,-0.2718,-0.2815
5.2,1.8,2.1,1.7,3.7,5.6,7.7,20.5,26.8,-0.2637,0.3605,-0.1049,-0.2093,0.1008,0.2104,0.5607,0.5891
5.2,2.1,1.1,4.4,4.2,20.1,19.3,39.6,6.2,0.0106,0.5211,-0.4554,-0.1875,-0.459,-0.1867,-0.0731,-0.4658
5.2,3.0,4.4,1.1,3.7,16.4,8.8,38.4,22.5,0.1928,0.0105,0.007,0.0169,-0.014,-0.0097,0.6201,0.5613
5.2,3.7,3.8,4.7,4.2,14.5,6.6,34.1,10.5,-0.0365,0.0658,-0.1817,0.1485,-0.265,0.0698,0.7573,-0.513
5.2,5.0,2.8,2.0,1.1,2.5,11.7,42.7,15.8,0.1329,0.7905,-0.2544,0.0685,-0.3083,0.1122,-0.3927,-0.0419
5.2,4.4,1.2,4.1,3.7,17.2,2.8,20.4,27.5,0.1768,0.4266,0.4642,-0.0208,-0.4643,0.0208,-0.1265,0.5665
5.2,3.6,4.2,2.7,2.9,12.4,7.9,27.0,26.5,0.7238,0.6522,0.0571,-0.0078,0.0055,0.0123,-0.1099,0.1269
5.2,2.0,3.4,2.4,3.8,18.6,15.7,7.6,5.5,0.2226,0.3647,-0.2948,-0.3579,-0.5083,-0.0431,-0.5651,-0.1111
5.2,3.7,3.0,2.5,4.4,5.2,9.6,28.6,43.0,-0.2163,-0.0713,-0.0755,-0.1959,0.0813,-0.151,0.4263,-0.8086
5.2,2.0,3.0,1.1,4.7,20.8,2.0,14.7,25.1,0.1968,0.5869,0.6476,-0.0323,-0.2177,-0.2194,0.2487,0.1493
5.2,2.3,2.2,2.3,2.2,15.3,8.0,23.8,20.2,0.4162,0.8368,0.1746,0.1875,-0.0125,0.1978,-0.0292,-0.0265
5.2,2.1,4.0,2.4,4.6,3.0,14.8,30.2,22.9,0.1221,0.2271,0.25,0.4195,-0.3933,0.2463,0.583,-0.3447
5.2,3.9,4.1,1.1,3.5,19.3,16.0,33.9,26.2,0.065,0.2558,0.5597,0.2039,0.0865,0.4506,-0.1593,-0.5483
5.2,1.7,2.3,1.3,4.3,7.5,18.1,24.4,6.7,0.45,0.6699,-0.1408,0.0411,0.2211,-0.1665,0.4201,-0.2333
5.2,3.6,1.6,2.2,4.8,10.2,17.4,8.0,24.2,0.3271,0.813,-0.0424,0.3703,0.1335,0.2333,-0.0485,-0.0812
5.2,3.8,1.0,2.4,2.5,21.3,4.5,18.9,23.6,-0.0479,0.5253,0.4519,0.1223,-0.5015,-0.1279,-0.027,0.4635
5.2,2.7,4.5,2.8,1.4,13.9,3.3,21.2,21.5,0.2848,0.7696,0.2542,0.2744,-0.246,-0.2755,-0.0201,0.1899
5.2,1.3,4.7,2.8,3.5,15.0,9.1,24.7,13.3,0.0155,0.424,0.0206,-0.1322,0.2067,-0.0289,0.8536,-0.0563
5.2,1.1,4.8,1.8,2.9,12.9,14.1,40.5,40.6,0.548,0.6701,0.099,-0.2118,0.1656,-0.2211,0.1885,-0.2497
5.2,2.2,1.9,1.9,3.9,20.1,5.1,32.0,36.3,0.0283,0.4847,-0.0957,-0.5195,0.3255,-0.3814,0.2775,-0.3658
5.2,4.0,4.2,1.3,3.1,6.4,11.6,6.1,19.4,0.2776,0.5685,0.0806,0.1566,0.2936,-0.1404,-0.5962,0.288
5.2,2.0,3.0,4.9,3.2,16.6,16.5,16.0,18.4,-0.1914,0.4452,-0.0956,0.508,0.3146,-0.3843,-0.3046,0.3801
5.2,3.0,2.2,4.3,3.0,8.9,21.2,7.9,41.8,-0.3427,0.9147,0.0455,-0.1192,-0.1151,-0.0443,0.0315,0.0135
5.2,1.1,1.8,4.5,3.4,20.2,11.1,22.1,19.5,0.0176,0.3138,-0.1896,0.4536,-0.0408,-0.4599,0.0299,0.6509
5.2,3.2,1.3,2.1,5.0,16.3,21.4,9.3,14.3,0.1975,0.2979,-0.6384,0.4165,0.1911,0.4096,0.1096,-0.2407
5.2,3.6,3.9,3.0,3.0,2.2,18.2,42.5,20.3,0.1048,0.4581,0.2112,0.3995,0.4183,0.2539,-0.4698,-0.3078
5.2,4.5,2.9,2.5,2.2,3.0,5.4,30.8,29.1,-0.2259,0.0299,0.2791,-0.2041,0.4484,-0.0392,0.5324,-0.5649
5.2,2.7,4.0,2.2,1.6,16.0,20.5,35.1,35.0,-0.0457,0.4923,0.2487,-0.3454,0.4796,-0.2481,0.3193,-0.3913
5.2,4.5,4.1,2.0,1.9,11.4,15.2,33.1,5.5,0.459,0.7527,0.0256,-0.3737,0.1239,0.2156,0.0406,0.0807
5.2,1.8,3.2,4.1,4.5,20.7,7.4,34.3,13.0,-0.705,0.1484,0.0322,0.1829,-0.0215,0.1493,-0.0873,-0.6282
5.2,4.5,2.9,4.5,3.9,16.8,17.7,26.5,10.4,0.3052,-0.1141,-0.3651,-0.0301,0.3482,-0.6361,0.4196,0.1808
5.2,1.3,4.8,5.0,2.1,7.3,7.4,10.6,11.4,-0.8281,0.0143,-0.0022,0.054,0.0161,-0.0378,0.0029,0.5453
5.2,4.2,1.8,2.8,2.7,11.1,9.7,20.8,27.4,0.3705,0.8925,-0.0727,0.0357,0.0878,-0.0344,-0.1709,0.0808
5.2,1.3,3.4,1.5,1.2,3.8,19.5,15.9,24.3,-0.181,0.1667,0.1903,0.0503,-0.5124,-0.5205,-0.1592,0.559
5.2,1.4,2.4,4.2,1.9,16.0,12.3,21.2,16.0,0.1611,0.5226,-0.3293,0.2303,0.4858,-0.3033,0.2302,0.3674
5.2,2.1,3.6,2.0,2.2,8.7,16.3,22.0,25.0,-0.1337,0.1132,0.0114,0.0015,-0.0064,0.0141,-0.088,-0.8802
5.2,2.8,1.3,4.1,4.9,16.6,6.3,18.5,38.3,-0.102,0.7084,-0.3236,-0.4001,0.0697,0.3598,0.0648,0.2451
5.2,1.2,3.1,3.5,2.7,12.2,11.1,40.1,7.8,0.3538,0.2754,0.0546,-0.3798,0.0021,-0.3643,0.1286,-0.689
5.2,2.4,2.5,4.3,3.3,17.3,19.6,16.6,41.7,-0.2707,0.2221,-0.1568,-0.2246,0.363,0.5806,-0.5005,0.2051
5.2,1.5,2.1,1.1,2.7,20.7,7.9,39.4,42.3,0.6128,0.6616,-0.1043,0.0776,-0.1179,0.0818,0.239,-0.2514
5.2,4.1,3.1,3.9,3.3,4.3,16.9,23.0,34.7,-0.1081,0.1609,0.0168,0.0545,0.1979,0.7412,0.5563,-0.0353
5.2,3.7,2.1,3.7,4.1,15.1,4.9,14.2,5.8,0.5069,0.1431,-0.5892,-0.0962,-0.0666,0.5234,0.0801,-0.2435
5.2,3.1,4.8,1.4,4.1,13.5,12.6,37.4,31.9,0.2208,0.7975,0.4459,-0.1508,0.1337,0.0696,-0.2134,-0.0063
5.2,3.2,2.6,1.0,3.8,19.8,10.6,36.2,21.2,0.1406,0.1818,0.2019,0.2974,-0.349,-0.085,0.745,0.1782
5.2,2.2,2.4,4.7,1.3,7.3,4.4,31.4,31.0,-0.8323,0.3636,0.038,-0.1098,0.0629,-0.0803,-0.1355,-0.3472
5.2,4.9,3.7,1.4,3.1,13.6,18.2,22.6,38.5,0.5899,0.6717,0.1843,-0.2589,-0.0708,0.2197,-0.0692,0.1656
5.2,2.4,3.0,2.4,3.1,19.0,6.7,22.3,13.6,-0.1047,0.3447,0.1387,0.1888,-0.0659,-0.2725,0.7402,0.4079
5.2,4.1,2.3,3.7,3.5,11.8,20.7,10.9,38.3,0.0516,0.6806,0.0107,-0.5091,-0.4166,-0.1123,-0.2545,-0.062
5.2,1.9,1.1,3.5,2.9,21.0,7.6,16.5,23.0,0.0371,0.4143,0.2799,-0.0407,-0.3833,-0.037,-0.6797,0.3272
5.2,2.0,3.1,4.1,1.7,2.3,12.8,26.5,43.9,0.0706,0.0489,-0.2109,-0.23,0.3816,-0.0797,0.8483,-0.0074
5.2,4.5,1.3,3.1,2.9,21.0,19.5,7.7,40.1,0.2283,0.3907,-0.2543,-0.3598,-0.5229,0.0214,-0.553,-0.0002
5.2,1.5,2.0,4.6,3.3,7.5,12.6,5.6,11.2,0.0727,0.1402,-0.0647,0.0471,-0.1723,0.3311,-0.8548,0.2837
5.2,4.0,3.3,1.0,3.8,18.3,5.6,10.7,35.9,0.2582,0.466,-0.1634,-0.4165,-0.2619,0.4226,-0.2461,0.4267
5.2,2.5,1.5,2.0,3.4,18.2,18.1,8.3,34.4,0.0725,0.3181,0.402,-0.5857,-0.3162,-0.396,-0.1051,-0.3092
5.2,3.3,1.7,3.8,4.2,20.0,3.1,14.8,41.3,0.1559,0.0621,-0.653,-0.1442,-0.1253,0.673,-0.008,0.0863
5.2,4.6,2.6,4.1,1.3,5.1,18.9,40.8,42.4,-0.3212,0.5035,-0.2187,0.1479,-0.2417,0.1555,-0.4991,-0.4683
5.2,2.2,3.6,2.0,3.8,14.6,13.0,33.8,42.5,0.2093,0.3997,-0.2287,-0.3448,0.4562,-0.1229,0.5893,-0.1426
5.2,3.9,4.0,3.9,2.2,10.7,10.2,29.3,24.4,0.3035,0.9232,-0.1819,0.047,0.0301,-0.0157,-0.0467,0.0241
5.2,1.8,4.0,2.3,4.1,12.2,3.1,13.4,18.5,0.0501,0.6099,0.0527,0.478,0.4729,-0.1342,-0.3603,0.0924
5.2,2.9,4.1,2.0,3.6,18.5,12.7,44.0,24.2,0.2302,0.0875,0.161,0.4122,0.3016,0.2691,-0.5337,-0.5106
5.2,4.2,2.1,2.7,1.3,2.9,18.3,12.9,34.6,-0.4097,0.3019,0.3298,-0.3117,-0.548,0.0918,-0.2381,0.387
5.2,3.7,4.6,4.8,4.5,10.4,18.8,12.2,10.1,0.2835,0.7119,-0.3609,-0.3967,-0.1388,0.2848,0.021,0.0784
5.2,3.1,2.4,2.2,4.5,10.8,7.6,30.8,17.5,-0.1523,0.6825,0.2686,0.4385,-0.0032,0.369,-0.0458,-0.2606
5.2,3.3,2.1,3.3,4.8,10.6,21.8,16.4,10.5,0.3593,0.7456,-0.4532,-0.1681,0.064,0.2148,0.1128,0.0295
5.2,3.4,4.1,2.0,4.2,21.3,18.7,41.6,42.4,0.157,0.6166,-0.3996,-0.0978,-0.4366,-0.0689,-0.4106,-0.1941
5.2,2.9,1.8,1.9,2.0,7.9,14.9,44.0,10.2,-0.4897,0.6732,-0.1265,0.0805,0.059,0.1062,0.3655,0.2943
5.2,4.0,4.6,3.1,2.1,15.1,21.7,15.3,10.2,-0.1104,0.1187,-0.2489,0.0489,0.4223,0.2789,-0.7931,0.0104
5.2,1.8,2.2,4.3,3.3,16.9,9.1,42.6,21.0,0.6275,0.2607,-0.2302,0.1533,-0.027,0.1459,0.1872,-0.6032
5.2,4.4,4.7,1.4,4.7,2.6,14.0,13.1,17.2,0.3038,0.2902,-0.0154,0.655,0.3453,0.2692,-0.3132,-0.2824
5.2,1.8,4.9,1.4,4.1,21.5,14.1,40.7,28.8,0.0786,0.8113,0.2959,-0.0365,0.3096,-0.0396,-0.3468,-0.0833
5.2,3.3,2.7,4.2,2.4,4.3,12.8,27.0,22.2,0.0268,0.0129,0.1879,0.3315,-0.3595,0.1381,0.7785,-0.2787
5.2,4.0,3.5,3.3,3.2,11.6,12.2,4.5,36.5,0.1366,0.8364,0.4667,-0.0719,-0.0069,-0.1049,0.1578,-0.0269
5.2,4.3,2.0,2.1,3.3,18.7,12.1,9.7,43.1,0.1516,0.1706,-0.2447,-0.3655,-0.4359,-0.0038,-0.7312,-0.0075
5.2,4.6,1.6,4.4,3.4,8.1,21.5,27.6,23.1,-0.5503,0.8119,-0.0123,0.0197,-0.0229,-0.008,-0.1264,-0.0889
5.2,3.4,3.3,1.5,2.1,7.7,19.5,20.3,33.7,0.1751,0.9427,-0.1086,-0.0667,0.1052,0.0678,0.1979,-0.0193
5.2,3.5,3.1,1.9,2.6,13.8,14.6,38.1,4.4,0.6559,0.5141,-0.0687,-0.1092,0.2837,-0.3712,0.0794,-0.103
5.2,1.7,2.0,4.0,4.8,20.9,9.6,29.8,37.5,0.3451,0.0662,0.3125,-0.4682,0.1363,0.3039,0.229,0.5742
5.2,1.6,2.8,1.9,4.9,11.0,2.0,5.3,35.5,0.1951,0.5123,0.6041,-0.0338,-0.1603,-0.3948,0.3129,0.0743
5.2,4.7,3.9,5.0,3.5,12.4,7.4,7.4,23.5,0.5529,0.7843,0.1161,0.0526,0.0063,-0.0551,0.1616,-0.1162
5.2,2.7,4.2,4.8,4.8,10.5,2.3,6.5,29.3,0.429,0.7009,0.2048,0.2299,0.4373,-0.1058,-0.031,-0.077
5.2,4.0,3.8,1.4,2.9,10.3,10.1,11.6,37.7,0.433,0.8932,0.0724,-0.0344,-0.0072,0.0026,0.0069,-0.0024
5.2,2.0,2.6,4.8,4.6,12.8,13.3,22.3,42.0,0.0826,0.4941,-0.1328,-0.4697,0.2025,0.4558,0.0712,0.4856
5.2,4.0,3.5,3.9,3.0,16.5,19.2,15.5,28.3,-0.2416,0.161,0.3317,0.055,-0.512,-0.3071,-0.5792,0.2969
5.2,4.5,4.6,2.3,4.3,17.6,13.6,28.8,28.0,0.1883,0.1851,0.3577,0.3376,-0.3538,0.3507,0.4572,-0.4467
5.2,3.6,2.1,2.3,3.1,8.3,3.7,42.5,27.9,-0.4891,0.444,0.0105,-0.001,-0.0284,-0.0206,0.3873,0.5458
5.2,5.0,4.6,4.7,1.9,12.1,4.9,29.2,26.3,0.5948,0.6979,0.1917,0.162,-0.0879,0.1491,-0.1578,0.1306
5.2,3.0,2.7,1.8,1.3,9.1,5.9,16.1,9.1,0.1518,0.9834,-0.0219,-0.0081,0.0119,0.0087,0.0275,-0.0034
5.2,2.6,1.0,3.9,1.3,21.2,3.2,17.5,38.1,-0.3209,0.4928,-0.1305,-0.4595,0.0337,0.4346,0.0551,0.4537
5.2,2.9,4.7,3.3,3.3,20.8,20.3,36.2,43.5,-0.1591,0.3826,-0.4011,-0.0978,-0.5304,-0.1698,0.1861,-0.5305
5.2,3.8,4.2,1.7,3.7,3.8,5.2,40.4,26.2,0.2646,0.2717,0.1718,-0.4278,0.1714,-0.4277,-0.2172,-0.5942
5.2,1.5,1.4,4.3,2.7,2.8,21.1,40.1,37.0,-0.3801,0.4704,0.1279,-0.2952,-0.3471,-0.4544,-0.2058,-0.3149
5.2,4.0,2.9,4.8,1.6,8.3,8.1,6.2,36.3,-0.682,0.3274,0.1759,-0.0572,-0.1711,-0.0102,0.0824,0.4274
5.2,3.6,1.6,3.1,1.3,17.2,8.7,29.2,22.6,0.5628,-0.1779,0.0091,-0.0054,0.0007,0.0062,0.2569,0.7323
5.2,4.4,1.4,2.5,4.0,4.8,5.8,23.5,5.6,0.2805,0.4055,-0.3235,0.2841,0.4013,-0.3571,0.443,0.264
5.2,2.9,2.3,3.6,1.4,19.8,7.4,38.1,12.6,-0.4327,0.2147,-0.0026,0.1125,-0.0024,0.1124,-0.3488,-0.7729
5.2,4.4,4.4,1.9,1.9,7.9,9.9,35.4,11.1,-0.0313,0.9898,-0.0162,0.002,-0.0047,-0.0002,-0.1041,-0.0039
5.2,3.8,3.1,4.1,4.4,13.2,15.3,30.7,25.7,0.3578,0.3711,0.375,0.4469,-0.4611,0.2993,0.232,-0.118
5.2,3.0,1.9,4.7,1.7,18.0,18.9,24.9,16.2,-0.3283,0.0574,-0.3755,0.023,-0.4149,-0.5782,0.46,0.0368
5.2,3.9,4.9,4.0,1.4,11.5,3.8,24.1,4.6,0.2631,0.9289,-0.0917,-0.1083,0.165,0.0762,-0.0463,0.0393
5.2,2.2,2.0,2.6,3.8,2.5,3.7,38.0,28.7,0.0109,0.4675,0.415,-0.2348,0.4523,-0.2312,0.0516,-0.5221
5.2,2.6,1.4,3.6,3.8,5.6,21.7,4.9,33.0,0.0638,0.281,-0.1568,-0.0941,0.0096,-0.4382,-0.8194,0.0555
5.2,2.1,1.1,3.0,2.9,15.6,13.8,26.0,10.0,0.3949,0.2443,-0.3921,-0.1715,0.5792,-0.2373,0.4315,0.0635
5.2,1.2,5.0,2.7,2.2,12.9,9.1,33.3,40.0,0.7464,0.3999,0.1286,-0.0962,-0.0177,0.062,-0.1623,0.3898
5.2,2.8,4.0,3.4,1.6,7.1,20.5,24.8,23.0,-0.0913,-0.0772,0.0552,-0.031,-0.033,0.2819,0.6263,-0.6829
5.2,2.0,3.8,2.4,3.6,14.2,15.0,39.6,5.3,0.3395,0.4496,-0.0509,-0.4419,-0.0506,-0.4418,0.0889,-0.5088
5.2,2.5,3.4,3.3,5.0,6.9,15.2,6.2,18.7,0.011,0.5773,0.0118,0.2372,0.3877,-0.0081,-0.6674,0.0116
5.2,1.9,4.4,1.6,3.3,11.7,9.8,43.0,25.6,0.6788,0.7085,-0.0806,0.0551,-0.0098,0.0161,0.0834,-0.0843
5.2,3.7,3.0,3.5,1.8,8.1,9.8,34.8,26.0,-0.4257,0.8865,0.0076,0.0022,0.0022,0.0012,-0.137,-0.0667
5.2,3.1,4.9,3.7,3.5,12.7,3.8,11.2,37.3,-0.0385,0.6665,-0.0186,-0.5128,-0.4144,0.1551,-0.2586,0.0918
5.2,3.1,2.1,1.3,2.9,3.9,16.2,32.4,15.1,0.0423,0.6417,0.0121,0.445,-0.5301,0.0725,0.2817,-0.0564
5.2,1.9,4.3,3.4,2.6,17.3,3.4,42.9,10.1,0.2679,-0.0119,-0.1455,0.2187,-0.2691,0.4177,-0.5134,-0.5658
5.2,4.7,2.2,3.8,1.4,9.2,15.7,42.2,15.8,-0.1848,0.8804,0.1298,-0.194,-0.311,0.066,-0.0532,0.0598
5.2,5.0,1.7,4.4,4.9,17.8,8.3,33.2,17.6,-0.1027,0.975,0.0817,0.0437,0.0237,0.0226,-0.0134,-0.0065
5.2,4.2,1.3,1.7,4.1,4.6,17.2,29.7,41.3,-0.0621,0.1657,-0.4376,-0.3338,0.0749,-0.4145,0.0624,-0.6717
5.2,3.1,3.7,1.0,2.7,14.3,12.3,19.4,23.9,0.6067,0.6736,0.0304,0.0477,0.1595,-0.1495,-0.2483,0.2244
5.2,3.8,3.4,2.7,1.0,20.1,8.5,41.3,33.6,-0.2978,0.473,-0.0002,-0.001,0.0005,-0.0011,-0.6831,-0.4371
5.2,2.3,4.5,2.3,1.6,10.7,18.0,6.6,41.9,0.3585,0.8422,0.0946,-0.2922,-0.0193,-0.2195,0.0014,-0.0765
5.2,2.4,3.9,1.2,1.7,19.6,19.6,13.8,4.6,0.4226,0.2187,-0.4556,-0.2056,-0.2212,0.545,-0.1607,0.3658
5.2,3.8,2.4,4.8,3.1,10.4,12.9,21.2,28.8,0.144,0.8095,0.1207,0.3446,-0.1789,-0.3335,-0.0193,0.1756
5.2,3.7,4.1,2.4,4.5,2.6,18.8,24.4,7.6,0.338,0.5027,-0.3756,0.0046,0.4991,-0.1641,0.4421,0.0761
5.2,1.9,1.6,3.8,1.8,7.3,16.5,16.6,29.9,-0.6167,0.6249,0.1148,-0.1383,-0.1347,0.1286,0.2486,0.3007
5.2,4.4,2.6,4.0,3.7,19.3,8.7,21.4,43.8,-0.0601,0.038,-0.0147,-0.0685,-0.0084,0.0857,0.3128,0.9223
5.2,2.9,4.1,4.5,3.1,11.6,6.4,16.0,4.1,0.6081,0.3402,-0.2834,0.0469,-0.0155,0.1873,0.235,-0.5296
5.2,2.0,4.8,1.6,1.8,16.9,6.6,4.4,17.1,-0.126,0.0228,0.0923,-0.1727,0.2525,0.2997,-0.3108,0.7836
5.2,3.5,2.4,2.3,3.5,17.1,13.6,6.2,14.2,0.2647,0.1288,-0.5142,-0.1966,-0.1787,0.6362,-0.0462,0.3855
5.2,4.3,3.2,3.7,3.4,7.8,13.7,31.1,40.1,-0.4815,0.8539,-0.0632,0.0089,0.0014,-0.0134,-0.1345,-0.0774
5.2,1.8,4.2,3.1,4.6,12.3,7.7,16.4,43.5,0.4306,-0.1282,-0.0604,0.0811,0.0374,0.0621,-0.3182,-0.763
5.2,3.6,3.2,4.2,3.9,9.3,16.8,38.5,36.3,-0.0181,0.9443,0.2027,-0.041,0.2025,-0.0411,-0.0604,-0.0448
5.2,1.3,3.0,4.2,4.9,2.5,17.7,31.0,11.1,-0.3864,-0.0362,-0.4696,0.1589,-0.4246,-0.5533,0.2992,-0.0954
5.2,1.5,2.9,4.7,4.4,9.7,9.7,36.0,24.4,0.1672,0.5662,-0.3093,0.3889,0.0388,-0.3475,-0.0608,0.3757
5.2,4.6,2.2,1.2,4.8,4.5,14.6,40.4,15.2,0.4409,0.6443,-0.1223,0.3609,-0.1624,0.3761,0.001,-0.2451
5.2,3.8,2.9,1.8,4.5,3.3,18.2,11.1,9.3,-0.0917,0.2451,-0.7265,0.0988,0.1297,0.4852,0.2234,0.2769
5.2,2.7,2.9,1.9,3.8,2.7,4.3,37.3,15.3,-0.0834,0.473,0.0708,0.4796,-0.022,0.4833,-0.1344,-0.5148
5.2,4.5,2.1,2.1,1.2,5.2,11.2,28.4,17.5,-0.038,0.4691,-0.2692,0.5773,-0.3846,-0.3204,0.1897,0.1944
5.2,3.9,3.0,2.7,3.5,17.9,12.4,36.4,25.8,0.0847,0.0473,0.3916,0.1168,-0.1092,0.6546,0.0123,-0.5722
5.2,4.4,3.7,4.8,4.2,4.8,15.1,16.3,10.6,-0.5955,0.4051,-0.3137,0.1482,0.4195,-0.0568,0.0444,0.4133
5.2,2.8,3.7,4.9,2.6,20.2,18.5,11.4,29.4,-0.3889,-0.142,0.3181,0.028,-0.3854,-0.3645,-0.5029,0.4168
5.2,2.8,1.3,1.6,4.4,8.2,14.5,32.5,15.3,0.0353,0.9515,0.1889,0.1123,0.0874,0.1077,-0.1061,-0.0289
5.2,2.2,2.1,4.6,4.5,9.0,17.2,5.8,25.1,-0.3169,0.8992,-0.0675,0.1738,0.1063,0.153,0.0333,-0.0058
5.2,4.6,4.1,4.1,2.0,20.1,9.9,11.8,12.4,-0.4384,-0.1646,-0.1282,-0.2629,-0.0828,0.1644,-0.3551,0.7178
5.2,1.5,2.4,3.5,4.7,17.9,6.3,5.9,24.3,0.5689,0.5193,0.2856,0.0076,0.4337,-0.1417,0.0553,-0.308
5.2,3.2,4.6,4.9,1.4,10.8,14.3,25.1,11.2,0.299,0.7648,-0.1127,-0.3431,0.2689,0.2674,-0.0254,0.1733
5.2,1.5,1.6,1.8,1.7,9.7,9.1,42.0,10.0,0.2785,0.9532,0.0082,-0.0016,-0.0029,-3.8281e-06,0.0012,2.8585e-05
5.2,2.5,3.8,3.9,1.7,3.6,6.6,36.1,7.1,-0.4533,0.0746,-0.035,0.1275,-0.0479,0.1219,-0.0997,-0.8526
5.2,2.9,4.5,3.2,4.8,4.4,20.5,5.2,22.6,0.1931,0.5717,0.3764,0.1079,0.5049,0.0061,-0.42,-0.1966
5.2,4.6,1.3,1.2,3.1,20.7,17.4,6.9,5.0,0.3508,0.5015,-0.3009,-0.1249,-0.4366,0.1326,-0.5292,0.1385
5.2,4.4,2.7,3.6,4.2,2.1,5.1,9.0,38.3,0.1911,0.5049,-0.2027,-0.5071,-0.4236,0.2559,-0.318,0.2043
5.2,2.0,4.0,3.2,3.8,15.8,11.7,40.1,37.2,0.462,0.6104,0.1742,-0.0938,0.3346,-0.3639,0.0923,-0.1704
5.2,4.9,3.3,2.8,4.5,19.0,3.8,17.9,23.6,-0.2552,0.2324,0.2605,-0.087,-0.5845,-0.476,-0.4236,-0.0643
5.2,1.2,3.1,4.7,4.9,8.8,20.2,10.0,29.5,-0.6174,0.7465,-0.0271,0.0941,0.07,-0.0501,0.0945,0.0948
5.2,1.9,1.5,2.7,4.8,3.9,13.0,28.2,28.7,0.0511,0.0468,0.4955,0.2534,-0.2491,0.5096,0.2366,-0.5248
5.2,1.7,1.4,4.6,4.0,3.7,11.7,29.6,8.2,-0.1404,-0.1366,-0.4746,-0.2737,0.2968,-0.4582,0.3569,-0.4639
5.2,3.8,4.4,3.9,2.0,3.3,7.1,33.5,13.8,-0.7432,0.2073,0.0268,0.1271,-0.0115,0.1022,-0.1422,-0.5845
5.2,2.4,4.9,4.0,4.5,19.1,14.5,26.0,19.1,0.075,0.325,-0.094,0.5635,-0.3277,-0.3443,0.3739,0.421
5.2,1.9,1.3,4.8,4.8,13.7,7.2,31.9,11.9,-0.1729,-0.0125,-0.3296,0.1772,-0.4451,-0.1133,0.755,-0.1511
5.2,2.5,4.5,4.8,3.3,18.9,7.8,32.6,36.1,-0.2124,0.9519,-0.0446,-0.0247,-0.0121,-0.0118,-0.0072,-0.0053
5.2,4.6,4.2,1.5,3.2,9.6,12.0,11.7,27.0,0.3943,0.9116,-0.0597,0.0436,-0.004,0.0058,0.0088,-0.0042
5.2,1.3,2.7,3.0,4.6,5.8,20.9,22.2,40.0,-0.087,0.6535,-0.3555,-0.2065,0.3774,0.1991,0.3149,0.3142
5.2,1.3,4.6,1.7,4.3,13.9,17.5,9.3,21.9,0.301,0.4067,0.1931,0.5245,0.4296,0.2109,-0.3761,-0.208
5.2,1.6,3.7,3.4,1.5,20.0,17.7,33.2,5.6,-0.1797,0.0156,-0.1425,-0.1395,-0.2555,-0.5102,0.5531,-0.5212
5.2,4.0,1.7,2.0,2.7,5.4,12.3,18.5,18.4,-0.1569,0.4471,0.2478,0.3943,-0.1479,-0.4044,0.2455,0.5398
5.2,1.3,3.3,1.4,2.2,21.6,18.3,22.1,38.9,0.2689,0.384,-0.1635,-0.4707,0.2456,0.4179,0.2501,0.4556
5.2,2.9,4.2,3.7,1.8,3.8,15.5,8.8,31.3,-0.2465,-0.2267,0.2161,-0.0086,-0.0359,-0.5389,-0.5087,0.5214
5.2,2.6,1.9,1.8,2.2,18.0,2.7,37.4,11.8,0.1854,0.5178,-0.4054,0.1954,-0.4496,0.1968,0.1214,-0.4693
5.2,1.2,3.8,3.7,4.6,11.9,21.3,8.0,39.6,0.0857,0.7167,-0.087,-0.4226,-0.4351,-0.1055,-0.2582,-0.0872
5.2,5.0,4.3,3.1,2.8,19.7,4.3,6.0,31.6,-0.0022,0.2158,-0.0969,-0.1333,-0.0009,-0.4292,-0.8008,-0.2863
5.2,2.1,1.5,3.7,4.6,4.6,9.6,30.1,9.8,-0.4967,-0.0684,-0.1769,-0.3033,0.0636,-0.2047,0.2121,-0.7147
5.2,4.1,2.7,3.6,1.1,4.5,4.0,42.7,40.8,0.0717,0.2732,-0.2624,0.1988,-0.3879,0.3111,-0.5277,-0.4889
5.2,4.2,2.2,3.0,2.3,9.7,17.5,24.8,33.9,0.1581,0.8327,0.0967,0.349,-0.198,0.2651,0.074,-0.1095
5.2,3.7,2.5,2.0,1.5,3.6,13.9,39.2,10.6,-0.2719,0.6514,-0.3028,0.0214,-0.303,0.0209,-0.4411,-0.3259
5.2,3.9,2.9,2.3,3.4,12.9,4.2,16.8,33.7,0.0191,0.5904,0.1674,-0.2508,-0.4845,0.1073,-0.5001,0.1923
5.2,1.3,2.9,3.6,3.3,17.8,9.7,25.7,11.7,0.0174,0.2093,-0.0316,-0.2496,0.2816,-0.0513,0.8798,-0.1099
5.2,1.6,4.7,2.0,3.6,8.7,2.4,43.6,20.7,-0.4182,0.7362,0.1019,-0.0086,-0.0139,-0.0387,0.3549,0.2509
5.2,2.7,4.7,2.4,3.9,17.7,17.0,6.6,11.6,0.4717,0.2796,-0.3434,-0.0302,-0.4713,0.4322,-0.3815,0.1107
5.2,2.1,3.5,1.5,1.5,3.0,6.0,23.2,19.1,0.2089,0.848,0.1371,0.1118,-0.3422,0.0322,0.2597,-0.0135
5.2,1.6,4.8,2.9,2.4,19.4,16.6,28.6,14.3,-0.3789,0.0599,-0.5019,0.2653,-0.3819,-0.5842,0.0891,-0.0934
5.2,2.4,2.0,3.0,2.6,10.9,4.6,7.0,5.4,0.3215,0.8658,-0.0894,-0.2271,-0.2718,0.0276,-0.0538,-0.0011
5.2,1.3,4.8,3.7,4.2,8.5,12.3,16.7,22.1,-0.5107,0.8301,0.0581,0.0031,-0.0034,-0.0096,0.1524,0.0974
5.2,4.9,4.7,2.6,1.1,12.7,9.2,15.4,16.5,-0.5732,0.1749,-0.1568,-0.2182,0.0185,0.178,0.0737,0.6592
5.2,2.5,4.3,2.9,2.8,19.3,13.0,29.1,40.0,0.1057,0.1398,-0.1116,-0.4792,0.4132,0.1069,0.6876,0.1983
5.2,3.3,2.4,1.1,4.3,7.3,17.7,31.4,5.3,0.1331,0.9367,-0.2276,0.1283,-0.0358,-0.0179,-0.1543,0.0136
5.2,3.7,4.9,2.3,4.9,20.9,14.8,25.3,14.3,0.2351,0.0933,-0.4893,-0.0848,0.0841,-0.7112,0.0002,-0.3588
5.2,2.2,2.5,2.1,4.4,4.2,5.3,26.8,5.0,0.5218,0.3604,-0.3528,-0.19,0.4205,-0.4106,0.233,-0.1473
5.2,1.9,2.1,1.1,3.8,4.4,2.3,9.0,5.5,0.3553,0.2638,-0.3833,-0.2893,-0.1735,0.4942,-0.1602,0.513
5.2,3.1,3.4,1.5,1.9,16.3,19.8,13.9,14.8,-0.1003,0.3458,-0.1424,0.466,0.6045,0.1128,-0.4765,-0.054
5.2,3.0,1.2,2.8,3.8,20.1,11.0,37.3,39.3,0.2216,0.3505,0.0196,-0.3815,0.1954,-0.3753,0.2873,-0.6225
5.2,2.5,3.2,4.2,1.7,13.3,14.6,38.4,33.5,0.0242,0.5081,0.4877,-0.0541,0.4888,-0.0546,0.0075,-0.4821
5.2,2.8,4.1,1.2,4.5,17.7,16.8,8.3,8.8,0.488,0.3995,-0.2788,-0.1951,-0.335,0.3743,-0.3213,0.3437
5.2,2.3,1.2,1.6,3.1,10.8,10.3,40.3,9.5,0.5701,0.7903,0.0755,-0.0672,0.0729,-0.0641,0.0984,-0.0845
5.2,3.3,1.7,4.7,2.4,16.6,11.7,9.1,9.7,0.2097,-0.0399,-0.3718,-0.1823,-0.5191,0.3611,-0.6035,0.0237
5.2,3.4,1.5,3.8,1.3,4.5,13.6,18.7,12.1,-0.5358,0.451,-0.2716,0.1374,0.2729,-0.1369,0.2483,0.5025
5.2,4.2,4.7,4.1,1.8,7.8,16.8,23.4,32.0,0.1715,0.3726,-0.0161,-0.0158,-0.0056,0.0545,0.7792,-0.4134
5.2,1.9,1.6,4.9,1.2,2.9,20.1,21.1,19.0,-0.2836,0.5751,0.0511,0.3576,-0.265,-0.3644,0.2878,0.3921
5.2,5.0,3.4,4.7,1.6,13.3,9.7,11.2,15.4,-0.4438,0.1362,-0.3128,-0.5005,-0.0952,0.3036,-0.1389,0.5178
5.2,1.2,4.7,4.7,3.5,17.7,10.5,16.2,33.2,-0.3964,0.4706,0.5836,-0.2021,-0.0624,-0.4142,0.1484,0.0129
5.2,1.9,1.9,3.6,1.1,5.9,12.4,17.9,34.8,-0.4545,0.5847,0.2931,-0.2092,-0.3112,0.2032,0.1738,0.3705
5.2,2.9,3.9,1.3,2.8,13.2,18.9,42.7,40.7,0.6025,0.5438,0.027,-0.3967,-0.0421,-0.3338,-0.0207,-0.2258
5.2,1.3,1.6,3.9,4.1,4.1,20.9,9.0,9.8,-0.0272,-0.1917,-0.2521,-0.0065,-0.0136,0.727,-0.5933,0.0733
5.2,1.5,2.2,4.1,1.2,12.8,20.4,29.6,27.4,0.1298,-0.1433,0.1409,0.0249,-0.0612,0.4906,0.6168,0.5257
5.2,4.5,3.6,4.0,1.1,15.5,19.2,12.1,12.7,-0.0449,-0.1649,-0.2058,-0.0496,0.1824,0.4927,-0.7766,-0.1617
5.2,4.8,3.7,3.6,2.1,10.9,8.3,33.0,24.4,0.2769,0.9536,-0.0051,0.0004,-0.0007,-0.0003,-0.0182,0.0063
5.2,3.6,3.1,1.6,3.0,2.1,4.4,5.9,28.7,0.3711,-0.0495,0.089,-0.2248,0.0933,-0.6876,-0.4841,-0.2561
5.2,4.4,1.9,4.0,3.6,7.3,19.8,9.2,6.6,-0.7327,0.5444,-0.093,0.0729,0.1263,0.076,0.197,0.2816
5.2,1.5,3.1,1.2,4.1,21.5,21.9,8.3,40.0,0.4033,0.5582,-0.221,-0.2547,-0.3935,0.2523,-0.358,0.2159
5.2,2.6,3.6,2.3,3.6,3.0,16.9,9.5,37.7,0.0805,0.3981,-0.0997,-0.4986,-0.4921,0.0227,-0.561,0.0194
5.2,4.3,2.2,3.5,4.6,6.9,18.1,28.1,25.3,-0.6971,0.4414,0.2229,-0.1414,0.1438,0.2227,-0.2075,-0.3401
5.2,3.0,3.2,4.3,3.9,19.7,8.0,13.5,16.5,-0.4435,0.8757,0.0422,0.0318,-0.0152,-0.0185,0.0862,0.0495
5.2,4.9,1.6,4.8,3.4,20.3,4.8,29.7,28.1,-0.2579,-0.1429,0.3248,-0.006,0.3988,0.3067,0.6676,-0.2857
5.2,4.2,2.3,1.8,3.5,2.3,19.9,13.4,38.4,0.1492,0.3938,-0.2309,-0.4756,-0.2692,0.4102,-0.2818,0.451
5.2,2.6,4.5,1.6,1.1,15.3,14.1,12.8,26.7,0.2446,0.0024,0.2836,0.3391,0.4012,0.1163,-0.6582,-0.3256
5.2,2.9,3.6,2.5,1.2,20.2,17.6,42.9,33.1,0.149,0.2557,0.162,-0.2948,0.2617,-0.43,-0.6616,-0.2697
5.2,3.6,4.7,4.9,4.2,9.5,8.5,26.3,39.1,-0.1473,0.9789,0.0712,0.0258,0.018,0.0118,-0.0073,-0.0032
5.2,1.4,2.0,3.8,4.7,13.7,19.8,7.9,41.0,0.1713,0.6141,-0.1658,-0.4178,-0.4796,-0.1381,-0.3263,-0.1357
5.2,3.0,1.2,2.9,4.0,2.8,19.3,25.2,24.2,0.3006,0.4113,0.3519,0.1798,-0.5425,0.0662,0.5139,0.0589
5.2,4.1,4.6,2.8,4.0,12.8,8.9,5.0,26.9,0.7547,0.5212,-0.1192,0.0601,-0.0003,0.0402,0.1874,-0.2887
5.2,3.6,3.4,4.6,3.3,21.8,11.4,26.9,11.1,-0.1767,-0.1413,-0.4012,-0.2467,0.2585,-0.3814,0.4242,-0.5543
5.2,1.2,4.4,2.1,4.8,19.4,7.6,29.8,32.0,-0.2841,-0.0214,-0.0182,-0.2443,0.1026,-0.1988,0.293,-0.8133
5.2,4.8,4.6,1.1,3.8,2.2,4.2,32.2,21.1,0.1839,0.581,0.579,0.184,0.2099,0.3116,-0.1804,-0.2578
5.2,2.3,1.6,4.5,3.1,12.1,20.7,24.6,13.5,0.4163,0.008,-0.3054,-0.0469,0.4215,-0.6033,0.2355,0.3198
5.2,3.2,4.1,4.4,4.2,19.1,9.3,16.4,25.2,-0.2295,-0.0567,0.0292,0.218,0.0796,-0.1741,-0.3881,0.827
5.2,1.4,1.9,3.7,3.6,2.2,4.1,38.3,31.0,-0.2434,0.3118,0.2369,-0.3513,0.2415,-0.3503,-0.111,-0.6709
5.2,1.3,2.2,1.4,1.1,2.4,6.7,27.2,37.6,0.0186,0.4648,-0.0542,-0.4914,0.295,-0.41,0.2642,-0.4204
5.2,2.1,1.9,1.2,3.8,9.0,5.8,5.2,27.1,0.2412,0.9558,0.0009,0.0001,1.9053e-05,-0.0024,0.1066,-0.0229
5.2,1.0,3.7,3.4,1.1,3.8,11.5,23.1,9.3,-0.1013,0.3036,-0.1007,-0.1096,0.1795,0.0594,0.8368,0.3529
5.2,1.9,4.6,4.8,1.9,7.1,3.6,39.8,29.3,-0.1731,0.5564,-0.0119,-0.0806,-0.0003,-0.0859,-0.7513,-0.2297
5.2,1.8,3.2,4.6,3.9,17.7,17.7,34.6,11.7,-0.3717,0.2734,-0.4215,0.0979,-0.5586,-0.0403,0.3332,-0.3968
5.2,3.7,1.2,1.4,3.4,19.8,7.7,14.8,40.4,0.4812,0.689,-0.4687,0.066,0.1336,0.0922,0.1122,0.0016
5.2,1.4,3.0,1.5,1.5,15.7,8.7,38.6,16.5,-0.1238,0.8631,0.0142,0.005,0.0135,0.0051,-0.4524,-0.0723
5.2,1.1,3.7,2.9,2.2,12.3,10.7,13.0,27.2,0.0289,0.1016,0.083,0.2953,0.3007,0.0557,-0.8459,-0.224
5.2,4.4,1.8,3.2,2.9,21.4,19.7,41.4,37.4,-0.0726,0.5457,-0.0867,-0.3836,-0.3547,-0.3167,-0.4207,-0.3357
5.2,2.0,1.4,4.7,1.6,3.7,7.8,36.5,40.8,-0.0411,0.0489,-0.1479,0.1337,-0.1499,0.1327,0.2795,-0.8891
5.2,2.2,4.2,4.4,4.0,11.7,16.0,8.9,5.3,0.2505,0.5773,-0.1591,-0.4924,-0.464,-0.1503,-0.2541,-0.1466
5.2,2.3,1.3,4.5,2.8,5.6,21.9,41.7,6.7,0.0038,0.2341,-0.0765,0.177,-0.2032,0.3172,-0.8167,-0.2653
5.2,2.7,3.0,3.3,1.7,11.7,18.4,43.1,17.2,0.0359,0.4173,-0.6826,0.2439,0.0468,0.4342,0.1926,-0.1839
5.2,3.1,3.4,1.8,4.6,21.9,19.7,14.6,42.1,0.0009,0.3806,-0.6548,-0.201,0.0969,0.4052,0.1724,0.3916
5.2,4.3,3.7,4.4,2.3,17.2,12.3,29.3,19.7,0.0908,0.1807,-0.053,0.5537,-0.3795,-0.2337,0.5586,0.3368
5.2,4.6,3.3,2.5,4.2,8.7,15.3,25.5,7.2,-0.0809,0.978,0.0676,-0.0694,0.0056,0.0434,-0.1076,-0.0091
5.2,4.8,4.3,2.0,2.2,8.5,9.9,12.0,12.3,0.0131,0.9937,0.0027,-0.0009,-0.0005,0.0001,0.0646,-0.0001
5.2,2.6,2.3,2.4,3.2,13.6,16.2,14.8,13.6,-0.0912,0.1906,-0.408,0.4595,0.4535,0.463,-0.2182,-0.2867
5.2,4.7,2.7,4.4,4.4,18.2,6.0,27.7,7.7,0.1411,-0.2426,-0.2921,0.0157,-0.1154,-0.5421,0.5677,0.4226
5.2,2.5,1.5,4.3,3.0,8.8,12.9,4.1,38.9,-0.5884,0.7098,0.1771,0.0261,0.0021,-0.0517,0.2165,0.1939
5.2,3.9,3.5,4.7,1.4,21.1,10.8,18.2,35.3,-0.4352,0.6266,0.3619,-0.0205,-0.4418,-0.0282,-0.0424,0.2415
5.2,2.4,3.3,3.5,2.8,5.8,13.3,16.2,39.6,-0.4746,0.2768,-0.3514,-0.2676,0.0482,0.2758,0.1604,0.6166
5.2,4.7,1.4,1.2,2.3,8.9,19.1,27.2,41.2,0.3514,0.9304,0.0189,-0.0198,-0.0005,0.0055,-0.0377,0.0134
5.2,3.2,1.7,4.3,3.8,7.3,2.0,17.2,15.2,-0.5463,0.7441,0.0803,0.1541,-0.0427,-0.1378,0.2222,0.1975
5.2,1.5,1.5,2.4,3.1,17.3,3.6,28.7,37.9,0.0705,0.5376,-0.0642,-0.499,0.4894,-0.054,0.4328,-0.0474
5.2,1.4,2.6,2.7,3.0,8.2,10.8,25.0,12.8,-0.601,0.2382,-0.2286,-0.0797,-0.0167,-0.1417,-0.1969,-0.6439
5.2,3.4,4.1,1.9,2.2,19.3,8.9,23.0,25.5,0.4356,-0.0951,-0.0235,-0.0002,-0.0214,-0.0812,0.2098,0.8444
5.2,2.9,2.1,2.8,4.9,6.4,5.3,9.7,20.1,-0.074,0.2458,0.3921,0.4796,0.1487,-0.4219,-0.1636,0.5523
5.2,3.6,4.9,3.3,2.3,3.1,3.7,42.6,28.2,-0.0191,0.2055,-0.0145,-0.2092,0.0569,-0.2959,-0.8163,-0.3597
5.2,4.1,2.3,4.3,1.4,8.0,16.1,41.1,12.4,-0.0015,0.7407,0.0079,0.0107,-0.0049,0.0205,-0.6367,0.0229
5.2,2.6,2.7,3.2,3.1,2.3,17.2,32.1,6.3,-0.1098,-0.1412,-0.4692,0.0293,-0.0259,-0.7616,0.2479,-0.2839
5.2,3.0,2.6,3.1,2.4,21.3,7.7,43.5,42.7,0.1096,-0.1045,-0.1017,0.0348,0.1023,0.1873,-0.6763,-0.6392
5.2,1.6,3.2,2.5,1.8,17.0,16.8,8.5,34.7,-0.2355,0.1372,0.5265,-0.3733,-0.3892,-0.5499,-0.085,-0.1124
5.2,4.0,3.1,3.8,3.2,8.7,21.6,26.8,17.9,-0.2894,0.9092,-0.256,0.0303,0.0002,-0.0308,-0.0878,-0.0275
5.2,2.7,3.8,1.7,3.7,7.5,16.0,23.2,36.5,0.1128,0.8074,0.0794,-0.1052,0.4039,-0.0627,0.3138,-0.1083
5.2,2.2,1.0,2.7,3.7,18.5,12.7,29.3,35.4,0.0314,0.3323,0.3232,-0.6037,0.3279,0.3553,0.24,0.3132
5.2,3.8,1.3,1.2,4.5,5.3,10.9,22.5,37.1,0.4184,0.2488,-0.0745,-0.4335,0.0738,0.4354,0.2104,0.5196
5.2,1.7,3.9,1.4,1.1,4.5,2.9,37.5,17.2,-0.1085,0.6075,0.2252,0.3856,0.1561,0.3945,-0.2984,-0.3649
5.2,2.6,1.4,3.9,2.1,11.0,17.7,25.5,14.3,0.4719,0.3743,-0.4151,-0.3389,0.3572,-0.4378,-0.014,0.0176
5.2,3.9,3.3,4.9,3.0,2.7,8.9,20.6,22.2,-0.1887,0.0719,0.0288,0.0951,0.0162,-0.1312,0.2684,0.9163
5.2,4.3,2.0,3.7,3.0,9.2,18.4,13.1,11.6,-0.0751,0.9551,-0.0786,-0.2032,-0.04,0.1465,0.0041,0.029
5.2,2.0,4.4,2.1,2.6,8.3,21.2,38.2,20.9,-0.0258,0.9585,0.0831,-0.0528,0.1117,-0.0493,-0.2053,-0.0176
5.2,3.7,3.1,3.8,2.3,13.7,13.5,9.5,18.5,0.2166,0.4075,-0.3908,0.5629,0.1072,0.3744,-0.0932,-0.3719
5.2,4.8,3.9,4.4,3.4,11.1,3.4,14.4,14.7,-0.0129,0.0518,-0.4281,0.3918,0.3527,0.4025,-0.3485,-0.4586
5.2,3.1,3.5,1.4,2.2,20.7,10.9,8.1,36.1,0.3346,0.8454,0.323,-0.1674,-0.0246,-0.0282,0.0808,-0.0262
5.2,5.0,4.4,1.2,4.9,2.0,19.8,9.1,24.7,0.4233,0.308,0.3398,0.2767,0.1994,-0.4777,-0.18,0.4639
5.2,1.2,4.2,4.1,4.7,21.4,10.0,16.8,26.2,-0.4573,0.0046,0.1762,0.2979,0.0323,-0.2389,-0.1478,0.7545
5.2,1.1,3.3,1.5,5.0,4.1,11.1,29.5,12.4,-0.3231,0.6042,-0.4784,-0.0715,-0.1602,-0.1704,-0.3199,-0.3326
5.2,4.0,1.8,4.1,1.9,2.2,4.7,31.9,18.9,-0.1874,0.4523,0.2381,0.5825,-0.1579,0.3976,0.1256,-0.3774
5.2,4.9,4.7,1.9,4.7,2.2,4.4,13.2,23.6,0.3591,0.3672,0.7293,-0.0555,-0.1309,-0.3602,0.1782,0.0238
5.2,3.8,2.8,1.7,4.7,8.6,3.9,31.7,28.8,0.1666,0.9802,0.0102,0.0094,0.003,0.01,-0.0492,0.0075
5.2,4.9,2.3,3.5,1.9,4.1,21.8,21.3,29.6,-0.4062,0.4945,0.0506,-0.2313,-0.0482,0.231,0.4671,0.4982
5.2,1.6,3.2,4.7,1.2,17.4,13.4,9.4,23.5,0.1221,0.0858,0.258,0.2556,0.4867,-0.0791,-0.7471,-0.161
5.2,2.5,4.1,1.2,2.1,14.2,2.0,31.3,39.0,0.321,0.5263,-0.2458,-0.4192,0.4734,-0.0119,0.3676,-0.0018
5.2,1.6,2.1,1.9,4.7,13.4,16.3,31.9,30.9,0.231,0.5367,0.7104,-0.1418,0.1128,0.2431,-0.197,-0.0023
5.2,1.3,3.1,3.2,3.2,14.4,20.8,37.0,12.0,-0.0125,0.4633,-0.4368,0.1237,-0.4819,0.1116,0.2911,-0.4784
5.2,4.7,3.0,2.8,2.8,8.0,13.7,9.8,10.5,-0.3589,0.9116,-0.0236,0.0358,0.0224,0.0223,0.1529,0.0617
5.2,1.7,4.7,3.7,4.6,8.9,7.6,4.0,17.9,0.1456,0.8359,0.0391,-0.0158,-0.0069,0.0312,-0.5024,0.0922
5.2,2.3,4.6,1.1,3.6,7.5,21.7,7.8,28.1,-0.1242,0.8518,0.0593,-0.2019,-0.402,0.0506,0.1583,0.0657
5.2,2.3,3.7,4.7,4.2,11.9,14.7,37.8,33.2,-0.0664,0.6845,0.4249,-0.1071,0.4432,-0.1016,0.1763,-0.2761
5.2,4.4,3.2,3.1,3.8,20.2,14.6,4.9,5.2,0.074,0.3989,-0.3098,-0.2658,-0.4338,-0.1742,-0.5611,-0.3536
5.2,2.5,4.6,3.6,3.3,6.6,7.8,27.3,31.3,-0.7305,0.0842,-0.0077,-0.0478,0.0084,-0.0368,-0.0602,-0.6515
5.2,3.8,1.2,3.3,2.2,3.5,10.3,6.5,34.2,-0.0155,0.074,0.4742,0.2669,0.2316,-0.5356,-0.1835,0.5144
5.2,2.1,1.0,1.8,2.1,10.9,3.8,4.5,30.1,0.5361,0.7782,0.148,0.0943,0.2522,-0.018,-0.0293,-0.0264
5.2,1.9,4.3,1.4,1.5,5.1,6.6,41.7,25.2,-0.0661,0.2201,-0.1004,-0.1677,-0.0958,-0.1731,-0.7936,-0.4489
5.2,2.0,4.6,3.1,3.1,5.4,21.7,9.5,31.2,-0.4845,0.1041,0.3517,-0.1365,-0.5434,-0.1501,-0.2637,0.4535
5.2,4.0,4.3,3.3,1.7,14.4,20.3,19.2,35.8,-0.0216,0.4957,0.2843,-0.3784,-0.3419,0.367,-0.1531,0.4815
5.2,1.5,4.6,2.1,1.0,20.8,5.9,33.6,9.8,-0.051,0.03,-0.1152,0.1734,-0.1938,0.1339,0.5017,-0.7873
5.2,2.8,4.8,4.1,1.6,18.0,20.0,42.8,39.0,0.0921,0.6009,-0.171,-0.4007,-0.4056,-0.2863,-0.298,-0.266
5.2,3.8,4.8,1.6,3.3,5.0,21.0,37.5,40.3,0.0479,0.6367,-0.5557,0.1804,-0.2036,-0.2511,-0.3113,-0.0688
5.2,1.3,1.3,2.4,4.1,12.9,7.3,30.4,41.3,0.3568,0.7244,-0.4008,-0.2802,0.0006,-0.2763,-0.0387,-0.0869
5.2,1.8,2.6,4.5,3.9,7.8,7.7,19.0,30.6,-0.5566,0.7458,-0.0154,-0.0207,0.0132,0.02,0.2799,0.211
5.2,3.4,4.9,1.4,3.9,20.7,17.2,12.2,14.4,0.1526,0.4222,-0.2205,0.6632,0.3517,0.2957,-0.1304,-0.2441
5.2,1.7,4.1,4.3,2.4,10.4,4.4,17.7,37.5,-0.264,0.7515,-0.0222,-0.4033,-0.0719,0.3699,-0.0053,0.2007
5.2,2.1,4.5,3.6,2.3,2.2,17.2,38.8,14.9,-0.0872,0.4829,-0.2537,0.3862,-0.2395,0.3851,-0.2918,-0.4842
5.2,4.7,1.2,4.0,1.8,13.2,20.6,29.1,43.6,0.567,0.6237,-0.1964,-0.2806,0.3406,-0.1484,-0.0343,0.0793
5.2,3.6,1.1,4.8,4.3,16.5,11.9,18.1,10.4,-0.3147,0.4479,-0.3838,-0.1657,0.4978,0.2528,-0.1416,0.4231
5.2,2.8,3.5,1.2,4.5,19.6,12.1,41.2,34.4,0.5138,0.8016,0.1487,-0.12,0.1532,-0.1211,-0.0023,-0.045
5.2,1.4,2.6,3.9,3.5,15.3,11.8,23.4,25.9,0.0287,0.3152,0.2187,0.3611,-0.3599,-0.2893,0.4275,0.5522
5.2,2.9,2.4,5.0,4.3,15.5,6.5,12.0,22.0,0.5599,0.4029,0.51,0.1976,0.0952,-0.3396,0.1594,-0.1967
5.2,4.5,2.2,3.5,1.7,13.1,10.8,18.6,42.3,0.6504,0.5664,-0.0177,-0.0221,-0.3029,0.1808,-0.0194,-0.0721
5.2,4.4,2.0,1.3,3.0,4.9,14.7,7.1,14.7,-0.0737,0.5092,-0.346,0.4928,0.4305,0.3824,0.1238,-0.0563
5.2,2.3,4.6,2.2,2.1,18.7,20.2,5.3,29.9,0.3908,0.1037,0.2622,-0.2911,0.3556,-0.4265,-0.4734,-0.3597
5.2,4.7,2.8,2.9,4.9,9.9,19.2,25.6,21.5,0.1788,0.8807,-0.1845,0.3084,-0.01,-0.2135,-0.0087,0.0753
5.2,1.0,4.1,3.4,2.5,14.0,2.2,37.2,35.5,-0.1626,0.4814,0.1846,-0.4491,0.2329,-0.4372,0.0576,-0.485
5.2,4.7,3.0,4.1,1.4,12.2,19.4,11.1,32.6,0.6366,0.2631,0.4092,0.1906,0.1855,-0.3908,0.1077,-0.2939
5.2,2.4,1.1,1.3,3.0,7.8,12.7,43.4,33.6,-0.3158,0.5362,0.1228,-0.2045,-0.3631,-0.3114,0.3762,0.2686
5.2,3.7,4.5,2.5,1.9,7.4,15.9,38.2,22.2,-0.2259,0.9182,0.0642,-0.024,0.1157,-0.007,-0.2646,-0.0728
5.2,3.1,3.1,1.1,1.5,10.9,11.7,24.4,8.4,0.6211,0.7757,0.048,-0.0443,-0.0149,0.0165,-0.0129,0.0127
5.2,1.0,3.1,3.3,4.0,9.6,10.8,19.7,28.8,0.0879,0.9144,-0.139,0.1505,0.2071,-0.1506,-0.112,0.0751
5.2,2.1,4.4,2.5,3.8,20.9,2.3,17.3,37.9,-0.0438,0.5153,-0.2707,-0.4756,0.009,0.468,-0.0022,0.4423
5.2,1.6,3.3,1.1,2.6,11.0,21.4,10.2,25.2,0.5813,0.7097,0.1619,0.1825,0.2291,-0.1686,-0.0675,0.0466
5.2,1.3,2.9,1.5,4.7,15.4,4.4,42.7,11.6,0.5914,0.5778,-0.2662,0.1996,-0.2934,0.2267,0.0147,-0.2265
5.2,2.4,3.6,4.1,1.0,7.7,20.2,31.8,6.0,-0.7692,0.5507,-0.0542,0.0571,-0.0787,0.0224,-0.1578,-0.2344
5.2,1.3,2.8,1.9,2.3,11.5,19.7,41.5,11.9,0.5148,0.6806,-0.3083,-0.0375,-0.3705,0.0161,-0.0311,-0.1441
5.2,1.5,2.8,4.3,3.8,21.0,19.1,13.8,33.7,-0.3887,0.2924,0.3059,-0.4012,-0.5144,0.1477,-0.3487,0.2892
5.2,1.4,2.3,3.2,3.4,18.4,5.8,29.9,11.1,-0.1781,-0.0046,-0.3326,0.151,-0.4898,-0.241,0.7141,-0.0699
5.2,4.5,3.6,1.1,4.1,9.1,10.4,23.6,21.3,0.1451,0.8931,-0.0517,0.01,-0.038,0.0014,-0.3111,0.007
5.2,3.4,1.7,2.9,3.4,12.6,6.0,7.8,37.5,0.0356,0.7062,-0.0062,-0.4399,-0.4511,-0.0605,-0.2787,-0.032
5.2,3.1,2.0,4.8,1.5,21.1,21.3,23.9,11.6,-0.0747,0.2107,0.0335,0.0661,0.0866,-0.2733,0.8454,0.357
5.2,2.6,4.8,2.5,3.3,15.0,19.1,13.2,18.0,0.0051,0.5362,0.0122,0.5099,0.5055,-0.0367,-0.423,0.0253
5.2,3.9,4.8,4.0,2.3,15.0,15.8,30.5,25.2,0.3913,0.1383,0.4149,0.2519,-0.5669,0.2556,0.4004,0.1263
5.2,3.2,2.1,3.8,2.8,21.3,8.9,32.1,13.1,-0.7537,0.2334,-0.0752,-0.1081,-0.0168,-0.0811,-0.1511,-0.5544
5.3,3.3,4.8,1.4,3.2,15.2,6.0,39.0,21.3,0.4961,0.8147,0.1407,-0.0311,0.1903,-0.0392,0.0534,-0.059
5.3,3.4,1.7,4.1,2.4,20.8,6.2,6.4,38.0,0.3571,0.5674,-0.2247,-0.3554,-0.5077,0.1417,-0.2329,0.0173
5.3,4.5,1.3,3.7,4.8,16.0,15.6,31.6,28.7,-0.0287,-0.0318,0.6675,-0.1811,0.1929,0.6543,0.0868,0.1056
5.3,4.0,2.7,2.9,3.6,15.3,12.9,21.3,30.3,0.194,0.6634,0.4227,-0.0046,-0.4563,0.0234,0.263,0.2181
5.3,1.6,4.1,1.4,1.4,5.4,15.1,41.2,34.2,0.4824,0.4748,0.1758,-0.3002,0.2094,-0.3578,-0.4247,0.1458
5.3,4.9,1.8,1.4,2.6,20.3,10.9,21.0,38.8,0.4757,0.2757,-0.0235,-0.2945,-0.0974,0.3278,-0.1573,0.6424
5.3,2.0,4.7,1.7,2.3,8.7,21.7,25.2,7.9,0.067,0.9874,-0.0007,0.0008,-0.0013,-0.0015,-0.0767,0.0027
5.3,3.6,3.0,2.1,1.1,17.5,3.9,19.2,6.3,0.3374,0.4459,-0.3479,2.8992e-05,0.3675,-0.0005,-0.3406,0.5475
5.3,3.1,4.5,4.6,3.3,20.8,2.9,27.3,7.1,-0.116,-0.2373,-0.2076,-0.0259,-0.1575,-0.5451,0.7205,-0.1455
5.3,2.6,2.5,3.8,1.2,6.6,2.9,24.3,24.8,-0.0182,0.0012,-0.0049,0.0212,0.015,0.216,0.8208,-0.4965
5.3,3.0,4.0,2.1,4.3,16.7,8.6,6.8,33.1,-0.4646,0.328,0.1433,0.1579,-0.0642,-0.1589,0.3004,0.643
5.3,2.8,2.1,3.5,3.9,11.4,14.9,41.2,8.1,0.3299,0.6444,-0.2547,-0.3417,-0.3795,-0.2602,-0.1457,-0.2141
5.3,2.0,4.0,4.4,1.6,10.6,2.3,31.9,9.4,0.4925,0.0912,-0.3183,-0.0323,0.1012,-0.4127,-0.0151,0.6203
5.3,2.1,1.3,4.5,4.3,2.8,9.5,5.6,32.0,0.221,0.4388,0.1582,0.2462,0.461,-0.1773,-0.5894,0.2247
5.3,2.1,2.9,4.0,4.2,5.9,18.7,6.7,33.9,-0.3492,0.3583,0.329,-0.2333,-0.6028,-0.241,-0.3716,0.054
5.3,2.6,2.8,1.8,3.5,2.4,12.8,27.7,12.0,-0.1793,0.2628,-0.6383,-0.0864,-0.0748,-0.4117,-0.209,-0.4868
5.3,1.8,3.0,3.4,4.8,15.2,13.7,37.7,16.7,0.1045,0.6763,-0.2682,0.3025,-0.3452,0.2925,0.2323,-0.3044
5.3,2.6,1.6,4.5,3.9,8.9,5.1,39.4,19.7,-0.4655,0.3315,-0.1043,0.1096,0.0814,0.3445,0.192,0.5086
5.3,4.5,4.9,4.2,3.1,17.1,15.5,20.3,13.9,0.0091,0.5184,-0.3992,0.2903,0.3988,-0.2902,0.0831,0.4715
5.3,1.1,4.5,3.6,4.4,18.6,16.6,41.3,5.4,0.0689,0.5078,-0.3529,-0.2799,-0.4584,-0.2162,-0.3262,-0.3921
5.3,1.7,2.7,1.2,1.4,17.4,21.0,36.2,27.6,0.2141,0.5331,0.3771,0.0276,0.5143,0.03,0.1907,-0.4406
5.3,4.3,2.4,1.6,2.1,18.5,18.6,16.7,20.9,0.411,0.3706,0.2687,0.3585,0.1305,-0.4926,-0.0633,0.4549
5.3,2.2,4.7,1.0,1.7,6.8,14.1,30.0,6.4,-0.1612,0.9013,-0.1963,0.0681,-0.0539,-0.0237,-0.3026,-0.0692
5.3,2.3,3.1,2.3,4.4,19.0,21.0,6.4,30.3,0.4047,-0.0072,0.2178,-0.1365,0.1897,-0.7535,-0.363,-0.0879
5.3,3.6,4.0,4.8,3.1,12.7,11.7,5.9,22.3,0.463,0.3506,-0.1634,0.4826,0.0463,0.3773,-0.0175,-0.488
5.3,4.1,4.3,4.5,1.3,17.8,15.3,25.6,35.1,-0.2807,-0.0707,0.3804,-0.0449,0.2736,0.7234,0.3301,-0.0422
5.3,2.7,2.4,4.1,4.6,11.1,8.3,32.3,15.8,-0.3549,0.9149,-0.0723,-0.0287,-0.0259,-0.0175,-0.0845,-0.0386
5.3,4.0,4.8,4.1,4.9,3.7,19.3,6.6,16.8,-0.1588,0.5016,-0.1331,0.4114,0.525,0.1523,-0.4561,-0.1272
5.3,4.6,3.4,3.1,3.0,17.6,7.9,43.7,19.6,0.6666,0.7068,0.0739,-0.0004,-0.0056,-0.018,0.1069,-0.1071
5.3,3.1,2.7,2.3,4.7,21.7,13.2,29.3,6.5,0.0299,0.1004,-0.356,-0.3535,0.2372,-0.3654,0.3767,-0.6168
5.3,4.4,4.9,2.2,2.1,17.6,15.6,33.1,13.9,-0.2822,0.3051,-0.3575,0.4351,-0.5678,-0.373,0.1349,0.0002
5.3,2.0,4.1,1.5,2.2,11.4,8.6,21.0,6.5,0.6401,0.7555,0.0039,-0.0027,-0.0035,0.0025,-0.0784,0.0673
5.3,4.5,4.3,4.6,3.7,17.3,2.1,23.6,41.2,0.4565,0.3785,-0.3903,-0.1205,0.5436,-0.0356,0.1673,0.3597
5.3,3.7,4.8,2.4,2.6,19.2,21.9,28.1,21.8,0.5579,0.3107,0.4117,0.2455,-0.364,0.4133,0.1418,-0.0866
5.3,3.9,3.2,4.1,1.1,12.0,13.4,5.1,12.3,0.3963,0.5425,-0.2944,-0.2963,-0.3944,-0.2462,0.0274,-0.376
5.3,1.5,2.8,4.3,1.5,16.4,6.4,28.7,15.4,-0.485,-0.0524,-0.2144,0.326,-0.3224,0.1845,0.342,-0.5739
5.3,1.4,2.0,3.6,3.9,8.3,11.1,12.7,9.2,-0.55,0.8011,-0.0705,0.044,0.0103,0.0426,0.1452,0.1018
5.3,4.9,4.0,4.1,4.9,19.1,19.0,8.7,25.8,0.291,-0.1081,0.4325,0.0475,0.3476,-0.6277,-0.4171,0.008
5.3,4.0,3.9,1.4,3.0,18.3,3.2,35.2,16.2,0.19,0.481,0.0481,0.4511,-0.2074,0.4629,0.1495,-0.4766
5.3,2.8,3.4,2.2,3.4,12.9,4.0,21.9,35.5,0.1567,0.0592,0.1607,-0.1197,0.1754,0.8551,0.1039,-0.0519
5.3,3.4,4.8,3.1,1.8,16.4,2.4,35.8,31.3,-0.0561,0.2681,0.3576,-0.1973,0.4406,-0.1647,0.2539,-0.6683
5.3,4.9,3.9,1.9,1.1,6.6,19.3,26.5,4.1,-0.3219,0.0622,-0.1587,0.0317,-0.0783,-0.2794,-0.0868,-0.8501
5.3,1.8,2.9,4.1,2.8,15.4,19.3,28.7,6.8,0.2831,-0.1767,-0.394,-0.035,0.2132,-0.6693,0.3847,0.253
5.3,4.0,3.0,1.9,4.7,16.8,7.1,5.7,43.8,0.8204,0.3014,-0.1217,0.0146,-0.1838,0.2584,0.0667,-0.2983
5.3,2.6,2.0,2.1,2.7,7.8,11.2,10.3,14.1,-0.2035,0.909,-0.0962,0.2408,0.1631,0.1116,0.117,0.0139
5.3,4.4,1.6,1.0,2.6,11.0,6.8,38.2,36.2,0.5264,0.7311,0.0491,-0.1401,0.1971,-0.1849,0.1795,-0.1692
5.3,4.7,4.0,4.7,2.2,15.3,11.5,37.8,12.0,-0.2766,0.3917,-0.377,-0.2277,-0.3783,-0.2285,-0.1206,-0.5864
5.3,1.1,4.3,4.0,1.6,3.2,8.2,30.4,34.6,-0.7869,0.4717,0.0319,0.0363,0.0114,0.0257,-0.1641,-0.2991
5.3,3.4,3.3,3.6,3.6,10.9,17.2,15.3,21.2,0.1856,0.7928,0.0559,0.3411,0.3485,-0.1995,-0.179,0.1036
5.3,2.2,2.8,1.4,2.0,3.0,13.0,37.7,34.9,0.3733,0.7746,0.2055,-0.2294,0.2477,-0.2406,0.024,-0.1527
5.3,2.5,4.6,2.5,2.2,20.5,14.8,10.8,14.0,-0.3748,0.2544,-0.5109,0.3665,0.3541,0.4892,0.0608,0.1006
5.3,1.1,4.7,3.2,3.0,15.7,10.4,7.9,30.5,0.0309,0.1119,0.1371,0.3185,0.2985,-0.1769,-0.7576,0.3781
5.3,2.0,3.1,4.2,2.9,19.6,6.5,29.6,27.3,-0.1367,-0.1275,0.1893,-0.135,0.2715,-0.0045,0.7989,-0.4141
5.3,4.3,2.0,1.3,1.7,21.5,11.4,21.9,33.6,0.3125,0.8503,0.1917,-0.1087,-0.1969,0.1143,0.2451,-0.0268
5.3,2.5,2.9,2.3,3.8,10.8,13.0,7.9,4.4,0.5278,0.7121,0.2364,-0.3171,0.0444,-0.1715,0.0311,-0.1168
5.3,1.5,2.4,4.1,4.8,6.1,13.0,14.2,31.6,-0.4803,0.3956,0.3204,-0.3356,-0.5462,-0.0038,-0.1968,0.2087
5.3,3.0,1.1,2.5,3.1,6.4,21.3,19.2,26.3,-0.1651,0.7609,0.1824,-0.2467,-0.1876,0.2471,0.3831,0.2099
5.3,1.7,1.8,1.1,4.2,5.7,7.9,8.6,25.4,0.0164,0.2371,0.0139,-0.2695,-0.3912,0.0119,-0.8162,0.0491
5.3,3.3,1.6,3.2,1.6,4.0,17.1,20.4,40.9,-0.1527,0.4369,-0.3973,-0.1199,0.4083,0.1163,0.3586,0.5356
5.3,4.2,3.5,4.8,2.5,11.9,20.3,24.2,40.7,0.3329,0.7982,-0.1358,-0.285,0.327,0.1259,0.03,0.092
5.3,5.0,2.0,4.4,2.7,12.8,7.9,8.0,12.3,0.3082,-0.194,-0.0951,0.0604,0.0517,0.0972,-0.5014,-0.7454
5.3,3.5,3.8,4.1,4.1,12.1,14.8,30.9,22.5,0.2468,0.544,0.1977,0.4882,-0.4837,0.0718,0.3248,-0.0344
5.3,1.0,3.1,5.0,3.1,7.1,6.2,12.9,7.1,-0.7216,-0.0418,-0.0793,0.1796,0.124,-0.1272,-0.0867,0.6209
5.3,1.1,1.6,3.2,2.2,8.4,2.9,14.7,27.4,-0.4751,0.8492,0.0101,-0.0645,-0.0296,0.0534,0.1493,0.0912
5.3,3.2,4.6,4.9,3.1,11.5,8.1,8.2,15.9,-0.5721,0.7719,-0.112,-0.0943,0.0399,0.0596,0.107,0.0992
5.3,2.3,3.2,4.3,3.8,12.2,10.8,23.4,24.8,0.3358,0.2281,-0.0296,0.4843,-0.1475,-0.3917,0.1577,0.61
5.3,3.8,1.9,2.3,4.5,16.1,7.3,33.9,31.4,-0.0968,0.1786,0.0697,-0.3939,0.2729,-0.3204,0.3267,-0.686
5.3,4.9,1.1,3.0,4.9,2.2,9.8,8.5,30.2,-0.2095,0.1156,0.3827,0.3605,0.0981,-0.3621,-0.0901,0.694
5.3,2.7,4.4,1.6,2.4,8.5,7.4,11.0,6.3,0.1557,0.9816,0.004,0.0004,-0.0016,-0.0005,0.0511,-0.0072
5.3,4.7,2.2,2.1,1.7,21.5,16.0,43.9,10.6,0.214,0.3188,-0.1587,0.1951,-0.2342,0.453,-0.6974,0.0907
5.3,2.2,3.6,2.9,2.3,8.8,20.2,4.9,32.3,-0.1972,0.9572,-0.0167,0.0597,0.115,-0.005,0.0722,0.0224
5.3,1.1,2.9,4.5,2.2,12.6,18.5,40.3,40.4,0.2027,0.6264,-0.2292,-0.3795,-0.3745,-0.3158,-0.0679,-0.3134
5.3,4.3,3.2,4.0,3.2,8.4,8.1,30.5,39.6,-0.2835,0.9516,0.0028,0.0008,0.001,0.0005,-0.0617,-0.0193
5.3,4.7,2.2,3.5,1.8,21.0,8.3,34.3,43.1,-0.4072,-0.0834,-0.0014,0.0039,-0.0024,0.0029,0.2018,-0.8651
5.3,2.0,2.2,1.7,4.2,17.2,12.4,41.5,37.2,0.5683,0.5429,0.2449,-0.344,0.0484,-0.2562,0.1165,-0.3065
5.3,3.2,3.0,2.2,4.9,3.1,11.5,21.2,7.5,-0.1702,0.618,-0.2941,-0.1126,0.2972,0.1121,0.5294,0.3094
5.3,1.1,2.4,2.1,4.3,11.9,8.3,26.3,6.1,0.724,0.6601,-0.0453,0.0114,-0.0036,-0.0082,-0.1006,0.1137
5.3,1.8,2.9,2.0,2.5,4.4,18.0,33.9,25.2,-0.4082,0.267,0.257,-0.0794,0.584,0.3832,0.0182,-0.4098
5.3,4.3,2.3,1.4,3.1,16.7,4.6,6.6,18.8,0.2652,0.5768,0.2213,0.3619,0.4835,0.0482,-0.4077,-0.0333
5.3,1.6,2.5,2.6,4.8,12.1,6.8,33.1,42.7,0.6522,0.5853,-0.3861,0.0327,-0.0531,-0.1188,-0.1241,0.1227
5.3,1.9,4.8,2.0,1.8,4.7,19.0,12.9,42.5,-0.2328,-0.0158,-0.4384,0.1125,0.1954,0.6406,-0.0904,0.4999
5.3,4.7,2.8,3.7,3.9,16.3,17.6,19.6,28.2,0.0695,0.5173,0.4846,-0.0044,-0.4909,0.0041,-0.0833,0.4768
5.3,1.9,3.3,3.1,2.7,2.5,3.9,28.4,35.8,-0.1603,0.4475,0.036,-0.556,0.418,-0.2786,0.3458,-0.2623
5.3,2.4,4.5,2.8,4.9,15.2,11.4,31.6,19.1,0.4682,0.2297,-0.2553,0.5768,-0.1151,-0.3083,0.1329,0.4144
5.3,2.6,4.3,2.2,3.4,3.9,12.7,25.8,31.9,-0.1872,0.2026,0.6039,0.0672,0.0364,0.4593,-0.1891,-0.5054
5.3,4.1,4.2,3.5,4.0,19.1,15.9,27.0,12.8,-0.2196,-0.0277,-0.5796,0.2163,-0.2822,-0.6665,0.1082,-0.0781
5.3,1.4,3.5,2.1,1.7,11.1,18.6,4.7,40.7,0.4588,0.6994,0.0097,-0.3859,-0.0911,-0.3153,-0.0164,-0.1664
5.3,3.6,1.5,4.5,4.1,9.2,20.9,12.1,12.8,0.0326,0.8827,-0.3078,-0.2672,0.0378,0.178,0.0237,0.0659
5.3,2.5,2.6,2.1,4.0,8.9,11.0,11.5,31.0,0.1485,0.9395,0.0254,0.2126,0.1776,0.0223,-0.0086,-0.0066
5.3,3.2,3.3,3.3,4.0,7.0,5.7,7.8,16.0,-0.4601,0.3969,0.0225,0.4719,0.1592,-0.379,0.0153,0.4712
5.3,1.8,2.5,3.8,1.6,7.6,16.1,17.1,6.7,-0.5416,0.7329,-0.0909,0.0601,0.1021,-0.0558,0.285,0.2294
5.3,4.4,3.7,2.2,3.9,11.8,14.9,26.6,40.3,0.5462,0.6305,0.1843,-0.415,0.0095,0.2386,0.0062,0.1541
5.3,1.0,3.8,4.4,3.6,10.7,16.6,27.4,13.9,0.0428,0.0972,-0.7527,0.0783,-0.0499,-0.6018,-0.0235,0.1395
5.3,4.9,2.9,2.1,4.2,19.6,16.7,20.1,15.3,0.2695,0.5758,-0.1953,0.4112,0.2196,-0.4169,-0.0242,0.3886
5.3,4.8,3.3,4.9,2.6,2.8,16.4,39.1,13.5,-0.276,0.435,-0.1119,0.3224,-0.1359,0.3315,-0.4206,-0.5422
5.3,1.9,1.3,3.4,2.3,21.1,6.0,17.3,7.4,-0.0715,0.1663,-0.3158,0.1876,0.3402,-0.1805,-0.1678,0.7991
5.3,1.5,2.2,3.6,1.2,8.6,11.6,11.9,20.8,-0.4763,0.8656,-0.0178,0.0033,-0.0002,0.0024,0.0838,0.0485
5.3,1.2,3.8,3.7,2.6,18.0,13.2,28.3,32.1,-0.3317,0.0091,0.6203,-0.1458,0.1699,0.624,0.0528,-0.1633
5.3,1.4,4.9,2.0,1.2,9.6,20.3,7.1,16.1,0.3408,0.8208,-0.0972,-0.2584,-0.152,0.2688,-0.0491,0.0933
5.3,2.6,1.7,3.8,4.3,11.6,8.2,20.6,7.8,0.5338,0.6872,-0.0308,0.0069,0.0309,-0.0069,-0.3673,0.2933
5.3,4.5,1.4,1.4,4.4,8.6,8.8,19.9,30.5,0.3968,0.912,0.0013,-0.0004,-0.0008,0.0002,0.0581,-0.025
5.3,1.6,1.3,1.1,4.2,2.7,12.1,20.9,10.9,0.2551,0.8609,-0.2263,0.0858,0.2628,-0.1007,0.2078,0.0181
5.3,2.8,2.1,3.2,1.4,12.8,20.1,28.9,24.2,0.6562,0.47,0.2731,0.2316,-0.3626,0.2074,-0.0162,0.1417
5.3,2.7,3.7,2.3,4.5,17.9,6.9,12.2,28.9,-0.045,0.0429,0.0976,-0.2572,-0.3126,0.0789,-0.8144,0.3457
5.3,2.7,4.3,3.3,3.4,4.7,19.2,4.9,12.9,0.115,0.2167,0.0857,0.1908,-0.0333,0.4787,-0.8088,0.0236
5.3,2.4,4.3,1.7,4.4,20.3,14.9,6.5,18.8,0.3834,0.2684,-0.0368,0.5803,0.2281,0.3617,-0.2407,-0.4269
5.3,2.1,4.5,1.6,2.8,17.8,11.6,27.4,22.7,0.5636,-0.1098,-0.0148,0.4124,-0.1313,-0.232,0.2936,0.5541
5.3,2.9,4.1,1.2,4.8,2.3,9.5,15.7,32.1,0.1805,0.9566,0.1228,-0.0444,-0.0428,0.0058,0.1269,-0.0151
5.3,1.5,3.5,2.5,1.4,17.1,2.7,31.6,21.7,0.4428,0.1747,0.4911,0.1714,-0.3095,0.5911,0.1375,-0.006
5.3,3.8,3.4,4.1,4.9,6.8,19.3,33.1,9.6,-0.5979,0.6678,-0.0858,0.2153,-0.1707,0.1492,-0.1708,-0.2251
5.3,1.9,2.8,4.0,2.6,20.3,14.6,21.5,17.0,-0.1885,0.0672,-0.322,0.1048,-0.2381,-0.8286,0.125,0.1323
5.3,1.2,4.9,2.3,2.8,18.1,2.0,15.0,34.6,-0.0736,0.5202,0.0844,-0.472,-0.4018,0.3438,-0.2854,0.3407
5.3,4.4,4.3,2.3,1.8,5.9,18.0,40.5,21.5,-0.0438,0.7782,0.234,-0.0446,0.2429,-0.0502,-0.496,-0.1014
5.3,3.0,3.2,3.3,3.8,19.0,16.7,35.7,8.4,-0.2513,0.4221,-0.3914,-0.1142,-0.5391,-0.1815,0.0994,-0.4871
5.3,3.9,2.8,4.6,2.4,5.4,9.7,41.9,39.0,-0.0253,0.2758,0.0124,-0.1501,-0.1912,-0.0172,-0.9096,-0.0551
5.3,4.9,1.6,3.7,4.8,5.8,10.6,5.4,24.5,0.1281,0.5077,0.1009,0.0824,0.2218,-0.039,-0.7882,0.1631
5.3,3.7,3.3,4.9,3.8,2.2,8.4,21.3,41.5,-0.1229,0.0872,-0.0056,0.0048,0.0203,0.1497,0.5431,0.7963
5.3,4.3,3.7,2.6,3.7,5.6,12.7,36.2,12.2,-0.2233,0.8408,-0.214,0.1327,-0.3256,0.1121,-0.1657,-0.1445
5.3,3.1,3.3,2.0,2.8,15.5,12.5,32.1,15.8,0.3168,0.5365,-0.4763,0.4844,-0.0742,-0.2601,-0.0676,0.218
5.3,3.1,2.1,1.6,3.9,13.5,19.2,16.5,4.6,0.4665,0.5452,-0.2277,-0.3387,-0.18,0.4288,-0.1055,0.2836
5.3,2.8,1.3,3.7,1.7,9.7,14.2,21.4,23.2,0.0268,0.9477,-0.1258,0.1956,0.027,-0.1763,-0.0051,0.0403
5.3,2.9,3.5,1.7,2.0,19.6,16.5,24.7,16.0,-0.0408,0.2644,-0.4989,0.4291,-0.3544,-0.5356,-0.135,0.1456
5.3,5.0,3.9,3.6,2.4,4.6,7.3,15.9,33.0,-0.6621,0.6144,-0.0592,-0.0739,0.0272,0.062,0.261,0.2966
5.3,3.9,2.5,1.8,4.7,12.4,15.3,40.4,31.6,0.4517,0.7921,0.2544,-0.0923,0.2549,-0.0933,-0.0568,-0.0589
5.3,3.7,3.0,2.1,2.8,21.5,2.2,15.8,7.7,-0.2738,0.4382,-0.3636,0.1065,0.6068,0.0056,-0.1029,0.4393
5.3,3.2,1.3,3.3,3.0,19.8,6.4,36.7,21.9,0.1705,0.622,0.4032,0.0978,0.4344,0.1042,0.2295,-0.364
5.3,4.1,2.5,3.8,4.1,11.4,21.1,33.9,34.1,-0.1224,0.5836,0.1843,-0.3521,0.5256,-0.058,0.4057,-0.1097
5.3,1.4,3.8,2.4,1.4,5.9,9.8,24.4,42.1,0.0214,0.1915,-0.0137,-0.1052,0.1246,-0.0233,0.944,-0.1232
5.3,3.6,1.2,1.5,1.1,3.2,18.1,26.7,22.8,0.3077,0.2888,0.3594,0.1111,-0.465,0.2428,0.6005,-0.154
5.3,1.1,1.1,3.5,2.3,12.3,16.9,37.2,18.9,0.0693,0.6042,-0.1545,0.447,-0.1642,0.4446,0.1163,-0.3877
5.3,4.9,2.7,5.0,2.0,16.0,5.1,32.2,29.7,-0.1399,-0.0949,0.2387,-0.0944,0.3119,0.0271,0.7967,-0.3809
5.3,3.4,2.6,2.1,1.3,4.3,12.7,13.2,29.4,-0.5733,0.2627,0.3542,-0.0988,-0.0839,-0.3125,0.2414,0.5342
5.3,1.6,4.9,1.0,4.7,12.5,13.2,33.6,17.5,0.6796,0.6589,-0.2006,0.2176,0.0153,-0.0456,-0.033,0.0554
5.3,3.7,3.9,3.1,3.3,9.3,4.0,9.0,32.8,0.1296,0.8844,0.3651,0.1431,-0.0978,-0.1293,0.0462,0.0547
5.3,1.2,3.1,5.0,4.2,6.7,14.4,21.3,9.4,-0.323,0.5377,-0.2856,0.1678,0.3068,-0.1725,0.3943,0.4524
5.3,3.8,1.7,3.8,3.0,21.4,12.6,31.7,29.1,-0.5798,0.1573,0.3212,-0.0947,0.4615,0.3547,0.0959,-0.3898
5.3,2.5,3.2,3.3,1.6,2.7,21.7,43.4,10.0,0.0036,-0.0049,0.0055,0.0212,0.0145,0.3886,-0.906,0.0016
5.3,2.1,2.9,2.3,1.1,11.9,10.0,8.5,22.7,0.6803,0.6899,-0.1239,0.079,-0.0271,0.0311,0.1005,-0.1115
5.3,4.8,2.1,2.7,3.1,6.6,4.7,28.0,24.9,-0.6168,0.5053,0.1718,-0.1405,0.3012,0.0004,-0.2254,-0.3894
5.3,3.9,4.8,4.8,3.4,17.2,16.4,16.7,40.5,-0.1806,0.0943,-0.1378,-0.1122,0.2483,0.7284,-0.4355,0.3172
5.3,4.2,2.9,2.2,1.3,11.0,20.3,19.8,34.4,0.1798,0.8522,0.2288,-0.0065,-0.2543,0.0053,-0.2849,0.1205
5.3,3.1,4.3,2.2,2.4,15.8,10.6,28.6,10.1,0.0372,0.0339,-0.1311,-0.2587,0.2749,-0.0333,0.8944,-0.0902
5.3,2.8,1.7,1.3,4.7,2.9,10.1,15.5,14.1,0.2466,0.9154,-0.2453,0.1151,0.049,0.0015,0.1074,-0.015
5.3,2.7,2.6,2.0,1.1,2.3,18.6,33.5,21.6,0.2372,0.04,0.4776,0.1133,-0.194,0.6793,0.1615,-0.3666
5.3,4.9,1.4,1.1,3.5,11.2,8.8,39.5,33.9,0.4675,0.2147,0.0132,-0.1328,0.0302,-0.1385,0.0805,-0.6887
5.3,4.2,2.4,2.5,4.7,16.7,15.2,25.6,30.1,0.4504,0.198,0.3935,0.1541,-0.3541,0.546,0.2245,-0.2667
5.3,1.6,4.4,1.1,3.6,4.2,4.6,23.7,10.1,0.3901,0.0904,0.0729,0.4039,-0.0122,-0.523,0.4576,0.4053
5.3,1.6,1.4,1.8,4.6,12.3,9.2,6.9,30.8,0.0755,0.4147,0.0462,0.1264,0.201,-0.0321,-0.8328,0.1046
5.3,4.2,1.4,3.7,4.9,12.7,14.4,11.9,32.7,0.184,0.3166,0.6834,-0.3856,-0.1027,-0.3696,0.0579,-0.2732
5.3,2.6,1.9,4.3,1.4,6.1,12.9,25.2,25.5,-0.1228,-0.16,0.1467,0.0345,-0.138,0.2649,0.7117,-0.5595
5.3,4.4,1.9,2.7,3.2,19.9,19.1,16.3,6.3,-0.3515,0.1955,-0.2637,-0.049,0.5842,0.4336,-0.2929,0.3564
5.3,4.1,3.5,4.0,1.1,6.5,21.3,35.5,13.5,-0.6505,0.645,0.0099,0.1096,-0.008,0.1008,-0.2435,-0.2631
5.3,3.8,1.2,2.9,4.1,21.3,4.8,32.2,4.6,0.069,0.054,-0.7185,0.014,-0.0308,-0.6565,-0.0456,-0.1172
5.3,4.1,3.9,4.5,1.2,12.7,17.9,13.8,17.4,-0.2666,0.4574,-0.2463,0.4329,0.5297,0.0344,-0.4114,0.0126
5.3,4.3,3.6,1.3,4.7,14.8,17.3,41.5,42.0,0.3721,0.4891,-0.3523,-0.3153,-0.3683,-0.299,-0.269,-0.2698
5.3,1.3,1.9,2.7,3.1,8.4,9.7,38.0,19.5,-0.15,0.945,0.0295,0.0062,0.0272,0.0062,-0.2537,-0.0421
5.3,4.9,2.3,3.3,4.0,10.6,10.3,14.6,40.4,0.4355,0.8039,0.2949,-0.1899,0.0622,-0.0857,0.0534,-0.0769
5.3,4.2,2.9,3.1,1.5,7.8,17.7,19.4,36.0,-0.2383,0.9391,-0.0435,-0.0221,0.0411,0.0221,0.213,0.0569
5.3,2.6,4.0,2.4,3.5,9.3,13.7,25.9,24.1,0.1933,0.955,-0.1416,0.1177,0.0225,-0.0524,-0.0197,0.0136
5.3,3.0,3.3,3.7,3.2,20.8,21.6,43.6,29.1,-0.0841,-0.1224,0.1429,0.0242,-0.1808,-0.5673,-0.7372,0.1337
5.3,1.9,1.2,1.1,2.6,15.0,21.7,31.6,20.0,0.3671,0.5364,0.2409,0.3357,-0.4324,0.201,0.3603,-0.1729
5.3,2.4,2.7,3.5,4.2,17.1,14.3,37.3,38.1,0.1421,0.4463,-0.0349,-0.467,0.11,-0.4735,0.124,-0.5328
5.3,3.4,2.3,4.5,4.9,13.2,10.8,32.3,31.2,-0.0484,0.3771,0.7753,-0.1514,0.0449,0.4042,-0.1614,0.0596
5.3,3.3,1.1,4.3,3.7,20.0,21.9,37.8,18.5,-0.1407,0.5603,0.1387,0.4266,0.1571,0.4228,-0.2473,-0.419
5.3,4.5,1.5,1.9,3.9,15.2,4.1,4.1,42.0,0.4433,0.6659,-0.3424,-0.141,-0.3979,-0.0973,-0.1738,-0.1142
5.3,3.1,4.2,3.3,4.5,19.4,20.9,10.1,34.2,-0.1592,0.4225,0.1347,-0.5229,-0.5351,0.0715,-0.4263,0.1013
5.3,3.0,1.7,1.2,4.5,10.7,21.1,24.7,30.7,0.6566,0.6749,0.0831,0.073,-0.2012,0.1866,0.078,-0.0755
5.3,1.6,1.5,2.9,3.6,5.9,12.6,34.2,28.3,-0.5445,0.5027,0.2426,-0.1332,0.4746,0.1919,-0.0981,-0.2848
5.3,1.3,1.2,3.8,1.9,5.1,18.2,29.2,43.6,-0.3586,-0.1788,-0.2238,-0.0552,-0.2406,-0.4799,0.4783,-0.4917
5.3,4.4,4.4,4.7,1.7,2.2,9.1,17.6,32.5,-0.6979,0.4015,0.1056,0.112,-0.0489,-0.0947,0.2507,0.4858
5.3,2.5,2.2,2.3,4.6,20.6,12.0,15.2,6.1,-0.0885,0.1574,-0.3853,-0.3702,-0.0907,0.4072,-0.1239,0.6889
5.3,3.0,3.4,2.2,1.2,14.6,7.0,26.1,20.4,0.5231,0.7584,0.2531,0.1622,0.0133,0.1934,-0.0561,-0.0051
5.3,1.0,3.6,4.3,3.5,15.6,15.1,19.4,25.0,-0.1459,0.3989,0.3755,0.3079,-0.3749,-0.3081,-0.0703,0.5718
5.3,2.3,2.6,2.7,4.8,18.3,11.2,20.6,22.5,0.2456,0.2225,0.1158,0.3674,0.0368,-0.4558,0.0198,0.7017
5.3,2.0,2.2,2.8,3.1,21.8,10.1,18.6,13.6,-0.2638,0.8216,-0.2281,-0.0242,0.3105,0.0357,0.2462,0.1679
5.3,3.1,1.7,2.9,1.8,15.3,14.6,31.1,14.0,-0.3206,0.1088,-0.3935,0.2344,-0.5691,-0.4237,0.3792,-0.0055
5.3,4.6,2.9,3.7,3.0,16.4,20.8,40.6,8.9,0.4204,0.2733,-0.3699,0.1148,-0.4418,0.1757,-0.0599,-0.5867
5.3,4.8,1.4,3.0,4.2,21.9,16.8,4.2,16.9,0.0894,0.2307,0.2674,0.0606,0.0939,0.6579,-0.6247,-0.012
5.3,2.7,2.1,4.6,4.6,7.9,3.5,33.2,15.3,-0.5287,0.8239,0.0291,0.0316,0.0116,0.0216,-0.1379,-0.0916
5.3,3.4,1.7,3.9,4.1,15.3,15.9,43.2,39.3,0.2069,0.465,-0.1302,-0.5006,-0.4193,-0.2688,-0.3754,-0.2439
5.3,3.5,2.4,4.4,1.6,15.0,5.1,5.9,18.0,-0.1673,0.666,-0.1092,0.3829,0.4605,0.1479,-0.3285,-0.0937
5.3,3.1,1.4,1.0,1.8,16.4,15.8,13.8,26.2,0.5795,0.237,0.3615,0.1236,0.3075,-0.4767,-0.2035,0.2763
5.3,3.9,4.4,3.7,2.8,9.7,7.0,31.0,12.8,0.3712,0.9023,-0.1413,-0.0215,-0.022,-0.0244,-0.0356,0.0135
5.3,4.7,4.7,3.1,1.0,6.3,7.6,25.8,31.4,-0.0383,-0.0062,0.0426,-0.0203,0.0554,-0.0117,0.5965,-0.7737
5.3,4.8,2.0,2.5,2.9,21.7,16.6,4.3,6.8,0.074,0.5625,-0.3676,0.0688,-0.4216,0.1126,-0.5367,-0.2231
5.3,4.3,4.9,3.1,1.9,21.2,3.0,9.4,33.8,-0.3978,0.2141,0.3578,-0.2207,-0.5978,-0.0806,-0.314,0.3612
5.3,1.4,1.0,1.3,3.6,8.4,14.4,23.0,24.5,0.5287,0.6433,0.044,-0.0127,-0.0849,0.0788,0.3786,-0.3271
5.3,4.9,1.6,2.4,4.1,19.0,21.9,30.5,27.1,0.0482,-0.0938,0.6103,-0.2074,0.2362,0.6788,0.1148,0.0435
5.3,4.6,4.5,1.2,2.9,7.3,12.9,29.1,21.2,0.1107,0.9685,0.1056,-0.0408,0.0289,-0.0013,-0.152,0.0114
5.3,4.3,1.8,2.4,4.1,3.6,8.0,21.9,16.6,0.2392,0.8267,0.1267,0.0053,-0.0754,-0.0529,0.4402,-0.1203
5.3,3.2,1.6,4.1,4.8,9.5,21.4,36.3,8.4,0.1106,0.9128,-0.2038,-0.2225,-0.0578,-0.2054,-0.0254,-0.0593
5.3,2.5,4.5,2.2,2.7,17.9,19.3,24.8,40.2,0.3398,0.4742,-0.3272,-0.3176,0.4939,0.1096,0.3904,0.1419
5.3,1.9,1.2,4.3,1.8,7.3,4.2,42.4,24.9,-0.4096,-0.1779,0.0708,0.0482,-0.0987,-0.1984,-0.4036,0.7291
5.3,3.8,2.8,3.6,2.8,18.0,21.4,24.3,33.3,-0.1912,0.037,0.301,-0.0581,0.4125,0.6417,0.4941,0.0061
5.3,1.8,3.7,3.6,3.5,14.5,21.8,4.6,29.3,0.3654,0.1521,0.2375,-0.2342,0.3654,-0.3816,-0.2453,-0.6094
5.3,2.4,2.4,3.9,2.0,12.1,8.0,20.3,34.7,-0.2201,0.7313,-0.0472,-0.0333,0.0205,0.0464,0.5754,0.1883
5.3,3.4,2.2,3.6,1.8,9.7,20.2,13.3,23.4,0.0157,0.9612,0.0139,0.1861,0.1269,-0.1125,-0.0208,0.0207
5.3,1.3,4.9,4.4,4.1,21.7,11.0,29.6,5.6,-0.0741,-0.0604,-0.1251,-0.3848,0.2798,-0.1671,0.7494,-0.3719
5.3,5.0,1.8,2.2,3.5,19.8,5.3,29.6,11.6,-0.2103,0.1794,-0.2988,0.3077,-0.6238,-0.1355,0.5159,-0.1993
5.3,3.4,1.3,2.5,1.3,13.0,8.4,41.0,19.9,0.3938,0.8964,0.0996,0.0792,-0.0058,-0.0801,0.0398,-0.011
5.3,4.0,2.6,1.7,1.1,12.7,12.0,19.4,42.3,0.7538,0.3737,-0.0309,0.0611,-0.1715,0.2103,0.0446,-0.2916
5.3,4.9,3.7,2.9,4.6,14.6,12.4,43.7,41.8,0.3937,0.2248,-0.0604,-0.533,-0.251,-0.3565,-0.2873,-0.4464
5.3,2.1,2.2,4.7,3.5,20.3,13.4,18.1,32.9,-0.2356,0.4628,0.3409,-0.3346,-0.374,0.3236,-0.0611,0.4866
5.3,5.0,4.5,4.9,1.4,11.6,12.0,23.7,37.5,0.1048,0.8537,0.4202,-0.0926,-0.1168,0.1081,-0.1363,0.0856
5.3,2.5,1.8,3.1,3.5,6.6,12.1,39.7,42.7,-0.0969,0.7212,-0.1804,-0.0131,-0.2094,0.0024,-0.5966,-0.1277
5.3,4.9,2.8,1.6,3.6,3.7,6.2,37.0,34.2,-0.0988,0.8457,-0.2744,-0.1137,-0.2038,-0.1295,-0.3098,-0.1234
5.3,2.9,4.1,2.0,3.6,18.5,12.7,44.0,24.2,0.1526,0.1547,0.2372,0.3536,0.3895,0.149,-0.6906,-0.2951
5.3,2.3,4.8,3.6,4.9,16.5,7.7,32.5,16.9,-0.0965,0.9853,0.0247,0.0084,0.0076,0.0045,-0.0259,-0.0043
5.3,1.5,3.5,3.2,3.7,2.1,13.5,39.5,18.7,0.13,0.3751,-0.1435,0.484,0.0919,0.4774,-0.0278,-0.5691
5.3,4.2,1.2,2.8,1.8,9.5,4.5,6.3,14.7,0.1652,0.8899,-0.1086,-0.2899,-0.0985,0.2356,-0.0234,0.0708
5.3,4.7,3.5,3.1,1.2,3.7,19.1,9.3,24.0,0.0266,-0.0625,0.0994,-0.0636,0.0705,-0.4703,-0.8274,0.2342
5.3,3.3,2.6,1.4,1.3,21.7,3.6,33.8,7.1,-0.2032,0.3665,-0.3483,0.1616,-0.5978,0.0582,0.1543,-0.5127
5.3,1.4,3.6,3.7,1.6,14.4,7.1,41.9,25.0,0.4841,-0.0762,0.0403,-0.0083,0.0697,-0.164,-0.154,-0.8158
5.3,1.7,3.7,3.1,3.5,3.1,6.0,29.9,27.9,-0.1729,-0.0285,0.2346,-0.2245,0.3908,-0.0479,0.6886,-0.458
5.3,4.3,3.6,2.6,4.0,13.1,12.3,22.0,7.7,0.4675,0.3708,-0.0306,-0.4529,0.0851,0.4196,0.0362,0.4852
5.3,2.9,4.3,3.5,4.5,8.6,17.0,42.7,15.5,-0.2841,0.7941,-0.3216,-0.2204,0.1399,0.195,0.1422,0.1728
5.3,1.7,4.4,3.1,1.3,17.3,3.2,20.2,12.4,-0.0318,0.1663,-0.1922,0.2866,0.1825,-0.2851,0.3363,0.7795
5.3,3.4,3.8,2.8,3.9,4.9,9.3,25.8,18.1,0.5,-0.0058,-0.2243,0.4172,-0.108,-0.2476,0.2034,0.59
5.3,1.5,4.1,2.3,1.5,13.3,10.4,42.0,40.1,0.6901,0.6175,0.1683,-0.1287,0.0463,-0.0706,0.1536,-0.2061
5.3,3.1,1.8,4.2,1.4,4.7,15.7,42.0,42.8,0.032,0.2177,-0.17,0.0848,-0.2908,0.2559,-0.8374,-0.1796
5.3,2.7,2.6,1.6,1.8,21.0,4.4,33.4,35.3,-0.1131,0.4653,-0.1638,-0.4902,0.0566,-0.4732,-0.0325,-0.4984
5.3,2.7,4.6,2.6,3.1,18.9,14.3,32.1,12.7,-0.3025,0.3147,-0.5139,0.3889,-0.3649,-0.4778,-0.0595,-0.0568
5.3,4.4,4.7,2.4,3.8,5.9,12.6,8.9,28.9,-0.5461,0.4183,0.3884,0.0086,-0.0569,-0.1871,0.3105,0.4723
5.3,3.5,3.5,1.7,4.8,11.6,5.6,12.9,10.9,0.648,0.6471,-0.3543,0.0923,0.0793,0.0524,0.0741,-0.0401
5.3,3.6,3.5,1.0,1.1,5.2,2.6,6.8,30.7,0.0148,0.0782,0.0258,0.1355,-0.3608,-0.3274,-0.1533,0.8273
5.3,3.0,4.4,3.0,1.8,9.2,19.6,11.2,20.9,-0.0579,0.9626,-0.0236,0.1894,0.1379,0.0634,-0.0002,-0.0086
5.3,4.5,4.7,2.5,2.9,18.1,15.5,43.5,12.9,0.4343,0.2251,-0.3182,0.0755,-0.4188,0.5014,-0.4273,0.0945
5.3,4.1,2.5,4.3,4.9,15.8,11.1,21.6,31.6,0.1794,0.7181,0.3936,-0.079,-0.4343,0.0939,0.1733,0.2082
5.3,4.1,4.1,2.9,4.6,4.3,17.4,40.3,40.6,0.0015,0.6134,-0.3645,-0.0807,-0.397,-0.0605,-0.4924,-0.243
5.3,2.4,4.2,3.4,2.2,8.8,7.6,5.4,18.7,-0.3555,0.9152,-0.0175,0.0581,0.0397,-0.0491,0.1063,0.0482
5.3,3.2,1.2,1.6,3.7,6.7,16.9,29.1,31.4,-0.1021,0.8123,0.0691,-0.3366,0.4145,-0.1166,-0.0105,-0.0881
5.3,1.7,4.2,3.6,3.6,9.9,20.6,26.7,33.8,0.1367,0.5026,0.7096,-0.226,0.0381,0.2976,-0.1617,0.137
5.3,3.8,2.9,1.8,4.5,3.3,18.2,11.1,9.3,-0.0852,0.2562,-0.7144,0.2042,0.181,0.4833,0.2312,0.1992
5.3,4.3,3.5,4.4,2.8,16.1,5.9,26.4,16.9,-0.2548,0.4929,-0.1402,0.521,-0.447,0.2177,0.2903,-0.2132
5.3,4.6,1.3,4.2,3.0,14.2,17.1,11.0,35.2,-0.143,0.3316,0.2597,-0.5335,-0.4807,-0.2143,-0.4371,-0.1613
5.3,3.0,2.7,3.0,2.3,7.1,20.5,29.4,23.7,-0.6571,0.5937,0.1286,-0.1296,0.2274,0.0492,-0.2006,-0.2659
5.3,4.5,1.2,1.9,2.3,7.0,6.6,40.5,41.9,0.1228,0.889,0.0818,0.1127,0.0761,0.1179,-0.3689,0.0308
5.3,3.1,1.3,1.7,2.7,2.1,7.4,12.0,17.8,-0.1336,0.6591,0.4123,0.3433,-0.1332,-0.3316,0.1542,0.2945
5.3,1.2,3.1,1.6,1.7,3.6,15.2,42.7,6.6,0.1333,0.3328,-0.3301,-0.1061,-0.4169,0.0257,-0.737,-0.109
5.3,4.8,1.7,4.6,2.3,19.3,4.4,19.7,5.8,-0.0374,0.1599,-0.3407,0.1389,0.3319,-0.1393,-0.1291,0.8207
5.3,1.3,1.8,2.4,1.6,2.1,7.2,9.1,28.7,-0.0501,0.0053,0.1683,-0.1279,-0.2923,-0.0343,-0.8905,0.2367
5.3,1.0,4.0,3.4,3.3,2.4,13.2,23.1,15.3,0.3418,0.2115,-0.2359,0.0561,0.3818,-0.6819,0.3571,-0.0222
5.3,2.8,4.4,2.8,4.0,12.3,8.1,16.6,23.7,0.6054,-0.052,-0.0081,0.0161,0.0044,0.0102,-0.1221,-0.7257
5.3,1.2,1.0,3.2,1.7,13.7,9.0,17.7,27.6,0.2824,0.18,-0.0276,0.0531,0.034,-0.0524,-0.4669,0.7971
5.3,4.3,3.8,2.2,3.2,18.3,11.3,23.4,10.8,0.0563,0.538,-0.2441,-0.1123,0.3411,0.0155,0.7016,0.0875
5.3,1.7,4.7,2.4,4.9,4.5,8.9,34.8,8.3,-0.5489,0.1511,-0.0945,-0.1105,-0.026,-0.1044,-0.1768,-0.7675
5.3,3.7,3.9,1.2,4.6,20.4,5.2,28.0,27.5,0.2781,0.0054,0.4053,-0.499,0.3918,0.3827,0.1485,0.3717
5.3,3.6,2.0,2.8,3.5,6.3,6.0,32.6,32.1,-0.4897,0.7216,-0.1358,-0.2305,-0.0432,-0.1996,-0.2384,-0.2368
5.3,3.9,2.7,2.4,4.9,17.0,16.6,22.5,20.9,0.2542,0.4271,0.1558,0.475,-0.2277,-0.435,0.2307,0.438
5.3,1.9,3.0,3.1,1.8,11.6,2.1,6.1,5.1,0.4777,0.719,-0.1975,-0.2485,-0.3508,-0.0882,-0.0301,-0.1082
5.3,5.0,1.1,1.6,3.8,13.4,17.6,11.8,18.3,0.5466,0.4413,-0.2398,0.5468,0.0665,0.268,-0.055,-0.2357
5.3,2.5,3.5,3.4,1.7,10.1,6.3,37.0,13.7,0.237,0.8891,-0.1395,-0.0191,-0.1501,-0.0214,0.274,-0.098
5.3,2.9,3.1,1.5,4.9,6.5,11.9,35.4,19.3,-0.2748,0.6225,0.3934,0.1496,0.1968,0.1924,-0.365,-0.3467
5.3,3.2,3.4,3.3,1.0,13.8,9.9,11.2,6.8,0.4083,-0.2009,0.055,-0.2016,-0.0725,-0.1212,-0.4231,-0.7236
5.3,1.1,3.7,2.4,2.3,5.4,19.4,8.3,5.1,0.256,0.0238,-0.4047,-0.0608,-0.3993,0.507,-0.5329,0.2279
5.3,3.6,1.3,2.5,3.0,20.4,20.0,23.2,5.4,0.2963,0.438,-0.4209,-0.0965,0.53,-0.0144,0.4398,0.2096
5.3,4.0,1.7,2.4,2.1,20.1,10.3,4.4,16.5,0.3571,0.3798,-0.3809,-0.2579,-0.1875,0.5925,-0.0536,0.2852
5.3,2.1,3.9,2.6,3.5,6.7,3.8,36.5,28.4,-0.3774,0.69,-0.0383,-0.2812,-0.0073,-0.2792,-0.3389,-0.3023
5.3,5.0,4.1,4.9,4.9,9.3,4.3,12.8,27.2,-0.07,0.944,0.1594,0.2115,-0.0039,-0.1406,0.0038,0.0329
5.3,2.5,3.3,1.3,2.2,12.5,16.7,43.3,17.4,0.5339,0.6804,-0.3322,0.2892,-0.0038,0.1114,0.1088,-0.1321
5.3,4.3,1.0,1.2,4.1,8.2,9.3,30.9,34.2,0.3589,0.928,0.0164,-0.009,0.0039,-0.0015,-0.039,0.0144
5.3,2.5,4.7,3.9,4.8,13.6,6.5,9.3,7.8,0.6312,-0.0831,-0.2941,0.0909,0.0612,0.2356,-0.0985,-0.6377
5.3,1.7,4.0,2.5,1.3,4.2,18.0,34.2,31.0,-0.447,0.4133,0.3134,-0.169,0.425,-0.1074,-0.1362,-0.521
5.3,4.4,1.9,2.4,4.9,11.2,13.6,32.2,37.0,0.4611,0.6654,0.3436,-0.3889,-0.0225,0.1828,-0.0288,0.1447
5.3,1.9,1.8,2.2,1.3,9.8,6.6,5.0,37.3,0.0901,0.7235,0.1309,-0.4683,-0.2174,-0.3121,-0.0773,-0.1765
5.3,1.9,2.7,2.2,1.5,8.4,7.1,22.0,23.9,-0.3425,0.1469,0.0102,0.0169,0.0262,0.0238,-0.1735,-0.8327
5.3,2.7,4.9,2.8,1.7,13.8,10.0,14.2,42.0,0.1302,-0.0794,-0.0014,-0.232,-0.1565,-0.121,-0.7053,-0.5746
5.3,3.7,2.5,3.6,3.5,18.5,19.0,34.8,33.3,-0.1697,0.4481,0.2265,-0.4215,0.3628,-0.3679,0.1593,-0.4763
5.3,2.3,2.8,4.4,4.8,20.8,10.7,32.7,36.0,-0.0793,0.3082,0.0923,-0.4752,0.4663,-0.0939,0.6231,-0.1338
5.3,3.6,2.9,4.6,2.7,21.5,17.6,41.2,39.0,0.1275,0.3988,-0.2978,-0.2783,-0.5085,-0.1044,-0.5247,-0.2849
5.3,1.4,3.0,1.5,1.0,8.7,4.0,6.4,7.7,-0.0117,0.986,-0.0012,0.0213,0.0347,-0.0031,0.0972,0.0041
5.3,3.7,4.2,1.7,4.0,18.3,9.6,22.6,10.7,-0.0671,0.5394,-0.1069,-0.0842,0.1832,0.0296,0.7787,0.1473
5.3,2.7,1.1,3.9,1.8,2.9,10.6,6.9,24.0,0.0422,0.1184,0.1371,0.2343,0.3187,0.015,-0.8885,-0.0799
5.3,1.9,1.4,3.1,2.2,19.9,7.9,15.0,25.0,0.0445,0.0806,0.0898,-0.1068,-0.1386,0.0782,-0.6592,0.6972
5.3,2.3,4.3,4.8,3.2,5.2,17.5,31.1,18.8,-0.3003,0.1911,0.3128,0.5497,-0.1445,0.3674,0.2116,-0.5033
5.3,1.4,1.5,4.6,2.5,6.5,2.3,4.8,15.7,-0.1923,0.0623,-0.0727,-0.2072,0.2088,0.5835,-0.6522,0.2847
5.3,4.1,2.7,2.7,3.6,10.4,5.0,5.6,19.2,0.1277,0.8178,0.0177,0.3859,0.289,0.2224,-0.1058,-0.0964
5.3,4.7,2.6,3.7,1.1,8.9,15.4,19.1,31.6,-0.2129,0.9632,0.0056,0.0801,-0.003,-0.0797,0.0713,0.0233
5.3,1.5,3.8,3.4,1.3,18.8,2.3,19.7,34.6,-0.1917,0.4179,0.0847,-0.3808,-0.072,0.3796,0.4035,0.552
5.3,2.1,2.4,3.1,1.9,12.2,2.7,7.4,23.3,0.507,0.6628,0.2159,0.2765,0.3947,-0.0242,-0.0608,-0.0749
5.3,4.2,1.4,2.5,4.2,5.6,5.2,38.1,5.8,-0.0766,0.67,-0.3213,0.2672,-0.3404,0.2677,-0.2762,-0.3013
5.3,3.3,4.6,1.4,3.2,17.7,6.6,34.6,41.8,0.565,-0.1022,-0.1538,0.3087,-0.1168,-0.1726,0.2491,0.5748
5.3,3.8,3.4,2.7,1.0,20.1,8.5,41.3,33.6,-0.1759,0.552,-0.0055,-0.0035,0.0265,0.0201,-0.7568,-0.2425
5.3,2.0,3.9,4.5,2.7,13.6,9.0,5.9,34.0,-0.4588,0.3399,0.3283,0.4245,-0.0169,-0.3177,-0.0014,0.4633
5.3,1.6,2.0,3.5,4.7,9.4,10.1,18.9,22.0,0.012,0.7406,-0.0724,0.4043,0.163,0.3448,-0.0757,-0.2163
5.3,3.6,2.8,2.8,2.1,5.8,7.5,5.5,27.9,0.1197,0.3774,0.0673,0.0416,-0.1179,-0.0809,-0.8446,0.3022
5.3,1.2,2.7,1.4,2.5,7.7,12.5,27.6,9.8,-0.3507,0.7991,-0.2632,0.0624,-0.0593,-0.0609,-0.3253,-0.1667
5.3,1.1,3.2,4.6,3.5,17.2,12.4,32.4,22.2,0.0241,0.1743,0.258,0.4714,-0.3787,0.3312,0.4833,-0.4105
5.3,4.0,2.9,1.2,2.2,3.7,12.0,6.1,19.9,0.2196,0.0955,0.1873,0.411,0.3344,0.2416,-0.6012,-0.4212
5.3,2.1,4.5,3.6,2.3,2.2,17.2,38.8,14.9,-0.0014,0.4481,-0.1684,0.4138,-0.1667,0.415,-0.4262,-0.441
5.3,2.5,1.0,4.6,1.9,16.7,15.4,29.5,23.9,0.1102,-0.2136,0.2551,0.0315,-0.2057,0.6683,0.5782,0.1272
5.3,4.5,1.0,1.5,2.5,5.5,11.2,25.8,12.0,-0.0375,0.0726,-0.2728,-0.1359,0.0136,-0.3273,-0.0323,-0.8607
5.3,4.3,1.2,4.8,3.1,19.8,3.6,34.0,14.5,-0.483,0.2433,-0.1731,0.3886,-0.2665,0.3204,0.0681,-0.5757
5.3,4.9,1.2,1.6,4.8,20.4,7.8,32.2,26.5,-0.0149,0.2074,0.0885,-0.3558,0.4575,-0.0703,0.7022,-0.2379
5.3,4.0,4.7,4.5,3.4,15.6,19.7,19.6,44.0,0.2132,0.4285,-0.4386,-0.0666,0.4393,0.0669,-0.1848,0.5652
5.3,4.3,1.2,2.9,3.7,16.6,7.8,4.1,38.2,0.409,0.8508,-0.1417,-0.0639,-0.245,-0.0027,-0.0485,-0.0246
5.3,4.9,3.9,3.2,1.4,19.1,17.4,6.2,7.7,0.1268,0.169,-0.3256,0.1317,-0.4039,0.2124,-0.566,-0.5379
5.3,1.9,3.5,1.8,1.6,15.9,18.6,29.0,42.3,0.4804,0.326,-0.3996,-0.2509,0.5136,-0.1804,0.3407,0.002
5.3,1.2,1.4,4.1,2.7,7.2,8.5,19.0,27.2,-0.5493,0.6103,0.0036,0.0036,-0.0035,-0.0036,0.4154,0.3756
5.3,4.1,3.7,4.0,1.2,12.1,15.7,30.2,26.5,0.6115,0.5437,0.2343,0.247,-0.3886,0.0735,-0.0263,0.1732
5.3,4.3,3.3,4.8,2.5,18.9,2.2,17.4,38.3,-0.3626,0.2053,-0.1617,-0.2387,0.3676,0.5834,-0.4101,0.107
5.3,1.3,2.9,2.1,3.1,11.4,4.4,27.4,6.3,0.5398,0.6708,-0.2372,-0.2609,0.2297,-0.2571,0.0372,-0.0491
5.3,2.1,3.4,4.4,5.0,8.7,10.3,15.6,12.9,-0.2677,0.8246,-0.1741,-0.3431,-0.0079,0.2627,0.0206,0.1188
5.3,3.9,3.3,4.3,2.4,6.2,10.6,29.4,34.7,-0.3817,0.2996,0.2052,-0.4972,0.4443,-0.2088,0.3028,-0.3131
5.3,1.2,4.4,3.4,3.0,19.6,9.3,9.6,15.7,-0.3772,0.7928,-0.3964,-0.0941,0.0843,0.0728,0.1204,0.1114
5.3,1.9,3.4,1.1,2.2,16.7,9.7,16.5,22.5,0.0721,0.4443,0.0811,0.0739,0.1528,-0.0136,-0.8355,0.0577
5.3,3.4,3.2,2.5,1.2,15.2,8.9,23.8,35.7,0.1505,0.3208,-0.0464,0.2234,-0.1893,0.192,0.547,-0.5532
5.3,4.7,3.3,4.9,3.0,8.9,21.6,31.0,15.7,-0.1143,0.8876,-0.3955,-0.0936,-0.0565,-0.0574,-0.0719,-0.038
5.3,2.9,2.1,4.6,3.2,7.6,11.6,40.8,38.7,-0.1338,-0.0363,-0.0453,-0.1011,-0.0686,0.0792,-0.5291,0.7687
5.3,3.0,4.1,4.5,2.2,19.5,5.7,11.0,26.5,-0.1298,-0.15,0.2106,-0.0637,-0.2789,-0.0872,-0.8307,0.3419
5.3,4.9,4.9,3.2,2.7,7.9,16.2,40.2,26.1,0.0657,0.9155,0.0037,-0.005,0.0042,-0.0052,-0.3655,0.0338
5.3,3.2,1.5,3.0,4.6,5.5,7.3,34.8,29.8,-0.5652,0.5634,-0.0987,-0.2269,-0.0293,-0.2044,-0.297,-0.3914
5.3,4.1,2.1,3.7,2.9,12.6,3.1,28.6,15.8,-0.1281,0.2008,-0.369,0.5177,-0.4557,-0.3208,0.3767,0.2489
5.3,4.9,3.9,1.3,2.2,20.6,20.4,18.4,35.2,0.0419,0.5198,-0.2394,-0.4317,0.1217,0.4615,0.1917,0.4396
5.3,2.3,4.3,2.8,1.5,19.4,4.4,19.3,5.6,0.2984,0.2376,-0.3324,0.1365,0.3324,-0.1362,-0.1508,0.7459
5.3,4.1,1.9,3.8,2.4,10.4,17.1,16.8,10.5,0.4314,0.7663,-0.2453,-0.2232,0.0344,0.2606,0.1418,-0.0018
5.3,3.2,4.4,4.1,4.6,14.2,13.3,42.0,11.3,0.316,0.4646,-0.3521,-0.1254,-0.5585,0.1567,-0.4181,-0.0879
5.3,2.8,2.0,2.2,1.4,11.2,6.9,5.5,10.0,0.6026,0.7614,-0.0865,-0.1033,-0.0778,0.122,0.0678,-0.048
5.3,1.7,2.9,2.2,3.6,6.4,8.5,43.5,22.9,0.0284,0.3175,-0.0028,0.0181,0.0287,-0.0042,-0.9222,0.09
5.3,2.4,2.7,4.5,2.4,2.1,18.2,31.6,42.1,-0.3165,-0.0405,-0.243,-0.1167,-0.351,-0.4863,0.5038,-0.4264
5.3,1.6,4.3,2.4,2.3,5.5,20.4,17.6,6.9,-0.2467,0.4634,-0.3782,0.1802,0.4411,-0.1686,0.183,0.5276
5.3,3.8,3.2,2.2,3.2,14.1,9.8,19.5,37.1,0.3684,0.8782,0.0914,-0.0524,-0.1282,0.0584,-0.1852,0.0941
5.3,2.5,1.8,4.9,3.4,3.6,7.9,28.9,27.6,-0.377,-0.2693,0.0464,-0.0853,0.0751,-0.0452,0.5253,-0.684
5.3,1.5,1.5,3.9,2.9,5.9,7.3,41.3,31.3,-0.017,0.3269,-0.0583,0.0765,-0.0349,-0.2496,-0.8835,0.0422
5.3,2.6,4.1,2.4,1.9,18.4,5.4,36.1,16.7,-0.2945,0.6161,0.2032,0.3424,0.1286,0.3388,-0.2879,-0.3744
5.3,3.9,1.7,1.1,2.5,17.4,20.3,36.9,4.5,0.5107,0.232,-0.4511,-0.2106,-0.1159,-0.5412,-0.2133,-0.2273
5.3,1.5,2.5,3.9,3.7,11.3,13.1,23.4,32.7,0.3936,0.4063,0.3071,0.1684,-0.5132,0.4349,0.2484,-0.0535
5.3,4.5,1.0,2.6,4.4,16.3,2.8,26.3,19.3,0.1616,0.5172,0.0876,0.5105,-0.4455,-0.2048,0.3976,0.1555
5.3,3.4,4.2,3.2,3.2,18.5,15.3,5.9,27.1,0.2728,0.2751,0.3887,0.0784,0.5334,-0.1496,-0.594,-0.1285
5.3,2.3,2.7,1.7,4.8,7.1,9.7,28.9,12.4,-0.2497,0.8964,-0.1882,0.0109,-0.0664,-0.0224,-0.2625,-0.0913
5.3,3.0,1.0,1.2,2.7,20.0,14.4,41.7,12.0,0.5039,0.5894,-0.2704,0.1705,-0.3288,0.2545,-0.315,0.0499
5.3,4.3,3.2,4.8,3.0,16.2,5.9,13.3,21.7,0.3293,-0.1784,0.3611,-0.0891,-0.1482,-0.3819,-0.3233,-0.6326
5.3,2.5,1.5,2.0,3.4,17.2,19.5,40.2,17.0,0.44,0.383,-0.0528,0.4314,-0.1287,0.5112,-0.2105,-0.3326
5.3,2.4,2.9,2.7,1.7,7.2,10.7,11.8,6.2,-0.6349,0.6699,-0.1164,-0.0242,0.0244,0.0281,0.2471,0.2434
5.3,3.7,1.6,3.8,3.5,19.8,18.6,24.4,19.7,0.1142,0.4692,0.1314,0.442,-0.4651,-0.1744,0.5104,0.1696
5.3,4.2,1.4,4.7,3.3,7.4,14.7,11.2,10.0,-0.6843,0.675,-0.0513,0.0602,0.0825,-0.0072,0.1571,0.1684
5.3,2.5,2.4,4.5,3.9,2.5,20.9,36.5,20.5,-0.2494,0.5052,0.2604,0.3372,0.3759,0.3985,0.1064,-0.3972
5.3,2.8,4.3,4.7,3.6,9.3,21.3,26.3,43.2,-0.028,0.9489,-0.0094,-0.2135,0.1778,-0.0566,0.0356,-0.0106
5.3,1.5,2.7,2.3,3.3,12.5,10.1,6.1,35.6,0.2736,0.871,0.3558,-0.0974,-0.0254,-0.0337,0.0813,-0.0184
5.3,1.8,2.1,1.2,2.2,8.7,11.8,23.8,31.3,0.1833,0.966,0.034,-0.0252,0.0006,0.0095,-0.1137,0.017
5.3,3.1,4.5,4.1,3.0,17.8,4.4,42.5,42.1,0.5247,-0.0061,-0.2428,0.0852,-0.3662,0.3513,-0.2481,-0.543
5.3,3.8,1.5,2.9,4.9,13.9,3.8,41.1,20.9,0.2075,0.673,0.2084,0.385,0.2937,0.3444,-0.2025,-0.2273
5.3,3.3,3.1,3.5,4.3,10.7,20.6,27.1,33.2,0.2381,0.4556,0.7058,-0.2546,0.0536,0.2958,-0.1509,0.1697
5.3,3.0,2.1,1.1,4.7,21.6,6.6,40.2,42.1,0.5526,0.6987,-0.217,0.1428,-0.2436,0.1535,0.0689,-0.1627
5.3,1.3,1.1,2.7,2.8,7.5,10.7,29.8,20.1,-0.6189,0.2621,0.2848,0.242,0.04,0.1917,-0.1284,-0.5649
5.3,4.9,1.8,4.0,4.0,7.3,9.6,18.1,22.1,-0.3728,0.8942,0.0378,0.0088,-0.0145,-0.0075,0.2086,0.0884
5.3,2.6,1.7,2.5,1.6,6.4,6.7,24.2,6.2,0.0555,0.1734,-0.037,-0.1152,-0.1557,-0.2549,0.7651,-0.4982
5.3,4.4,2.2,4.3,1.5,9.3,14.1,10.6,33.5,-0.1308,0.8863,0.1397,0.3281,0.0631,-0.2102,-0.0145,0.0684
5.3,1.6,1.2,3.8,3.3,21.0,19.4,7.2,21.4,0.218,0.4346,0.2391,0.3894,0.5414,0.0311,-0.4885,-0.0821
5.3,1.3,2.6,1.7,4.8,2.6,13.3,21.4,22.3,0.0098,0.3383,0.2262,0.3824,-0.2989,-0.3787,0.2242,0.6003
5.3,3.6,1.7,3.8,4.2,21.6,2.1,25.2,30.9,-0.1887,-0.1213,0.1755,0.0243,0.2397,0.6718,0.5391,-0.2832
5.3,1.6,4.0,1.9,1.3,16.0,12.2,17.6,5.6,0.4599,0.395,-0.0264,-0.1452,-0.1355,0.2303,-0.4317,0.5814
5.3,1.8,3.7,4.2,3.8,11.6,17.3,31.3,5.8,0.3751,0.4844,-0.3688,-0.4205,0.384,-0.35,0.1124,-0.0957
5.3,1.7,1.3,1.0,3.7,10.2,21.5,43.9,36.8,0.6049,0.7535,0.1601,-0.1551,0.0221,-0.0453,0.0342,-0.0417
5.3,4.8,1.9,4.8,4.7,16.2,11.0,23.2,6.4,0.0938,0.3279,-0.2172,-0.384,0.3697,0.3038,0.4725,0.4688
5.3,2.7,2.3,3.5,4.3,19.2,6.0,5.1,32.6,0.0214,0.2264,-0.1625,-0.0356,-0.0512,-0.5201,-0.7881,-0.0361
5.3,2.8,2.8,1.2,3.3,8.1,7.0,35.1,32.5,0.3077,0.9436,-0.0402,0.0077,-0.0206,0.0008,-0.065,0.0198
5.3,3.4,3.5,1.9,3.1,2.8,11.0,9.1,27.0,0.0201,0.0486,0.1722,0.2312,0.1789,-0.2163,-0.5755,0.6951
5.3,4.0,2.5,2.0,2.8,19.5,5.6,42.2,18.3,0.1521,0.7237,0.1198,0.2634,0.4529,0.0108,-0.3802,0.0014
5.3,1.9,2.8,1.0,4.3,10.4,14.5,31.6,42.7,0.6698,0.6041,0.0737,-0.3474,0.0399,0.1756,0.0182,0.0838
5.3,1.3,1.3,4.0,1.7,9.1,19.6,27.2,36.7,-0.2694,0.8464,0.4073,-0.0592,-0.0404,0.079,-0.0788,0.0035
5.3,3.4,3.8,2.8,5.0,3.4,19.4,36.5,33.8,-0.1117,0.489,-0.0246,-0.4962,0.1186,-0.4785,-0.0021,-0.4876
5.3,4.3,4.3,4.2,3.2,13.7,15.7,25.3,36.0,0.1435,0.4472,0.3381,-0.5681,0.1503,0.394,0.1069,0.3573
5.3,1.4,1.2,3.5,2.4,10.1,10.7,10.7,33.0,-0.0295,0.5438,0.6257,0.348,0.0098,-0.3188,0.0935,0.2083
5.3,4.4,4.9,1.1,4.1,15.0,13.0,42.0,16.4,0.6961,0.6525,-0.0981,0.0741,-0.1415,0.1435,-0.075,0.0548
5.3,3.0,1.5,1.4,4.1,21.9,7.1,41.3,32.1,0.0935,0.659,-0.2464,-0.1359,-0.2285,-0.1569,-0.6056,-0.0364
5.3,2.6,2.4,2.9,3.0,14.1,5.9,39.9,16.8,0.0878,0.2751,0.2294,0.0888,0.1032,0.6144,-0.6056,0.041
5.3,3.7,3.3,4.6,4.2,20.3,4.3,4.1,18.8,0.0287,0.7032,0.1929,0.3145,0.3989,0.23,-0.3207,-0.2011
5.3,2.1,4.1,4.0,4.2,13.4,7.6,7.1,17.1,-0.2396,0.9443,0.1004,0.0856,-0.0372,-0.0622,0.0478,0.0257
5.3,4.6,1.9,3.3,3.6,11.1,21.8,30.2,32.7,0.4302,0.4228,0.6684,-0.1836,0.0485,0.2462,-0.1437,0.1945
5.3,4.3,1.1,4.2,4.4,11.0,10.1,37.4,34.9,0.0651,0.9089,0.2091,-0.0377,0.2848,-0.015,0.124,-0.0731
5.3,4.9,4.6,4.0,4.4,16.0,12.6,34.6,4.5,0.1708,0.2861,-0.2341,-0.4026,0.3476,-0.3694,0.4055,-0.4784
5.3,4.5,1.3,3.4,3.8,8.6,7.6,32.0,30.8,-0.0689,0.9879,0.0663,0.0356,0.025,0.0255,-0.0366,-0.0059
5.3,3.1,2.3,3.8,2.6,4.3,2.6,34.6,11.4,-0.5129,0.3358,-0.1809,0.2938,-0.2268,0.274,-0.1454,-0.586
5.3,4.8,1.4,1.9,3.0,15.0,9.2,33.6,14.0,-0.5331,0.4007,-0.189,-0.1241,-0.0706,-0.1272,-0.3277,-0.5578
5.3,4.1,3.5,1.5,3.1,5.4,17.8,43.8,16.1,-0.0081,0.6771,-0.0631,0.2947,0.59,-0.0212,-0.2567,0.0713
5.3,3.7,3.0,4.5,3.8,3.9,19.9,34.5,12.9,-0.4894,0.3668,-0.1646,0.3653,-0.2403,0.3256,-0.0721,-0.5311
5.3,4.7,1.1,1.9,4.8,3.4,17.1,40.1,38.9,0.0162,0.6188,-0.3563,-0.1907,-0.3557,-0.2002,-0.4454,-0.2583
5.3,3.9,1.6,4.3,2.3,4.1,10.9,32.9,31.2,-0.649,0.3607,0.2865,-0.0493,0.4359,0.155,-0.0149,-0.3601
5.3,1.2,3.4,3.4,2.2,15.9,12.1,40.1,32.2,0.1034,0.5812,0.3647,-0.0036,0.4751,-0.08,-0.4567,-0.2162
5.3,1.3,3.3,1.4,2.2,21.6,18.3,22.1,38.9,0.234,0.3954,-0.2836,-0.394,0.3595,0.3325,0.3786,0.3807
5.3,3.2,2.3,3.9,1.7,10.6,14.8,19.5,13.8,0.1342,0.8011,-0.3304,-0.1605,0.3288,0.1602,-0.1392,0.1933
5.3,1.3,1.7,1.9,1.5,15.3,12.8,40.0,19.6,0.5599,0.5447,-0.2085,0.3474,-0.0884,0.285,0.1048,-0.3277
5.3,2.2,1.2,1.9,2.3,13.6,10.9,12.2,34.5,0.2772,0.7094,0.5266,-0.2682,-0.0214,-0.1342,0.125,-0.084
5.3,3.0,2.7,2.6,4.2,9.6,19.3,18.0,4.4,0.2157,0.9128,0.0201,-0.2089,-0.1411,0.2073,-0.0298,0.0588
5.3,2.4,1.6,2.2,2.1,17.9,14.1,12.8,42.7,0.3024,0.1698,-0.3975,-0.2293,-0.4236,0.4109,-0.4306,0.3279
5.3,3.8,1.4,3.6,3.3,20.5,10.9,26.8,38.8,0.0626,0.1397,-0.0689,-0.4429,0.4006,0.0732,0.7546,0.0927
5.3,3.7,2.7,4.1,4.5,16.7,7.0,25.5,9.9,0.0475,-0.1343,-0.159,0.0077,-0.17,-0.3593,0.7606,0.4374
5.3,3.6,3.2,2.4,1.5,19.0,9.1,31.8,41.5,0.008,-0.0071,-0.0052,-0.094,0.0927,-0.0019,0.9642,-0.0163
5.3,3.2,3.6,3.1,4.9,12.6,13.2,17.8,19.3,0.1518,0.7257,-0.02,0.2696,0.4075,-0.1576,-0.3857,0.1499
5.3,1.0,4.6,2.1,2.0,21.2,5.4,6.8,8.1,0.1401,-0.1667,0.0177,0.0718,0.0238,0.4423,-0.7489,-0.4143
5.3,4.0,3.2,1.4,4.5,6.6,3.0,30.6,26.3,-0.0687,0.8384,0.0329,-0.33,0.3995,-0.0327,-0.059,-0.0335
5.3,3.3,1.5,2.4,1.9,19.8,10.9,5.6,21.8,0.2229,0.017,0.0818,0.3803,0.2282,0.2652,-0.5242,-0.6136
5.3,2.3,2.1,1.3,4.1,14.8,17.6,14.5,8.4,0.2978,0.3977,-0.6352,-0.1728,0.129,0.4298,0.1605,0.2788
5.3,2.9,3.1,2.5,2.0,12.3,16.5,30.1,7.2,0.554,0.5181,-0.3012,-0.2963,0.4399,-0.1195,0.1444,0.036
5.3,3.7,4.7,3.9,1.5,9.4,16.9,5.8,13.8,-0.0181,0.955,-0.0356,-0.1468,-0.2024,-0.0736,-0.0505,-0.0185
5.3,1.2,1.9,1.7,3.1,22.0,6.7,6.9,29.5,-0.1018,0.0666,0.2088,-0.0862,-0.5036,-0.4185,-0.6848,-0.0786
5.3,3.1,4.0,1.7,2.5,4.6,17.7,43.7,27.9,0.3293,0.1732,0.2245,-0.1328,0.2505,-0.4798,-0.5453,0.4017
5.3,4.8,3.9,4.5,2.9,14.1,8.6,27.2,38.3,0.6842,0.6393,0.1673,-0.0465,-0.0158,0.0335,-0.1524,0.1819
5.3,1.0,1.2,4.9,4.2,17.5,19.7,23.7,19.1,-0.1922,0.5736,-0.0394,0.4097,-0.3475,-0.3414,0.3236,0.3276
5.3,3.5,4.6,4.5,2.6,15.0,16.5,40.2,17.6,-0.116,0.4561,-0.294,0.4722,0.1283,0.4979,0.0428,-0.4041
5.3,2.8,4.7,3.0,4.1,10.6,10.7,35.9,31.8,-0.0775,0.7929,0.4847,0.057,0.1491,0.1354,-0.2076,-0.1263
5.3,3.3,1.3,2.3,3.0,22.0,7.4,13.2,5.2,-0.0962,0.1695,-0.2446,0.2385,0.4925,0.0127,-0.6919,0.3017
5.3,3.6,4.0,3.5,1.5,14.4,15.7,32.5,37.7,0.012,0.5484,-0.0083,-0.4708,0.4904,-0.0288,0.4557,-0.0247
5.3,1.5,4.4,1.7,4.4,9.4,5.7,4.1,9.9,0.3235,0.9309,-0.0114,-0.0217,-0.0854,0.0292,0.0165,-0.0016
5.3,3.5,2.6,1.9,3.1,17.0,5.8,31.3,17.5,-0.0116,0.5048,0.2032,0.5204,-0.1552,0.4554,0.1038,-0.4111
5.3,2.0,1.1,1.4,1.3,4.1,5.7,6.4,42.4,0.521,0.0754,-0.3312,0.0958,-0.3555,0.5698,-0.3411,-0.0518
5.3,3.8,3.3,4.6,4.9,11.3,2.7,17.9,33.7,-0.0929,0.5903,0.2849,-0.3282,-0.4369,0.2626,-0.2715,0.3186
5.3,3.2,4.6,3.8,1.5,5.8,8.0,19.0,5.6,-0.5485,0.5559,-0.0002,0.0004,0.0002,-0.0003,0.4387,0.4332
5.3,4.8,2.9,4.0,1.9,5.4,2.5,10.7,12.4,-0.6583,0.0775,-0.2384,0.1699,0.3291,-0.0455,-0.065,0.5917
5.3,2.1,1.5,3.1,2.3,13.6,13.3,34.6,27.4,-0.0907,0.2852,0.0972,0.2952,0.3134,0.4933,0.4787,-0.4527
5.3,4.2,4.9,2.0,1.1,9.7,2.2,11.6,21.4,0.2317,0.9447,0.0302,0.157,0.138,0.0288,-0.0144,-0.0056
5.3,3.2,1.7,2.1,2.6,21.5,16.4,4.5,25.9,0.221,0.4503,0.371,-0.0259,0.4643,-0.1401,-0.591,-0.1068
5.3,3.8,3.3,4.5,3.9,11.3,3.1,44.0,30.4,0.5226,0.1771,0.5386,0.1898,0.19,-0.5129,0.0423,-0.1658
5.3,1.7,1.3,1.4,1.4,7.3,11.5,23.5,12.4,-0.0198,0.0463,-0.1638,-0.0967,0.0352,-0.2161,0.073,-0.9168
5.3,4.3,1.1,4.5,4.5,9.6,14.1,33.5,39.5,-0.0351,0.8745,0.0439,-0.3002,0.3332,-0.0131,0.1224,-0.0164
5.3,4.6,2.1,4.5,4.4,7.5,17.7,23.9,10.8,-0.61,0.0963,-0.0248,-0.0062,-0.0465,-0.0591,-0.0822,-0.7462
5.3,5.0,2.8,3.4,2.4,20.1,20.0,16.7,32.4,-0.379,0.3158,0.2103,-0.3856,-0.3032,0.3479,-0.0575,0.5727
5.3,2.5,4.1,2.8,2.8,12.2,2.5,13.2,21.9,0.3631,0.6764,0.2507,0.3801,0.2807,-0.2917,-0.1079,0.117
5.3,3.7,2.2,3.2,4.8,12.1,14.7,44.0,31.8,0.2541,0.3158,0.6081,0.269,0.0938,-0.5221,0.0835,0.2405
5.3,3.6,3.4,2.1,2.8,2.7,17.0,43.9,42.3,0.2699,0.3354,-0.3514,-0.1482,-0.4823,0.1435,-0.6197,0.0586
5.3,4.1,4.7,1.2,3.5,2.3,14.7,19.2,18.4,0.5204,0.494,-0.0179,0.3237,0.1532,-0.3777,-0.152,0.4189
5.3,4.5,3.7,2.5,2.7,18.6,11.4,17.8,27.6,-0.202,0.105,0.4034,0.0635,0.008,-0.4603,0.2235,0.693
5.3,1.3,2.3,3.6,2.0,10.5,14.4,4.5,41.0,0.2828,0.7559,0.1431,-0.3986,-0.011,-0.3343,0.0342,-0.192
5.3,4.9,4.2,4.0,1.9,8.0,21.9,4.7,39.7,0.2215,0.6466,-0.0053,-0.0036,-0.0001,-0.0114,-0.6781,0.2386
5.3,4.6,3.6,3.8,2.2,3.6,19.4,31.3,16.7,-0.3495,0.3206,-0.0345,0.5547,-0.297,0.3612,0.2215,-0.4258
5.3,3.6,3.7,3.4,1.5,12.9,14.3,18.5,14.6,-0.0785,0.6178,-0.4363,-0.0297,0.5064,0.0495,-0.1698,0.3415
5.3,2.7,2.1,4.0,3.6,2.2,16.7,36.8,39.6,-0.1754,0.4199,-0.2569,-0.3737,-0.3167,-0.3946,-0.0162,-0.5506
5.3,2.1,4.2,3.5,1.2,9.7,17.8,43.3,20.2,-0.0327,0.9138,-0.1778,0.2652,0.0006,0.2075,0.006,-0.0605
5.3,1.1,2.7,2.9,1.3,13.6,17.9,28.9,7.7,0.3434,-0.1202,-0.2959,0.0483,0.3187,-0.5416,0.4863,0.3426
5.3,4.2,1.9,2.0,2.1,8.2,3.0,35.8,17.3,0.0658,0.9898,0.019,0.0009,0.0099,0.0017,-0.0854,0.005
5.3,4.5,2.0,1.9,2.1,5.9,13.9,4.8,35.6,0.0052,0.639,0.1024,-0.1342,-0.5721,-0.1814,-0.4061,0.0701
5.3,3.1,4.4,3.4,4.2,9.0,18.2,38.2,9.9,0.0624,0.9582,-0.0996,-0.1425,-0.0954,-0.1425,-0.0739,-0.0261
5.3,3.0,4.3,5.0,4.3,19.2,8.2,26.4,38.2,0.5332,-0.1383,0.113,-0.1051,0.0386,0.0864,0.2338,0.7366
5.3,3.6,1.4,1.6,2.3,8.3,9.9,5.0,34.9,-0.0977,0.9298,0.0417,-0.0942,-0.1391,-0.0221,0.265,0.0362
5.3,4.9,2.7,2.2,3.3,9.4,9.7,37.1,13.4,0.276,0.8963,-0.0009,-0.0968,0.2336,-0.0794,0.1322,-0.0454
5.3,4.0,3.0,3.0,4.2,8.6,7.9,23.4,25.2,-0.1895,0.9559,-0.0047,0.0313,-0.0136,0.0295,-0.1569,-0.0389
5.3,2.7,3.9,3.9,2.1,8.5,5.1,17.6,37.5,-0.2968,0.9289,0.0046,-0.0962,-0.0204,0.0915,0.1366,0.0544
5.3,4.0,2.8,3.8,4.7,5.3,13.4,43.3,12.4,-0.157,-0.121,-0.2478,0.0483,0.0635,0.6883,-0.3656,0.4872
5.3,5.0,3.9,1.6,1.3,10.5,8.1,36.1,39.5,0.4192,0.903,-0.0173,0.0043,-0.0049,0.0005,-0.0014,0.0004
5.3,4.4,3.0,2.6,2.6,18.0,6.7,8.4,18.8,0.1753,0.714,0.3064,0.4158,0.0688,-0.3589,-0.0341,0.1887
5.3,1.7,4.4,2.6,2.9,11.3,18.9,5.2,13.0,0.5799,0.5225,-0.2954,-0.01,-0.4587,0.2184,-0.1351,-0.1082
5.3,2.8,4.3,1.2,3.0,17.2,9.9,30.4,29.0,0.0952,0.1101,0.092,0.1441,-0.1271,0.1364,0.6478,-0.6656
5.3,2.2,2.7,1.0,1.3,14.1,20.1,27.4,4.3,0.5915,0.4783,-0.3243,-0.2695,0.4285,0.0276,0.2073,0.0549
5.3,3.8,4.0,3.3,3.2,2.4,15.7,35.0,12.3,-0.3158,0.5253,-0.3665,0.1965,-0.5136,0.127,0.0217,-0.3936
5.3,2.4,2.3,3.4,1.7,21.4,15.8,37.6,30.4,-0.2316,0.4177,0.3412,-0.2049,0.3419,-0.2052,-0.3305,-0.5677
5.3,1.3,3.9,4.8,2.9,19.0,20.5,7.5,28.3,0.0147,-0.1025,0.0881,0.0123,0.0339,-0.5352,-0.8061,-0.1597
5.3,1.7,3.5,3.9,2.8,11.5,2.3,11.7,7.0,0.5983,0.3499,-0.423,-0.2416,-0.2674,0.3981,0.0597,-0.1627
5.3,4.2,3.3,3.7,1.9,20.6,12.3,43.4,27.7,0.0751,0.2062,0.2343,0.1106,0.3613,-0.1012,-0.8431,-0.026
5.3,4.0,1.7,3.0,1.7,17.6,11.4,12.6,23.3,0.1476,0.1297,0.2635,0.3251,0.4492,-0.0928,-0.7297,0.1416
5.3,2.3,4.0,3.9,2.9,16.9,15.7,8.8,20.8,0.1763,0.3332,0.1815,0.5128,0.4998,0.0914,-0.5178,-0.1407
5.3,2.3,3.2,3.5,4.2,7.6,6.6,19.9,14.8,-0.2696,0.8901,0.0559,0.0446,-0.0548,-0.0446,0.3233,0.1036
5.3,2.7,2.8,3.0,3.6,2.6,6.3,37.1,7.9,0.0044,0.1322,-0.1751,0.2803,-0.1889,0.2796,0.014,-0.8587
5.3,1.1,2.6,1.0,4.4,9.0,20.4,38.3,31.9,0.4185,0.8999,-0.0383,0.0032,-0.0261,-0.0014,-0.0413,0.0169
5.3,1.8,3.0,4.1,3.6,15.1,3.4,10.9,6.4,0.4242,-0.0847,-0.4991,-0.08,-0.1786,0.6277,-0.158,-0.2979
5.3,2.5,4.3,2.7,1.3,18.7,6.8,26.7,20.9,0.7615,0.2078,0.3023,0.0387,0.0044,0.2622,-0.1077,0.3977
5.3,2.5,4.8,1.3,4.2,5.5,7.3,25.3,29.8,0.3017,0.4268,0.187,-0.1186,0.2991,-0.1178,0.4975,-0.5397
5.3,1.5,4.4,2.8,2.2,17.9,5.3,13.5,22.1,0.2252,-0.1091,0.395,-0.1868,-0.2238,-0.4964,-0.3476,-0.5255
5.3,4.0,1.8,4.5,1.2,21.9,10.3,28.9,18.7,-0.0682,0.0517,-0.0826,0.4095,-0.3593,0.0639,0.7844,-0.1805
5.3,2.5,4.9,3.9,2.9,17.5,21.4,15.2,17.0,-0.2972,0.4962,0.0487,0.5308,0.1769,-0.4207,-0.0896,0.3856
5.3,3.7,3.8,2.6,2.5,7.3,10.3,36.5,8.7,-0.2159,0.9376,-0.0541,0.0031,-0.0186,-0.006,-0.2398,-0.0563
5.3,1.1,4.1,2.9,4.1,8.5,19.1,39.5,20.5,-0.1119,0.9317,0.0623,-0.0172,0.0635,-0.0179,-0.3007,-0.0398
5.3,2.5,3.5,2.1,2.5,2.1,3.0,26.0,36.1,0.0176,0.5661,-0.0246,-0.4432,0.5166,-0.0371,0.4373,-0.0228
5.3,3.0,2.7,3.3,4.6,6.7,9.0,7.5,5.2,-0.1593,-0.069,-0.0177,-0.1433,-0.0698,0.1105,-0.4878,0.8198
5.3,4.1,2.6,1.8,1.8,19.9,7.1,26.9,41.0,0.7188,0.0442,-0.3627,0.1323,-0.0835,-0.2528,0.0029,0.4453
5.3,3.4,2.6,1.4,4.2,4.7,6.1,9.7,23.1,0.3263,0.2681,0.709,-0.2104,-0.2077,-0.402,0.1978,-0.0219
5.3,1.2,4.3,1.1,3.2,5.5,11.9,41.6,35.6,0.722,0.493,0.1085,-0.0789,0.1758,-0.2849,-0.0699,0.0827
5.3,3.2,1.0,4.7,1.4,21.2,3.5,22.7,10.2,-0.1486,0.2816,0.0145,0.1107,0.0802,-0.2065,0.7691,0.4768
5.3,1.5,3.9,3.4,3.3,5.9,12.4,6.7,5.6,0.0707,0.2324,-0.1515,-0.2046,-0.3172,0.0806,-0.8609,0.132
5.3,4.4,2.9,3.2,2.5,18.6,18.2,25.3,36.9,0.06,0.4402,-0.0155,-0.5199,0.4425,0.2227,0.4633,0.2181
5.3,4.3,2.7,2.0,1.8,7.3,21.2,10.5,23.3,-0.3123,0.8942,0.0501,-0.1341,-0.1597,-0.0224,0.196,0.076
5.3,3.3,1.9,2.1,4.6,10.3,5.4,40.2,11.2,0.4432,0.8556,-0.1715,-0.0045,-0.1733,-0.0026,-0.0105,-0.0285
5.3,3.4,1.6,1.9,2.3,2.3,21.2,24.9,11.0,0.2496,0.0086,-0.1018,0.2107,0.1009,-0.6864,0.6136,0.0399
5.3,3.6,1.3,3.0,2.5,17.3,15.9,20.6,34.1,0.193,0.4685,0.2601,-0.4067,-0.2812,0.4158,0.1309,0.4703
5.3,3.5,4.5,3.1,1.6,14.2,2.1,19.2,31.8,0.2129,0.3914,0.3952,-0.1176,-0.4162,0.1152,-0.25,0.6021
5.3,4.0,2.5,2.9,1.4,10.7,7.7,10.8,22.8,0.2844,0.9506,0.0623,0.0149,-0.0143,-0.0117,0.0069,-0.0013
5.3,4.8,1.1,2.9,4.4,2.2,14.5,37.6,37.6,-0.017,0.4002,-0.203,-0.4585,-0.056,-0.4666,-0.1109,-0.5766
5.3,2.4,4.2,3.5,2.2,7.4,15.2,4.8,33.7,-0.2908,-0.0879,0.0038,0.0477,-0.1518,-0.3233,-0.3341,0.7963
5.3,1.1,3.7,1.1,2.3,19.3,8.2,41.9,28.4,0.184,-0.1228,-0.0238,-0.0165,-0.0171,-0.0847,-0.591,-0.7344
5.3,4.0,4.3,2.4,2.3,7.6,8.2,5.1,14.8,0.0009,0.0124,-0.0014,-0.0023,0.0014,0.0027,-0.2092,0.9621
5.3,1.4,4.7,3.5,2.0,3.1,18.4,17.6,36.8,-0.17,0.4812,-0.0901,-0.4946,-0.0248,0.4764,-0.0091,0.4907
5.3,1.2,3.0,4.9,4.2,19.5,14.1,30.6,6.5,0.0222,-0.0833,-0.5479,-0.2448,0.314,-0.5808,0.3169,-0.2722
5.3,1.6,1.6,2.4,1.3,5.6,12.2,17.6,40.5,-0.3766,0.3202,-0.1687,-0.2016,0.2853,0.2414,0.2941,0.6588
5.3,1.5,2.6,4.7,2.5,2.1,12.8,41.5,30.5,0.1299,0.1439,0.2222,-0.0803,0.3989,-0.4261,-0.7096,-0.1642
5.3,1.4,1.1,2.4,1.1,13.1,13.0,30.7,23.6,0.409,0.3262,0.3754,0.2667,-0.5632,0.0739,0.3801,0.1312
5.3,1.9,1.4,3.8,3.4,6.7,2.2,16.4,39.7,-0.5706,0.4434,-0.2656,0.0035,0.4473,0.2151,0.0779,0.3654
5.3,1.7,2.1,4.3,4.0,10.3,8.4,22.2,12.1,0.2642,0.0026,0.0207,-0.0196,-0.0298,0.1632,0.0977,0.9074
5.3,3.0,4.8,4.4,1.1,17.5,11.4,4.4,29.7,-0.1566,0.2343,0.1441,0.1588,0.1912,0.1432,-0.6242,-0.6438
5.3,1.9,1.5,2.9,2.5,18.0,16.8,28.7,43.9,0.3206,-0.0257,-0.4636,-0.1236,0.4135,-0.5493,0.3883,-0.0792
5.3,2.2,2.0,4.6,2.7,8.3,20.5,38.3,17.2,-0.078,0.839,0.0046,-0.0172,-0.0676,-0.0012,-0.4963,-0.0312
5.3,2.1,1.4,3.8,1.2,11.1,21.7,35.4,21.7,-0.2635,0.4077,0.0065,0.196,0.1164,0.4052,0.5193,0.3264
5.3,4.1,3.4,2.7,4.1,2.8,20.0,13.1,15.4,-0.1547,0.4507,-0.0833,0.5172,0.4335,-0.3113,-0.2896,0.3419
5.3,4.6,3.1,3.5,3.6,17.0,12.3,32.1,17.7,-0.02,0.3744,-0.0453,0.5178,-0.4917,-0.0726,0.5577,0.0788
5.3,3.4,1.2,1.4,2.0,17.4,13.1,19.4,17.6,0.4954,0.6781,-0.1752,0.2523,0.1978,-0.26,-0.1364,0.2498
5.3,2.8,2.6,3.6,4.1,13.5,20.6,24.9,8.0,0.5558,0.4565,-0.333,-0.1743,0.512,-0.1438,0.1387,0.1513
5.3,2.9,3.5,1.1,1.0,5.8,19.1,38.4,23.6,0.0338,0.854,0.213,-0.12,0.2597,-0.1297,-0.3205,-0.0713
5.3,3.7,2.0,2.8,1.8,13.5,18.5,42.9,7.5,0.59,0.5321,-0.2893,-0.2187,-0.4135,-0.0575,-0.0348,-0.2123
5.3,4.3,2.1,2.1,3.8,3.1,19.4,17.6,22.9,-0.1871,0.1937,0.4122,-0.263,-0.4296,-0.654,0.1329,0.0638
5.3,2.5,1.7,1.3,1.6,8.6,10.3,27.8,27.2,0.2362,0.9654,0.0068,-0.0027,0.0007,-2.2382e-05,-0.0443,0.0098
5.3,3.3,4.1,1.7,2.1,4.4,17.2,34.8,5.3,-0.3436,0.3376,-0.402,0.2454,-0.3261,-0.4647,-0.2877,-0.3386
5.3,1.6,3.1,2.2,3.9,21.7,8.3,12.9,22.8,0.0596,-0.1546,0.0034,-0.0091,-0.0076,-0.0042,-0.9184,-0.2708
5.3,5.0,4.6,2.7,2.9,2.9,3.4,17.2,26.4,-0.2368,0.2785,0.328,-0.2608,-0.4483,0.2176,-0.1166,0.6427
5.3,1.5,1.7,2.7,4.0,14.8,7.4,33.4,9.9,-0.0228,0.1674,-0.1567,0.1899,-0.3389,0.0085,0.852,-0.1954
5.3,4.1,3.3,4.2,1.1,8.9,10.8,35.6,43.8,-0.3222,0.93,0.0434,-0.0822,0.023,0.0826,-0.0602,-0.0143
5.3,3.8,4.3,3.9,2.0,6.6,6.6,21.0,33.8,-0.2194,0.8029,-0.0438,-0.0435,0.0384,0.0453,0.5156,0.1432
5.3,3.4,2.6,4.9,2.7,17.9,2.1,38.5,28.0,-0.0135,0.1728,0.2661,-0.2249,0.295,-0.2349,-0.2386,-0.7894
5.3,4.1,2.7,3.3,3.0,5.1,4.9,27.7,25.7,-0.3766,-0.0449,0.2861,-0.0355,0.4286,0.2019,0.3944,-0.6072
5.3,2.2,1.2,4.3,2.7,12.9,15.8,35.2,35.6,-0.0766,0.557,0.2826,-0.3665,0.3757,-0.3273,0.2375,-0.3784
5.3,4.7,2.3,4.9,3.9,3.1,20.0,17.3,29.2,-0.4734,0.2751,0.2602,-0.2827,-0.3147,0.2539,0.0269,0.613
5.3,1.6,3.4,2.2,1.2,9.1,16.0,19.5,7.3,0.1795,0.9625,0.0264,-0.036,-0.0207,0.034,0.1394,-0.0265
5.3,3.2,2.5,3.4,2.3,21.8,17.7,15.6,31.3,-0.4354,0.3694,0.3078,-0.2804,-0.4088,0.2269,-0.0084,0.5142
5.3,2.4,2.6,3.5,1.8,20.2,20.3,10.5,19.0,0.0318,0.4161,0.1263,0.567,0.4251,-0.2435,-0.4162,0.2371
5.3,1.0,1.2,1.7,2.6,2.5,3.4,11.8,16.8,0.0216,0.5085,0.0077,0.4808,0.4623,-0.2469,-0.4049,0.2445
5.3,2.6,3.3,1.1,2.1,7.8,21.3,30.7,33.5,0.188,0.9357,-0.2008,-0.0786,-0.1072,-0.0928,-0.1,-0.0131
5.3,4.7,1.3,4.5,1.3,5.3,5.1,42.2,42.3,-0.0784,0.3928,0.0414,0.0264,-0.0312,0.1956,-0.8609,-0.1618
5.3,1.6,4.2,2.8,1.8,17.4,14.7,33.0,31.7,-0.4445,0.2806,0.3286,-0.0994,0.551,0.3378,0.0973,-0.3831
5.3,4.1,2.5,3.3,3.7,13.6,16.1,14.0,29.2,0.1729,-0.0268,0.6539,-0.1379,-0.1459,-0.6535,-0.0343,-0.1949
5.3,1.4,4.5,4.2,4.5,19.3,3.2,36.0,42.6,-0.1484,0.3937,-0.4112,-0.0508,-0.5147,-0.1119,0.4372,-0.3911
5.3,2.5,3.0,2.6,4.7,3.8,3.6,13.2,40.6,0.1287,0.2553,-0.7153,-0.2021,-0.0218,0.4992,0.0784,0.2853
5.3,4.0,2.9,1.3,3.1,6.2,7.9,26.9,39.9,0.1754,0.2301,-0.0301,0.2001,-0.1968,0.1721,0.5365,-0.6602
5.3,4.4,2.3,3.8,2.4,18.4,2.6,6.9,25.7,0.3247,-0.0553,0.2281,-0.1112,0.3266,-0.4408,-0.4828,-0.5214
5.3,3.4,4.5,1.8,3.1,9.5,8.5,37.3,29.7,0.3938,0.9137,-0.0063,0.0025,-0.0023,0.0007,-0.0055,0.0018
5.3,2.6,4.4,4.1,1.7,12.7,4.5,11.0,32.7,-0.1564,-0.0446,0.3325,-0.1085,-0.4389,-0.2793,-0.7406,0.0013
5.3,1.9,2.3,2.2,1.7,19.5,20.6,26.3,35.7,-0.1249,0.4561,0.1265,-0.4895,0.5513,0.0973,0.4169,0.0623
5.3,4.6,3.2,3.2,4.6,6.3,21.2,40.1,27.0,-0.0376,0.7485,-0.0361,-0.2054,-0.0204,-0.2159,-0.5641,-0.0829
5.3,1.6,4.7,4.8,2.7,19.9,9.9,7.1,4.0,0.013,0.0238,0.0189,-0.2455,-0.2126,-0.1023,-0.8098,-0.4625
5.3,3.5,1.7,4.6,2.5,12.0,14.1,10.1,36.5,-0.0407,0.4181,0.277,-0.5781,-0.3278,-0.3409,-0.2824,-0.2895
5.3,3.8,2.9,5.0,4.2,15.5,13.3,6.1,8.6,0.3073,0.2998,-0.3785,-0.2003,-0.5904,0.0531,-0.4572,-0.2435
5.3,4.9,1.5,3.6,2.9,3.2,9.5,8.9,13.0,-0.3577,-0.0063,-0.2581,-0.3407,-0.0982,0.2675,-0.208,0.7359
5.3,4.4,3.6,1.3,1.9,2.7,21.9,13.3,29.7,-0.1052,0.3921,0.214,-0.3682,-0.5305,0.2506,-0.2648,0.4638
5.3,3.2,4.7,4.6,4.6,2.9,2.1,40.9,18.9,-0.0061,0.6128,0.1633,0.3634,0.4092,0.2435,-0.3947,-0.255
5.3,4.8,2.2,1.8,4.0,12.8,8.0,38.9,16.7,0.1073,0.9358,0.1418,0.0222,0.127,0.0264,-0.2297,0.001
5.3,4.4,2.5,2.9,1.7,18.9,20.6,23.9,16.4,-0.1363,0.2051,-0.2145,0.0768,-0.4224,-0.6706,0.4643,0.0793
5.3,2.6,2.0,2.0,2.6,10.3,9.9,8.9,28.4,0.5764,0.7882,-0.1333,0.0923,-0.0226,0.0234,0.0301,-0.0313
5.3,2.1,3.7,4.3,4.7,12.0,16.7,15.9,16.2,-0.1997,0.5468,-0.2023,0.3827,0.5267,-0.0827,-0.4047,0.1056
5.3,3.3,3.9,2.6,1.7,18.5,5.0,18.5,26.9,0.1964,0.1892,0.2407,-0.1759,-0.2656,0.1737,-0.263,0.8025
5.3,3.4,3.0,1.8,3.2,7.2,14.4,42.1,11.9,0.2521,0.1292,-0.0853,0.05,-0.0358,0.3519,-0.3067,0.771
5.3,3.3,2.5,2.7,1.8,16.9,18.5,20.5,35.0,0.1544,0.4516,0.1853,-0.449,-0.2005,0.4565,0.148,0.4948
5.3,4.1,1.1,5.0,1.2,15.9,18.8,36.8,33.7,-0.2933,0.1516,0.2796,-0.252,0.2679,-0.2548,0.0986,-0.7596
5.3,4.2,1.6,1.6,2.9,13.2,19.1,18.0,30.0,-0.1307,0.244,0.1685,-0.2202,-0.5509,-0.2499,-0.5571,-0.2891
5.3,1.0,3.2,4.1,2.1,11.4,21.7,6.1,29.7,0.5029,0.0718,0.2267,-0.0448,0.372,-0.3559,-0.1293,-0.6105
5.3,3.3,4.8,1.6,2.1,18.2,3.2,36.0,35.8,0.0838,0.4877,-0.1363,-0.4815,0.0533,-0.4955,-0.0159,-0.4808
5.3,1.5,1.9,4.5,4.8,6.6,21.2,23.5,23.3,0.0407,0.4349,0.327,-0.1284,-0.4446,0.2113,0.5493,0.3454
5.3,1.3,4.2,3.0,1.0,15.4,20.1,41.7,32.0,0.1581,0.0324,0.1254,-0.2572,0.2054,-0.343,-0.6208,-0.5585
5.3,2.5,4.2,1.9,3.8,6.9,17.0,23.6,21.5,0.2986,0.6169,0.1375,0.0561,-0.2568,0.1187,0.5882,-0.2463
5.3,4.7,1.4,2.8,3.0,2.9,5.8,21.2,19.1,0.0292,0.7377,0.3154,0.229,-0.3384,-0.22,0.2917,0.2036
5.3,2.0,1.8,1.6,1.2,18.4,7.2,35.4,33.1,-0.1558,0.1198,-0.0171,-0.2787,0.0369,-0.2784,-0.0971,-0.8678
5.3,3.0,3.7,3.6,3.5,11.7,6.9,9.5,35.0,-0.3988,0.6483,-0.1725,-0.4322,-0.0425,0.3161,0.0385,0.2368
5.3,2.7,1.0,1.1,1.0,6.6,20.3,14.8,31.0,0.0142,0.9167,0.0279,-0.2302,-0.1239,0.2294,0.1503,0.0611
5.3,5.0,3.7,3.5,2.0,8.1,15.1,37.5,6.2,-0.2261,0.9569,0.0081,-0.0083,0.0092,-0.0082,-0.1498,-0.0355
5.3,2.6,2.5,3.1,3.7,5.7,16.6,19.2,28.4,-0.2423,0.6459,0.3036,-0.2362,-0.3129,0.2362,0.2975,0.3476
5.3,3.1,3.7,2.7,4.9,11.0,2.9,39.0,5.2,0.078,0.507,-0.1769,-0.1395,-0.278,-0.3863,0.138,0.1715
5.3,5.0,3.9,2.9,1.8,6.7,6.6,38.3,6.2,-0.3085,0.882,0.0252,0.0233,0.0235,0.0233,-0.3175,-0.1118
5.3,1.2,2.3,1.9,5.0,16.1,16.6,27.6,15.5,0.3067,0.4582,-0.4921,0.5029,-0.1176,-0.3062,-0.077,0.2637
5.3,1.1,3.6,4.0,1.1,10.9,7.9,30.2,21.3,0.6073,0.6869,0.04,-4.0152e-05,-0.0043,0.0111,-0.2309,0.2276
5.3,3.8,4.1,2.0,4.1,8.7,2.3,25.2,29.9,0.1119,0.9775,-0.0049,0.0684,-0.0796,0.0536,-0.068,0.0008
5.3,4.0,3.8,3.3,3.4,4.2,8.5,10.4,23.4,-0.1811,-0.1707,0.0014,0.0827,0.0524,-0.0481,-0.676,0.6702
5.3,4.9,3.3,2.5,4.1,20.3,13.1,35.3,24.8,-0.2141,0.2423,0.5608,0.1017,0.0451,0.4319,-0.2623,-0.5272
5.3,4.3,4.9,2.2,2.9,17.1,21.0,8.1,19.3,0.2402,0.611,0.1856,0.3916,0.4765,-0.0007,-0.3715,-0.0023
5.3,2.9,1.6,2.8,4.6,13.8,6.5,34.1,30.9,-0.0726,0.3272,0.2247,-0.3031,0.5109,-0.0672,0.6097,-0.2704
5.3,3.6,3.2,1.4,2.9,5.6,16.4,28.6,19.4,0.0418,0.2425,0.3131,0.4016,-0.0965,0.4326,0.141,-0.6573
5.3,4.7,3.4,1.5,3.5,16.1,19.6,27.2,24.1,0.5217,0.4993,0.3178,0.2178,-0.4372,0.1919,0.2763,-0.0918
5.3,1.8,1.2,1.4,1.5,16.8,10.4,5.9,6.1,0.689,-0.0866,0.0355,-0.258,-0.0449,-0.173,-0.1486,-0.6138
5.3,4.2,2.1,1.4,5.0,17.4,9.8,37.5,41.2,0.3884,0.5053,-0.0411,-0.1199,0.1877,-0.1435,0.5402,-0.4248
5.3,1.2,1.8,1.5,3.1,14.3,10.9,26.7,27.7,0.1457,0.1441,0.251,0.3203,-0.3952,-0.0778,0.744,0.1857
5.3,4.5,3.3,2.1,1.6,15.2,14.3,11.8,5.0,0.4395,0.197,-0.2715,-0.4811,-0.4346,-0.2033,-0.3794,-0.2678
5.3,1.4,3.4,4.3,5.0,13.5,21.8,16.5,6.2,0.0199,-0.0762,-0.4314,0.1111,0.2583,0.6618,-0.2726,-0.4227
5.3,4.7,4.9,4.9,4.5,15.3,5.7,19.9,18.0,-0.1156,0.8902,0.197,0.1974,-0.1898,-0.1967,0.1274,0.1048
5.3,3.6,1.9,3.7,3.8,21.7,4.4,26.5,18.6,0.0547,0.4531,0.0692,0.5236,-0.461,0.1743,0.4605,-0.1939
5.3,2.8,3.6,2.3,1.2,12.9,13.8,23.8,19.3,0.4919,0.7167,-0.2869,0.2657,0.0934,-0.1752,-0.0947,0.1691
5.3,4.8,4.0,5.0,1.9,18.9,21.5,14.1,30.5,-0.4102,-0.1236,0.2619,-0.1665,-0.3421,0.051,-0.4388,0.6233
5.3,3.0,2.7,4.9,4.0,4.8,12.0,15.0,15.0,-0.3833,0.3932,-0.2614,0.4191,0.4481,-0.2522,-0.2236,0.3564
5.3,1.9,4.2,4.3,1.6,21.3,2.1,11.2,40.7,-0.0601,-0.1895,-0.2461,-0.033,0.0098,0.6573,-0.6465,0.095
5.3,2.9,3.8,1.6,2.0,4.0,7.7,21.7,17.5,0.4576,0.6819,0.0964,-0.0453,-0.0476,-0.0384,0.3981,-0.2968
5.3,2.3,4.8,4.6,1.5,8.9,5.4,25.4,5.9,-0.4451,0.8818,0.0219,-0.0452,0.056,-0.0122,-0.0423,-0.0257
5.3,4.0,2.1,3.5,4.7,8.4,7.6,19.8,26.5,-0.0317,0.9867,0.0156,0.0069,-0.0137,-0.007,0.1251,0.0049
5.3,1.6,4.9,3.2,4.7,8.3,14.6,24.5,41.7,-0.3915,0.0536,-0.0569,-0.0308,0.0087,-0.0575,-0.0018,-0.8577
5.3,4.4,2.9,3.5,4.2,17.6,13.1,34.1,27.2,-0.2875,0.0298,0.4424,-0.142,0.3041,0.7155,0.0682,-0.215
5.3,2.3,3.6,1.3,3.7,8.2,16.9,6.8,34.5,0.0411,0.7958,-0.2578,-0.2949,0.1297,0.3127,0.179,0.1662
5.3,1.5,4.6,3.0,2.2,4.7,7.2,15.9,32.7,-0.6364,0.5444,-0.0627,-0.0846,0.0334,0.0765,0.3221,0.4001
5.3,2.9,2.0,3.9,3.0,12.1,2.6,9.4,12.3,0.3459,-0.1063,-0.5806,5.6485e-06,0.0012,0.6248,-0.1094,-0.3251
5.3,3.3,4.0,1.3,1.0,3.6,17.9,42.8,32.2,0.2889,0.4744,0.0681,-0.3535,0.1126,-0.4277,-0.5776,0.0215
5.3,3.8,4.4,3.9,2.1,15.4,8.5,26.5,43.0,0.4758,-0.1942,0.052,-0.0679,0.0278,0.0477,0.3351,0.7555
5.3,2.1,3.8,2.1,1.4,18.0,21.6,4.7,15.1,0.1555,0.086,0.127,0.2456,0.0097,0.5235,-0.7547,-0.165
5.3,1.9,1.3,3.1,2.0,5.0,7.6,12.1,4.4,-0.1702,-0.0558,-0.1879,0.1875,0.2885,-0.0851,-0.6373,0.6189
5.3,1.6,1.8,3.8,4.8,3.5,17.8,23.9,21.2,0.041,0.5436,0.2355,0.3301,-0.4318,-0.218,0.4567,0.2851
5.3,1.6,1.0,4.0,2.5,21.6,8.3,35.9,32.7,-0.609,0.4946,-0.0281,-0.0745,-0.0216,-0.0722,-0.3608,-0.4664
5.3,4.3,1.3,1.3,2.2,10.7,6.3,17.1,16.1,0.6893,0.6431,-0.231,0.1478,0.0283,0.0225,0.0788,-0.0885
5.3,3.8,4.1,1.1,2.2,7.8,10.6,30.3,24.8,0.27,0.955,0.0254,-0.0124,0.005,-0.0013,-0.0689,0.0183
5.3,4.5,1.6,1.6,2.1,18.5,11.6,15.0,32.7,-0.0548,0.4766,0.4542,-0.4875,-0.2644,-0.4002,0.1687,-0.144
5.3,4.4,2.6,4.0,3.7,19.3,8.7,21.4,43.8,-0.1764,0.1409,0.0199,-0.0422,0.083,0.1511,0.545,0.7673
5.3,4.5,3.3,3.7,4.2,4.9,18.2,16.5,18.5,-0.3704,0.4687,0.3768,0.3579,-0.1071,-0.3251,0.162,0.4659
5.3,4.5,4.1,3.4,4.1,20.9,18.2,35.6,22.2,-0.3925,0.2309,0.2237,0.0643,0.5389,0.4997,0.1521,-0.3484
5.3,3.8,4.3,3.5,4.5,16.9,4.7,33.4,10.0,-0.1286,0.191,-0.2919,0.2201,-0.502,0.0183,0.6432,-0.3515
5.3,4.6,1.4,1.2,3.8,18.8,11.8,37.8,14.0,0.1955,0.8201,0.0138,0.1818,-0.4317,0.0889,0.1575,-0.0366
5.3,4.3,1.6,2.2,4.5,4.7,15.1,14.5,9.2,-0.3376,0.5275,-0.3706,0.409,0.3611,0.3599,0.1561,0.0729
5.3,2.6,3.3,3.2,2.6,20.7,15.5,27.1,22.2,0.1791,0.1602,0.3132,0.3597,-0.4828,0.1537,0.6454,-0.1326
5.3,4.0,1.7,3.2,4.1,10.1,6.7,4.1,7.6,0.3083,0.9292,-0.0779,-0.0581,-0.1475,-0.0232,-0.0211,-0.0073
5.3,1.4,3.8,4.3,3.3,17.8,14.7,7.4,8.9,0.248,0.1138,-0.3684,-0.1025,-0.5319,0.3389,-0.5957,-0.1175
5.3,2.7,3.4,3.4,2.0,6.7,21.3,33.9,9.4,-0.6097,0.6263,-0.0421,0.1741,-0.081,0.1545,-0.261,-0.3044
5.3,1.4,3.3,1.0,4.0,5.0,10.9,29.6,29.9,-0.1705,0.8209,0.3226,-0.051,0.1279,0.0485,-0.3471,-0.1316
5.3,1.7,3.0,4.4,4.7,2.2,17.3,6.6,4.8,0.1918,0.4424,-0.3231,-0.2755,-0.5515,-0.0517,-0.4667,-0.2332
5.3,1.5,4.8,4.0,3.7,19.5,15.8,24.8,30.4,0.2314,0.0311,0.2708,-0.0654,-0.3601,0.6136,0.5729,-0.0016
5.3,2.7,3.5,1.0,3.5,15.5,2.2,8.5,10.6,0.4847,0.3456,-0.6333,-0.008,0.1939,0.3837,0.19,0.1039
5.3,1.2,2.4,4.7,4.2,16.9,10.1,15.3,33.2,-0.3493,0.37,0.3744,-0.3933,-0.3966,-0.4193,-0.1669,-0.2141
5.3,2.1,1.2,2.3,2.6,20.9,11.4,35.4,31.0,-0.3219,0.6793,0.2691,-0.0495,0.4916,0.0609,-0.1387,-0.2589
5.3,1.6,1.7,2.8,1.6,6.5,11.6,4.8,24.1,0.0889,0.3142,0.1122,0.1042,0.2242,-0.0656,-0.8737,0.1947
5.3,4.8,1.7,2.2,2.9,19.7,19.4,43.9,11.6,0.3084,0.0573,-0.1785,0.1961,-0.1895,0.691,-0.5235,-0.075
5.3,3.5,3.2,3.4,2.6,18.9,5.4,12.6,25.3,-0.113,-0.0204,0.2643,-0.0921,-0.4037,-0.1875,-0.8155,0.1417
5.3,4.0,1.6,2.4,3.3,19.9,4.5,17.3,16.2,-0.125,0.4819,0.0652,0.4893,0.0609,-0.4791,0.0782,0.5046
5.3,1.4,4.2,4.9,2.2,5.2,17.3,18.9,28.4,-0.4577,0.3816,0.2342,-0.1721,-0.232,0.1724,0.3181,0.603
5.3,3.6,3.2,3.0,3.9,2.0,17.6,11.7,11.1,-0.373,0.0746,-0.4351,0.2853,0.5205,0.487,-0.2071,0.1398
5.3,2.0,1.4,1.8,4.8,20.5,5.1,19.9,31.9,0.1897,0.4765,0.1317,-0.4502,-0.1942,0.4599,-0.0024,0.4987
5.3,3.7,1.8,2.9,2.3,21.3,17.8,40.1,9.2,0.0098,0.4019,-0.3254,0.2421,-0.3649,0.2701,-0.4937,-0.447
5.3,2.8,4.2,4.0,3.2,12.4,18.9,10.6,15.8,-0.2075,0.2995,-0.345,0.5329,0.475,0.2875,-0.3179,-0.1904
5.3,4.9,1.6,4.8,3.4,20.3,4.8,29.7,28.1,-0.3331,-0.1252,0.3364,-0.0852,0.4351,0.1673,0.5708,-0.4286
5.3,2.5,3.3,2.3,1.7,12.6,5.2,8.6,30.6,0.7339,0.0878,0.3783,0.0236,0.005,-0.3655,0.045,-0.3808
5.3,2.0,3.6,2.5,3.0,2.1,17.1,28.6,6.1,0.2456,0.0857,-0.4609,-0.2393,0.4016,-0.4407,0.4326,-0.3202
5.3,1.3,1.9,1.7,1.3,15.5,5.1,31.9,27.9,-0.074,0.0871,0.2123,-0.1187,0.4436,0.2574,0.7854,0.0693
5.3,4.5,1.7,3.5,4.9,7.7,5.2,31.5,33.4,-0.3312,0.9286,-0.0349,-0.0241,-0.0134,-0.0161,-0.1177,-0.0442
5.3,2.7,2.3,2.7,2.3,15.6,9.2,30.9,9.3,0.0044,0.0252,-0.0117,-0.1399,0.1345,-0.0432,0.9197,-0.2899
5.3,2.3,2.1,2.9,3.8,7.2,16.1,5.6,9.2,0.1718,0.1465,-0.0775,0.0751,-0.1118,0.3609,-0.6695,0.5723
5.3,4.1,1.8,3.2,3.4,7.7,14.2,40.1,8.9,0.1749,0.7954,-0.0143,0.038,-0.0268,0.0482,-0.5269,0.1308
5.3,5.0,1.7,4.4,4.9,17.8,8.3,33.2,17.6,0.1944,0.9614,-0.0112,0.0043,-0.0026,-1.9829e-05,-0.0045,0.0027
5.3,5.0,2.1,3.7,2.7,9.2,17.9,42.0,15.9,-0.0457,0.6984,-0.3717,-0.3914,0.0481,0.3471,0.0497,0.2407
5.3,1.4,3.2,4.6,2.4,14.8,17.1,20.0,37.7,-0.0623,0.5384,-0.0155,-0.4863,0.0819,0.4852,0.0449,0.4514
5.3,4.4,2.1,4.6,4.0,15.7,5.8,26.9,33.5,-0.3147,0.239,0.3468,-0.3746,0.5735,0.0861,0.4519,-0.1136
5.3,3.7,1.9,2.2,1.6,18.5,3.3,12.6,43.7,0.1054,-0.254,-0.2904,0.0716,0.1836,0.6733,-0.5143,-0.1887
5.3,3.2,1.1,2.3,1.5,16.5,17.2,24.8,23.8,0.4657,0.333,0.3601,0.3107,-0.4944,-0.1403,0.2669,0.3023
5.3,4.0,3.9,4.1,4.8,19.2,12.0,29.6,39.0,0.0422,0.1213,-0.132,-0.4965,0.4207,-0.0818,0.6981,-0.1367
5.3,4.2,1.1,2.6,3.6,3.7,10.4,22.3,32.0,0.2819,0.7163,0.2705,-0.0828,-0.3512,0.1455,0.3975,-0.004
5.3,2.7,1.3,3.5,1.0,21.7,18.8,19.3,25.2,-0.2822,0.2463,0.3251,-0.0994,-0.3235,0.0994,0.2279,0.7469
5.3,2.9,4.7,1.6,4.6,13.3,4.8,29.0,12.4,0.6444,0.2328,-0.4897,0.3469,-0.1208,-0.207,-0.0786,0.2913
5.3,4.6,4.1,1.3,2.6,11.6,16.4,35.1,36.0,0.6286,0.65,0.2594,-0.2775,-0.02,0.0916,-0.0506,0.1018
5.3,1.9,3.4,3.4,3.4,12.6,14.5,33.9,38.5,0.1297,0.6323,-0.0347,-0.3758,0.4243,-0.214,0.3966,-0.1848
5.3,2.0,3.8,1.2,1.8,4.2,17.4,22.0,9.9,0.3048,0.6122,-0.2996,0.2083,0.3146,-0.2253,0.4841,-0.01
5.3,1.9,4.9,2.5,4.7,20.4,4.2,35.3,37.4,-0.0415,0.6741,-0.4404,-0.3275,-0.1485,-0.3373,-0.1076,-0.2708
5.3,1.2,2.1,1.6,4.5,13.4,6.0,23.8,23.1,0.4977,0.7657,0.2214,0.0323,-0.3017,0.0491,0.1069,0.0168
5.3,1.6,3.2,3.3,4.6,20.2,15.7,26.3,18.9,0.0401,0.3917,-0.0004,0.541,-0.4351,-0.2291,0.469,0.2699
5.3,2.8,1.8,2.3,3.3,7.3,9.0,5.1,36.7,0.1612,0.4438,0.0564,-0.1229,-0.2007,0.0682,-0.7422,0.3231
5.3,3.8,2.5,3.0,1.5,8.5,17.7,25.9,42.0,-0.3343,0.9233,0.0261,-0.0411,0.0223,0.0269,-0.1246,-0.0478
5.3,1.8,2.2,2.0,4.9,13.4,6.4,24.0,27.5,0.6888,0.5586,0.2106,-0.0663,-0.2928,0.1672,-0.0373,0.1805
5.3,2.4,5.0,3.6,2.9,18.7,16.3,37.3,21.5,0.0603,0.3624,0.1948,0.423,0.2122,0.4328,0.0085,-0.6259
5.3,1.7,3.6,3.0,2.3,11.6,14.2,30.3,21.9,0.2708,0.4598,0.1029,0.5632,-0.3912,-0.256,0.2957,0.2378
5.3,3.0,1.4,3.3,3.3,12.7,12.2,27.7,6.2,0.3244,0.3789,-0.2036,-0.5189,0.4704,0.1723,0.3774,0.1709
5.3,3.7,1.4,3.3,4.6,9.6,2.7,35.6,19.7,0.0698,0.8908,-0.0539,0.2455,-0.3032,0.1424,0.0999,-0.0657
5.3,4.7,1.1,4.9,2.9,15.3,13.9,29.8,20.4,0.1455,0.4295,0.108,0.5499,-0.5046,0.0567,0.4384,-0.0933
5.3,2.5,2.9,3.7,4.2,17.5,17.0,39.4,21.7,0.0846,0.4969,0.271,0.4047,0.3027,0.3931,-0.1847,-0.4568
5.3,1.0,4.3,3.6,4.6,18.5,10.4,34.0,26.9,-0.4114,0.0622,0.3083,0.3326,-0.0387,0.29,0.1132,-0.7029
5.3,3.6,1.7,2.3,1.4,15.2,20.8,34.0,28.3,-0.1178,0.1134,0.2025,0.0678,0.3983,0.3491,0.7752,-0.0156
5.3,1.4,4.6,3.8,4.8,12.3,19.7,15.6,17.8,-0.1324,0.5616,-0.0491,0.5038,0.3928,-0.3025,-0.3077,0.236
5.3,2.8,4.2,3.7,1.0,11.7,17.5,16.0,17.4,-0.1897,0.6219,-0.237,0.3027,0.5136,-0.0636,-0.3591,0.1179
5.3,3.9,2.2,3.8,3.9,18.0,3.6,37.7,25.8,0.1894,0.4228,0.4639,-0.0428,0.4659,-0.0424,0.0944,-0.5628
5.3,1.4,3.2,2.2,4.1,11.1,7.0,41.5,8.7,0.6143,0.7432,-0.0872,0.0015,-0.1408,0.0639,0.1076,-0.1071
5.3,4.8,1.1,4.3,3.9,5.1,15.6,40.9,21.4,-0.0012,0.5414,0.2729,0.1108,0.3847,0.0451,-0.6389,-0.1959
5.3,1.7,4.9,3.9,3.9,12.3,19.1,28.6,34.6,-0.1937,0.394,0.2568,-0.5547,0.474,0.2266,0.3184,0.171
5.3,2.9,1.4,3.8,5.0,13.4,2.5,5.5,5.9,0.3227,0.6798,-0.2981,-0.2523,-0.4286,-0.1769,-0.1694,-0.1739
5.3,1.3,3.4,1.5,1.2,3.8,19.5,15.9,24.3,-0.1747,0.2764,0.2542,0.1098,-0.5635,-0.3211,-0.0695,0.6052
5.3,3.6,2.7,1.8,2.9,5.5,6.8,13.1,29.9,-0.4806,0.6663,-0.1711,-0.1789,0.0805,0.1687,0.3365,0.315
5.3,3.0,4.7,4.1,2.5,10.4,3.1,37.6,41.4,0.1206,0.9262,-0.1288,-0.1948,-0.1152,-0.1947,0.0489,-0.0643
5.3,2.0,1.5,4.2,4.7,4.2,11.7,7.1,31.8,-0.0118,-0.1364,0.3741,0.0056,0.0921,-0.8122,-0.3106,0.2136
5.3,2.2,3.9,3.4,4.4,9.6,14.9,33.7,42.1,0.1189,0.8765,-0.041,-0.2822,0.3086,-0.0919,0.1185,-0.0326
5.3,3.9,4.6,1.3,3.1,13.4,13.1,25.9,4.7,0.7769,0.5363,0.1369,-0.2176,-0.0401,0.1131,-0.0481,0.1284
5.3,3.8,3.4,2.6,1.1,16.1,21.3,26.7,10.2,0.4228,-0.1705,-0.1678,0.0932,0.1878,-0.4206,0.4159,0.5855
5.3,2.0,3.0,3.1,4.0,21.5,8.5,21.3,38.1,0.6317,0.5214,0.0551,-0.047,-0.0745,0.0597,-0.309,0.4186
5.3,1.8,4.7,2.5,3.1,9.2,10.3,24.9,40.6,0.0647,0.9869,0.0772,-0.0168,0.0096,-0.0003,-0.0272,-0.0002
5.3,2.5,3.9,4.1,2.8,18.8,16.1,22.2,30.2,0.1508,0.2796,0.2903,-0.2359,-0.402,0.3336,0.5486,0.4029
5.3,1.0,3.2,4.3,2.1,16.9,19.9,40.6,5.4,0.3058,0.2613,-0.399,0.0059,-0.5082,0.078,-0.1507,-0.6069
5.3,1.0,2.2,3.0,2.0,8.4,9.0,10.2,26.9,-0.5825,0.7732,0.0203,0.0094,-0.0068,-0.0057,0.1613,0.1274
5.3,4.6,1.5,1.3,3.8,4.2,13.4,19.4,22.5,-0.0198,0.6968,0.4292,-0.0573,-0.1961,-0.1428,0.4818,0.124
5.3,4.8,3.9,4.9,4.6,15.5,4.4,19.8,21.1,0.0934,0.7783,0.3133,0.231,-0.3163,-0.2316,-0.1334,0.2141
5.3,4.9,2.7,1.4,1.2,21.2,13.2,17.5,5.5,-0.3608,0.1774,-0.284,0.1953,0.1752,0.4911,0.3711,0.5157
5.3,2.7,3.9,2.9,1.2,4.3,10.7,25.1,36.1,-0.0462,0.5315,0.6615,-0.1733,0.0345,0.3149,-0.2216,0.0304
5.3,4.0,4.2,3.6,2.5,21.8,15.4,20.5,7.1,-0.2466,0.4707,-0.3532,-0.0047,0.3543,0.0043,0.446,0.5031
5.3,1.2,2.8,2.9,1.2,2.6,16.5,9.9,39.2,0.1357,0.2939,-0.2146,-0.4515,-0.4885,0.1259,-0.5947,0.1151
5.3,1.8,2.6,1.2,3.8,15.1,20.6,9.0,26.8,0.5484,0.3444,0.4182,0.2383,0.1408,-0.4922,-0.0495,0.2551
5.3,3.7,2.6,2.9,3.0,16.1,10.2,42.9,40.2,0.6758,0.1764,0.1885,-0.3309,0.0087,-0.2242,0.0113,-0.5285
5.3,1.8,1.4,3.9,2.0,6.3,20.8,32.2,31.8,-0.6696,0.371,0.1318,-0.2769,0.2007,-0.222,-0.1143,-0.45
5.3,2.1,1.8,4.2,2.3,9.0,15.5,4.8,25.7,-0.2847,0.9263,-0.0559,0.1389,0.0767,0.1138,0.0277,-0.0011
5.3,1.4,4.6,4.4,4.9,10.8,5.4,24.7,7.5,0.5229,0.7138,-0.1743,-0.1539,0.3066,-0.1373,-0.1128,0.132
5.3,4.7,2.9,1.7,4.6,6.7,5.1,4.5,37.9,0.4127,0.7536,-0.1256,0.0014,-0.2262,0.1072,-0.3798,0.1704
5.3,1.8,1.8,4.6,3.3,4.7,16.6,19.9,38.0,-0.2387,0.4984,-0.2384,-0.3537,0.2513,0.3531,0.2517,0.4957
5.3,2.0,4.2,2.1,4.0,3.3,21.5,17.7,19.1,-0.045,0.6205,0.4017,0.3343,-0.2005,-0.3649,0.1778,0.3442
5.3,4.9,3.9,3.8,1.6,9.0,7.9,18.9,10.2,-0.1482,0.9831,-0.0029,-0.0012,0.0019,0.0011,0.0521,0.0086
5.3,3.5,2.8,2.8,2.7,18.8,10.9,35.9,6.2,0.0551,0.072,-0.2357,-0.2209,0.1203,-0.3806,0.0852,-0.828
5.3,2.0,1.4,3.7,2.5,12.0,21.0,35.1,42.1,-0.1548,0.5151,-0.0724,-0.2482,-0.2607,-0.4506,0.5501,-0.0471
5.3,2.1,1.6,4.8,1.9,7.9,10.4,30.8,20.7,-0.7346,0.6193,0.0679,0.0294,0.0066,0.0154,-0.1525,-0.1861
5.3,3.8,2.4,4.9,3.8,8.1,12.4,36.7,37.5,-0.3026,0.921,0.0355,-0.0009,0.0442,0.0021,-0.1995,-0.0663
5.3,2.6,4.5,3.0,2.0,11.7,15.9,23.3,10.1,0.4721,0.5415,-0.3,-0.2997,0.3889,0.2343,0.0895,0.2714
5.3,3.5,4.4,3.7,2.7,18.1,10.5,26.2,7.6,0.0305,0.0155,-0.0829,-0.2611,0.2612,0.0316,0.9039,0.1276
5.3,1.0,1.9,3.7,2.6,7.2,6.2,32.8,24.5,-0.6696,0.2027,0.1144,-0.2435,0.1722,-0.1999,-0.0661,-0.5837
5.3,4.0,4.9,1.9,1.0,10.2,20.5,14.6,11.1,0.3912,0.8978,-0.1059,-0.1018,0.0041,0.0996,0.002,0.0109
5.3,3.1,4.4,3.1,3.1,11.1,16.2,20.3,27.4,0.3337,0.702,0.2272,0.3322,-0.2213,-0.3334,-0.015,0.2409
5.3,4.8,1.9,2.7,3.8,5.5,19.0,26.7,37.1,0.065,0.2537,-0.1384,-0.4344,0.3127,-0.3123,0.4756,-0.5218
5.3,4.3,4.0,1.0,1.7,14.8,19.9,11.7,8.6,0.7471,0.3523,-0.3266,-0.1518,-0.1537,0.384,-0.0173,0.0592
5.3,3.2,4.3,3.4,2.1,4.5,12.3,9.2,32.4,-0.4999,0.0761,0.5291,-0.0656,-0.0526,-0.4704,0.0655,0.4504
5.3,3.5,1.1,3.2,2.2,20.9,7.1,27.6,11.7,-0.1699,-0.0328,-0.2724,0.1149,-0.3987,-0.0756,0.7031,-0.4443
5.3,1.9,2.2,3.4,2.4,7.5,3.7,17.6,4.6,-0.456,0.746,-0.0945,0.1624,0.1052,-0.1604,0.3079,0.2387
5.3,1.1,3.9,2.5,3.6,21.8,3.6,23.3,40.3,0.3238,0.6472,-0.3557,-0.1326,0.4805,0.0169,0.2402,0.1521
5.3,1.7,3.1,1.8,3.1,20.3,14.7,34.2,15.0,-0.0331,0.6839,-0.0803,0.3335,-0.529,0.1001,0.305,-0.0915
5.3,4.9,3.3,4.3,1.6,6.4,7.5,32.4,40.4,-0.7936,0.4303,0.0143,0.0356,0.0021,0.0268,-0.1914,-0.3624
5.3,3.1,4.2,2.3,4.9,14.1,17.6,23.7,33.7,0.5128,0.2083,0.2948,0.0569,-0.209,0.6795,0.0608,-0.156
5.3,2.4,2.0,3.9,1.9,10.9,6.3,18.1,26.6,0.1752,0.8711,0.1339,0.0542,-0.1398,-0.0556,-0.372,0.1014
5.3,1.2,4.9,2.9,2.5,11.3,9.4,11.1,9.2,0.4633,-0.1852,0.0749,-0.2299,-0.08,-0.1274,-0.3613,-0.7022
5.3,3.1,4.4,2.7,2.5,16.4,2.5,33.2,29.6,-0.1645,0.2581,0.3314,-0.1239,0.5832,0.1215,0.5226,-0.3526
5.3,2.8,2.7,4.5,2.0,13.5,5.1,29.9,31.6,-0.1465,-0.0295,0.3054,-0.1104,0.4114,0.1475,0.7903,-0.1574
5.3,4.7,3.7,1.2,5.0,9.3,9.1,26.1,22.5,0.4688,0.8786,-0.0158,0.0084,-0.005,0.0021,-0.0205,0.0101
5.3,3.6,3.7,1.9,4.0,2.9,17.3,8.6,43.5,0.2833,0.1536,-0.4083,-0.2131,-0.3088,0.4593,-0.3529,0.479
5.3,2.1,1.3,4.1,1.5,9.3,18.3,42.6,36.4,-0.1979,0.807,0.5051,0.0074,0.0272,-0.0979,0.1243,0.0139
5.3,1.3,3.0,4.2,4.9,2.5,17.7,31.0,11.1,-0.4215,0.0278,-0.4388,0.1989,-0.5121,-0.4357,0.3203,-0.1315
5.3,3.2,2.2,4.5,4.6,10.7,11.4,12.8,11.5,0.1048,0.4147,-0.5945,-0.4472,-0.1344,0.4068,0.0123,0.2453
5.3,4.0,4.6,2.7,1.3,9.5,18.4,21.7,40.0,0.377,0.5211,0.0576,-0.0823,-0.0827,0.1422,0.3162,-0.436
5.3,1.8,3.9,3.2,3.2,18.4,20.8,25.6,36.3,-0.0512,0.5546,0.0238,-0.4817,0.4939,0.0946,0.4119,0.0991
5.3,2.8,1.9,4.8,1.8,2.9,13.4,17.9,22.9,-0.3611,0.2345,0.3048,0.2321,-0.311,-0.2344,0.0418,0.7078
5.3,4.9,1.8,1.2,1.8,3.7,13.6,14.0,26.5,-0.3382,0.4638,0.4703,-0.1425,-0.1197,-0.2892,0.4277,0.353
5.3,2.5,1.5,3.0,4.1,4.0,9.8,9.3,5.8,0.0006,0.0331,-0.0727,-0.2806,-0.2536,0.1041,-0.8333,0.3629
5.3,1.3,1.7,2.8,1.7,14.1,6.9,36.9,33.9,-0.2344,0.2493,0.0257,-0.3331,0.0275,-0.3328,-0.2673,-0.7414
5.3,3.5,4.6,4.6,3.9,9.0,4.5,17.9,33.7,-0.1806,0.8024,0.1762,-0.1031,-0.4147,-0.0736,-0.2211,0.0159
5.3,2.0,2.1,4.4,1.4,17.0,7.6,9.6,36.2,-0.6368,0.5541,-0.1142,-0.326,-0.0143,0.2195,0.0596,0.2216
5.3,3.1,3.3,2.2,2.8,5.0,10.7,24.5,38.1,0.0256,0.2078,-0.0981,-0.3095,0.3311,0.097,0.7987,0.2329
5.3,3.3,1.3,4.0,2.8,17.5,20.3,9.1,26.7,0.1793,-0.2498,0.2846,-0.0072,0.1575,-0.6536,-0.5574,-0.1923
5.3,2.2,4.5,1.3,2.7,6.0,16.2,15.1,32.3,0.079,0.8147,0.0346,-0.313,-0.4001,0.2018,-0.0497,0.1019
5.3,3.6,3.7,3.8,2.6,13.1,6.6,26.5,43.6,0.7863,0.3301,-0.2335,-0.0454,0.0178,-0.1662,-0.1458,0.3632
5.3,3.8,1.7,4.1,1.3,18.5,9.1,43.3,27.9,-0.033,0.0768,-0.0178,0.0809,0.0813,0.0393,-0.8903,-0.3928
5.3,2.3,4.3,3.5,3.2,17.2,13.3,36.2,9.5,-0.2964,0.3558,-0.3124,-0.2148,-0.4279,-0.2682,-0.0747,-0.5993
5.3,2.0,2.9,4.8,4.7,13.2,7.1,19.2,39.4,0.0699,0.8216,-0.1459,-0.0275,0.1772,0.0398,-0.4783,0.0765
5.3,2.2,2.7,2.7,2.1,12.0,4.1,42.8,37.6,0.1024,0.6955,-0.0504,-0.4556,-0.3863,-0.214,-0.2366,-0.1384
5.3,4.4,4.1,3.8,1.5,12.6,15.8,32.6,24.8,0.6066,0.4582,0.2872,0.2264,-0.4355,0.2104,0.0297,0.1456
5.3,2.5,2.8,3.9,1.4,12.9,21.0,41.1,36.2,-0.3221,0.285,0.3689,-0.3092,-0.3506,-0.5676,-0.1028,-0.2184
5.3,2.3,4.7,1.7,3.9,17.1,3.5,36.3,40.5,0.3622,0.5709,-0.5761,-0.0696,-0.1904,-0.3028,-0.1892,-0.1019
5.3,1.4,2.3,2.4,4.1,20.0,15.7,30.6,36.6,0.042,0.4241,-0.0584,-0.5244,0.4959,-0.0385,0.5172,-0.0291
5.3,1.1,3.7,3.0,4.1,5.5,13.6,25.3,31.1,0.1364,0.0282,0.4082,0.0534,-0.2042,0.6973,0.3372,-0.3547
5.3,3.5,4.2,4.4,3.4,21.9,9.4,9.4,9.4,-0.3674,-0.1998,-0.0884,-0.2362,-0.0909,0.1418,-0.4659,0.7049
5.3,2.3,5.0,4.5,1.7,17.3,8.6,33.0,20.8,0.0663,0.2701,-0.0438,0.0653,-0.0968,0.022,0.9003,-0.2488
5.3,2.1,2.4,2.6,4.1,5.8,9.9,28.1,22.1,-0.0357,0.0138,0.0761,0.2688,-0.2013,0.1585,0.7169,-0.5567
5.3,1.1,2.2,2.5,4.9,14.9,13.7,11.9,14.1,0.1297,0.4636,-0.6783,0.3748,0.1013,0.3164,0.1397,-0.1493
5.3,3.3,2.6,2.9,1.7,12.9,5.6,11.8,9.8,0.6886,-0.0309,-0.3342,0.0576,0.0519,0.2666,-0.0335,-0.5535
5.3,2.3,3.4,1.1,2.0,5.6,2.8,20.5,36.8,0.2131,0.7682,-0.2937,-0.071,0.3029,0.0636,0.4019,0.011
5.3,2.6,3.1,2.2,1.7,12.4,13.3,7.8,31.2,0.4217,0.3556,0.3791,0.2754,0.5385,-0.0803,-0.3866,-0.0618
5.3,5.0,1.5,4.1,2.2,8.8,8.5,27.1,24.7,-0.2633,0.9573,-0.0048,-0.0018,-0.0017,-0.0011,-0.0502,-0.0152
5.3,2.6,3.1,4.8,3.2,11.8,14.6,12.3,33.1,-0.269,0.1806,0.4463,-0.3865,-0.4586,-0.4043,-0.315,-0.2131
5.3,4.9,1.6,2.7,1.4,3.3,21.1,33.0,6.3,-0.4087,0.0608,-0.3177,-0.0106,-0.4613,-0.1425,0.2734,-0.634
5.3,4.9,2.1,2.4,1.6,13.5,18.5,28.6,42.0,0.5216,0.6321,-0.2137,-0.3244,0.3767,0.0277,0.1152,0.0513
5.3,1.9,3.3,4.8,3.1,5.8,20.5,10.4,8.7,-0.5354,-0.1271,-0.2964,0.0401,0.3763,0.1924,-0.3306,0.5552
5.3,3.1,1.4,2.7,2.8,13.0,18.8,15.8,30.8,-0.1948,0.3966,0.2729,-0.1139,-0.5908,-0.2416,-0.5233,0.0655
5.3,3.9,1.3,4.3,1.0,8.4,18.8,5.0,22.7,-0.3682,-0.0396,-0.0206,-0.0157,0.0215,0.067,-0.1616,0.8814
5.3,3.1,4.7,3.4,2.4,8.1,5.8,4.0,14.4,-0.1015,-0.01,0.0025,-0.0035,0.0026,0.0083,-0.2922,0.9243
5.3,1.4,1.4,4.0,5.0,11.5,4.9,34.9,19.3,-0.1445,0.6334,0.084,0.5205,-0.1953,0.3954,0.1265,-0.2727
5.3,1.6,2.4,4.7,3.3,9.7,16.9,15.3,31.4,0.3143,0.3779,0.6151,-0.004,-0.0047,-0.407,0.2223,-0.2703
5.3,3.7,2.5,3.7,1.7,16.3,8.7,18.0,11.5,-0.2368,-0.008,0.0003,-0.0735,-0.0102,0.0715,-0.0784,0.9517
5.3,2.1,1.4,1.4,3.3,19.8,14.7,37.1,6.5,-0.0471,0.1375,-0.3723,0.1439,-0.3922,-0.7041,-0.2004,-0.2411
5.3,1.6,2.5,1.8,2.2,10.6,21.0,36.5,21.4,0.4286,0.7869,0.0321,0.2562,-0.1161,0.2952,0.0409,-0.1139
5.3,1.7,4.0,1.8,2.6,3.5,13.1,39.0,4.7,-0.0027,0.2042,-0.2463,-0.2806,-0.2335,-0.2859,-0.4282,-0.6913
5.3,2.7,3.3,3.2,1.6,5.3,11.4,34.1,21.6,-0.5551,0.204,0.2352,0.1808,0.0363,0.1826,-0.1724,-0.691
5.3,4.0,4.6,3.5,1.5,6.3,5.8,40.1,13.7,-0.1733,0.7604,0.0392,0.044,0.0313,0.0479,-0.5895,-0.1313
5.3,2.9,1.2,1.9,4.4,13.8,12.8,19.3,17.5,0.3587,0.7847,-0.1164,0.1783,0.291,-0.1908,-0.2096,0.1819
5.3,4.5,2.9,1.2,3.6,12.5,14.2,9.1,24.1,0.7242,0.4861,-0.0978,0.3845,0.0258,0.2125,-0.0151,-0.1469
5.3,3.7,2.4,4.8,1.3,13.0,19.4,35.3,41.7,-0.1555,0.4887,-0.103,-0.2624,-0.1781,-0.3469,0.6756,0.0107
5.3,2.5,1.4,3.3,4.9,9.4,13.1,34.4,33.5,0.1177,0.8975,0.3912,-0.0137,0.0488,0.0404,-0.0823,-0.008
5.3,4.7,3.4,2.4,2.0,9.0,13.9,16.6,40.3,0.0899,0.9743,0.041,-0.1384,-0.0435,-0.0966,0.0314,-0.0151
5.3,3.5,2.3,4.3,2.9,4.7,8.2,16.5,14.7,-0.6112,0.6966,-0.006,-0.003,0.0041,0.003,0.2675,0.2383
5.3,3.9,3.8,2.2,2.0,13.0,7.2,8.1,35.5,-0.1088,0.3651,0.0603,-0.4704,-0.3224,0.3689,-0.2635,0.4898
5.3,2.4,1.3,4.1,2.2,5.6,4.9,20.9,9.9,-0.2181,0.4961,0.0134,0.157,0.025,-0.1762,0.7101,0.3625
5.3,1.1,4.8,2.2,1.8,16.3,9.8,4.0,17.7,0.5098,0.5266,-0.0197,-0.2544,-0.2479,0.3375,-0.2116,0.3739
5.3,3.5,1.2,1.7,1.2,20.2,9.6,30.3,31.6,-0.2615,-0.0476,0.0819,0.122,-0.0339,0.111,0.2552,-0.8816
5.3,3.3,2.6,3.8,4.2,15.2,21.4,17.5,4.6,-0.2351,0.2116,-0.1698,-0.0602,0.4346,0.6235,-0.4884,-0.0871
5.3,3.0,1.8,1.3,1.7,4.2,7.6,12.2,27.8,-0.2715,0.0593,-0.0541,-0.244,-0.0581,0.2289,-0.0333,0.8796
5.3,1.9,4.0,2.1,4.3,15.0,7.0,16.9,37.8,0.345,0.8964,-0.2181,0.0116,0.0816,0.0233,0.0317,0.0075
5.3,1.9,1.4,3.8,3.6,15.9,9.0,6.7,17.2,0.0956,0.9043,-0.364,-0.0457,0.0509,0.0514,0.0724,0.0125
5.3,2.3,2.1,1.9,1.3,4.9,4.2,22.9,40.1,0.3248,0.5267,-0.3797,-0.0335,0.4997,-0.1041,0.4171,0.1041
5.3,3.7,4.0,2.5,4.1,16.7,17.4,22.3,25.8,0.2886,0.5476,0.4308,0.1277,-0.4879,-0.0827,0.3027,0.2483
5.3,2.0,4.1,4.9,4.4,15.7,6.2,6.1,36.9,0.0827,0.8478,-0.0379,-0.3048,-0.3539,0.088,-0.1415,0.0248
5.3,2.6,2.4,4.4,2.3,14.9,20.5,43.5,41.3,0.538,0.3475,-0.3374,-0.2449,-0.5326,0.1503,-0.1281,-0.2328
5.3,2.8,1.6,1.8,4.2,13.1,3.1,12.3,42.0,0.4537,0.5471,-0.3134,-0.3606,-0.2515,0.3622,-0.1243,0.1994
5.3,1.6,2.0,1.9,3.6,13.6,16.7,37.6,11.4,0.0758,0.7353,-0.365,0.0249,-0.4805,0.0217,0.0835,-0.2427
5.3,3.2,2.6,2.7,3.5,19.2,20.6,29.0,8.6,0.0681,-0.1983,-0.5033,0.1029,-0.1134,-0.7543,0.2828,-0.0181
5.3,4.2,2.7,2.2,3.7,5.4,10.9,23.8,24.5,0.1884,0.5593,0.0857,0.0739,-0.1913,0.0601,0.7256,-0.2296
5.3,3.5,3.5,3.9,3.9,16.8,8.4,18.2,28.6,-0.3897,0.1168,0.0257,0.0879,-0.0135,-0.0866,0.215,0.8624
5.3,4.6,2.0,1.4,1.7,19.2,3.5,36.2,6.7,-0.0719,0.4582,-0.3668,-0.0034,-0.5773,-0.0557,0.3553,-0.3939
5.3,1.4,2.3,1.8,3.8,10.7,20.3,21.4,27.9,0.4119,0.7928,0.2891,0.0677,-0.2951,-0.0638,0.0307,0.0986
5.3,1.4,3.7,3.8,4.7,11.7,6.6,41.8,43.5,0.6263,0.5999,-0.1389,-0.0212,-0.2335,0.1186,0.2122,-0.2838
5.3,3.4,4.7,3.6,4.3,20.3,11.9,33.9,39.1,-0.0242,0.1502,-0.1578,-0.4103,0.2257,-0.328,0.4407,-0.6309
5.3,2.5,2.4,2.1,3.0,5.3,2.9,25.7,24.6,0.2301,-0.0264,0.3235,-0.0725,-0.2245,0.6539,0.4683,-0.3299
5.3,3.1,3.9,4.2,1.0,8.5,18.1,24.1,26.5,-0.6823,0.6598,-0.0142,0.0169,-0.0209,-0.0231,-0.1794,-0.1981
5.3,1.7,3.3,3.5,1.4,15.3,15.6,42.2,31.7,0.2457,0.083,0.2777,-0.1435,0.4253,-0.3989,-0.6016,-0.3115
5.3,4.5,2.7,1.2,3.9,12.6,16.4,34.7,30.8,0.5386,0.6558,0.4413,-0.1798,0.1248,0.0559,-0.1309,0.0385
5.3,3.1,3.2,3.6,4.7,14.1,12.4,8.6,28.6,0.2692,0.2331,0.3877,0.3657,0.46,-0.3469,-0.4085,0.2589
5.3,2.6,3.9,4.1,2.6,17.5,17.9,18.6,20.7,0.0339,0.4815,0.2011,0.4442,-0.2132,-0.4478,-0.0646,0.512
5.3,4.2,4.5,1.6,2.3,4.3,20.8,21.6,17.3,0.0853,0.745,0.2858,0.1618,-0.2853,-0.1624,0.4456,0.0952
5.3,4.7,2.8,1.6,1.8,11.6,11.0,19.0,5.1,0.4377,0.804,-0.1616,-0.0366,-0.2575,0.0404,-0.1793,0.0316
5.3,2.1,1.2,4.4,2.7,5.7,21.3,15.5,10.5,-0.6311,0.3022,-0.2003,0.2312,0.2527,-0.192,0.1075,0.5432
5.3,4.3,3.3,2.2,4.0,13.7,14.3,15.9,15.9,0.1372,0.3622,-0.1446,0.6077,0.36,0.3345,-0.2654,-0.3436
5.3,4.9,4.8,4.2,4.2,10.5,4.9,31.4,32.5,0.0858,0.0503,0.4411,-0.4666,0.3248,0.3588,0.3117,0.4113
5.3,4.3,1.7,3.6,2.6,6.4,7.8,17.6,32.4,-0.4897,0.7994,-0.0373,-0.0392,0.0277,0.037,0.2771,0.1741
5.3,1.8,2.0,2.3,2.7,21.2,10.4,33.6,7.4,-0.2005,0.0364,-0.208,-0.2497,0.0507,-0.2637,0.1473,-0.8549
5.3,1.1,3.2,4.0,3.9,18.0,11.0,29.2,18.9,0.0532,0.1893,-0.1355,0.5713,-0.3718,-0.2545,0.4898,0.3833
5.3,1.8,2.6,1.7,4.8,20.9,17.9,4.2,43.9,0.2794,0.703,-0.3706,0.0296,-0.4011,0.0535,-0.3236,-0.0911
5.3,4.3,3.0,1.2,2.5,18.4,4.7,25.6,21.8,0.5953,0.576,0.2383,0.12,-0.3552,0.2284,0.1971,-0.1036
5.3,2.2,4.7,4.5,2.5,7.9,9.1,27.3,4.8,-0.7665,0.5637,-0.0209,-0.0158,-0.0061,-0.009,-0.1598,-0.2252
5.3,4.8,2.1,4.5,1.1,18.4,21.6,33.8,40.3,-0.2144,0.0372,-0.2352,-0.189,-0.335,-0.4284,0.7085,-0.0754
5.3,1.1,4.0,3.3,2.1,10.7,12.4,31.1,30.2,0.2619,0.2986,0.3765,0.3642,-0.4894,0.3308,0.3958,-0.1425
5.3,4.3,1.6,3.4,4.5,7.8,16.5,12.5,37.7,-0.3169,0.9351,-0.0304,0.0018,0.0007,0.0037,0.1142,0.04
5.3,4.3,1.8,1.2,4.0,13.0,14.5,20.0,41.5,0.6681,0.5894,-0.003,-0.1954,-0.1477,0.2901,-0.0857,0.1942
5.3,3.9,4.4,3.6,4.3,12.1,22.0,42.2,31.4,0.5357,0.0998,0.3211,0.0176,0.3159,-0.6148,-0.1235,-0.2278
5.3,1.4,1.9,4.4,4.1,9.1,20.4,23.5,29.9,-0.0924,0.9307,-0.0008,0.1636,-0.2515,-0.0341,0.0764,0.0095
5.3,1.1,2.6,1.8,1.8,19.5,19.1,27.3,18.0,0.0622,0.4646,0.0603,0.5288,-0.4978,-0.0831,0.4608,0.1009
5.3,2.1,4.1,2.1,2.8,13.6,13.1,5.2,26.3,0.4456,0.1602,0.1341,0.4554,0.2398,0.3544,-0.263,-0.5244
5.3,4.9,2.9,1.1,1.5,3.3,3.7,18.5,40.1,0.1461,0.2095,-0.4486,0.3503,0.3851,0.3934,0.2123,-0.3142
5.3,2.0,3.1,3.0,2.4,17.1,18.7,14.2,38.0,0.0937,0.4989,-0.1413,-0.4959,-0.3316,0.3666,-0.3155,0.3322
5.3,3.8,1.5,4.8,3.2,15.1,9.6,43.8,10.7,0.0432,0.0928,-0.0974,-0.3695,-0.3733,0.0117,-0.8161,0.0609
5.3,3.5,4.6,3.7,4.8,10.5,6.9,40.7,6.0,0.3698,0.9155,-0.0386,-0.0249,-0.0907,0.0143,0.0453,-0.0224
5.3,4.1,2.1,1.7,4.1,15.4,20.8,4.7,14.0,0.6944,0.3451,-0.1933,0.145,-0.3288,0.4378,-0.1572,-0.0551
5.3,2.4,4.4,4.0,2.9,11.5,4.4,38.2,16.8,-0.0589,0.5764,0.0045,0.4431,0.0149,0.4425,-0.3237,-0.3698
5.3,1.5,2.0,4.9,1.7,18.0,18.7,43.5,38.8,0.1448,0.4625,-0.1502,-0.4775,-0.542,-0.0261,-0.4194,-0.0765
5.3,2.0,2.8,2.1,4.3,6.8,14.9,33.5,36.9,-0.3482,0.4789,-0.3999,-0.3104,-0.1275,-0.3042,-0.1992,-0.4656
5.3,1.3,4.2,3.2,2.3,18.2,16.9,4.4,27.7,0.1948,0.299,0.4227,-0.0542,0.504,-0.1177,-0.4586,-0.4454
5.3,3.5,1.5,3.1,3.0,18.4,20.0,7.6,13.3,-0.1486,-0.1378,-0.3775,0.0881,0.3054,0.7332,-0.3946,0.0516
5.3,4.5,2.9,3.1,3.5,13.4,10.0,28.9,23.4,0.7449,0.221,-0.2308,0.3351,0.0126,-0.1844,-0.021,0.4042
5.3,3.7,2.6,2.3,4.2,21.1,6.7,37.4,6.6,0.2719,0.2893,-0.2356,0.2656,-0.2774,0.2663,0.2218,-0.6985
5.3,1.8,1.0,1.4,2.2,5.6,21.5,17.1,27.9,-0.0441,0.7202,0.2876,-0.2598,-0.3799,0.2626,0.1795,0.2612
5.3,1.8,2.9,3.4,1.8,18.0,7.5,13.6,23.1,0.0266,0.1728,0.0678,-0.0634,-0.1247,0.0018,-0.9375,0.2012
5.3,2.4,4.9,2.9,1.5,3.9,7.3,8.1,43.8,-0.0109,-0.001,-0.0785,0.0324,0.1225,0.0247,-0.9601,0.189
5.3,4.3,4.6,2.0,2.9,12.2,9.8,10.3,38.0,0.5093,0.8415,0.1282,-0.0599,-0.0014,-0.0025,0.0138,-0.0089
5.3,3.1,2.3,4.8,4.0,13.3,21.0,6.6,43.2,0.5591,0.4267,-0.3157,-0.1909,-0.5194,0.1039,-0.0855,-0.2374
5.3,1.8,2.0,1.8,2.9,11.1,8.4,42.1,12.1,0.7963,0.509,-0.0812,0.0152,0.0164,0.0328,0.14,-0.2286
5.3,3.6,1.3,3.8,4.3,3.8,17.6,42.2,4.1,0.1885,0.4229,-0.3163,-0.2151,-0.505,-0.0306,-0.5907,-0.1211
5.3,3.6,1.5,1.9,2.8,18.8,14.8,39.9,25.8,0.1165,0.4529,0.4341,0.1671,0.4461,0.1583,-0.4048,-0.39
5.3,1.4,4.1,3.7,2.5,15.2,12.7,41.8,17.5,0.1158,0.4812,-0.5243,0.4067,0.0187,0.3874,0.1407,-0.3392
5.3,4.0,3.1,4.5,3.6,4.5,17.0,43.9,38.8,0.1145,0.1116,-0.2845,-0.3704,-0.4498,0.2059,-0.6433,0.2513
5.3,4.7,1.4,4.8,3.2,17.8,7.3,18.7,34.5,-0.4929,0.638,-0.0962,-0.2553,0.0785,0.2506,0.2695,0.3313
5.3,4.1,4.6,3.6,2.1,9.7,18.4,34.3,43.7,0.061,0.9624,-0.0283,-0.1747,0.0977,-0.1286,0.0155,-0.022
5.3,3.3,3.8,4.8,2.0,4.3,20.8,22.3,19.1,0.0472,0.5681,0.2922,0.2602,-0.4683,-0.1781,0.4037,0.292
5.3,1.9,1.6,4.5,1.7,19.3,5.6,32.7,5.3,-0.1011,0.0827,-0.3037,0.0193,-0.3637,-0.0429,0.644,-0.5654
5.3,1.4,3.3,2.5,1.5,21.9,10.5,31.2,9.5,-0.3363,-0.069,-0.142,-0.1857,0.0455,-0.166,0.2616,-0.8385
5.3,1.5,4.4,3.8,3.0,21.0,21.8,26.7,25.9,0.0321,-0.1793,0.1477,-0.0075,0.0431,0.5789,0.7458,0.1407
5.3,2.3,1.0,3.6,1.8,6.9,19.3,20.2,7.1,-0.2533,0.694,-0.0743,0.1505,0.0861,-0.154,0.5659,0.2472
5.3,3.5,4.4,2.8,2.4,17.3,14.4,13.3,24.2,0.2008,0.1483,0.3646,0.2837,0.4306,-0.3139,-0.5665,0.3132
5.3,2.1,3.6,2.4,3.0,14.3,5.8,9.4,36.0,-0.0286,0.5875,-0.0638,-0.5201,-0.3402,0.3429,-0.2339,0.2563
5.3,2.3,2.3,2.0,2.7,17.5,18.0,31.9,16.9,0.0292,0.5466,-0.0061,0.4457,-0.5011,0.144,0.4358,-0.1434
5.3,1.6,3.4,3.2,2.0,18.5,10.8,16.6,20.8,0.2244,0.376,-0.042,0.2589,0.2278,-0.2349,-0.5682,0.5375
5.3,4.2,1.3,3.2,3.5,14.0,10.2,34.1,38.0,0.0479,0.3572,-0.025,-0.4467,0.4071,0.2016,0.5852,0.252
5.3,3.8,3.5,2.7,2.6,13.4,21.1,19.8,37.3,0.1862,0.6528,-0.022,-0.4554,0.0118,0.457,0.0278,0.3187
5.3,1.0,3.6,4.0,1.5,11.6,14.9,26.1,14.3,0.1665,-0.1398,-0.4267,-0.0731,0.2617,-0.7304,0.3546,0.027
5.3,1.8,1.9,2.3,1.1,14.3,5.6,15.0,43.2,-0.0936,0.1976,-0.1636,0.0286,0.3339,0.269,-0.801,-0.2177
5.3,3.3,1.4,1.1,4.3,13.5,21.2,28.2,41.6,0.5201,0.5624,-0.276,-0.2337,0.4139,-0.1354,0.2566,-0.0862
5.3,1.9,1.7,4.5,1.5,15.1,3.3,14.5,16.1,-0.4133,0.2304,-0.2513,0.3944,0.3598,-0.3044,-0.227,0.5191
5.3,2.7,2.8,3.5,2.5,14.4,15.6,25.3,5.2,0.3823,0.3631,-0.3024,-0.409,0.5116,0.1413,0.3239,0.2475
5.3,2.8,2.6,3.0,4.2,20.2,8.6,35.3,34.7,0.0508,0.9739,0.1179,-0.0005,0.0411,0.0068,-0.0351,-0.0061
5.3,2.8,4.6,2.9,3.6,10.5,5.0,23.4,19.3,0.0843,0.897,0.0934,0.2221,-0.3033,-0.1068,0.1088,0.048
5.3,2.1,4.6,2.6,1.9,20.5,14.0,40.7,19.3,0.2613,0.2931,-0.0332,0.4892,0.1058,0.4286,-0.1239,-0.6024
5.3,3.1,1.5,1.1,1.2,11.5,4.6,37.6,33.6,0.0957,0.1336,0.0786,-0.1636,0.2328,0.07,0.5928,0.5067
5.3,3.2,1.4,1.4,3.9,15.6,12.6,28.6,37.0,0.6648,0.4167,0.2355,-0.4551,0.0102,0.2178,0.0091,0.2287
5.3,1.8,1.9,1.5,3.9,3.9,3.0,19.2,6.5,0.0441,0.7482,-0.3438,0.0302,0.5003,-0.0406,0.0554,0.2257
5.3,1.8,1.2,2.7,3.5,16.8,6.7,26.8,41.3,0.5973,0.4402,-0.336,-0.2668,0.3308,-0.3519,0.0395,-0.0044
5.3,2.4,2.9,4.6,3.2,10.9,13.6,31.8,13.1,-0.0529,0.032,-0.601,0.2026,-0.2276,-0.6332,0.1057,0.2918
5.3,4.0,3.2,1.5,1.7,6.4,15.7,36.7,11.7,0.0194,0.9445,-0.0878,0.1349,-0.1534,0.1377,-0.1676,-0.0308
5.3,4.9,4.4,2.3,1.1,6.1,14.2,19.4,7.4,-0.3152,0.8758,-0.074,0.0243,0.1125,-0.018,0.3032,0.1197
5.3,3.2,2.6,2.7,1.3,21.3,16.0,5.2,29.1,0.0707,0.3152,0.2286,-0.1813,0.3139,-0.2905,-0.746,-0.2354
5.3,1.7,3.1,2.6,4.1,8.9,13.1,21.9,29.4,0.3562,0.7553,0.0431,0.1088,0.0099,-0.1794,0.3758,-0.1929
5.3,2.7,4.3,1.0,3.1,21.1,19.0,23.9,38.9,0.2951,0.5674,-0.3396,-0.1606,0.4427,0.0297,0.4759,0.0355
5.3,1.1,1.5,1.6,1.5,13.3,10.1,26.3,27.3,0.7414,-0.0511,-0.061,0.2253,-0.0271,-0.1369,0.0944,0.573
5.3,4.5,1.1,3.1,1.7,8.7,13.5,39.9,14.5,0.0844,0.9442,-0.0707,-0.042,-0.0406,-0.0663,-0.2507,0.0248
5.3,4.3,4.2,2.0,4.8,20.8,16.1,15.7,12.5,-0.1458,0.5978,-0.1188,0.4323,0.592,0.0709,-0.2119,0.0096
5.3,2.1,3.3,2.0,3.5,21.2,21.2,25.8,30.0,0.017,-0.1234,0.2834,-0.1261,0.2882,0.7802,0.3829,-0.063
5.3,4.0,2.7,1.0,3.1,17.4,4.1,36.7,22.4,0.4463,0.5676,0.5272,0.0106,0.2764,0.2033,-0.2359,-0.0749
5.3,3.1,1.9,2.0,4.3,17.5,17.8,26.9,5.1,0.3381,0.4497,-0.3063,-0.3202,0.5023,-0.0744,0.4611,-0.0576
5.3,4.2,3.0,1.4,3.2,17.8,11.7,13.1,5.7,0.1519,0.207,-0.2496,-0.2772,-0.3846,0.1029,-0.7542,0.2062
5.3,4.8,4.1,1.5,2.1,4.5,21.7,14.8,32.6,-0.246,0.6444,-0.1988,-0.3929,0.0383,0.3836,0.2212,0.338
5.3,3.9,1.2,3.8,3.6,5.8,10.5,24.7,42.9,0.0162,0.0381,-0.1203,-0.1873,0.2084,-0.1356,0.7235,-0.5762
5.3,1.7,4.6,4.2,4.3,21.1,4.5,4.4,12.0,-0.1448,0.3326,0.0443,0.2539,-0.0451,0.3245,-0.6403,-0.5246
5.3,4.9,3.3,2.7,2.5,12.9,12.8,34.0,32.5,0.2304,0.335,0.7077,-0.1908,0.1265,0.4037,-0.2306,0.1393
5.3,3.1,2.5,4.5,4.2,10.8,14.5,10.3,30.8,0.2391,0.347,0.7215,0.2554,0.0835,-0.4308,0.1094,0.068
5.3,1.8,2.0,3.6,2.7,15.3,12.0,8.4,38.5,0.1815,0.2407,0.0639,-0.5896,-0.3212,-0.3194,-0.4034,-0.4065
5.3,3.0,3.7,1.5,4.9,11.3,18.3,29.3,18.6,0.5888,0.6263,-0.2623,0.3733,0.0147,-0.151,-0.0273,0.1258
5.3,1.9,3.8,1.9,1.5,9.0,2.5,28.8,13.8,0.119,0.9816,-0.0379,-0.0671,0.0089,-0.0598,-0.0216,-0.0022
5.3,2.1,1.1,1.2,3.3,4.0,10.4,19.6,41.1,0.1134,0.0981,-0.1726,-0.2578,0.1063,0.2957,0.3069,0.8
5.3,4.0,4.5,2.2,2.2,6.3,15.7,27.9,36.5,-0.1146,0.2863,-0.1607,-0.4969,0.1858,-0.4111,0.2258,-0.5771
5.3,2.8,3.4,4.2,3.4,5.7,6.8,33.9,10.9,-0.7064,0.4381,0.0364,0.1086,0.0103,0.0964,-0.2635,-0.4521
5.3,3.8,2.1,4.5,2.0,4.7,11.0,25.0,27.4,0.0377,0.0493,0.1644,0.1322,-0.2694,0.1511,0.8619,-0.2986
5.3,4.9,3.8,3.3,3.4,10.6,15.1,9.4,17.6,0.2504,0.8102,-0.4408,0.2273,-0.0402,0.1026,0.0729,-0.0745
5.3,1.8,4.3,4.6,4.4,7.3,6.3,33.7,32.5,-0.6932,0.616,-0.0768,-0.1254,-0.0298,-0.1008,-0.1908,-0.2418
5.3,3.9,5.0,2.8,2.5,7.2,16.8,16.9,38.0,-0.3208,0.8795,-0.2084,0.0252,0.0431,0.0383,0.2379,0.0972
5.3,2.3,4.7,3.6,2.8,4.8,7.7,34.0,24.9,-0.568,0.0914,-0.0047,-0.0225,0.0016,-0.0197,-0.1203,-0.7951
5.3,4.3,3.6,2.7,2.6,16.8,13.5,26.7,18.2,0.3937,0.3285,-0.2897,0.5829,-0.1142,-0.3427,0.1117,0.3852
5.3,1.0,4.9,4.7,3.0,8.6,8.4,17.0,24.5,-0.5608,0.7997,-0.0016,-0.0004,0.0009,0.0004,0.1426,0.1039
5.3,1.4,3.8,4.4,3.2,11.4,17.9,6.4,34.7,-0.1892,0.2955,0.5392,-0.3943,-0.2405,-0.5194,-0.0251,-0.2672
5.3,3.6,2.6,2.8,1.9,15.4,9.2,27.4,6.6,0.5561,-0.2108,0.0647,-0.1499,0.0386,0.0877,0.2993,0.7006
5.3,4.8,3.2,2.3,4.2,10.6,12.4,34.2,27.9,0.3829,0.7213,0.1442,0.3034,-0.3276,0.2242,0.1686,-0.1205
5.3,1.7,3.8,1.1,2.4,18.2,14.8,22.9,34.5,0.6905,0.2621,0.1617,-0.0288,-0.2135,0.4438,0.1409,-0.2976
5.3,2.3,4.5,3.1,3.8,3.7,20.9,14.5,5.6,-0.3166,0.0547,-0.3559,0.1285,0.549,0.5073,-0.3729,0.1909
5.3,1.2,3.9,4.2,3.4,5.9,21.3,7.2,34.7,-0.314,0.3944,0.2989,-0.3468,-0.573,-0.0436,-0.4214,0.0738
5.3,4.0,4.9,3.8,3.7,8.3,8.8,18.0,10.7,-0.1643,0.9752,0.0206,0.0018,-0.0101,-0.002,0.1078,0.0194
5.3,4.8,3.5,4.8,1.3,14.6,11.4,18.2,10.0,-0.0863,0.0924,-0.0081,-0.295,0.0862,0.3548,-0.5473,0.6659
5.3,3.9,3.3,2.8,4.6,9.4,2.3,10.3,39.9,0.1381,0.9109,-0.0177,-0.2867,-0.2254,-0.0651,-0.0466,-0.0177
5.3,3.5,3.4,4.2,4.5,11.9,21.7,37.0,16.8,-0.058,0.5926,-0.1448,0.456,-0.2008,0.4465,0.0545,-0.392
5.3,4.7,2.6,1.8,3.5,10.2,12.4,36.2,19.1,0.4496,0.8516,-0.1915,0.1365,0.0272,-0.0431,-0.0389,0.0362
5.3,4.8,4.9,3.5,2.1,13.6,4.5,20.4,28.3,0.4378,0.5761,0.2361,-0.0179,-0.2403,0.0177,-0.4111,0.4175
5.3,3.5,4.2,4.1,3.0,16.1,10.4,35.8,41.8,0.1853,0.2162,-0.0111,-0.2645,0.1575,-0.2618,0.4469,-0.7233
5.3,1.3,2.7,3.1,3.5,18.5,6.1,22.2,26.4,0.3713,0.1173,0.1926,-0.2361,-0.2498,0.2814,0.0857,0.7617
5.3,3.4,2.9,3.9,1.6,15.3,19.1,7.1,21.7,0.4409,0.4935,0.2936,0.3347,0.5059,0.0977,-0.1651,-0.2278
5.3,1.9,4.4,1.9,3.0,3.3,2.4,41.7,9.6,0.3686,0.2839,-0.2552,0.3685,-0.3121,0.4416,-0.4171,-0.3064
5.3,1.5,4.2,3.0,1.3,16.0,8.3,42.6,38.9,0.6814,0.6436,0.0371,0.0006,-0.008,-0.0158,0.1744,-0.2034
5.3,4.1,4.1,3.1,2.5,9.7,2.2,24.4,6.7,0.1407,0.9608,-0.0333,-0.1387,0.1516,0.0553,0.0232,0.0093
5.3,3.5,3.7,2.4,2.5,21.9,9.9,5.7,17.9,0.5965,0.5122,-0.3781,0.2849,-0.021,0.1648,0.1237,-0.2721
5.3,2.3,2.5,2.5,4.6,2.8,3.7,26.7,31.4,-0.2699,0.1199,0.3531,-0.2555,0.5926,0.4906,0.3128,-0.0353
5.3,3.9,3.9,4.2,4.8,11.3,10.8,19.9,20.0,0.2428,0.862,-0.1923,0.1214,0.2254,-0.1206,-0.2233,0.132
5.3,2.4,1.0,2.6,3.6,6.2,7.7,25.5,6.7,-0.0757,0.0732,-0.1139,-0.1305,-0.2924,-0.3627,0.7051,-0.4627
5.3,2.3,2.5,3.7,1.2,19.8,15.5,35.6,17.0,-0.2183,0.4475,-0.198,0.4417,-0.255,0.4221,0.0729,-0.4999
5.3,2.6,4.4,2.0,1.5,14.8,17.6,36.9,20.6,0.4306,0.5884,0.0981,0.2762,-0.2533,0.4052,0.2087,-0.2988
5.3,4.9,3.2,4.8,4.0,11.4,16.4,33.6,23.7,0.325,0.6979,0.21,0.3942,-0.2497,0.3262,0.0361,-0.1232
5.3,1.1,2.4,2.2,4.0,19.8,21.4,34.3,28.6,-0.2423,0.3858,0.2873,-0.2489,0.6439,0.0937,0.4106,-0.1511
5.3,4.0,1.5,4.8,3.5,14.4,6.2,25.1,31.7,-0.0841,-0.1432,0.2599,0.0331,0.2224,0.6138,0.6373,0.1833
5.3,3.3,2.3,2.7,2.1,10.8,21.8,23.5,15.7,0.4265,0.4373,-0.4912,-0.2552,0.1232,-0.5057,-0.0788,-0.0927
5.3,4.1,3.5,1.6,4.4,10.9,21.8,41.3,18.1,0.4608,0.2902,-0.2473,-0.0392,-0.0569,0.5039,0.0962,0.3131
5.3,1.9,4.4,4.0,3.9,21.9,16.9,6.2,15.1,-0.3078,0.0292,-0.3843,0.1184,0.4065,0.7025,-0.2451,0.0475
5.3,3.0,2.5,1.3,4.6,11.1,14.3,34.1,26.9,0.5213,0.5937,0.2252,0.2765,-0.2677,0.3199,0.1479,-0.1811
5.3,3.9,4.8,1.7,4.6,19.8,7.6,22.9,25.0,0.5119,-0.0704,0.008,-0.0984,-0.0251,0.1192,0.167,0.7963
5.3,4.4,1.9,4.7,2.8,10.8,8.3,29.3,28.6,0.7651,0.5175,-0.0148,0.0059,-0.0003,-0.0041,-0.1647,0.2668
5.3,2.6,2.5,2.6,1.3,10.7,18.9,33.5,8.9,0.5341,0.7554,-0.1598,-0.1904,0.1046,-0.2131,-0.0652,0.0198
5.3,3.8,4.3,2.3,2.5,3.0,21.4,10.6,9.1,-0.2749,-0.0197,-0.2853,0.0652,0.5263,0.3873,-0.4866,0.3986
5.3,1.9,3.6,1.3,2.1,7.3,14.4,11.4,9.8,-0.0967,0.9275,-0.2101,0.1609,0.0331,0.0694,0.2066,0.0189
5.3,3.9,1.1,4.4,4.8,18.2,7.8,34.5,26.3,-0.0787,0.0288,0.1715,-0.1658,0.2462,-0.1035,0.5859,-0.6966
5.3,1.1,4.9,3.4,4.0,20.7,5.8,43.3,29.4,-0.0617,0.1123,0.0158,0.0568,-0.1458,-0.4192,-0.8417,-0.1919
5.3,5.0,2.9,2.8,1.1,19.4,11.6,28.7,31.1,0.0408,0.0025,0.2498,0.166,-0.2888,0.2297,0.733,-0.4475
5.3,2.9,1.1,4.2,1.1,14.4,8.5,31.8,33.8,-0.36,-0.1887,0.0163,-0.0444,0.0297,-0.0298,0.4484,-0.7572
5.3,2.0,4.4,2.9,3.7,6.3,16.8,20.8,13.1,-0.0853,0.6385,-0.0948,0.3883,0.0971,-0.3894,0.3964,0.3051
5.3,2.4,4.9,1.8,4.4,7.1,16.0,20.7,4.5,0.0322,0.9041,-0.1623,0.0314,0.1881,-0.0378,0.3258,0.0237
5.3,4.0,3.2,4.5,3.1,4.3,11.2,33.5,39.8,-0.4976,0.1036,-0.3135,-0.2668,0.0372,-0.2512,-0.0276,-0.6956
5.3,4.2,4.7,4.7,4.5,12.8,3.3,40.2,10.7,0.5025,0.385,-0.3475,0.0963,-0.4333,0.1539,0.0376,-0.4815
5.3,3.6,2.7,3.8,3.3,15.6,9.0,25.4,20.1,0.7506,0.4355,-0.2433,0.1391,0.0299,-0.0871,-0.1532,0.326
5.3,3.1,4.1,4.8,1.1,20.4,17.4,35.4,16.1,-0.5093,0.3394,-0.1769,0.362,-0.2293,0.3293,-0.0365,-0.5323
5.3,2.3,1.3,4.3,1.3,9.8,12.0,9.9,12.0,0.1373,0.8854,-0.039,-0.298,-0.286,0.0274,-0.057,0.0052
5.3,3.5,3.2,1.8,1.5,12.1,9.7,10.6,7.3,0.7467,0.6426,0.0703,-0.0521,0.011,-0.014,0.0634,-0.0785
5.3,4.9,1.9,4.5,4.3,18.6,4.6,25.3,8.4,0.2536,-0.1333,-0.1717,0.0958,0.2458,-0.5505,0.5815,0.391
5.3,4.3,3.7,1.8,4.2,5.8,11.3,26.0,18.4,0.143,0.4385,0.0882,0.2932,-0.3942,0.1305,0.662,-0.2278
5.3,3.2,2.3,2.0,2.2,12.4,2.9,20.9,38.5,0.39,0.6604,0.0121,-0.4257,0.0535,0.3931,0.0328,0.2376
5.3,3.8,4.5,2.7,4.6,10.0,21.0,42.0,32.3,0.4926,0.6885,0.1311,0.1846,0.3066,-0.2708,-0.1224,0.1162
5.3,2.2,4.4,4.7,2.5,5.2,21.2,25.0,37.0,0.0588,0.4338,-0.0867,-0.4676,0.4948,-0.0906,0.5347,-0.0788
5.3,2.5,3.7,2.1,2.0,18.8,12.9,32.2,11.1,-0.2364,0.0796,-0.5164,-0.0939,0.0081,-0.4622,-0.0341,-0.6475
5.3,2.5,2.4,4.2,4.9,7.9,4.8,6.4,14.3,-0.618,0.1438,-0.1425,-0.0014,0.1849,0.039,0.1022,0.7052
5.3,2.2,1.1,4.0,4.9,12.7,21.1,7.4,8.6,0.5108,0.4979,-0.3074,-0.1996,-0.5381,0.1164,-0.167,-0.1162
5.3,4.7,2.3,3.2,2.1,11.3,9.3,24.6,9.2,0.5694,0.7878,0.1296,-0.0505,-0.0295,0.0232,-0.1081,0.0877
5.3,2.3,1.8,2.0,3.4,17.7,7.2,36.9,11.8,0.1123,0.1601,-0.0997,0.3222,-0.144,0.3238,0.0689,-0.829
5.3,3.2,1.1,1.2,1.4,14.3,19.5,11.3,21.5,0.4727,0.4883,0.289,0.383,0.4538,0.045,-0.2876,-0.0328
5.3,2.6,2.7,2.3,4.1,6.3,19.1,39.4,34.0,-0.0774,0.7162,-0.2118,-0.2595,-0.2116,-0.2599,-0.4411,-0.205
5.3,1.2,5.0,3.0,3.0,14.0,17.6,4.3,17.7,-0.1196,0.4521,-0.3305,0.4626,0.1485,0.501,0.2005,-0.3358
5.3,3.4,4.6,1.8,4.5,18.4,20.0,41.7,19.6,0.1855,0.5655,0.2664,0.363,0.3996,0.2666,-0.3593,-0.2477
5.3,4.0,4.8,3.2,1.1,17.9,12.7,12.8,29.3,-0.0243,-0.0882,0.2676,0.1697,0.2699,-0.2565,-0.7028,0.4847
5.3,1.9,1.7,1.2,3.2,8.7,12.4,5.0,25.8,0.1791,0.9624,0.0245,-0.013,-0.0026,-0.0032,0.1468,-0.0222
5.3,2.2,1.0,4.5,2.3,9.8,18.3,28.3,34.4,0.1586,0.5109,0.7303,-0.04,-0.0275,0.2784,-0.1851,0.14
5.3,4.8,4.9,3.1,2.3,21.8,14.5,17.2,22.7,-0.4302,0.154,0.3969,-0.0564,-0.0904,-0.4745,0.1799,0.5789
5.3,2.5,3.7,2.8,4.0,18.6,10.9,10.1,4.8,0.08,0.0285,-0.1182,-0.4008,-0.3577,-0.06,-0.8035,-0.1532
5.3,4.7,3.8,4.6,2.5,17.8,8.9,14.8,19.3,0.0062,0.0087,-0.0658,0.2053,0.201,0.0685,-0.8755,-0.308
5.3,1.9,3.1,3.0,3.4,10.4,6.0,38.9,36.3,0.0307,0.7965,-0.2043,-0.2641,-0.1643,-0.2916,-0.2903,-0.1233
5.3,4.7,4.9,1.5,4.7,18.0,20.8,30.7,24.4,0.3544,0.4004,0.6304,0.1787,0.0936,0.4212,-0.1176,-0.24
5.3,1.4,1.1,2.9,2.9,17.1,21.7,20.5,16.4,0.054,0.4532,-0.0816,0.4747,0.0981,-0.4807,0.2372,0.4958
5.3,1.6,1.2,1.4,1.8,9.3,10.9,28.5,28.4,0.345,0.9311,-0.0372,0.0294,0.004,-0.0065,-0.008,0.0029
5.3,2.0,5.0,3.9,2.0,15.5,14.6,35.8,4.0,0.1395,0.3198,0.0097,-0.3079,-0.0892,-0.4839,0.3649,-0.6196
5.3,1.9,1.7,4.3,3.6,8.8,6.8,38.8,16.5,0.0578,0.8672,-0.2537,0.0438,-0.3114,0.0602,-0.1681,-0.0864
5.3,2.2,1.2,3.4,3.8,13.4,2.8,27.1,5.5,0.4393,0.5415,-0.2681,-0.3668,0.4866,-0.1228,0.2075,-0.0116
5.3,4.5,2.9,2.6,4.8,11.9,14.4,8.7,31.3,0.1913,0.5051,0.6541,0.2176,-0.0767,-0.3688,0.1425,0.2153
5.3,3.9,4.4,1.9,3.2,15.1,20.0,43.7,33.7,0.1521,0.1687,0.5778,-0.33,-0.2806,-0.5555,0.1443,-0.1744
5.3,4.5,4.9,3.1,1.9,8.8,19.4,21.2,17.9,0.0648,0.9618,-0.1082,0.0264,0.1074,-0.0265,0.1854,-0.0008
5.3,3.5,2.9,2.6,2.8,11.9,7.1,35.5,43.5,0.7015,0.207,-0.1479,0.0893,-0.0367,-0.0883,-0.0831,0.546
5.3,4.8,1.4,3.6,2.2,11.7,6.5,27.4,17.3,-0.154,0.5352,-0.1723,0.4884,-0.5133,-0.0573,0.3573,-0.0049
5.3,4.2,2.9,2.6,1.6,15.8,3.9,38.5,6.6,0.3991,0.564,-0.3279,-0.045,-0.3256,-0.0458,0.3265,-0.4225
5.3,1.8,2.1,3.7,2.1,3.1,13.9,22.5,35.2,-0.2885,0.1128,0.3788,-0.1648,0.3659,0.6971,0.1968,0.1084
5.3,3.7,4.1,1.3,2.7,7.3,6.8,16.8,6.8,0.1599,0.9706,0.0557,-0.0005,-0.0343,-0.0054,0.1375,-0.0196
5.3,2.6,1.1,1.1,2.8,6.5,19.1,39.8,24.6,0.3301,0.8311,0.1867,-0.123,0.1863,-0.123,-0.2859,0.0553
5.3,2.6,4.7,4.7,1.1,2.7,4.6,36.8,26.0,-0.4355,0.1335,0.0795,-0.1309,0.082,-0.1297,-0.1985,-0.8291
5.3,1.5,2.0,1.0,3.7,6.4,3.6,33.3,18.4,-0.0204,0.636,0.4956,0.2068,0.2386,0.2777,-0.2575,-0.293
5.3,3.3,4.2,1.7,1.6,6.9,2.6,11.9,34.3,-0.2028,0.8395,-0.1786,-0.2962,0.0333,0.272,0.1598,0.145
5.3,1.4,1.8,4.8,2.4,13.0,12.7,13.6,38.8,0.0136,0.4813,-0.0182,-0.4814,-0.4772,0.1621,-0.4818,0.1599
5.3,1.0,2.1,3.3,2.7,15.6,10.8,25.9,7.4,0.0776,0.1353,-0.1598,-0.3496,0.3799,0.1049,0.7503,0.2992
5.3,4.8,2.8,2.6,3.8,15.9,16.5,12.2,21.4,0.2607,0.4409,0.2413,0.4678,0.4864,-0.1074,-0.4314,0.1012
5.3,4.6,3.0,1.5,4.0,15.6,6.4,14.6,10.6,0.2463,-0.1655,-0.126,0.4245,0.2903,0.188,-0.563,-0.4849
5.3,5.0,1.0,1.8,2.7,3.6,6.6,19.0,18.6,-0.0013,0.7828,0.3645,0.1541,-0.2735,-0.1778,0.2889,0.1646
5.3,4.6,4.8,5.0,3.1,14.9,14.9,18.5,16.7,-0.0462,0.5647,-0.2742,0.3701,0.3621,-0.3418,-0.2377,0.3846
5.3,4.3,4.5,1.0,1.8,6.0,5.7,30.2,5.4,-0.1593,0.6089,0.1618,0.4173,0.0011,0.424,-0.2374,-0.3692
5.3,3.3,1.7,2.3,2.0,9.6,11.6,43.6,38.6,0.1905,0.962,0.1524,-0.0582,0.0082,-0.0112,0.0226,-0.0059
5.3,3.8,3.5,3.4,1.8,12.2,9.7,21.8,7.6,0.5951,0.6798,0.1274,-0.0786,-0.0668,0.065,-0.2658,0.2572
5.3,2.5,4.0,3.4,3.5,7.4,16.3,21.0,33.7,-0.0792,0.791,-0.1279,-0.1164,0.0978,0.1334,0.5351,0.0862
5.3,3.8,4.4,2.3,3.8,14.2,8.6,32.9,17.1,0.2142,0.9655,-0.0826,0.0137,-0.0203,0.0004,-0.0182,0.0015
5.3,1.4,2.8,1.6,2.3,12.2,3.7,13.1,5.0,0.5609,0.5743,-0.3504,-0.2631,-0.0934,0.3665,0.0077,0.1033
5.3,3.2,4.3,3.4,4.0,12.3,9.3,12.4,27.4,0.0668,-0.083,0.0162,0.3177,0.2516,0.0692,-0.8406,-0.2516
5.3,4.5,1.1,4.3,4.9,8.1,5.6,11.6,19.7,-0.375,0.9031,-0.0572,0.1121,0.0875,0.0565,0.0794,0.0328
5.3,2.0,2.5,4.6,2.5,21.3,6.0,9.3,7.6,-0.1154,-0.1339,-0.2342,0.0021,0.2959,0.2043,-0.8532,0.2027
5.3,3.4,1.9,4.9,2.0,20.2,16.8,17.1,30.9,-0.4683,0.2112,0.2917,-0.2169,-0.3126,0.2067,0.0041,0.6694
5.3,1.8,1.9,3.9,4.9,11.1,3.6,42.0,22.2,0.1596,0.7912,0.1625,0.3192,0.3376,0.2269,-0.1521,-0.1305
5.3,4.0,4.2,2.6,3.2,11.1,20.5,13.5,23.3,0.3703,0.7993,0.1669,0.2978,0.1828,-0.2314,-0.0543,0.0734
5.3,4.9,2.3,4.5,2.0,3.9,20.8,11.8,41.6,-0.3494,-0.189,-0.2502,-0.0575,0.3172,0.3847,-0.5448,0.4578
5.3,2.2,1.4,1.5,3.3,9.4,17.5,6.6,40.5,0.3918,0.9001,0.0972,-0.1131,0.016,-0.0527,0.0138,-0.0143
5.3,2.7,1.8,2.1,2.1,12.1,4.9,25.7,23.7,0.5524,0.7179,0.1683,0.2024,-0.2903,0.1055,0.0521,-0.0008
5.3,2.2,1.9,4.4,1.6,18.0,11.2,40.4,6.8,-0.0199,0.1976,-0.2098,-0.2366,-0.3199,-0.1782,-0.5756,-0.6096
5.3,1.1,3.7,2.7,3.3,20.3,18.9,14.9,7.6,-0.2933,0.0139,-0.3218,0.0902,0.5143,0.6003,-0.3624,0.1538
5.3,1.8,2.5,5.0,2.1,20.6,18.6,43.2,4.9,0.1744,-0.0794,-0.2293,0.0313,-0.36,0.4625,-0.6755,-0.282
5.3,4.2,1.4,1.0,4.1,21.4,2.3,19.5,31.3,0.4364,0.5876,0.1,-0.3829,-0.1719,0.4119,0.0038,0.3015
5.3,3.2,2.1,4.9,1.8,21.1,16.3,14.7,11.1,-0.5582,0.062,-0.3173,0.0985,0.3831,-0.0279,-0.1584,0.6234
5.3,4.5,2.9,3.3,1.7,9.8,19.6,36.6,21.5,0.0384,0.9604,-0.0391,0.1719,-0.0769,0.1687,0.0029,-0.0341
5.3,1.4,2.0,1.5,1.6,7.4,20.1,10.6,39.0,-0.3223,0.5873,-0.518,-0.0982,0.1433,0.1935,0.2841,0.3278
5.3,2.9,2.4,4.6,2.5,7.1,9.1,15.3,21.2,-0.7037,0.596,0.0485,0.0394,-0.0217,-0.0293,0.2332,0.282
5.3,1.3,2.7,2.5,4.4,18.5,13.9,10.1,15.5,0.1264,0.387,-0.5056,0.5588,0.1927,0.3661,-0.0054,-0.2798
5.3,2.8,4.8,3.1,1.7,4.5,19.0,18.7,19.2,-0.1768,0.4889,0.4048,0.2906,-0.1806,-0.4044,0.2155,0.4686
5.3,2.2,2.8,4.3,1.3,2.1,16.1,43.0,27.0,0.0591,0.0093,0.1221,-0.087,0.2271,-0.337,-0.8654,-0.1786
5.3,1.6,2.7,3.0,3.3,13.0,7.8,6.1,22.4,0.6521,0.7036,0.1277,0.0322,-0.0092,-0.0644,0.1456,-0.1359
5.3,1.2,3.8,3.2,3.3,17.8,4.2,10.9,7.8,0.0542,-0.2123,-0.3672,0.093,0.2513,0.6015,-0.5284,-0.295
5.3,4.1,1.4,4.7,2.5,11.6,17.4,39.1,4.5,0.2179,0.7991,-0.1181,-0.3388,-0.1701,-0.3263,0.0582,-0.1796
5.3,2.1,1.4,4.6,1.7,6.3,4.0,29.0,33.7,-0.7241,0.1769,0.1484,-0.3037,0.2317,-0.1973,0.0211,-0.4698
5.3,3.3,4.8,2.8,4.8,3.4,9.8,12.6,14.9,-0.0335,0.8813,-0.4248,0.0629,0.0566,0.0403,0.1179,0.0295
5.3,4.4,2.3,1.4,1.7,5.0,10.8,5.7,7.6,0.3083,0.6162,-0.0516,-0.0297,-0.1117,0.0568,-0.6338,0.3099
5.3,4.6,3.1,2.7,1.8,11.4,3.2,32.1,41.4,0.3624,0.8464,-0.1278,-0.2491,0.1348,-0.1975,0.0236,-0.0472
5.3,2.6,3.7,4.5,3.4,17.6,4.5,40.7,23.9,0.4811,0.1861,0.3013,-0.1013,0.418,-0.2159,-0.0799,-0.6109
5.3,2.5,4.9,4.1,2.7,17.1,13.9,36.2,5.9,-0.0545,0.2165,-0.1644,-0.3365,-0.2368,-0.3864,0.1108,-0.7548
5.3,4.8,4.3,1.8,4.6,18.2,10.9,31.3,8.3,0.0258,0.086,-0.2124,-0.3,0.1958,-0.2792,0.4828,-0.6895
5.3,1.5,4.4,3.5,3.0,14.3,5.6,8.0,6.9,0.6088,-0.0562,-0.2699,-0.027,-0.1103,0.4277,-0.09,-0.5747
5.3,3.1,4.8,4.2,2.6,14.5,20.8,9.5,25.0,0.538,-0.0817,0.3365,0.0521,0.3131,-0.4812,-0.2251,-0.4215
5.3,3.6,2.4,1.4,4.3,2.3,3.0,12.3,28.9,0.0316,0.2587,0.3172,-0.6283,-0.4764,-0.3335,-0.1578,-0.2217
5.3,4.0,3.8,1.9,3.7,17.2,16.6,11.9,35.6,0.1445,0.358,-0.0395,-0.6107,-0.4596,-0.1649,-0.4275,-0.1719
5.3,4.5,2.5,4.4,1.9,8.1,12.6,33.6,31.6,-0.4623,0.8717,-0.007,0.0322,-0.0174,0.0268,-0.1068,-0.0588
5.3,3.3,3.8,3.3,3.5,13.1,7.9,6.0,38.5,0.4849,0.86,-0.0305,-0.0079,0.0062,0.0093,0.0533,-0.033
5.3,3.6,4.7,4.4,2.4,8.0,15.8,14.4,35.8,-0.5005,0.8487,0.0096,-0.0001,-0.0028,-0.0007,0.1205,0.0725
5.3,1.3,3.3,1.3,1.3,14.7,17.3,17.3,25.8,0.3185,0.4351,-0.0762,0.2613,-0.2442,-0.3964,-0.3989,0.4802
5.3,3.8,3.7,2.5,1.8,4.0,7.7,30.9,24.4,-0.2481,-0.1271,0.0072,-0.075,0.0451,-0.0536,0.4623,-0.8184
5.3,3.2,3.1,4.1,4.7,17.3,11.8,39.5,40.2,0.0978,0.2843,-0.1144,-0.4348,-0.1499,-0.4237,-0.1637,-0.6707
5.3,1.4,3.4,2.3,1.4,3.6,6.1,22.0,41.1,0.5675,0.1445,-0.222,0.2112,0.269,-0.2485,0.068,0.6156
5.3,5.0,4.6,3.9,3.3,20.6,16.7,27.5,14.8,-0.358,0.2497,-0.374,0.3671,-0.5837,-0.2617,0.3181,-0.0446
5.3,2.0,2.8,3.8,4.2,3.8,14.9,43.9,19.1,0.0156,0.3769,0.0354,0.476,0.4604,0.1272,-0.5918,-0.1747
5.3,4.7,1.3,3.7,2.1,2.8,4.7,20.1,16.2,-0.3678,0.5634,0.065,0.3266,-0.0849,-0.3242,0.3562,0.4316
5.3,3.6,3.5,3.0,4.6,6.8,21.9,4.6,15.8,0.1614,0.4236,0.1478,-0.2081,0.1186,0.3699,-0.6365,0.3942
5.3,2.5,1.7,1.6,3.0,16.4,8.3,37.1,29.1,0.3854,0.134,0.0315,-0.1071,0.051,-0.1102,0.229,-0.8427
5.3,4.2,2.8,3.3,4.0,21.9,4.4,31.8,36.2,-0.2298,0.4715,-0.3209,-0.5142,0.041,-0.4048,0.0269,-0.4088
5.3,2.5,2.6,3.0,3.5,5.7,19.7,27.0,29.2,-0.4749,0.028,0.2932,-0.0732,0.4533,0.396,0.2031,-0.5009
5.3,1.0,1.5,4.6,2.7,2.6,11.5,38.1,10.8,-0.2855,0.4701,-0.4044,-0.019,-0.4152,-0.0178,-0.2693,-0.5196
5.3,4.2,1.7,3.1,3.3,20.7,20.1,39.4,22.3,0.0732,0.5254,0.4345,0.1831,0.4513,0.1753,-0.2848,-0.3979
5.3,1.1,2.3,4.0,4.5,20.5,6.2,29.3,22.7,0.4603,0.0367,0.5691,0.0642,-0.0753,0.5506,0.0124,0.3254
5.3,2.2,3.4,2.2,4.8,10.9,6.5,25.3,20.4,0.3192,0.8683,0.0473,0.1905,-0.2458,0.1519,0.0891,-0.053
5.3,1.6,2.9,3.8,4.1,8.8,8.7,23.7,31.3,-0.1987,0.9195,-0.2133,-0.0224,-0.0614,-0.0271,-0.0705,-0.0376
5.3,1.3,1.8,1.8,2.5,10.4,6.0,42.0,22.0,0.3974,0.8552,0.1305,0.1306,0.2459,0.0154,-0.0676,-0.0089
5.3,1.9,1.1,1.1,4.3,13.6,19.5,14.4,14.6,0.5979,0.3863,-0.3314,0.5036,0.0598,0.2105,0.0151,-0.2565
5.3,3.9,3.7,1.6,1.1,16.7,9.6,8.9,37.2,0.3679,0.8856,0.1811,-0.0675,-0.0184,-0.0011,0.0222,-0.0041
5.3,3.3,1.6,2.9,2.8,11.7,15.9,36.7,12.0,0.0857,0.7205,-0.3459,-0.1389,-0.4174,-0.1531,0.2218,-0.2496
5.3,2.6,4.1,2.7,4.7,16.4,9.7,9.9,27.9,0.013,0.0662,0.0972,0.2925,0.2621,-0.133,-0.7985,0.3812
5.3,1.7,2.2,1.1,4.3,16.7,8.6,8.4,35.3,0.3164,0.9286,-0.0692,0.0172,0.0282,-0.0023,0.0614,-0.0135
5.3,4.1,1.8,2.3,1.8,2.2,20.6,19.1,39.4,-0.1195,0.4922,-0.3464,-0.3481,0.3404,0.3501,-0.008,0.4832
5.3,2.9,5.0,1.4,1.9,4.7,8.9,25.6,15.6,-0.4675,0.5889,-0.1054,-0.0486,-0.0637,-0.0569,-0.4464,-0.4043
5.3,4.3,2.1,2.2,2.8,15.6,10.3,15.8,18.1,0.5478,0.3584,-0.3025,0.4611,0.0226,0.2767,-0.0017,-0.3788
5.3,1.8,1.4,3.4,4.4,21.2,10.9,15.2,43.7,-0.2942,0.1238,-0.4763,-0.3191,-0.0821,0.3795,-0.0327,0.6229
5.3,3.1,3.5,2.1,3.5,20.7,8.4,8.8,37.0,0.5881,0.784,0.0237,-0.0109,-0.0026,-0.0007,0.0216,-0.0214
5.3,3.4,1.7,4.4,4.7,15.5,5.5,13.5,34.1,-0.3055,0.3565,0.1514,-0.5348,-0.4245,0.2664,-0.3043,0.3265
5.3,2.0,1.4,4.1,3.9,3.8,10.0,37.7,11.6,-0.3734,0.6536,-0.2976,-0.1014,-0.3067,-0.104,-0.3144,-0.3353
5.3,2.8,3.4,2.7,2.2,15.3,16.1,11.1,17.9,0.0379,0.4023,-0.063,0.6064,0.4504,0.2,-0.4077,-0.1969
5.3,4.7,1.2,3.8,1.7,9.6,15.5,23.5,21.6,-0.0857,0.9422,-0.1569,0.1997,-0.0274,-0.1585,-0.0229,0.0256
5.3,1.1,1.0,1.0,3.0,11.0,8.4,42.7,30.2,0.7572,0.592,0.0838,0.0898,0.0365,-0.1761,0.0577,-0.0502
5.3,4.4,2.4,4.4,4.8,7.5,11.0,5.8,35.7,-0.4429,-0.0074,-0.0369,-0.1266,-0.0194,0.105,-0.0767,0.8548
5.3,2.4,3.6,3.8,2.2,7.3,9.7,34.8,39.9,-0.5722,0.7121,-0.0621,-0.0323,-0.0333,-0.0277,-0.2934,-0.2418
5.3,3.3,4.1,1.9,3.3,5.7,3.9,37.2,13.8,-0.1492,0.7962,0.2002,0.2118,0.1682,0.2171,-0.3744,-0.1711
5.3,3.0,4.7,2.3,2.0,4.8,20.4,26.1,37.8,0.1965,0.4863,-0.1658,-0.3575,0.4501,-0.1698,0.5222,-0.1905
5.3,3.2,4.9,4.5,3.5,4.7,9.9,24.0,13.5,-0.0437,0.0307,-0.2122,-0.322,0.2544,-0.2676,0.5259,-0.6332
5.3,4.8,2.5,4.3,1.0,18.3,7.6,17.6,14.7,-0.6565,0.1052,0.0001,0.0917,0.0125,-0.0849,0.0957,0.7177
5.3,3.0,1.4,3.6,4.6,2.7,15.1,4.7,5.9,0.1062,0.5063,-0.3819,-0.1712,-0.4723,-0.1205,-0.4728,-0.2989
5.3,3.1,4.5,4.3,3.4,21.3,11.4,15.5,36.7,-0.0385,0.2573,0.0196,-0.4417,-0.3052,0.3122,-0.4979,0.5185
5.3,3.6,3.9,3.0,3.0,2.2,18.2,42.5,20.3,0.1707,0.4367,0.251,0.3735,0.4737,0.152,-0.5193,-0.1994
5.3,3.1,1.5,1.1,4.1,9.0,11.4,13.5,36.4,0.4762,0.8743,0.0332,-0.0205,-0.0044,0.0021,0.0139,-0.0071
5.3,1.5,3.2,3.1,2.2,20.3,8.1,17.5,16.2,-0.3733,0.877,0.015,0.0102,-0.0111,-0.0094,0.2479,0.1107
5.3,3.4,1.5,4.5,3.1,20.8,5.4,10.1,8.6,-0.246,-0.1576,-0.2934,-0.0148,0.3712,0.3229,-0.6804,0.3269
5.3,5.0,2.6,3.3,4.3,9.3,11.1,27.9,37.0,0.0726,0.9687,0.2079,-0.0424,0.0042,0.0068,-0.0318,0.0015
5.3,3.3,2.5,2.8,2.9,3.4,12.7,7.7,14.2,-0.2728,0.1366,-0.606,0.2476,0.249,0.6089,0.064,0.1435
5.3,1.6,3.4,2.6,2.9,18.4,18.4,34.2,7.9,-0.2752,0.2103,-0.2684,-0.0701,-0.5685,-0.4276,0.3745,-0.3558
5.3,3.4,2.8,4.2,4.0,4.2,6.9,6.7,25.0,-0.0369,0.0437,0.081,0.0676,-0.1559,-0.287,-0.9288,-0.0374
5.3,3.4,1.5,4.2,1.9,9.2,6.7,38.0,16.0,0.0533,0.9359,-0.1974,-0.0517,-0.2229,-0.0455,0.0096,-0.0535
5.3,3.2,1.7,4.9,4.2,19.3,9.8,12.3,26.5,-0.3173,-0.1022,0.2534,0.3981,0.1799,-0.2473,-0.3831,0.6339
5.3,1.0,2.9,4.2,1.5,14.2,21.6,19.4,39.4,0.0685,0.6989,-0.2817,-0.3362,0.2831,0.3359,-0.0881,0.2956
5.3,1.5,2.5,3.9,2.5,14.7,9.2,41.8,38.9,0.6589,0.4255,0.2558,-0.1557,0.0483,-0.1267,0.2132,-0.4334
5.3,2.4,4.0,2.8,1.7,19.0,16.7,33.4,26.6,-0.2122,0.043,0.1742,0.0988,0.3588,0.4773,0.3988,-0.6047
5.3,4.3,3.5,1.6,4.2,19.0,6.6,38.1,7.5,0.5128,0.4636,-0.1679,0.1773,-0.2144,0.1868,0.319,-0.5041
5.3,2.9,1.9,2.4,4.9,14.1,10.9,38.3,21.2,0.4271,0.6616,-0.0889,0.2145,-0.2438,0.2318,0.311,-0.3092
5.3,2.1,3.5,4.6,2.9,20.1,4.0,15.4,18.9,-0.1313,0.5752,0.3943,0.472,0.0262,-0.3961,0.0054,0.3055
5.3,3.0,3.1,4.7,3.2,7.8,14.5,28.0,28.7,-0.6826,0.6869,0.03,-0.0352,0.0472,0.0061,-0.146,-0.1506
5.3,4.1,1.7,3.6,1.7,19.5,17.5,17.4,5.6,-0.21,0.1994,-0.3664,-0.192,0.4054,0.2084,-0.2764,0.6667
5.3,1.3,4.1,2.0,2.5,15.7,16.0,37.9,12.8,0.0969,0.687,-0.4254,0.1113,-0.4501,0.1131,-0.108,-0.2819
5.3,4.1,3.1,3.4,1.5,13.9,10.5,9.2,23.4,0.7268,0.2059,-0.1865,0.2871,-0.018,0.1886,0.0525,-0.498
5.3,1.1,4.1,2.5,3.5,13.0,6.7,15.8,24.0,0.3891,-0.12,0.1689,-0.2088,-0.131,-0.1765,-0.3304,-0.7316
5.3,2.1,4.9,3.7,2.2,17.9,21.1,14.3,38.4,0.1391,0.4744,-0.4555,-0.4462,-0.2059,0.4448,-0.0942,0.2359
5.3,1.3,3.8,1.1,3.0,18.5,21.0,35.7,37.8,0.2592,0.4761,-0.3112,-0.3994,-0.0488,-0.4801,-0.0295,-0.4318
5.3,2.8,5.0,1.3,1.4,5.2,6.7,27.1,28.7,-0.067,0.0754,0.0996,-0.2308,0.1901,-0.2181,0.273,-0.8533
5.3,2.7,3.0,2.2,1.7,8.4,19.6,18.2,17.0,0.0126,0.9878,0.0137,0.0037,-0.0099,-0.0037,0.123,-0.0006
5.3,3.5,2.2,4.0,3.2,7.5,16.4,27.1,25.6,-0.6926,0.6336,0.064,-0.0621,0.0794,0.0542,-0.1929,-0.2195
5.3,4.1,2.5,3.0,3.2,19.4,17.3,40.8,13.9,0.236,0.3223,-0.1336,0.3638,-0.2566,0.518,-0.4471,-0.3542
5.3,1.6,4.1,4.1,4.7,20.6,14.3,25.7,7.7,0.2046,0.288,-0.3317,-0.2254,0.5356,-0.1604,0.6178,0.0439
5.3,3.1,2.2,1.2,3.4,20.4,10.4,9.5,26.1,0.1503,0.1812,0.1419,0.1749,0.2029,-0.1685,-0.6795,0.5712
5.3,1.4,4.4,1.0,3.2,11.0,20.5,26.7,37.7,0.6219,0.5431,0.1137,-0.4338,0.0453,0.2476,0.0217,0.1753
5.3,3.3,4.7,4.7,2.3,18.3,2.7,16.2,19.4,0.1169,0.3683,0.5641,0.3153,0.1766,-0.5688,0.0265,0.1713
5.3,4.2,2.7,4.6,2.3,21.9,10.7,14.0,22.7,-0.4736,-0.0758,0.2466,0.2652,0.0969,-0.2053,-0.1926,0.7262
5.3,4.7,4.2,3.0,4.6,4.3,21.2,35.4,14.2,-0.3572,0.546,0.0962,0.4237,-0.0199,0.3989,-0.1739,-0.4241
5.3,4.0,2.7,1.3,2.9,18.4,16.5,26.7,37.4,0.3818,0.2501,-0.0959,-0.5822,0.3313,0.2944,0.3514,0.306
5.3,3.2,1.2,4.3,2.3,8.4,17.2,28.4,26.1,-0.4586,0.8735,-0.0235,0.0498,-0.0541,0.0057,-0.078,-0.0448
5.3,4.1,1.4,3.8,3.9,4.5,19.2,7.2,39.3,0.2048,0.2367,-0.2722,-0.3084,-0.4906,0.1604,-0.6377,0.2004
5.3,4.9,3.5,2.5,3.7,11.2,15.2,10.2,19.5,0.4331,0.7455,-0.3117,0.3345,-0.0354,0.1523,0.0295,-0.1024
5.3,3.1,1.9,1.1,4.8,12.1,9.9,43.3,10.7,0.7828,0.2171,0.0766,-0.2609,0.0155,-0.1982,0.0329,-0.4284
5.3,4.0,2.0,2.5,4.1,10.8,2.6,29.4,7.7,0.4092,0.7664,-0.1756,-0.3114,0.2205,-0.2201,0.0672,-0.0758
5.3,3.2,2.9,1.9,3.0,6.8,2.2,24.8,11.6,-0.4465,0.2638,-0.1737,0.0103,-0.4193,-0.2174,-0.1825,-0.6351
5.3,3.6,2.3,2.2,3.3,14.0,5.6,6.0,31.0,0.6223,0.0165,0.3305,0.0094,0.1515,-0.6092,-0.0708,-0.2747
5.3,3.9,4.3,2.4,2.2,15.9,7.9,12.2,4.8,0.7847,-0.0976,-0.0377,0.0386,0.0069,0.0228,-0.0829,-0.5812
5.3,2.5,2.3,2.3,4.6,20.7,9.0,4.9,40.9,0.46,-0.0559,0.079,-0.1632,-0.0578,-0.1293,-0.1795,-0.8067
5.3,3.5,1.2,4.2,2.2,9.4,21.1,18.6,5.8,-0.0733,0.9681,-0.029,-0.1511,0.0228,0.1501,0.0198,0.0264
5.3,1.9,4.4,3.9,1.7,6.3,16.4,20.3,18.0,-0.0215,0.4129,0.1488,0.2998,-0.2361,-0.2536,0.6826,0.2238
5.3,2.4,4.1,1.6,1.5,11.7,6.7,30.7,24.1,0.666,0.7221,0.1338,-0.0258,0.0278,0.0174,-0.043,0.0369
5.3,1.4,4.2,4.4,4.3,6.2,18.1,13.8,15.1,-0.4863,0.2987,-0.1463,0.4902,0.3417,-0.3123,-0.1821,0.3918
5.3,2.4,1.8,4.6,4.2,15.6,2.6,38.0,21.2,-0.0115,0.649,0.2731,0.3829,0.2736,0.3835,0.0052,-0.3408
5.3,1.0,3.6,1.3,1.2,22.0,9.9,24.9,8.5,-0.005,0.1224,-0.0458,-0.0774,0.098,0.0072,0.9618,0.119
5.3,1.4,3.6,4.2,1.4,5.4,19.3,41.0,8.6,-0.0169,0.2189,-0.0192,0.1247,-0.097,0.2234,-0.9052,-0.1716
5.3,3.6,4.8,3.7,1.8,11.7,5.5,36.0,12.7,0.1875,0.5793,-0.1828,0.0318,-0.2506,-0.001,0.6475,-0.2872
5.3,4.3,4.8,3.6,4.9,17.1,5.8,10.7,15.5,-0.3397,0.343,-0.0351,0.5542,0.3182,-0.3545,-0.2024,0.4145
5.3,1.8,1.4,3.2,1.0,10.2,18.7,28.4,40.7,0.1518,0.8931,-0.0328,-0.2878,0.2576,0.0722,0.0664,0.0234
5.3,4.1,3.2,2.2,4.3,20.4,10.5,27.4,5.9,0.0595,0.1445,-0.1326,-0.2628,0.3002,-0.0649,0.855,-0.1901
5.3,4.0,1.9,4.7,4.0,5.6,16.1,38.5,29.1,-0.2608,0.5928,0.108,-0.2594,0.1145,-0.2612,-0.5206,-0.359
5.3,4.3,3.7,4.6,1.8,14.3,20.6,26.0,25.1,0.6492,0.142,0.2561,0.0581,-0.3719,0.2245,0.0228,0.5198
5.3,3.4,2.6,2.4,1.7,6.1,21.2,5.3,20.6,0.2528,0.4678,0.2489,0.0443,0.4002,-0.2059,-0.6422,0.1531
5.3,3.7,3.4,1.2,1.2,11.4,14.3,16.0,31.7,0.6584,0.6267,0.1711,0.132,0.255,-0.1995,-0.0689,0.0455
5.3,1.6,2.4,3.4,4.7,7.5,13.2,4.4,43.3,-0.0587,0.7522,-0.1736,0.0325,-0.2168,0.0559,-0.5747,-0.099
5.3,2.9,1.1,1.7,2.1,4.4,3.1,31.1,12.4,-0.2714,0.5227,-0.2391,0.3667,-0.5261,0.2035,0.0747,-0.3482
5.3,2.3,2.8,2.2,1.1,18.3,8.7,24.0,11.8,-0.0434,0.1086,0.002,-0.0209,0.0253,0.0081,0.9004,0.3883
5.3,1.1,3.4,3.1,4.5,13.8,17.9,23.6,16.7,-0.0162,0.2486,-0.5164,0.2536,-0.2305,-0.6897,-0.0681,0.175
5.3,4.9,4.5,1.0,4.5,13.2,20.2,23.3,12.5,0.7053,0.647,-0.1386,0.0853,0.1723,-0.1303,0.0255,0.0257
5.3,3.5,4.4,3.4,1.5,5.3,6.8,38.2,36.2,-0.2248,0.8819,-0.1276,-0.0914,-0.125,-0.0908,-0.2844,-0.1075
5.3,3.6,3.0,3.6,4.5,16.8,18.1,10.4,5.1,0.3436,0.3063,-0.385,-0.4231,-0.4863,0.2753,-0.3381,0.1491
5.3,4.1,4.9,2.9,2.7,4.0,12.7,8.8,30.2,-0.2543,-0.0466,0.4083,0.1489,0.1177,-0.3766,-0.1831,0.7294
5.3,4.5,3.7,1.5,2.9,9.5,16.3,25.4,7.0,0.4159,0.8905,0.0628,-0.127,0.003,0.0695,-0.013,0.0154
5.3,3.2,2.5,2.5,1.1,20.7,6.4,21.2,16.7,-0.1752,0.7013,0.1597,0.1587,-0.1273,-0.1785,0.5614,0.2119
5.3,4.5,1.3,3.2,4.0,7.0,9.0,30.0,26.0,-0.538,0.7923,0.0411,0.0182,0.0144,0.0127,-0.2136,-0.1491
5.3,1.9,3.6,4.7,3.8,12.9,14.9,17.7,17.5,-0.0703,0.5919,-0.2362,0.3819,0.35,-0.3435,-0.2809,0.3317
5.3,1.1,4.1,3.0,3.7,6.3,19.2,12.0,19.8,-0.1085,0.2415,0.3551,0.5261,0.1893,-0.4024,-0.2626,0.4928
5.3,1.8,4.4,3.3,1.5,7.7,11.0,32.8,10.1,-0.5815,0.7549,-0.0852,-0.0065,-0.0148,-0.0172,-0.2109,-0.1663
5.3,1.4,2.3,3.4,1.7,6.6,5.8,12.3,41.1,-0.4957,0.0487,-0.3077,0.1766,0.4154,-0.0484,-0.2303,0.6075
5.3,2.3,3.5,3.3,3.3,20.8,4.7,39.6,11.7,-0.1138,0.2958,-0.0056,0.3096,-0.0431,0.3351,-0.579,-0.574
5.3,1.6,1.2,2.7,4.7,20.0,11.6,17.1,25.0,-0.1427,0.2465,0.512,0.3065,0.0162,-0.4413,0.0889,0.5795
5.3,2.2,1.6,3.3,2.8,17.1,8.0,42.3,38.8,0.6098,0.6911,-0.1768,-0.1313,-0.0462,0.1641,0.1336,-0.111
5.3,3.9,2.6,1.4,4.0,6.2,4.8,36.6,39.3,0.2123,0.7381,-0.3923,0.3331,-0.1217,-0.1771,-0.2123,0.0963
5.3,4.7,2.3,2.1,1.5,16.3,21.0,23.0,39.8,0.3573,0.5767,-0.2609,-0.3726,0.3371,0.3166,0.1527,0.2724
5.3,2.4,3.3,4.3,1.2,21.0,11.8,10.0,17.5,-0.2124,0.3025,-0.2842,0.4711,0.4865,0.2088,-0.4695,-0.1867
5.3,4.3,1.7,2.4,3.6,7.5,19.0,14.5,43.1,-0.1825,0.9577,-0.0266,0.0858,0.1103,-0.0219,0.1369,0.0319
5.3,4.7,3.7,1.4,1.2,12.4,5.7,33.5,43.5,0.6616,0.7193,-0.1672,0.0118,-0.054,-0.0329,-0.0321,0.0186
5.3,2.8,2.0,1.6,4.3,4.7,14.8,26.8,20.5,0.2264,0.4381,0.201,0.2841,-0.4215,0.144,0.6089,-0.2172
5.3,3.2,1.5,1.7,3.4,21.0,8.5,16.8,4.3,0.307,0.4336,-0.0226,0.0618,0.0928,-0.0507,-0.6607,0.4821
5.3,3.7,2.4,2.7,4.9,9.5,9.1,7.0,21.3,0.2002,0.9694,-0.096,0.013,0.023,0.0001,0.0158,-0.0006
5.3,3.7,1.5,3.3,3.6,16.8,6.5,5.3,27.3,0.5059,-0.0168,0.1765,-0.1676,0.2971,-0.3659,-0.2585,-0.6097
5.3,1.7,3.6,2.7,2.0,3.6,10.2,24.5,16.5,-0.1179,0.708,-0.5923,0.0121,-0.0692,-0.1665,-0.2289,-0.1001
5.3,3.2,4.9,2.1,4.9,12.9,19.6,26.3,39.5,0.3278,0.6177,-0.2084,-0.4032,0.4281,0.1316,0.2759,0.0901
5.3,3.6,1.2,1.8,5.0,7.8,7.7,26.0,22.8,-0.3036,0.8271,0.0855,-0.064,0.1895,-0.0271,-0.3399,-0.1606
5.3,3.0,4.6,4.4,1.7,6.9,9.7,8.4,31.7,-0.7873,0.1185,0.1077,0.1041,-0.0096,-0.0694,0.0693,0.5647
5.3,4.9,4.4,3.0,4.2,17.5,6.5,31.1,25.1,0.1124,-0.2168,0.1657,-0.2231,0.2411,0.1394,0.7666,0.3854
5.3,2.1,3.2,4.5,2.2,6.6,7.6,29.6,9.6,-0.8229,0.1764,0.0076,0.0391,-0.0047,0.0283,-0.1049,-0.5138
5.3,3.2,1.0,1.8,1.1,10.5,12.3,14.5,39.4,0.4358,0.7946,0.1996,-0.2858,0.0338,-0.1781,0.0142,-0.0849
5.3,2.7,3.7,4.1,3.3,20.8,9.5,11.3,17.6,0.3347,0.0882,-0.3451,0.4999,0.1509,0.3128,-0.2145,-0.5354
5.3,1.9,3.1,3.7,1.5,9.9,19.9,4.9,34.6,0.4224,0.5879,0.2103,0.2662,0.453,-0.2968,-0.1115,0.0641
5.3,3.6,1.4,3.1,1.0,13.0,18.3,31.0,36.5,-0.1686,0.3846,0.2125,-0.4552,0.5172,0.1561,0.472,0.1245
5.3,1.4,3.2,3.9,3.0,10.4,16.1,23.6,29.1,0.3699,0.6748,0.2663,0.2463,-0.4684,-0.0435,0.0967,0.1504
5.3,1.0,1.6,4.7,3.1,4.1,7.3,18.0,25.9,-0.4189,0.0381,0.0766,-0.1637,-0.0861,0.1595,-0.0092,0.8607
5.3,4.9,4.8,1.8,1.4,6.1,18.7,25.7,29.2,0.1984,0.1273,-0.0339,-0.0269,0.0746,0.2664,0.4587,-0.7806
5.3,4.8,3.5,1.3,3.3,12.1,17.7,31.4,14.7,0.5787,0.677,-0.3763,0.2029,-0.0598,-0.0309,-0.0834,0.0479
5.3,4.6,4.0,3.5,3.0,15.4,14.2,10.3,35.6,0.1537,0.3142,0.3149,-0.6307,-0.2524,-0.3495,-0.2166,-0.3507
5.3,3.1,3.8,1.4,2.7,6.2,18.1,20.8,17.6,0.155,0.7809,0.2765,0.0895,-0.2798,-0.0875,0.4247,0.0257
5.3,1.2,4.0,2.1,2.2,18.4,12.2,24.9,36.8,0.4973,0.5523,0.3689,-0.3826,-0.0308,0.2237,-0.0972,0.2698
5.3,1.8,3.8,4.7,1.9,17.8,10.8,35.9,38.8,0.1476,0.2736,0.1085,-0.3314,0.1547,-0.323,0.3817,-0.6886
5.3,2.8,2.5,1.4,3.8,5.8,9.8,34.8,39.9,-0.4012,0.3416,-0.2117,-0.1306,-0.0945,-0.1564,-0.3956,-0.6414
5.3,1.1,2.0,4.0,3.2,16.1,11.7,9.7,37.7,0.0254,0.2746,0.094,-0.5652,-0.4024,-0.2438,-0.4969,-0.3228
5.3,3.3,3.7,3.6,2.3,20.9,10.3,4.6,13.2,0.0623,0.5184,-0.1515,-0.1273,-0.3161,0.0212,-0.7584,0.0027
5.3,4.4,2.6,2.3,1.1,11.9,11.8,38.0,17.7,0.1252,0.9126,-0.1691,0.0703,-0.2304,0.0655,0.1831,-0.0678
5.3,2.3,4.5,4.7,3.9,9.7,11.6,21.3,14.9,0.0791,0.8692,-0.2199,-0.0655,0.3478,0.0179,0.2078,0.0689
5.3,4.0,1.5,1.1,1.6,5.1,15.1,34.2,34.3,0.177,0.7601,0.0269,-0.362,0.2553,-0.3639,0.0341,-0.1966
5.3,2.5,1.4,1.3,2.0,14.2,5.7,42.6,4.6,0.6244,0.6408,-0.239,-0.0819,-0.3336,0.0682,-0.0939,-0.0237
5.3,4.3,1.3,1.8,3.6,7.3,5.0,42.1,32.2,0.4191,0.4234,-0.086,0.1,-0.0683,-0.1477,-0.4557,0.5583
5.3,2.4,1.5,3.5,2.2,18.4,10.0,17.2,15.7,-0.1883,0.8118,-0.2951,0.0459,0.4141,-0.0011,-0.0693,0.1389
5.3,3.9,1.2,4.7,1.9,2.3,13.8,31.5,42.6,-0.3506,-0.1834,-0.1757,-0.1077,-0.2234,-0.5093,0.5076,-0.4534
5.3,4.4,3.7,2.8,3.5,7.0,5.4,27.9,27.3,-0.5697,0.6817,0.0232,-0.1847,0.0925,-0.1463,-0.2487,-0.2577
5.3,4.8,2.7,3.2,1.3,15.7,7.6,26.3,11.4,0.2063,-0.1617,-0.069,0.0574,-0.0576,-0.087,0.5998,0.7241
5.3,2.1,3.1,4.3,2.8,9.3,22.0,26.6,11.9,0.0278,0.9135,-0.1249,-0.2886,0.0993,-0.1786,0.022,-0.0439
5.3,1.3,2.1,2.7,3.7,12.1,12.3,43.0,8.8,0.2342,0.4209,-0.2955,-0.3762,-0.4711,-0.2032,-0.4147,-0.2863
5.3,1.2,4.9,2.7,2.1,7.1,4.5,22.5,35.7,-0.4154,0.0587,-0.0538,0.0683,0.2807,0.3043,0.1205,-0.6696
5.3,4.4,3.0,1.3,4.1,4.2,20.7,38.7,39.0,0.1766,0.7481,-0.4234,0.0458,-0.2548,-0.0859,-0.3535,-0.0526
5.3,4.6,3.3,1.5,4.5,4.1,13.0,18.1,28.2,0.0268,0.7467,0.2486,-0.4145,-0.2223,-0.2757,0.2153,-0.0945
5.3,3.7,1.1,4.5,3.6,3.0,2.2,14.0,14.6,-0.4537,0.2721,-0.2221,0.4311,0.3818,-0.2763,-0.1686,0.4742
5.3,3.6,3.9,1.3,1.4,13.8,8.6,23.7,37.7,0.4856,0.8596,0.0034,-0.0032,0.0022,-0.0013,-0.0011,-0.0003
5.3,4.1,2.5,3.2,3.2,10.2,4.2,19.5,9.3,-0.0496,0.8232,-0.1457,-0.0908,0.1598,0.1002,-0.3401,-0.0572
5.3,4.1,3.6,4.7,4.8,13.5,9.0,7.7,37.8,0.5969,0.663,0.3172,-0.1109,0.0407,-0.0712,0.1519,-0.1782
5.3,4.0,1.7,3.9,1.0,8.9,17.7,28.6,38.9,-0.3719,0.8901,0.1151,-0.1538,0.0684,0.1138,-0.0468,-0.0092
5.3,3.5,1.9,4.4,5.0,10.0,15.8,29.2,39.5,0.0679,0.7587,0.0504,-0.4818,0.3167,0.1863,0.1558,0.0849
5.3,1.9,4.8,3.6,2.5,2.0,11.9,5.4,10.4,0.053,0.3105,-0.2074,-0.1418,-0.3429,0.0103,-0.8393,-0.0804
5.3,4.6,2.5,3.7,1.5,18.3,10.7,9.4,31.7,0.0462,-0.0046,0.29,0.2704,0.3641,-0.2589,-0.6749,0.3931
5.3,2.8,4.8,3.9,1.0,7.5,4.5,12.2,31.3,-0.7418,0.5962,0.0077,-0.0697,-0.0289,0.0497,0.1682,0.2186
5.3,2.3,3.3,1.0,2.9,11.5,14.2,11.1,34.9,0.6109,0.7174,0.242,-0.1985,-0.0057,-0.0216,0.0417,-0.0394
5.3,4.8,2.1,2.2,2.6,17.2,5.2,40.9,18.2,0.0652,0.6436,0.1332,0.3479,0.4167,0.2918,-0.3433,-0.2109
5.3,2.3,2.4,4.3,1.1,6.6,6.3,17.7,33.1,-0.6376,0.5988,-0.0206,-0.0764,0.0156,0.0745,0.3109,0.342
5.3,4.1,3.0,2.3,3.7,4.8,14.1,27.9,11.4,-0.3956,0.2694,-0.5435,0.2164,-0.186,-0.4602,-0.2145,-0.3361
5.3,3.5,1.8,4.8,1.3,19.3,8.2,7.4,4.5,0.005,-0.0082,-0.0192,0.0102,0.0214,0.0203,-0.8602,-0.4932
5.3,1.4,3.4,1.0,4.8,13.8,4.1,9.9,40.6,0.5266,0.5368,-0.2547,-0.289,-0.181,0.4028,-0.1155,0.247
5.3,4.8,1.7,4.3,4.1,17.4,17.9,18.0,32.6,-0.1527,0.4268,0.3069,-0.3621,-0.3935,0.3288,-0.1645,0.5116
5.3,1.3,3.8,4.8,4.6,16.3,15.1,25.4,20.2,0.0196,0.44,0.0289,0.5128,-0.4161,-0.269,0.419,0.323
5.3,1.9,1.8,3.3,2.8,11.3,2.5,8.7,41.6,0.3678,0.726,-0.1673,-0.3524,-0.388,0.045,-0.1228,-0.0074
5.3,1.3,4.5,1.7,4.7,7.7,20.2,8.8,29.4,-0.3384,0.6285,0.196,-0.2649,-0.5547,-0.0155,0.0719,0.2099
5.3,4.9,3.9,2.4,4.8,9.4,19.1,23.2,41.2,0.1855,0.9247,0.0539,-0.2286,0.0629,0.1773,-0.043,0.0465
5.3,3.9,4.2,4.7,2.6,13.2,14.4,32.4,29.1,-0.1299,-0.1301,0.307,0.0123,0.2073,0.7179,0.5207,0.0004
5.3,1.9,2.1,1.6,3.4,4.6,13.2,26.1,36.1,0.222,0.3015,-0.0166,-0.5939,0.3721,0.2888,0.3809,0.327
5.3,4.7,4.3,2.9,5.0,15.0,18.2,41.0,25.7,0.3262,0.6272,0.403,0.1391,0.4529,0.1043,-0.1908,-0.2166
5.3,2.5,4.8,4.8,2.0,17.8,9.8,29.7,38.3,0.0115,0.0189,0.0811,-0.3206,0.2775,0.1043,0.8036,0.3268
5.3,4.3,2.0,3.5,5.0,16.6,10.9,11.1,40.3,0.1214,0.1479,-0.1155,-0.5178,-0.4349,-0.0851,-0.6669,-0.1102
5.3,5.0,1.8,2.3,3.2,5.4,7.0,8.1,4.4,-0.1142,0.1315,-0.2227,-0.0437,0.4804,0.3666,-0.5891,0.4326
5.3,3.6,1.7,3.9,2.3,9.1,6.3,20.6,25.6,0.2429,0.5271,0.0764,-0.059,-0.0063,-0.1365,0.3798,-0.4513
5.3,4.8,3.5,2.9,1.1,13.3,15.8,30.8,9.2,0.6972,0.3507,-0.3057,-0.1847,0.4123,-0.1619,0.0395,0.2074
5.3,2.8,1.8,4.3,2.5,4.1,5.8,14.8,18.2,-0.3266,0.5928,0.3281,0.4372,-0.053,-0.3444,0.0566,0.3158
5.3,4.9,4.3,1.4,2.0,14.9,11.6,19.1,25.1,0.4048,0.6174,0.121,0.0563,0.2439,-0.1377,-0.5016,0.2851
5.3,1.8,3.4,1.3,1.3,18.8,15.5,17.1,10.7,-0.1664,0.3278,-0.2662,-0.1378,0.5268,0.2275,0.1777,0.6246
5.3,2.2,2.4,1.0,3.2,10.5,13.2,15.9,7.2,0.5935,0.5886,-0.1214,-0.379,-0.2259,-0.226,-0.0992,-0.102
5.3,2.9,1.6,1.8,2.9,4.8,19.4,35.5,14.5,-0.0215,0.6034,-0.0355,0.4706,-0.1536,0.4684,-0.0875,-0.3812
5.3,3.4,4.7,2.3,1.9,11.1,2.0,11.8,38.6,0.2456,0.7573,-0.0865,-0.4268,-0.3487,-0.1011,-0.1578,-0.0496
5.3,4.7,1.7,1.4,1.8,4.9,5.4,4.2,37.1,0.2701,0.8093,-0.1316,-0.0712,-0.3146,0.029,-0.3672,0.0721
5.3,1.6,3.6,2.5,4.2,9.5,20.2,25.3,6.2,0.1801,0.9182,-0.0563,-0.223,0.2217,0.0774,0.0513,0.0213
5.3,1.3,4.8,2.8,2.1,10.1,2.9,33.3,9.9,0.4784,0.7553,-0.3054,-0.1537,0.0192,-0.2,-0.097,0.0385
5.3,2.3,2.6,3.6,2.0,21.5,21.8,12.9,29.1,-0.4096,0.0192,0.3216,-0.1414,-0.4348,0.0112,-0.3271,0.6264
5.3,1.8,2.7,3.6,5.0,15.2,12.5,30.0,4.9,0.1251,0.2789,-0.1909,-0.512,0.4841,-0.0721,0.5896,-0.0666
5.3,4.0,3.3,4.5,1.8,16.4,5.0,13.5,27.7,-0.0866,-0.0546,0.2188,-0.0473,-0.2942,-0.1031,-0.8714,0.2491
5.3,4.5,3.0,3.4,1.5,20.9,15.3,14.6,37.5,-0.0988,0.2668,-0.111,-0.5327,-0.2796,0.3652,-0.3625,0.5018
5.3,3.1,3.5,4.2,1.8,8.0,21.6,11.6,39.4,-0.6126,0.7643,-0.0128,0.016,0.0208,0.0001,0.1309,0.1076
5.3,2.8,4.7,1.2,1.0,13.4,2.5,35.0,43.4,0.7333,0.4226,-0.3172,-0.13,0.0736,-0.3569,-0.0471,0.0436
5.3,2.1,4.5,1.6,2.8,6.3,13.4,17.3,31.8,-0.0031,0.8953,0.0637,-0.188,-0.36,0.0579,0.0932,0.0391
5.3,3.3,4.4,3.9,1.8,13.5,6.5,4.3,42.4,0.6594,0.584,-0.0977,0.0117,-0.1374,0.0338,0.2566,-0.3257
5.3,1.8,4.9,4.0,2.2,15.0,21.0,19.8,23.5,0.3451,0.5095,0.3988,0.1196,-0.3847,-0.1196,-0.2004,0.4743
5.3,1.5,2.7,1.1,4.6,5.0,3.2,28.6,25.7,0.1829,0.3413,0.6839,0.0012,0.1911,0.419,-0.26,-0.2681
5.3,3.9,2.4,1.0,2.0,9.0,2.1,10.5,24.9,0.4877,0.8672,0.0193,0.0347,0.0392,-0.0034,0.01,-0.006
5.3,1.3,4.1,3.6,5.0,5.7,7.0,23.0,36.6,0.2095,0.9156,-0.1002,-0.0781,0.2521,-0.0174,0.0549,0.0228
5.3,4.2,3.0,2.7,3.3,7.1,9.2,9.8,12.8,-0.4812,0.8189,-0.0954,-0.0213,0.0315,0.0202,0.2359,0.1451
5.3,4.6,4.5,4.3,3.3,17.3,8.5,39.2,26.5,-0.0695,0.0386,0.0152,0.0834,-0.0009,0.0931,-0.3173,-0.9188
5.3,1.6,1.8,1.0,3.9,7.3,20.4,26.7,28.0,-0.1097,0.6048,0.3319,-0.4183,0.3095,0.3207,-0.3095,-0.0187
5.3,4.0,1.5,3.6,2.3,12.9,2.1,41.9,41.4,0.4052,0.7199,-0.1915,-0.2974,-0.3496,-0.1705,-0.0564,-0.135
5.3,4.8,3.3,1.7,1.8,9.9,6.7,36.6,28.4,0.4065,0.9082,0.0418,-0.004,0.0216,0.002,-0.0037,0.0005
5.3,4.5,4.0,2.5,3.7,19.2,4.1,23.6,30.3,0.1505,0.1411,-0.0565,-0.284,-0.0402,0.5272,0.6554,0.3663
5.3,1.8,2.8,1.2,3.6,16.0,14.7,10.0,16.7,0.6018,0.4967,-0.3013,0.4595,0.0189,0.1874,0.0279,-0.1998
5.3,3.4,4.7,1.7,1.0,3.9,3.1,9.8,27.0,-0.1513,-0.0405,0.0992,0.0593,-0.3269,-0.3816,-0.5459,0.6266
5.3,4.8,2.7,3.1,1.5,13.9,4.7,23.5,32.8,0.5101,0.1624,0.2053,-0.1513,-0.3034,0.3155,0.0239,0.6511
5.3,4.7,4.8,2.9,4.0,15.4,2.7,42.4,43.0,0.551,0.5556,-0.337,-0.0914,-0.4508,0.0433,-0.1067,-0.1638
5.3,3.4,4.0,1.7,1.1,17.5,12.9,13.7,41.7,0.1215,0.0998,-0.2326,-0.3095,-0.3805,-0.0371,-0.7938,-0.1105
5.3,4.0,2.9,4.2,1.4,11.6,11.7,41.9,12.2,0.3308,0.5015,-0.2039,-0.4275,-0.3573,-0.3353,-0.1016,-0.3721
5.3,2.5,3.8,2.7,1.0,7.7,13.2,7.9,13.2,-0.6406,0.6576,-0.1223,0.0654,0.022,0.0864,0.2419,0.237
5.3,1.0,1.3,2.7,3.9,17.9,19.7,8.5,36.1,-0.0288,0.4564,0.0701,-0.5391,-0.4682,-0.2096,-0.4146,-0.204
5.3,1.9,3.4,2.6,1.1,12.8,12.4,15.5,10.1,0.2438,0.2688,-0.2091,0.0373,-0.3264,0.4787,-0.6336,0.248
5.3,3.8,3.7,2.1,3.9,9.3,9.9,16.8,35.3,0.2255,0.9638,0.0969,-0.0226,-0.0286,0.0031,0.0373,-0.0053
5.3,2.5,2.4,2.3,1.2,16.6,17.0,8.9,28.4,0.3759,-0.0684,0.3521,-0.0697,0.4082,-0.4618,-0.519,-0.2299
5.3,4.3,1.7,4.9,1.9,7.6,14.0,15.9,16.9,-0.6134,0.7524,0.0503,0.0489,-0.0262,-0.0366,0.1576,0.134
5.3,1.4,1.1,1.4,2.4,18.8,9.7,9.5,36.6,0.5258,0.8041,0.1861,-0.1087,0.0028,-0.011,0.0223,-0.0193
5.3,4.1,3.3,3.9,4.3,10.7,21.6,31.1,18.2,-0.0432,0.7073,-0.0227,0.4815,-0.4305,0.0603,0.2389,-0.0388
5.3,1.7,1.5,1.7,4.4,2.0,13.1,23.8,17.4,0.3328,0.4618,-0.3845,0.4578,-0.1275,-0.3646,-0.1399,0.3445
5.3,4.3,1.3,4.1,1.3,19.6,2.6,15.3,9.7,-0.3557,-0.055,-0.2847,0.0853,0.3378,-0.036,-0.3974,0.7021
5.3,2.9,4.6,1.5,4.5,19.2,11.8,27.3,7.9,0.1746,0.3206,-0.2063,-0.2096,0.3429,-0.1288,0.7425,-0.2657
5.3,2.1,3.4,2.0,3.2,4.1,17.7,40.6,29.5,0.2655,0.5425,0.3003,-0.3068,0.3427,-0.3488,-0.3834,-0.1989
5.3,2.2,2.8,4.3,1.1,14.2,11.0,39.5,38.9,0.397,0.4826,0.2849,-0.3029,0.1447,-0.2915,0.2445,-0.485
5.3,2.1,1.4,2.1,1.8,17.9,16.4,18.8,22.2,0.2629,0.3892,0.1558,0.4274,-0.1649,-0.4265,-0.0631,0.5841
5.3,3.5,4.2,3.5,1.7,8.3,8.5,16.7,17.3,-0.3166,0.9359,-0.0116,-0.0039,0.0058,0.003,0.1185,0.041
5.3,2.6,1.7,4.5,4.7,18.2,19.8,6.1,9.1,0.3647,0.1957,-0.3434,0.1159,-0.5221,0.3236,-0.3838,-0.4001
5.3,3.6,2.5,2.7,3.1,5.4,18.5,24.2,34.4,-0.2644,0.4776,0.2601,-0.2317,0.6359,0.1745,0.3075,-0.1166
5.3,2.0,1.1,3.0,2.6,5.5,8.7,39.9,7.9,-0.1852,0.4943,-0.0022,0.0017,-0.003,-0.0029,-0.7844,-0.2885
5.3,5.0,2.2,1.7,2.9,16.5,7.6,19.6,5.9,0.3886,0.6791,-0.0947,0.0557,0.1188,-0.0574,-0.4969,0.3008
5.3,3.9,2.5,2.9,2.6,14.6,10.4,43.1,23.9,0.6868,0.1834,-0.1566,0.3295,-0.0069,0.2308,0.0177,-0.5269
5.3,4.4,3.7,2.9,1.1,18.6,11.0,11.9,17.3,0.2234,0.503,-0.5847,0.41,0.0325,0.2862,0.0729,-0.2381
5.3,4.4,3.1,3.0,2.3,18.6,18.3,16.0,8.6,-0.2666,0.1772,-0.3336,-0.0871,0.5253,0.2449,-0.3993,0.5148
5.3,2.8,2.3,1.0,1.9,13.6,2.5,20.4,39.1,0.5881,0.5471,-0.0073,-0.3578,-0.0025,0.3621,-0.0334,0.2711
5.3,2.2,4.7,2.3,2.0,15.3,10.7,33.8,17.5,0.4198,0.7044,-0.4039,0.285,0.0373,-0.1455,-0.0827,0.1411
5.3,1.3,4.5,4.6,1.7,22.0,2.1,11.7,15.2,-0.5683,0.1481,-0.3226,0.3168,0.4551,-0.1145,-0.2197,0.4121
5.3,2.4,1.3,1.1,2.2,6.1,7.1,14.4,29.6,-0.1791,0.8196,-0.2476,-0.1576,0.1568,0.1695,0.3358,0.1594
5.3,1.9,3.6,1.5,2.6,20.9,18.8,43.6,33.8,-0.1214,0.2505,0.3429,-0.4576,-0.4988,-0.4989,0.0079,-0.1649
5.3,3.6,1.6,3.0,2.9,10.0,3.5,18.1,19.1,0.1267,0.8809,-0.1331,0.2432,0.2192,-0.238,-0.0631,0.1092
5.3,2.7,4.2,4.6,3.9,9.1,7.9,34.6,10.8,0.0728,0.9838,0.013,0.001,0.0033,0.0013,-0.0044,0.0017
5.3,2.9,4.4,1.8,4.0,8.6,18.3,9.4,42.7,0.1329,0.9832,0.0061,-0.0356,-0.0153,-0.0156,0.0584,-0.0072
5.3,1.4,1.6,2.5,1.9,11.7,7.1,15.4,18.2,-0.1564,0.7707,0.2862,0.3376,-0.1159,-0.3134,0.0929,0.2056
5.3,4.6,3.0,2.6,3.5,20.7,9.3,26.6,20.3,0.3617,-0.1898,-0.065,0.2951,-0.1257,-0.1622,0.4908,0.6329
5.3,2.2,4.8,1.6,4.4,13.7,9.5,36.3,6.4,0.0172,0.2407,-0.0799,-0.1427,0.1907,0.0245,0.8836,0.1451
5.3,1.6,3.9,3.1,4.5,21.4,16.0,39.2,12.4,0.0306,0.6294,-0.4042,0.2479,-0.4032,0.2478,-0.1127,-0.3509
5.3,1.3,2.7,4.2,1.8,17.7,16.7,20.5,32.8,-0.0933,0.3523,0.2259,-0.3245,-0.2732,0.3401,0.3842,0.5942
5.3,4.3,4.7,4.9,3.7,21.1,17.0,14.1,10.4,-0.5585,0.1295,-0.353,0.1392,0.4958,0.1022,-0.1821,0.4733
5.3,3.5,1.9,1.5,3.2,5.3,20.7,13.5,29.8,-0.1017,0.7242,0.118,-0.3737,-0.4286,0.262,-0.0071,0.2073
5.3,1.3,3.2,2.3,1.1,18.3,18.6,22.9,41.8,0.3571,0.3112,-0.3813,-0.2741,0.4632,0.2071,0.2946,0.4302
5.3,4.5,1.0,4.8,2.7,21.4,2.8,23.4,11.8,-0.0473,0.2669,0.0525,0.1122,0.081,-0.3209,0.8452,0.2558
5.3,2.0,3.4,3.5,4.7,7.1,5.0,7.4,30.4,-0.3191,0.0473,0.2832,0.0562,-0.4354,-0.2237,-0.3477,0.6562
5.3,1.5,4.1,2.0,3.8,17.5,18.2,20.3,21.9,0.1291,0.4978,0.265,0.409,-0.2936,-0.4043,0.0911,0.4668
5.3,4.5,4.3,4.8,2.2,12.2,3.7,38.7,27.6,0.4127,0.6739,0.2382,0.0555,0.2414,0.0548,0.3623,-0.3156
5.3,2.1,1.8,4.5,3.0,7.5,17.3,32.1,18.2,-0.6718,0.5731,0.2445,0.164,0.0647,0.1049,-0.1777,-0.2704
5.3,2.7,4.0,4.8,3.4,4.0,11.7,4.6,4.3,-0.0697,0.3201,-0.1579,-0.2179,-0.3078,-0.1262,-0.7377,-0.3974
5.3,4.8,4.4,2.4,3.5,12.9,2.1,12.4,36.8,0.1514,0.5841,-0.0898,-0.5303,-0.4641,-0.0517,-0.3262,-0.0403
5.3,4.9,3.3,4.4,1.5,8.2,8.5,34.5,38.7,-0.4611,0.8742,0.0042,0.0022,0.002,0.0015,-0.1061,-0.0567
5.3,1.9,3.3,1.8,1.5,9.7,20.8,40.4,20.0,0.2924,0.9096,-0.1158,0.1743,-0.0597,0.1486,0.0341,-0.0465
5.3,2.2,2.8,4.3,1.8,3.1,4.1,38.3,14.9,-0.2946,0.4843,0.0276,0.2421,-0.0001,0.2512,-0.5671,-0.4627
5.3,4.9,3.5,4.6,1.3,9.0,14.0,27.5,9.6,-0.3601,0.9148,0.0451,-0.0986,0.0773,0.0507,-0.0341,-0.0132
5.3,3.2,1.5,3.8,1.7,11.5,6.2,34.8,19.4,-0.0161,0.865,0.1922,0.3082,0.0639,0.2859,-0.0332,-0.117
5.3,1.2,2.3,1.6,2.3,15.3,17.4,37.0,18.2,0.3837,0.6311,-0.1127,0.3345,-0.2051,0.3534,0.1833,-0.3364
5.3,2.7,4.6,4.4,4.0,5.2,5.4,28.8,34.8,-0.4652,0.4307,-0.1326,-0.5353,0.127,-0.3576,0.0646,-0.3465
5.3,4.6,2.2,2.6,1.6,8.1,8.1,22.5,7.0,0.2042,0.8745,-2.252e-05,-0.0012,-0.0009,-0.0016,0.4042,-0.1012
5.3,3.9,2.9,4.3,4.7,2.5,7.7,41.1,25.4,-0.1149,0.1537,-0.0231,-0.0147,0.0024,-0.0795,-0.7674,-0.582
5.3,1.7,1.8,4.6,3.3,3.7,4.4,7.5,4.6,0.2968,-0.0732,-0.2907,0.0159,-0.4046,0.5481,-0.5024,-0.3057
5.3,4.8,3.6,1.7,2.7,5.6,20.3,43.7,8.6,0.3093,0.353,0.0854,0.1395,0.0593,0.4276,-0.6088,0.3894
5.3,1.4,4.1,4.0,3.4,4.7,4.2,10.9,18.4,-0.1624,0.4355,0.2052,0.6114,0.2468,-0.3683,-0.2403,0.3138
5.3,4.3,2.9,1.4,2.1,6.8,10.2,24.9,31.6,-0.1977,0.1326,0.1173,0.0974,0.0424,0.1267,-0.2874,-0.856
5.3,2.1,3.1,1.8,1.2,20.1,15.5,26.5,38.5,0.231,0.2634,-0.1181,-0.5469,0.3941,0.2524,0.4682,0.3057
5.3,2.7,1.4,1.7,2.5,13.4,20.1,11.0,18.6,0.247,0.4251,0.0683,0.6026,0.4105,0.2183,-0.3504,-0.182
5.3,3.2,3.7,2.7,1.9,11.8,2.4,43.6,15.8,0.2601,0.176,-0.6949,0.0742,0.0829,0.5729,0.1519,-0.1043
5.3,2.6,2.3,1.5,4.7,8.3,11.7,41.4,30.4,0.4258,0.8499,0.0381,-0.0595,0.0427,-0.0643,-0.2244,0.1139
5.3,2.2,4.0,1.1,1.3,6.7,11.9,32.7,36.4,0.2842,0.5974,0.0177,-0.5499,0.3007,0.2142,0.147,0.1449
5.3,3.6,1.5,1.3,2.3,19.5,18.4,15.0,20.0,0.3434,0.4152,0.2125,0.3759,0.2236,-0.4336,-0.221,0.4671
5.3,2.4,4.8,4.3,3.7,8.0,11.6,17.3,27.0,-0.444,0.8658,0.0115,-0.0114,-0.0263,-0.0088,0.1816,0.0949
5.3,2.7,3.7,3.1,2.3,11.1,12.9,25.5,11.7,0.367,0.4927,-0.2835,-0.3862,0.5026,0.0918,0.3037,0.1375
5.3,4.7,3.5,1.9,1.5,15.9,13.6,4.9,23.5,0.6851,0.344,-0.0569,0.3213,-0.0063,0.2832,0.0861,-0.451
5.3,4.5,2.6,2.4,1.3,14.1,5.2,34.2,39.9,0.4678,0.6929,-0.3483,-0.2306,-0.0453,-0.285,-0.0819,-0.0555
5.3,3.6,2.1,2.3,3.1,8.3,3.7,42.5,27.9,-0.29,0.8937,-0.0012,0.004,0.0078,-0.0012,0.2669,0.1016
5.3,2.0,4.9,4.3,3.5,13.6,10.1,41.7,15.9,-0.1614,0.4578,-0.5743,-0.307,0.0044,0.3691,0.1545,0.349
5.3,2.6,1.1,4.7,1.1,4.5,19.3,19.8,40.5,-0.2488,0.3466,-0.4025,0.008,0.4145,-0.0084,0.206,0.6464
5.3,4.7,4.8,2.0,3.9,20.3,20.5,14.8,27.6,-0.2435,0.3704,0.268,-0.3214,-0.6699,-0.0731,-0.3126,0.2117
5.3,1.5,3.9,4.6,3.3,19.5,18.3,25.2,42.0,0.3253,0.1757,-0.3833,-0.1192,0.5757,-0.2513,0.4446,0.2794
5.3,4.0,4.5,2.9,2.4,7.8,22.0,29.7,27.7,-0.3735,0.9058,-0.0005,-0.0436,0.0194,-0.0315,-0.1463,-0.0637
5.3,1.8,1.9,1.3,3.2,6.1,9.8,27.5,19.5,0.435,-0.136,-0.0013,0.4132,-0.1749,-0.2073,0.4314,0.5223
5.3,4.1,3.4,4.3,3.6,4.7,6.7,8.8,43.1,-0.186,-0.1546,-0.185,0.1017,0.26,0.0133,-0.722,0.5359
5.3,3.2,4.7,2.8,3.0,17.9,11.9,28.4,25.9,0.063,0.0584,0.2055,0.3121,-0.3462,0.1036,0.8056,-0.2127
5.3,4.3,4.4,4.3,4.1,4.4,3.0,12.9,31.2,-0.5684,0.2546,0.1648,-0.4116,-0.3248,0.2606,-0.0758,0.473
5.3,1.1,4.9,3.9,4.4,13.8,11.3,31.4,33.4,-1.0244e-05,0.567,0.6707,-0.291,0.0162,0.2764,-0.1325,0.129
5.3,2.0,2.9,2.5,1.6,10.1,5.3,22.1,32.7,0.4609,0.8454,0.1076,0.0403,-0.1946,0.0289,-0.023,0.0381
5.3,4.9,4.9,4.4,3.9,16.1,3.7,13.3,12.1,-0.2601,0.0275,-0.3449,0.2584,0.5304,0.0728,-0.6073,0.2731
5.3,4.7,3.9,3.2,3.6,12.6,14.2,17.5,34.7,-0.0264,0.7527,0.1158,-0.2167,-0.4517,0.0667,-0.3707,0.0724
5.3,3.0,3.6,1.1,2.8,20.7,7.6,37.4,23.3,0.579,0.5019,0.0455,-0.0811,0.0955,-0.0946,0.3751,-0.4581
5.3,4.5,4.7,4.2,4.0,18.0,13.2,8.2,22.8,0.1598,0.1614,0.2229,0.418,0.4631,0.0754,-0.6764,-0.1698
5.3,1.2,2.4,2.8,1.6,5.9,19.0,39.8,28.2,-0.0758,0.4512,0.1432,-0.2515,0.1864,-0.2839,-0.6784,-0.3259
5.3,4.1,3.6,3.6,1.5,19.1,9.2,30.4,30.9,-0.3216,-0.1918,0.0322,0.1564,-0.0673,0.0972,0.5026,-0.7303
5.3,4.2,3.1,3.2,4.5,4.2,18.9,4.1,13.5,0.0755,0.4461,0.0676,0.3608,-0.0238,0.4433,-0.6256,-0.2517
5.3,1.6,2.4,2.1,2.8,17.3,14.5,19.4,14.7,0.2235,0.7246,-0.3435,0.2371,0.3489,-0.2381,0.002,0.2444
5.3,3.4,4.3,2.1,4.3,18.5,15.0,26.8,32.8,0.1725,0.4645,0.6174,-0.4097,0.1495,0.3233,-0.1624,0.1426
5.3,3.8,1.4,1.1,2.8,9.9,20.4,26.0,29.5,0.572,0.79,0.0659,0.0908,-0.1374,0.0889,0.0247,-0.0176
5.3,3.7,2.6,3.4,4.9,9.3,17.2,10.2,35.5,0.0962,0.8971,0.3835,-0.1308,0.0187,-0.052,0.067,-0.0238
5.3,3.6,3.3,1.2,1.0,3.6,20.1,18.2,31.5,-0.0864,0.6211,0.108,-0.4147,-0.1704,0.424,0.2606,0.357
5.3,4.1,2.1,3.4,4.5,13.2,5.6,31.0,22.5,0.4006,0.6632,0.3932,0.3395,-0.0845,0.3099,-0.0241,-0.0927
5.3,4.1,3.1,2.8,1.5,9.1,3.8,33.3,14.8,0.0059,0.9826,-0.1183,-0.064,-0.0499,-0.054,-0.0265,-0.0098
5.3,1.7,4.7,3.9,2.1,12.1,17.3,29.7,38.3,0.0565,0.5885,-0.0541,-0.5258,0.4655,0.0777,0.3402,0.0827
5.3,3.3,4.2,3.4,3.8,19.9,10.2,17.6,6.2,-0.2204,0.0869,-0.1464,-0.2559,0.0081,0.2604,0.0185,0.8773
5.3,4.5,1.1,2.7,4.9,6.2,9.1,11.9,28.1,-0.5619,0.7313,0.0883,0.0375,-0.033,-0.0313,0.2752,0.2209
5.3,1.8,1.4,3.2,2.0,14.8,21.1,24.9,39.2,0.2402,0.5813,-0.1714,-0.4425,0.4681,0.1495,0.3103,0.1296
5.3,3.1,2.1,4.4,1.1,21.4,14.6,36.2,40.8,-0.3624,0.2107,-0.2849,-0.2507,-0.2991,-0.2575,0.0174,-0.7044
5.3,1.0,3.1,4.9,4.9,12.5,14.7,32.0,37.1,-0.1428,0.459,0.083,-0.5378,0.483,-0.0931,0.4526,-0.059
5.3,1.0,4.3,2.1,1.6,16.5,11.7,20.5,36.9,0.4864,0.7636,0.2411,-0.1686,-0.1844,0.1451,-0.0294,0.1145
5.3,1.1,1.2,2.7,4.3,20.9,20.6,12.1,40.0,0.1662,0.3579,-0.3181,-0.5006,-0.3595,0.3544,-0.3258,0.3311
5.3,2.1,1.1,2.1,4.6,20.1,9.9,29.5,26.4,0.0279,0.0792,0.1464,0.293,-0.2455,0.1932,0.6683,-0.5485
5.3,4.5,1.7,2.9,3.9,3.1,6.1,34.5,25.0,-0.1535,0.2771,0.3485,-0.2108,0.5206,-0.1074,0.3552,-0.5471
5.3,3.5,4.3,3.4,5.0,4.2,13.7,37.0,28.2,-0.3336,0.6748,0.329,-0.0522,0.442,-0.0176,-0.1509,-0.2921
5.3,4.4,1.5,3.3,3.5,3.4,5.9,16.2,20.8,-0.1937,0.052,0.4172,-0.1863,-0.4291,-0.6531,-0.2291,-0.1559
5.3,4.9,3.9,2.3,3.8,13.8,8.9,42.9,33.6,0.0403,0.2669,0.0978,0.3492,0.0689,-0.3541,-0.1144,0.7012
5.3,4.3,3.7,2.2,1.6,16.3,13.2,30.3,7.0,0.2215,0.0541,-0.3183,-0.3356,0.455,0.0347,0.6889,0.1596
5.3,3.3,4.8,1.1,4.9,21.1,9.3,33.9,19.4,0.8016,0.5604,-0.0909,0.0915,0.0055,-0.014,-0.0306,0.0537
5.3,3.8,3.4,3.3,1.1,20.4,4.3,21.2,42.2,0.065,0.1421,-0.2706,0.2012,0.2764,-0.2028,0.1365,0.8314
5.3,3.3,4.7,1.2,3.5,2.5,16.5,14.4,21.1,0.2658,0.2991,0.2929,0.3562,0.1602,-0.4512,-0.2107,0.5786
5.3,4.7,4.2,2.5,3.8,3.5,8.0,12.2,5.2,-0.077,-0.0864,-0.0026,0.0215,0.0182,-0.0112,-0.7494,0.6378
5.3,1.6,4.9,1.6,1.8,11.0,13.9,22.8,9.8,0.68,0.6154,0.0757,-0.231,-0.0515,0.2123,-0.0762,0.1755
5.3,1.9,4.7,1.6,1.8,6.0,18.7,31.4,39.7,-0.2121,0.2964,-0.5551,-0.2121,-0.083,-0.3665,-0.1587,-0.56
5.3,4.8,1.3,3.4,1.2,20.8,15.0,30.6,12.9,-0.471,-0.0133,-0.3216,0.0169,-0.4514,-0.2108,0.3264,-0.5434
5.3,1.1,4.4,3.4,3.9,4.1,5.8,14.7,26.3,-0.2021,-0.0075,0.2064,-0.2487,-0.3289,0.1494,-0.5636,0.622
5.3,1.6,3.2,4.2,3.1,6.9,18.1,15.6,8.1,-0.6718,0.4188,-0.2232,0.1441,0.2892,-0.096,0.1443,0.4225
5.3,2.2,3.6,4.6,1.3,10.4,8.3,22.6,9.6,0.4181,0.8652,0.0169,0.0257,-0.0139,0.0284,-0.2006,0.1026
5.3,1.5,2.9,4.2,3.3,22.0,12.3,24.8,36.7,-0.0264,0.2971,0.1172,-0.5081,0.3727,0.2969,0.4707,0.4037
5.3,2.1,1.2,4.6,2.7,3.6,14.3,23.1,41.5,0.126,0.3049,-0.3355,-0.1504,0.514,0.0081,0.605,0.3204
5.3,2.9,4.1,1.2,2.2,17.5,13.4,6.4,13.1,0.4522,0.3229,-0.2418,-0.0984,-0.2973,0.3432,-0.4177,0.4723
5.3,1.8,2.1,3.1,4.4,7.7,4.2,27.7,10.0,-0.6663,0.4661,-0.1784,0.1428,-0.2953,0.0118,-0.1738,-0.3796
5.3,3.8,2.6,3.3,3.9,14.7,11.6,8.4,24.6,0.2366,0.1694,0.1853,0.4998,0.4301,0.1908,-0.5583,-0.2762
5.3,3.2,3.8,4.7,3.4,15.3,16.9,4.1,5.2,0.2955,0.4434,-0.3609,-0.2936,-0.4768,-0.2279,-0.1841,-0.4198
5.3,4.3,4.4,4.5,3.5,16.6,7.8,32.1,11.1,-0.3808,-0.1873,-0.0019,-4.3906e-05,-0.0014,-0.0009,0.4056,-0.7924
5.3,3.0,1.5,1.6,4.2,10.4,7.1,21.3,16.7,0.5637,0.6748,-0.1952,0.2227,0.1941,-0.222,-0.0463,0.1746
5.3,4.4,4.1,4.7,4.2,6.8,7.2,35.6,14.2,-0.5157,0.795,0.0316,0.0323,0.0217,0.0294,-0.2491,-0.1633
5.3,4.8,4.8,4.7,4.5,13.6,10.9,15.7,17.2,-0.0199,0.3263,-0.2176,0.5369,0.3497,0.3522,-0.3497,-0.3941
5.3,1.4,4.4,1.3,2.9,20.0,20.8,41.1,11.1,0.5375,0.3905,-0.2624,0.3572,-0.2723,0.3685,-0.1454,-0.3261
5.3,1.9,1.6,1.2,4.3,16.2,5.0,6.3,10.3,0.7409,0.3695,-0.2113,-0.0294,-0.2827,0.4097,-0.0931,0.0574
5.3,4.7,2.7,1.6,4.1,20.8,18.6,29.3,10.9,-0.0602,0.2744,-0.5842,0.4413,-0.336,-0.4719,-0.1406,0.0119
5.3,4.7,3.6,1.5,3.6,8.8,17.4,26.2,19.5,0.2893,0.9484,-0.0576,0.0343,-0.0058,-0.0003,-0.0541,0.015
5.3,3.5,4.3,1.3,2.9,8.2,3.4,40.8,15.8,0.5164,0.7805,0.0302,-0.0063,0.0272,-0.0015,-0.2397,0.1746
5.3,4.7,4.8,2.4,3.9,12.7,8.9,11.5,36.2,0.3504,0.9201,0.1167,-0.0288,-0.0155,0.0006,0.0068,-0.0006
5.3,1.4,2.2,2.7,2.7,4.9,20.2,8.0,35.0,-0.1882,0.4613,0.1799,-0.4474,-0.5638,0.0081,-0.4207,0.0635
5.3,1.2,1.4,2.7,3.3,5.1,8.1,42.4,21.6,0.6059,0.0171,0.142,-0.0034,0.0889,-0.3211,-0.0307,-0.665
5.3,4.4,4.6,3.9,4.1,19.9,11.8,33.2,10.3,-0.443,0.231,-0.5846,0.0718,-0.0719,-0.4601,-0.1717,-0.3647
5.3,3.5,1.9,4.7,1.5,17.0,2.5,19.0,33.6,-0.3544,0.2412,0.177,-0.3082,-0.1722,0.3088,0.1291,0.7279
5.3,1.7,3.5,2.4,2.1,13.4,17.2,35.2,10.9,-0.0522,0.4482,-0.3215,-0.1673,-0.5259,-0.2704,0.3126,-0.4355
5.3,1.9,1.9,1.8,1.9,19.4,5.3,24.5,13.8,-0.128,0.0172,-0.1967,0.0375,-0.4812,-0.5743,0.5894,-0.0437
5.3,2.8,4.5,3.4,4.3,13.1,9.6,14.2,33.3,-0.0825,0.8926,0.394,-0.0014,-0.0601,-0.0392,0.0964,0.0372
5.3,4.0,2.3,1.4,1.4,3.5,4.3,24.1,20.0,0.3409,0.6627,0.2677,0.1252,-0.4223,0.068,0.3968,-0.0454
5.3,2.5,1.7,3.6,1.2,9.3,18.2,34.2,4.3,-0.14,0.97,0.0285,-0.1123,0.0772,-0.0945,-0.006,-0.0149
5.3,2.2,3.2,1.9,4.8,8.5,11.5,21.5,28.3,0.2329,0.9509,0.0099,-0.0046,-0.0099,0.0046,0.1718,-0.0418
5.3,4.5,4.2,4.1,1.1,7.2,7.2,10.8,30.8,-0.7959,0.4773,-0.0071,-0.0237,-0.0008,0.0173,0.1812,0.3078
5.3,2.2,1.6,1.5,1.5,18.2,13.2,22.0,32.5,0.3229,0.5973,0.3446,-0.1236,-0.4116,0.2006,0.4092,0.0637
5.3,2.8,4.2,4.9,2.2,19.5,17.0,37.3,5.0,-0.0902,0.2719,-0.4126,-0.1382,-0.4083,-0.1379,-0.0782,-0.7183
5.3,1.5,1.2,1.1,2.5,8.3,15.3,32.8,6.5,0.2126,0.9465,-0.1044,0.1536,-0.0184,-0.0699,-0.0841,0.027
5.3,2.9,2.7,3.5,1.1,4.5,19.9,13.2,21.8,-0.4183,-0.0859,0.2484,0.0489,-0.3432,-0.4553,-0.3664,0.5224
5.3,3.7,2.4,1.7,3.6,20.0,5.1,11.4,4.9,0.3831,0.3133,-0.6844,-0.1206,0.0654,0.459,0.1289,0.1625
5.3,3.0,1.5,2.7,2.0,19.7,10.9,14.3,34.4,-0.2645,0.5519,0.2011,-0.386,-0.5451,-0.1939,-0.2492,-0.0541
5.3,4.2,2.9,1.4,3.1,12.6,11.2,17.5,24.5,0.2649,0.3629,0.2841,0.3516,0.42,0.1921,-0.5075,-0.2276
5.3,1.6,4.5,2.8,4.1,9.5,15.7,7.4,10.1,0.1984,0.8649,-0.09,-0.283,-0.3047,-0.0583,-0.107,-0.0247
5.3,3.3,3.8,4.3,2.2,14.5,2.2,10.2,17.9,-0.1229,0.5325,-0.0869,0.5448,0.4866,-0.0346,-0.3784,0.028
5.3,1.1,4.3,2.7,3.4,17.9,15.3,37.9,24.7,-0.0694,0.3701,0.2988,0.345,0.3434,0.3493,-0.0525,-0.617
5.3,2.2,3.0,4.7,4.6,14.1,14.8,14.0,28.1,-0.1755,-0.1097,0.5405,-0.1083,-0.234,-0.7146,-0.2411,-0.039
5.3,4.9,1.8,2.0,4.5,19.6,17.6,5.8,26.3,0.4074,0.5295,0.3443,-0.0083,0.4621,-0.1735,-0.4222,0.018
5.3,4.2,4.2,4.3,4.7,18.8,10.4,23.2,40.6,0.0515,0.1231,-0.0565,-0.3429,0.2203,0.2612,0.5401,0.6509
5.3,2.0,4.9,4.5,3.4,12.3,18.8,16.1,8.8,-0.1853,0.2925,-0.2669,-0.1153,0.4553,0.3995,-0.6125,0.1811
5.3,1.2,5.0,1.6,1.4,12.1,4.6,22.2,43.3,0.6393,0.7079,-0.1802,0.0139,0.1794,-0.014,-0.05,0.0943
5.3,2.5,1.3,4.2,4.7,8.3,8.8,25.7,11.7,-0.5025,0.8297,0.0406,0.0195,0.0166,0.0136,-0.1462,-0.0971
5.3,4.5,4.4,4.1,1.7,17.8,6.6,11.9,24.2,0.0134,-0.1382,0.1103,-0.0697,-0.1492,-0.0747,-0.9395,-0.1669
5.3,1.8,1.4,4.3,1.6,12.9,14.3,26.2,43.9,0.4847,0.215,-0.3578,-0.2105,0.5667,-0.116,0.2239,0.3555
5.3,4.3,4.0,2.0,1.3,15.2,3.2,25.1,29.8,0.7379,0.2185,0.2357,-0.0811,-0.3103,0.2276,0.0062,0.4186
5.3,2.1,2.5,3.1,3.4,4.7,17.1,34.1,31.9,-0.3166,0.4963,0.2618,-0.3714,0.4196,-0.2937,0.0735,-0.4001
5.3,2.8,4.8,2.7,1.6,17.2,13.9,42.3,21.7,0.4416,0.1414,0.0283,0.4411,0.1407,0.3617,-0.1863,-0.6135
5.3,4.3,2.7,4.1,2.7,7.6,6.3,39.3,32.5,-0.1031,0.8745,-0.0187,-0.0094,-0.0081,-0.0173,-0.4463,-0.0451
5.3,1.7,4.9,1.4,1.4,17.2,5.7,19.5,8.1,0.6588,0.3315,-0.1353,0.1376,0.1361,-0.1375,-0.223,0.5625
5.3,2.0,3.8,1.9,4.3,17.8,13.8,6.8,35.9,0.505,0.4744,0.3268,-0.4755,-0.0249,-0.2729,0.0332,-0.2989
5.3,4.2,1.1,3.3,2.1,11.3,2.8,7.8,33.2,0.475,0.4308,0.5729,0.2211,0.0787,-0.4004,0.1255,-0.0401
5.3,4.9,3.1,1.4,1.4,9.1,5.0,43.0,36.6,0.2022,0.8941,0.2403,0.0127,-0.1583,-0.0442,0.1673,0.0267
5.3,2.7,2.2,2.2,3.0,20.6,15.5,38.5,16.0,0.2706,0.5322,-0.1869,0.4423,-0.1867,0.4424,-0.0859,-0.392
5.3,3.5,1.0,2.3,4.2,5.5,5.3,31.4,26.0,-0.4354,0.4467,0.2883,-0.2852,0.577,0.0944,0.0308,-0.2851
5.3,2.1,1.2,4.2,1.6,16.2,16.3,11.7,20.8,0.2678,0.3487,0.2967,0.4604,0.5304,-0.2684,-0.327,0.1451
5.3,4.9,2.1,1.4,2.0,12.1,17.5,32.1,9.2,0.6491,0.6408,-0.1714,-0.1891,0.1951,-0.2236,0.0407,-0.0551
5.3,4.1,3.7,2.3,3.5,11.0,5.6,5.4,18.3,0.1038,0.7977,0.0732,0.3377,0.4104,0.1149,-0.1793,-0.0665
5.3,5.0,3.7,1.1,2.4,13.6,12.7,25.3,26.5,0.812,0.4741,-0.0918,0.2053,0.0342,-0.1364,-0.0572,0.1696
5.3,2.0,4.6,2.6,2.4,5.6,11.5,6.3,21.7,0.0402,0.2346,0.0884,0.1996,0.2583,-0.0308,-0.8971,0.0847
5.3,4.6,1.4,4.3,4.4,18.3,3.7,38.0,42.2,0.1311,0.5114,-0.465,-0.1091,-0.4684,-0.1101,0.0832,-0.4773
5.3,3.1,4.7,2.6,4.0,2.8,16.6,40.3,31.2,0.2649,0.5365,0.2865,-0.3577,0.3135,-0.3784,-0.3032,-0.2697
5.3,1.0,4.7,2.1,4.3,16.6,21.2,38.1,30.5,0.1742,0.5309,0.2968,-0.3137,0.3591,-0.3157,0.1945,-0.4573
5.3,2.8,4.1,3.2,1.0,18.3,3.9,27.7,9.1,-0.01,-0.1081,-0.0673,-0.0352,-0.0977,-0.3476,0.9059,0.0928
5.3,2.5,1.9,4.0,3.7,10.6,13.1,25.1,34.1,0.0542,0.5852,0.7138,-0.0306,0.0086,0.2644,-0.2103,0.0178
5.3,2.1,4.1,1.7,4.0,18.3,12.2,35.2,6.9,0.1368,0.1742,-0.2556,-0.3144,0.1102,-0.3982,0.2061,-0.74
5.3,3.5,3.3,4.9,4.6,10.8,2.4,40.5,21.4,0.1016,0.8307,0.0951,0.3356,0.246,0.2786,-0.0958,-0.1295
5.3,2.1,2.9,4.5,4.9,6.8,6.2,18.7,23.2,-0.5975,0.4351,0.0234,-0.2268,-0.0453,0.2195,0.2774,0.5074
5.3,1.6,1.2,2.0,1.3,14.8,20.7,8.9,41.1,0.4743,0.4649,-0.3201,-0.3349,-0.4972,0.0618,-0.2616,-0.0409
5.3,2.7,2.0,2.3,3.1,13.2,18.0,15.1,10.1,0.2609,-0.024,-0.5604,0.1527,0.1917,0.6775,-0.0435,-0.2504
5.3,1.8,2.9,4.8,4.1,4.3,21.2,15.3,36.5,-0.341,0.4237,-0.2424,-0.5348,-0.0652,0.4004,-0.0788,0.4097
5.3,1.3,1.6,1.0,2.6,20.5,3.2,4.9,13.2,0.5161,-0.0335,-0.1597,0.1409,-0.0404,0.7845,-0.2241,0.0079
5.3,3.0,2.9,3.8,4.9,21.6,14.1,5.4,30.5,0.2973,0.3385,0.241,-0.2278,0.414,-0.4609,-0.5076,-0.1653
5.3,2.7,2.7,4.1,2.2,14.9,16.2,21.1,34.8,0.2344,0.3248,0.1204,-0.3271,-0.3389,0.5349,0.3528,0.3905
5.3,2.6,3.5,3.9,2.7,12.9,21.7,9.6,5.6,0.6418,0.3813,-0.3537,-0.2507,-0.3335,0.3184,0.0251,-0.1507
5.3,4.1,3.8,1.5,3.3,13.4,12.8,37.6,7.1,0.6227,0.5606,-0.0815,-0.1232,0.248,-0.2896,0.2098,-0.2552
5.3,2.4,4.3,1.3,2.3,15.8,17.4,5.3,29.1,0.5331,0.4396,0.3751,-0.0447,0.4597,-0.193,-0.3394,-0.0075
5.3,4.0,2.2,3.3,1.4,3.9,20.0,14.1,5.7,-0.4847,0.011,-0.2865,-0.0156,0.4068,0.162,-0.2345,0.6517
5.3,4.7,4.7,1.7,3.3,4.5,9.6,12.9,34.9,0.3388,0.8878,0.2263,-0.1021,-0.0279,-0.0004,0.0411,-0.0077
5.3,4.0,1.9,1.6,3.1,5.3,17.0,26.0,42.7,0.2271,0.1305,-0.276,-0.1359,0.1967,-0.3877,0.356,-0.6954
5.3,4.7,2.4,2.9,3.5,13.8,4.1,39.4,7.9,0.4311,0.7098,-0.3267,-0.0667,-0.3297,-0.0644,0.1273,-0.2333
5.3,4.7,2.0,2.9,4.7,6.6,18.3,19.8,21.6,-0.1696,0.8859,0.1703,-0.0275,-0.2052,0.0259,0.3071,0.099
5.3,3.9,4.8,2.6,2.5,15.4,2.9,30.1,30.3,0.0023,-0.1723,0.4021,-0.2165,0.3945,0.5303,0.4848,0.2255
5.3,4.1,3.6,2.2,1.8,20.0,14.1,19.3,12.9,-0.1727,0.6781,-0.3814,0.0912,0.4159,-0.0932,0.249,0.3134
5.3,4.5,3.5,1.1,3.5,4.3,13.7,43.6,37.5,0.1639,0.4708,-0.2774,-0.2452,-0.4294,-0.0713,-0.6161,-0.0923
5.3,4.4,4.4,2.0,3.1,17.7,17.4,22.6,42.6,0.268,0.435,-0.4114,-0.2461,0.4477,0.2168,0.3409,0.35
5.3,1.9,3.7,1.1,1.4,15.7,19.2,29.4,28.3,0.6418,0.0882,0.3969,0.0188,-0.2845,0.532,0.1673,-0.024
5.3,2.7,4.0,2.9,1.1,15.6,10.9,17.2,12.7,-0.196,0.0598,-0.2292,-0.2127,-0.033,0.3069,-0.0588,0.8591
5.3,2.7,4.8,1.9,3.4,20.2,13.7,15.1,28.6,-0.2631,0.4519,0.5988,-0.0585,-0.1431,-0.3125,0.3181,0.3447
5.3,3.0,4.0,3.8,2.5,18.3,4.4,27.8,31.4,-0.2758,-0.0409,0.3492,-0.1156,0.5004,0.2067,0.6082,-0.3095
5.3,4.6,2.3,3.0,2.3,4.4,9.7,35.5,27.4,-0.6068,0.4941,0.1444,0.0751,0.0478,0.0754,-0.3516,-0.4609
5.3,3.5,3.6,2.6,4.8,3.4,17.1,10.6,24.2,0.0832,0.0876,0.5073,0.3071,0.2378,-0.4697,-0.2492,0.5258
5.3,3.0,4.9,3.9,2.5,16.2,8.5,14.4,11.0,-0.2917,-0.1238,-0.0061,-0.0974,-0.0394,0.0745,-0.3974,0.8397
5.3,3.7,2.9,2.9,4.2,4.5,4.9,31.5,39.9,-0.0319,0.025,-0.6725,0.1974,-0.2081,-0.6358,0.0119,-0.01
5.3,2.3,3.6,1.9,3.9,12.5,7.7,19.1,32.1,-0.1661,0.1489,-0.0594,-0.1861,0.0408,0.1897,0.3201,0.8327
5.3,1.7,4.8,1.2,4.2,3.1,15.7,8.3,9.7,0.2892,0.1697,-0.3809,-0.2259,-0.1189,0.4963,-0.1282,0.6309
5.3,4.1,2.6,4.3,3.6,9.7,19.2,6.2,25.0,0.1149,0.9277,0.0282,0.2286,0.22,0.0929,-0.0557,-0.0226
5.3,4.8,1.3,4.7,3.0,4.6,16.2,17.1,12.4,-0.5871,0.3996,-0.1742,0.2889,0.2205,-0.2631,0.1348,0.4868
5.3,3.7,4.3,1.1,1.9,17.1,6.8,18.2,7.9,0.4477,0.5299,-0.033,0.074,0.1169,-0.0845,-0.517,0.4516
5.3,4.6,3.8,1.1,1.5,12.2,14.7,32.9,26.3,0.7203,0.5551,-0.0168,0.328,-0.069,-0.1913,0.0173,0.0944
5.3,1.2,2.4,1.3,3.0,15.4,13.3,28.2,19.8,0.6601,0.3107,-0.1571,0.5018,-0.0534,-0.2672,0.0535,0.3068
5.3,4.1,2.8,4.1,3.5,13.4,4.4,28.0,41.0,0.5344,0.567,-0.3132,-0.3387,0.2818,-0.2718,-0.0021,0.0016
5.3,2.9,3.1,4.8,1.9,9.9,19.7,19.9,39.1,-0.1245,0.8954,0.0493,-0.2747,0.0002,0.2784,-0.0041,0.0842
5.3,1.3,1.3,4.1,5.0,21.0,9.3,23.4,5.1,-0.0697,0.1254,0.0202,-0.2658,0.1484,0.2425,0.4449,0.7781
5.3,1.6,1.7,1.1,2.8,13.8,6.4,25.8,30.3,0.6917,0.2281,0.4967,-0.1183,0.1613,0.3081,-0.13,0.2085
5.3,2.8,1.2,4.3,1.7,21.5,14.4,36.8,22.0,-0.2492,0.3193,0.3424,0.2564,0.3411,0.2564,-0.1036,-0.6608
5.3,4.2,2.2,4.0,1.6,2.2,8.2,10.3,25.0,-0.0343,-0.1265,0.0077,-0.0095,-0.0126,-0.0002,-0.9542,0.2401
5.3,2.8,1.9,2.1,1.9,3.1,19.8,13.6,30.3,-0.3555,0.3634,0.3423,-0.2124,-0.5777,0.055,-0.133,0.455
5.3,3.5,2.4,2.8,2.2,21.8,12.8,38.4,11.2,-0.2018,0.636,-0.3537,0.056,-0.3526,0.0561,-0.4119,-0.3322
5.3,3.2,2.2,3.1,2.4,4.1,9.5,11.8,39.5,-0.0923,-0.0712,-0.0271,-0.2394,-0.1706,0.1202,-0.743,0.5492
5.3,4.1,3.6,2.4,4.9,4.6,19.0,24.1,16.9,-0.1459,0.5955,-0.0603,0.3067,-0.5813,-0.1679,0.3518,0.1047
5.3,2.2,2.0,3.9,3.8,17.5,21.4,33.5,39.0,0.1235,0.4495,-0.4358,-0.4662,0.1685,-0.4576,0.0419,-0.3138
5.3,2.8,2.9,3.4,1.0,10.6,12.3,11.2,37.0,0.1286,0.8086,0.5118,-0.1286,0.0524,-0.1012,0.1051,-0.0666
5.3,4.1,1.9,2.3,4.6,2.8,11.2,13.5,7.0,-0.275,0.1283,-0.4061,-0.3099,-0.0294,0.3417,-0.0159,0.7173
5.3,1.9,2.1,3.3,3.3,6.3,11.7,23.5,15.6,-0.2371,0.0011,-0.2808,0.0546,-0.3176,-0.7828,0.2508,-0.191
5.3,4.4,3.3,3.8,4.9,3.3,14.2,19.0,4.8,-0.3809,0.4216,-0.2464,-0.2042,0.4245,0.2835,0.158,0.5247
5.3,3.3,3.9,3.8,1.5,16.0,11.1,15.9,34.1,-0.4545,0.3982,0.3609,-0.2683,-0.4112,-0.4661,-0.0242,0.0356
5.3,2.3,2.7,4.9,4.5,14.8,4.0,34.8,39.3,0.297,0.2708,-0.5679,-0.1583,0.0787,-0.5882,-0.1566,0.1258
5.3,3.4,3.0,2.6,4.7,11.5,7.5,16.2,21.0,0.3803,0.9086,0.127,-0.0001,-0.0373,-0.014,0.011,0.0004
5.3,1.5,3.6,3.0,4.6,8.9,14.9,24.0,7.6,-0.2552,0.9051,0.1209,-0.1343,0.0366,0.1093,-0.1603,-0.048
5.3,1.2,3.0,1.7,4.3,2.7,12.9,43.5,6.0,0.0901,0.4244,-0.291,-0.2251,-0.4144,-0.0852,-0.6639,-0.1905
5.3,4.4,1.5,2.1,2.0,5.9,17.2,37.6,37.9,-0.0691,0.6524,-0.3282,-0.0224,-0.1915,-0.1473,-0.4789,-0.0339
5.3,1.5,2.2,2.7,4.5,10.8,9.0,34.3,26.3,0.5398,-0.0726,-0.1011,0.2321,-0.0592,-0.1401,0.2247,0.6665
5.3,4.3,4.9,2.9,4.3,2.6,19.4,36.7,16.5,-0.1027,0.5045,0.0963,0.485,-0.0112,0.4799,-0.0962,-0.483
5.3,2.6,1.2,3.5,4.5,16.1,6.4,17.5,23.3,-0.204,0.3089,0.2311,-0.0502,-0.4788,-0.4142,-0.5808,-0.1409
5.3,3.2,4.3,1.2,1.1,17.0,12.0,15.7,4.3,0.0794,0.2507,-0.1872,-0.17,-0.292,0.0186,-0.8658,0.0299
5.3,1.5,1.5,3.2,2.0,20.0,12.8,33.6,6.4,-0.2637,0.0176,-0.0955,-0.1478,-0.2816,-0.5338,0.3532,-0.6176
5.3,1.7,1.3,3.3,3.7,19.5,21.9,38.8,18.9,-0.0388,0.5537,0.1685,0.4303,0.1545,0.4452,-0.2481,-0.3927
5.3,2.9,4.6,1.5,4.9,13.6,17.7,8.3,20.2,0.4895,0.3861,-0.0062,0.5755,0.2096,0.3303,-0.1732,-0.2822
5.3,3.4,1.6,5.0,2.1,10.4,2.9,34.0,38.7,-0.0782,0.8515,-0.0097,-0.3537,0.1429,-0.2939,0.0497,-0.116
5.3,3.0,4.1,3.2,2.7,9.5,7.2,13.1,14.9,0.617,0.6241,-0.3007,0.071,0.0124,0.0689,0.1137,-0.1525
5.3,4.1,1.5,3.7,3.3,17.0,2.1,26.5,18.0,-0.0277,0.4798,-0.071,0.5323,-0.4869,-0.1271,0.4497,0.0941
5.3,1.1,3.3,4.9,3.8,17.8,18.2,10.6,24.3,0.2447,-0.0836,0.4709,0.1455,0.3606,-0.629,-0.3621,-0.0901
5.3,4.5,3.2,4.0,4.1,5.7,11.6,30.5,7.4,-0.6912,0.3461,-0.3778,-0.0282,-0.0081,-0.1758,-0.1952,-0.4194
5.3,5.0,1.4,1.6,3.9,7.5,9.4,29.4,22.7,0.0132,0.9833,0.0303,-0.0046,0.0101,0.0007,-0.1425,-0.0005
5.3,3.6,4.7,3.7,3.3,21.5,2.8,16.8,15.3,-0.3908,0.4765,0.0282,0.4418,0.079,-0.4067,0.1196,0.4752
5.3,3.6,2.7,4.1,3.8,14.6,9.7,19.9,6.6,0.3017,0.1781,0.0587,-0.2999,-0.0531,0.2986,-0.152,0.8049
5.3,3.3,1.4,1.7,1.9,6.0,7.1,27.2,20.8,0.0513,0.0918,0.6531,-0.2269,0.2406,0.6184,-0.0506,-0.0349
5.3,2.5,1.8,1.3,1.9,18.6,13.8,5.5,42.3,0.3378,0.0929,-0.2575,-0.4018,-0.3621,-0.2579,-0.4941,-0.4237
5.3,3.5,1.8,2.6,3.7,7.2,9.1,35.2,34.2,0.0942,0.8012,0.319,-0.252,0.0744,0.1316,-0.074,0.064
5.3,1.1,3.0,2.6,3.5,2.0,4.8,6.1,32.3,-0.1366,0.0892,0.1541,0.0319,-0.4117,-0.6309,-0.5935,0.0642
5.3,2.9,3.9,1.3,2.8,13.2,18.9,42.7,40.7,0.5652,0.4879,-0.1259,-0.4292,-0.2086,-0.337,-0.1193,-0.2231
5.3,2.5,3.2,1.0,4.4,19.0,13.3,35.9,27.0,-0.0087,0.643,0.5313,-0.0497,0.2307,0.1591,-0.3889,-0.1972
5.3,4.5,3.6,1.5,4.5,20.8,7.3,34.2,13.7,-0.3149,0.7869,0.2113,0.0873,0.1221,0.0979,-0.3725,-0.2014
5.3,5.0,4.9,4.5,4.8,16.0,12.9,8.2,6.8,0.1962,0.2372,-0.2587,-0.4213,-0.5104,-0.0353,-0.6107,-0.1148
5.3,4.0,4.8,4.4,2.5,10.7,5.8,35.9,6.4,0.329,0.1278,-0.1527,0.0923,-0.04,-0.1882,0.0351,0.7705
5.3,3.9,2.8,1.6,4.2,2.6,14.1,22.1,15.6,0.568,0.5415,-0.1755,0.3341,0.2099,-0.3682,0.106,0.1843
5.3,4.4,4.9,1.9,2.9,11.0,8.1,32.5,14.4,0.5652,-0.2458,-0.0225,0.0497,-0.016,-0.0248,0.3489,0.5872
5.3,1.8,4.8,3.1,2.2,13.3,15.9,13.1,39.4,0.1649,0.4868,-0.1891,-0.4604,-0.5048,0.0184,-0.4578,-0.0266
5.3,3.8,4.8,2.4,1.7,9.1,6.8,25.2,17.4,-0.0684,0.6678,-0.2467,0.4396,-0.2569,-0.3112,-0.0209,0.1658
5.3,4.4,3.1,2.3,1.4,2.9,4.6,30.3,38.6,0.1834,0.3955,-0.4711,-0.4391,0.1525,-0.4488,0.0869,-0.3494
5.3,3.9,1.1,1.2,3.3,4.3,16.8,24.5,6.1,0.4414,0.5499,-0.2178,-0.0024,0.3169,-0.1994,0.4794,-0.2648
5.3,3.9,2.6,4.7,2.3,18.8,8.2,25.3,8.4,-0.0028,0.0031,0.0069,-0.0093,0.0136,0.004,0.9518,0.268
5.3,4.1,3.5,2.9,4.8,12.0,17.9,29.9,27.9,0.3972,0.4769,0.5075,0.3529,-0.1315,0.4064,0.0052,-0.1693
5.3,1.3,5.0,3.9,3.4,6.6,14.6,6.7,15.4,-0.4971,0.1288,-0.3471,0.1445,0.4919,0.5332,-0.1604,0.1461
5.3,4.9,2.0,1.8,1.4,16.1,19.6,28.4,15.6,0.1167,0.0765,-0.4412,0.5001,-0.3846,-0.4372,0.2399,0.3293
5.3,3.6,1.4,4.3,2.9,6.2,3.2,11.0,37.5,-0.4829,0.2077,-0.4996,-0.3485,-0.0462,0.2897,0.0471,0.4916
5.3,3.3,1.7,4.3,1.4,2.4,10.1,14.9,19.3,-0.0561,0.1108,-0.0418,0.3644,0.2769,-0.2171,-0.6433,0.5382
5.3,1.9,1.7,1.9,4.0,7.5,5.0,40.7,12.4,0.1265,0.8353,0.1422,0.1027,0.1307,0.1127,-0.4506,0.0364
5.3,1.5,2.7,3.3,4.4,8.2,13.5,9.2,35.9,-0.6486,0.6229,-0.1571,-0.0989,0.0523,0.0707,0.2185,0.2669
5.3,2.1,4.4,4.8,1.5,4.6,19.5,37.7,28.1,-0.4108,0.3806,0.1142,-0.165,0.1091,-0.1655,-0.4695,-0.6064
5.3,2.2,3.1,2.4,2.6,18.4,19.2,9.7,8.5,0.2898,-0.1483,-0.4545,0.0235,-0.1861,0.7186,-0.3399,0.0313
5.3,3.0,2.1,5.0,1.7,5.6,2.5,22.5,39.5,0.014,0.3198,-0.2467,0.1231,0.4002,-0.2447,0.6518,0.381
5.3,1.7,2.1,1.5,2.9,14.3,5.6,14.6,25.6,0.6691,0.2245,0.4987,-0.1966,-0.1386,-0.2597,0.1121,-0.2916
5.3,1.5,5.0,4.2,4.9,6.8,4.6,14.0,26.7,-0.6558,0.1319,0.1529,-0.3033,-0.2561,0.2033,-0.0477,0.5582
5.3,4.0,1.1,2.7,5.0,12.9,14.7,17.9,12.8,-0.1312,0.3891,-0.2154,0.3977,0.5356,0.3621,-0.3509,-0.2237
5.3,3.8,3.1,4.6,2.9,21.0,16.7,13.9,42.8,-0.4404,-0.058,-0.2689,-0.0584,0.3883,0.4219,-0.3634,0.4895
5.3,4.9,1.6,3.7,4.6,11.2,14.3,22.4,22.8,0.3031,0.7229,-0.0635,0.4146,-0.0227,-0.3849,0.0118,0.2169
5.3,4.3,3.4,2.2,2.0,20.8,15.0,41.0,24.5,-0.0423,0.4248,0.3461,0.1114,0.3754,0.0894,-0.5934,-0.3967
5.3,1.9,4.8,4.2,4.2,13.9,11.0,15.4,15.3,-0.0726,0.4246,-0.4997,0.4813,0.1882,0.4316,-0.0093,-0.2855
5.3,2.0,2.8,4.2,3.2,4.0,10.4,37.7,13.2,-0.2685,0.7116,-0.3437,-0.0237,-0.3456,-0.023,-0.2944,-0.2782
5.3,1.4,5.0,3.4,4.9,18.5,14.8,23.5,34.8,0.0308,0.2754,0.5237,-0.2529,0.1804,0.6593,-0.1013,0.213
5.3,1.6,4.8,2.4,2.0,2.8,5.7,11.5,41.3,0.0079,-0.1226,-0.2822,0.1796,0.3749,0.3461,-0.6846,-0.3031
5.3,2.4,1.1,2.1,1.8,2.0,18.0,8.2,34.3,-0.2457,0.3444,0.2915,-0.4422,-0.5948,-0.2639,-0.3,-0.0373
5.3,4.8,2.5,1.6,2.2,4.4,5.8,38.3,22.9,0.1423,0.4724,0.3059,-0.3705,0.3176,-0.3722,-0.0239,-0.505
5.3,2.1,4.0,1.6,1.0,19.2,16.7,19.8,24.9,0.2485,0.187,0.2627,0.3035,-0.2652,-0.3036,0.1217,0.7361
5.3,2.5,3.9,2.5,1.8,6.7,9.5,34.1,13.0,-0.4346,0.8352,-0.0814,-0.0171,-0.0357,-0.0184,-0.2697,-0.1453
5.3,4.8,2.1,1.6,3.7,20.0,12.6,39.2,37.1,0.4663,0.4064,0.0474,-0.3902,0.0812,-0.4019,0.079,-0.5068
5.3,3.3,4.0,4.4,4.0,18.6,7.9,20.3,7.9,-0.1646,0.0648,-0.0018,-0.0104,0.0014,0.0105,0.3371,0.9138
5.3,3.1,3.2,3.5,4.7,6.7,16.3,40.8,19.0,-0.0421,0.7109,0.1341,0.1155,0.2764,0.0401,-0.5944,-0.0867
5.3,4.9,1.7,3.5,1.9,20.5,12.5,4.1,34.2,0.0362,0.4389,0.1057,-0.3743,0.2255,-0.4856,-0.3863,-0.4485
5.3,4.5,3.6,4.2,1.7,5.7,7.1,33.2,5.9,-0.7836,0.3304,0.0141,0.0538,-0.0015,0.0433,-0.1933,-0.4712
5.3,1.5,1.2,3.7,3.2,20.2,12.8,7.1,30.7,0.1564,-0.0988,0.3342,0.0115,0.3005,-0.6906,-0.4929,0.1342
5.3,4.2,1.1,4.7,1.5,21.3,18.0,17.9,9.1,-0.5466,0.1816,-0.2308,0.1516,0.2359,-0.1492,0.0866,0.7016
5.3,3.7,4.6,1.9,4.9,8.9,21.7,6.3,33.0,0.1679,0.8679,0.2405,0.2232,-0.1313,-0.2417,0.0908,0.0871
5.3,3.8,2.2,1.5,4.3,16.9,15.3,19.1,43.8,0.0216,0.196,-0.3956,0.2115,0.4458,0.6576,0.1725,0.0288
5.3,3.7,2.3,1.5,1.5,4.5,7.6,12.5,23.0,-0.0225,0.0523,0.0305,-0.2241,-0.1819,0.1706,-0.5513,0.7362
5.3,3.6,3.3,3.1,3.8,3.8,6.4,37.4,28.0,-0.3928,0.3853,-0.0389,-0.2128,-0.0328,-0.2128,-0.4672,-0.6034
5.3,3.3,4.8,2.3,4.1,19.7,12.2,17.9,29.9,-0.1939,0.6108,0.3759,-0.3487,-0.2836,-0.3797,0.255,0.0308
5.3,4.7,2.7,4.1,2.5,18.0,19.9,37.2,26.1,-0.0009,0.2706,0.4305,-0.0189,0.4272,-0.0186,0.2272,-0.6931
5.3,3.6,2.7,1.0,4.3,21.6,15.9,33.2,15.1,0.2203,0.5256,0.1642,0.4748,-0.5052,-0.007,0.3694,0.0245
5.3,3.7,3.3,2.0,4.6,7.9,14.1,24.4,28.9,-0.4501,0.4832,0.0934,-0.0551,0.0597,0.1155,-0.4671,-0.4971
5.3,4.7,3.9,4.3,4.8,16.2,4.2,38.1,23.6,0.2592,0.6325,0.3978,0.0876,0.4006,0.0881,0.2213,-0.3562
5.3,3.8,3.4,3.7,2.8,7.1,18.2,24.0,4.7,-0.1637,-0.0656,-0.0964,0.0004,0.0321,-0.2311,0.4257,-0.8227
5.3,1.2,2.1,2.8,1.4,12.0,7.9,22.6,40.1,0.506,0.8228,-0.051,-0.0891,0.0783,-0.0991,-0.1118,0.0686
5.3,1.9,4.3,3.1,3.9,20.5,10.3,37.1,39.2,0.2579,0.2698,0.0451,-0.2838,0.1375,-0.2838,0.3715,-0.7096
5.3,2.7,2.6,1.7,2.4,12.8,3.8,39.6,17.6,0.5137,0.4597,-0.0782,0.3837,-0.1474,0.4689,-0.105,-0.2805
5.3,4.1,4.2,2.1,4.8,11.6,6.7,41.9,33.0,0.2851,0.0964,-0.0925,-0.2951,0.009,-0.5258,-0.4569,-0.4805
5.3,1.0,5.0,2.2,4.7,3.3,21.6,34.0,29.3,-0.1648,0.3761,0.2299,-0.3707,0.5497,-0.1643,0.43,-0.3133
5.3,2.1,2.3,4.3,1.8,18.0,3.1,4.7,4.8,0.3786,0.1183,-0.3192,0.0813,-0.4551,0.2068,-0.2321,-0.6462
5.3,2.8,3.1,4.2,2.9,17.1,5.0,25.9,11.1,-0.0732,-0.1392,-0.2221,-0.025,-0.2552,-0.4633,0.7843,0.0894
5.3,4.6,3.2,2.2,4.8,20.4,6.5,9.5,40.8,0.6017,0.1657,-0.5819,0.0327,0.0848,0.4166,0.0874,-0.177
5.3,4.1,4.8,1.4,3.4,21.4,16.8,4.1,7.8,0.3047,0.6709,-0.3054,0.088,-0.3378,0.1224,-0.4648,0.0378
5.3,4.5,4.2,1.2,1.5,21.5,2.4,41.1,11.3,0.0705,0.5676,0.0807,0.4088,0.0807,0.409,-0.4841,-0.2539
5.3,3.0,3.8,2.8,1.2,11.7,20.7,9.5,37.2,0.0179,0.5459,0.1423,-0.5789,-0.3576,-0.2845,-0.2328,-0.2162
5.3,3.7,2.1,4.1,1.1,10.4,18.8,19.7,10.6,0.0219,0.9387,-0.1041,-0.1429,0.0918,0.1415,-0.2012,0.0356
5.3,2.8,3.3,1.3,2.2,4.5,2.6,28.4,9.9,-0.3614,0.2839,-0.2649,0.2648,-0.6697,-0.2927,0.0563,-0.2923
5.3,3.4,2.8,2.4,1.1,16.0,11.3,10.9,34.9,-0.2032,0.4064,0.7151,0.0265,-0.0515,-0.339,0.1988,0.2433
5.3,3.3,3.3,3.9,1.6,6.9,19.4,36.9,43.5,-0.4942,0.728,-0.0647,0.1047,-0.0683,0.1038,-0.3427,-0.2531
5.3,4.8,4.3,4.1,1.4,3.5,4.0,38.2,6.4,-0.481,0.2666,-0.0802,0.1738,-0.0825,0.1732,-0.3188,-0.7117
5.3,2.2,2.5,3.9,4.7,16.9,4.7,20.1,29.0,0.0459,0.3114,0.3497,-0.2843,-0.3548,0.2839,-0.0775,0.6826
5.3,3.3,1.9,2.8,2.1,13.2,3.6,27.8,6.4,0.6643,0.5012,-0.2823,-0.2395,0.2996,-0.2479,-0.0104,0.0668
5.3,1.5,2.3,1.1,3.3,10.3,7.1,36.3,25.3,0.6077,0.7806,0.094,-0.036,0.0361,-0.0034,-0.0112,0.0048
5.3,3.4,4.4,4.5,3.6,8.0,13.0,33.1,32.7,-0.4396,0.8814,0.0205,0.0206,0.009,0.017,-0.1198,-0.0615
5.3,2.8,1.4,4.8,4.8,7.3,13.9,35.1,42.1,-0.6063,0.696,-0.1204,0.0602,-0.1831,-0.0029,-0.2007,-0.2074
5.3,3.6,4.5,3.4,3.9,15.7,13.5,32.2,22.6,0.1713,0.3002,0.2506,0.4238,-0.4476,0.2239,0.5466,-0.255
5.3,2.7,4.4,1.8,1.7,4.9,16.4,38.1,15.9,0.1083,0.6351,-0.0717,0.4562,-0.0957,0.4597,-0.1825,-0.3131
5.3,2.8,1.1,4.7,3.8,8.5,12.2,27.4,34.3,-0.4051,0.8623,0.2132,0.1232,0.0595,0.0627,-0.0753,-0.0607
5.3,2.7,1.1,4.5,4.9,10.2,13.2,12.2,29.5,0.2195,0.5489,0.5283,0.4281,0.1114,-0.3559,0.0505,0.1511
5.3,3.1,1.2,4.8,2.3,9.6,6.5,20.4,38.0,-0.3269,0.8637,0.0132,-0.1652,0.1741,0.2072,-0.0437,0.0054
5.3,4.6,1.8,3.8,3.5,19.0,14.2,11.5,13.4,-0.3765,0.1382,-0.4349,0.3158,0.5467,0.3781,-0.3002,0.0411
5.3,2.3,2.7,3.9,4.9,13.8,10.6,15.1,29.8,-0.246,0.4128,0.7062,0.1365,-0.0242,-0.3388,0.1861,0.2682
5.3,1.0,4.5,3.6,1.0,11.7,15.5,22.7,40.2,0.3694,0.5688,0.0778,-0.4377,0.0097,0.4111,-0.0767,0.3744
5.3,1.6,4.1,3.5,2.0,5.5,17.2,11.9,22.0,-0.2585,-0.1089,0.4758,0.1064,0.1088,-0.5236,-0.2559,0.5583
5.3,1.7,2.8,4.2,1.4,14.1,11.5,31.8,7.1,0.0864,0.0728,-0.2441,-0.1513,0.3682,-0.3522,0.7106,-0.3375
5.3,2.0,3.0,1.9,1.7,19.0,16.5,14.3,18.0,0.127,0.5784,0.0208,0.4021,0.4249,-0.2566,-0.4018,0.2531
5.3,1.7,2.2,2.5,4.4,21.6,2.1,31.1,38.9,0.1099,0.3741,-0.3172,-0.5078,0.2756,-0.3976,0.2743,-0.3951
5.3,2.5,2.0,1.6,3.0,20.8,17.3,39.5,39.8,0.1554,0.4128,-0.341,-0.3343,-0.3473,-0.3289,-0.3659,-0.4313
5.3,2.8,4.8,3.3,1.5,5.5,11.1,7.2,7.9,-0.0377,-0.04,-0.058,-0.1281,-0.1118,0.0791,-0.7858,0.5731
5.3,4.0,1.2,3.0,3.7,10.9,8.4,42.2,38.0,0.2358,0.951,-0.0309,-0.1075,-0.0325,0.0974,-0.0034,0.0112
5.3,2.3,2.1,1.9,3.7,15.3,14.3,29.0,6.8,0.3259,0.3421,-0.341,-0.3497,0.4901,-0.1697,0.4818,-0.1425
5.3,3.9,2.9,4.5,2.3,2.2,11.5,19.8,42.6,-0.3085,0.2589,-0.2129,-0.2242,0.2129,0.2239,0.2998,0.7354
5.3,2.8,3.9,2.3,4.2,17.1,3.3,43.6,25.8,0.6179,0.3996,0.3318,0.0491,0.4495,-0.2941,-0.1667,-0.0782
5.3,1.1,3.6,3.4,3.0,21.6,21.8,41.0,19.4,0.0346,0.6879,0.1946,0.3278,0.4186,0.2026,-0.3205,-0.2005
5.3,3.8,4.2,4.7,3.3,14.0,18.5,35.7,16.3,-0.1267,0.5162,-0.2286,0.425,-0.3196,0.3929,0.1586,-0.4294
5.3,1.1,1.4,3.6,2.6,14.2,11.7,17.2,29.2,-0.328,0.3434,0.3329,0.243,-0.4373,-0.3009,-0.118,0.5362
5.3,1.7,4.3,2.6,2.6,21.9,4.0,22.5,9.3,0.0954,0.1491,-0.0701,0.3342,0.1212,-0.3831,0.6174,0.5366
5.3,1.4,4.2,4.1,3.2,9.5,4.1,21.3,4.2,-0.0791,0.9572,-0.0699,-0.1419,0.1362,0.1309,0.0279,0.0307
5.3,1.2,1.9,1.9,4.3,3.5,20.7,31.0,30.3,-0.1821,0.2911,0.3,-0.5281,0.5669,0.2905,0.2545,0.1112
5.3,2.7,2.3,2.3,1.2,3.4,15.9,32.9,15.9,-0.2417,0.5541,-0.229,0.3911,-0.4718,0.2571,0.1562,-0.3131
5.3,4.5,3.0,4.2,1.6,10.4,19.7,25.8,43.7,0.1451,0.9489,-0.0241,-0.1779,0.1758,0.0305,0.0206,0.0077
5.3,1.3,4.0,1.3,4.1,13.9,7.3,36.6,35.5,0.1915,0.9415,-0.1774,0.019,-0.1011,-0.0067,-0.1139,-0.0002
5.3,2.7,2.8,3.3,4.0,12.9,14.4,8.2,29.9,0.3632,0.211,0.4939,0.3063,0.3664,-0.502,-0.1849,0.2011
5.3,3.2,2.8,4.5,4.7,10.2,8.6,21.5,12.9,-0.2427,0.3124,-0.1514,0.0134,0.0959,0.4385,0.5729,0.4391
5.3,4.8,3.9,4.1,3.1,6.2,11.2,21.5,13.9,-0.0939,0.7299,-0.1794,0.2574,0.2126,-0.2724,0.428,0.2029
5.3,4.7,2.8,4.6,4.2,3.4,16.9,4.9,15.8,-0.2191,0.0709,-0.1547,-0.0554,0.3179,0.7739,-0.438,0.0578
5.3,2.0,2.2,3.3,2.2,18.9,3.4,37.7,34.1,-0.1685,0.4313,0.0412,-0.4121,0.0475,-0.4145,-0.3497,-0.5413
5.3,1.1,2.3,2.6,4.7,18.6,17.7,15.6,26.1,0.0587,0.1411,0.7294,-0.0565,-0.0832,-0.6143,0.1313,0.1029
5.3,4.7,2.6,4.1,3.5,17.0,20.2,10.0,26.7,0.2308,-0.2508,0.3896,-0.0045,0.0854,-0.6776,-0.4276,-0.2348
5.3,4.4,3.1,1.7,2.9,4.5,9.2,33.1,40.8,-0.332,0.0297,-0.0768,-0.1073,0.0016,-0.1062,-0.0001,-0.8984
5.3,2.8,1.3,2.2,1.9,20.6,16.5,21.7,10.0,0.139,0.4265,-0.3992,0.1789,0.4437,-0.2145,0.4707,0.3553
5.3,3.6,3.7,1.4,4.9,19.1,11.2,16.8,39.7,0.2765,0.4167,-0.1335,-0.2254,-0.3091,0.2113,-0.5847,0.401
5.3,2.0,4.6,1.0,4.9,2.2,8.7,21.0,6.0,0.6962,0.3448,0.0051,-0.0169,-0.0084,0.019,-0.2708,0.553
5.3,3.9,2.6,1.0,1.2,13.2,14.0,21.7,37.4,0.6256,0.7313,0.12,-0.118,-0.1142,0.1156,-0.0461,0.0774
5.3,3.8,3.2,3.3,1.5,13.3,14.9,9.7,4.6,0.4785,0.4466,-0.1942,-0.4717,-0.3929,-0.235,-0.1661,-0.2456
5.3,3.7,4.4,2.1,1.2,11.5,19.9,36.1,37.4,0.1612,0.7777,0.0167,-0.2699,0.3963,-0.1536,0.2697,-0.1095
5.3,3.0,4.3,4.7,3.6,13.8,2.3,29.6,24.6,0.4546,-0.0615,0.4872,0.0998,-0.2008,0.5873,0.1454,0.315
5.3,1.7,3.3,3.2,1.6,7.5,11.6,37.6,25.9,-0.291,0.8018,0.0773,0.0074,0.0719,0.0077,-0.4623,-0.172
5.3,3.2,4.9,4.4,4.8,20.7,16.9,7.1,26.1,0.2853,0.1167,0.3574,0.0135,0.5029,-0.4012,-0.5799,-0.0851
5.3,1.7,4.5,4.9,4.5,10.1,9.5,17.8,30.4,-0.4379,0.4187,0.3184,0.3576,-0.0895,-0.3176,0.1187,0.4905
5.3,2.9,2.7,2.0,3.6,10.0,14.6,14.9,23.6,0.3374,0.809,0.0976,0.3227,0.2797,0.1192,-0.0991,-0.0418
5.3,1.3,2.4,3.4,1.5,21.2,20.7,32.1,7.5,-0.2664,0.0362,-0.3137,-0.0541,-0.423,-0.1855,0.4611,-0.6153
5.3,1.1,2.6,2.7,2.5,16.9,20.7,43.1,41.8,0.4458,0.456,-0.366,-0.2157,-0.5383,0.0558,-0.2446,-0.175
5.3,1.3,4.9,3.6,3.9,17.0,15.3,31.5,24.5,0.126,0.0967,0.4877,0.3478,-0.357,0.4641,0.3573,-0.345
5.3,1.9,2.7,2.0,3.8,6.9,18.7,30.7,7.0,-0.4123,0.5123,-0.4222,0.3367,-0.2371,-0.3393,-0.2368,-0.1663
5.3,4.3,2.7,1.2,3.4,18.3,3.1,32.4,12.5,0.0167,0.2887,-0.0447,0.5482,-0.5669,-0.1094,0.4816,0.1254
5.3,2.8,3.2,3.3,2.4,18.9,13.1,7.3,40.9,0.1508,0.1452,-0.2054,-0.3992,-0.4255,-0.1309,-0.6779,-0.2738
5.3,3.3,2.9,4.8,2.7,17.5,7.1,23.8,9.4,-0.0077,-0.0038,-0.0579,-0.0204,-0.0641,-0.2067,0.8124,0.5182
5.3,1.4,4.9,1.5,3.5,18.0,7.6,10.7,32.8,-0.5297,0.3424,-0.1566,-0.162,0.0584,0.1584,0.289,0.6122
5.3,2.2,1.3,3.0,4.0,6.5,7.2,28.8,43.6,-0.4631,0.0823,-0.2864,0.226,-0.4295,0.0759,0.2128,-0.6131
5.3,3.0,4.8,4.2,4.2,18.4,16.0,11.7,37.4,0.034,0.3394,-0.0976,-0.5707,-0.4699,0.117,-0.528,0.1194
5.3,2.8,4.2,5.0,1.8,7.0,15.7,7.0,17.3,-0.2633,0.1442,-0.1668,0.4664,0.3841,-0.2504,-0.5112,0.4033
5.3,3.9,2.3,2.6,3.7,3.3,17.7,5.1,25.5,0.2783,0.4198,0.3697,-0.0377,0.4872,-0.1936,-0.5618,-0.0784
5.3,3.2,4.3,4.0,4.3,4.9,11.6,16.3,38.5,-0.4372,0.176,-0.2736,-0.326,0.0166,0.2915,0.0428,0.7002
5.3,4.9,1.9,2.8,4.8,18.2,13.4,23.5,17.5,0.1672,0.3835,-0.3848,0.482,-0.1688,-0.4518,-0.0668,0.4187
5.3,2.4,3.2,3.3,1.5,15.4,19.9,16.9,5.1,0.0576,0.4466,-0.2198,-0.2631,0.3233,0.3226,-0.5293,0.4179
5.3,3.4,2.5,4.6,3.7,16.6,16.3,28.5,18.8,-0.0041,0.4061,-0.0046,0.5803,-0.4869,0.0161,0.4922,-0.0255
5.3,3.4,1.6,2.0,2.6,15.1,18.1,17.1,24.9,0.0521,-0.0943,0.1214,-0.0137,-0.2794,-0.7861,-0.4133,-0.165
5.3,1.7,4.2,3.8,3.7,4.6,15.9,40.9,18.5,-0.0927,0.4595,0.0565,0.4217,0.3556,0.3182,-0.4196,-0.4184
5.3,4.3,2.7,2.6,3.1,3.4,14.8,30.8,15.8,-0.1423,0.4785,-0.1294,0.4899,-0.5388,0.1275,0.3763,-0.1674
5.3,1.0,2.5,4.3,3.6,7.0,15.8,10.3,15.2,-0.4689,0.2562,-0.333,0.3835,0.5309,-0.0681,-0.2969,0.2613
5.3,2.2,4.3,3.7,1.9,2.8,9.0,26.2,32.2,-0.3339,-0.1686,0.0335,0.2075,-0.0836,0.138,0.4774,-0.7228
5.3,2.3,3.5,4.4,3.0,11.9,2.1,42.7,28.7,0.5945,0.1949,0.3194,0.0797,0.4519,-0.3385,-0.0808,-0.3729
5.3,1.3,2.2,4.7,3.2,14.6,4.5,25.7,16.4,-0.363,0.3308,-0.3515,0.3405,-0.5581,-0.1785,0.3963,0.0175
5.3,2.5,2.1,3.9,4.1,20.9,6.0,35.1,23.2,-0.0622,0.3672,0.3657,-0.0302,0.4963,0.0626,0.5316,-0.4024
5.3,1.4,3.4,3.2,1.4,14.9,14.4,22.9,19.6,0.3023,0.4014,-0.134,0.5205,-0.0785,-0.4325,0.0685,0.4903
5.3,1.9,2.4,2.2,1.5,12.6,12.7,36.3,21.9,0.4862,0.6415,0.1005,0.0192,-0.347,0.3173,0.2452,-0.1171
5.3,4.0,3.7,2.1,3.4,15.1,13.8,5.6,43.6,0.3724,0.2443,-0.2317,-0.4494,-0.3553,-0.3157,-0.3587,-0.4066
5.3,2.7,1.9,4.2,3.2,5.1,16.8,22.2,10.9,0.0025,0.364,-0.0702,0.2411,0.1754,-0.342,0.7607,0.2453
5.3,3.6,3.1,5.0,3.3,7.5,5.9,26.7,33.1,-0.7641,0.532,-0.0213,-0.1303,0.0209,-0.0922,-0.1591,-0.2575
5.3,4.2,1.3,3.8,1.9,6.5,8.3,42.0,6.3,0.0995,0.3637,-0.0242,-0.0002,0.0359,0.0125,-0.8565,0.2821
5.3,3.4,3.1,1.5,1.8,14.2,4.2,25.9,38.2,0.3243,0.6182,-0.2169,-0.3753,0.4478,0.0755,0.3035,0.0528
5.3,2.3,2.8,3.2,2.4,5.4,19.4,11.9,9.8,-0.604,0.1839,-0.299,0.1299,0.4499,0.0791,-0.0498,0.5223
5.3,1.4,3.3,4.0,3.3,9.2,10.9,6.6,23.0,-0.134,0.9569,-0.2024,0.0468,-0.0261,0.0236,0.0271,-0.0023
5.3,2.6,2.4,3.2,1.3,8.4,9.8,39.8,26.8,0.2513,0.5216,0.0002,-0.0037,-0.0046,0.0039,-0.6276,0.399
5.3,2.2,2.1,1.5,1.1,13.8,10.7,35.8,35.2,0.0529,0.7049,0.4721,-0.2482,0.1074,0.2283,-0.2775,0.0286
5.3,2.8,1.8,2.4,1.2,8.2,16.4,34.4,8.6,-0.1729,0.973,-0.0103,0.0196,-0.0206,0.0162,-0.1097,-0.0209
5.3,4.6,2.6,1.0,1.1,15.0,7.7,14.1,36.9,-0.1518,0.7471,-0.3389,-0.1024,0.1768,0.136,0.3021,0.2065
5.3,3.3,4.6,3.3,2.7,9.5,19.2,42.0,5.4,0.0622,0.9575,-0.0094,-0.186,-0.1158,-0.1368,-0.015,-0.0261
5.3,1.1,4.7,1.6,4.0,7.3,10.8,34.3,26.1,-0.3576,0.823,0.196,0.0021,0.0765,0.0346,-0.3201,-0.1629
5.3,2.0,2.7,2.2,3.9,7.3,21.4,6.7,24.1,0.0057,-0.0294,0.2192,-0.0446,0.0262,-0.5423,-0.3163,0.7225
5.3,4.9,2.4,3.4,3.6,2.5,17.2,33.7,34.9,-0.1669,0.4004,0.0303,-0.5242,0.2965,-0.4017,0.2395,-0.4569
5.3,1.3,3.7,1.9,4.4,3.3,3.9,6.1,33.1,-0.2115,0.2609,0.2178,-0.158,-0.6647,-0.4927,-0.3142,0.0223
5.3,4.2,1.5,2.9,4.5,9.7,12.8,41.0,36.2,-0.0999,0.7414,0.4041,0.0452,-0.0921,-0.1573,0.3231,0.1693
5.3,1.6,4.4,1.3,4.8,20.4,10.2,19.4,40.1,0.483,0.5104,0.0006,-0.126,-0.1475,0.1641,-0.4401,0.4642
5.3,3.2,4.3,1.5,4.8,18.6,10.1,37.0,38.6,0.1234,0.4591,-0.1302,-0.1829,0.3096,-0.0224,0.7303,-0.0457
5.3,2.6,3.4,1.1,2.5,20.5,17.6,40.7,34.8,0.5819,0.3657,0.0427,-0.4193,0.071,-0.4625,-0.1856,-0.2389
5.3,2.5,1.1,3.1,4.3,19.7,6.9,21.8,42.2,0.473,0.4879,-0.3909,0.0851,0.4071,-0.0918,-0.0577,0.415
5.3,4.8,4.7,3.7,4.8,7.3,15.7,14.4,29.5,-0.4182,0.8709,0.0165,-0.1273,-0.074,0.09,0.144,0.0849
5.3,2.5,1.1,2.9,3.1,5.2,18.6,22.7,29.4,0.1244,0.3595,0.0705,-0.2952,-0.1699,0.4172,0.724,0.119
5.3,4.8,1.3,2.9,2.6,13.3,15.7,32.4,36.9,0.0505,0.5489,-0.0063,-0.4968,0.4819,0.1012,0.4161,0.0699
5.3,2.2,3.4,1.9,4.9,6.1,8.9,23.2,9.7,0.078,0.7874,0.0198,-0.0069,0.1028,0.0043,0.5866,-0.0622
5.3,4.7,2.2,3.8,1.4,9.2,15.7,42.2,15.8,-0.0486,0.8193,0.0136,-0.3758,-0.2545,0.2576,-0.0989,0.1269
5.3,1.6,3.0,2.8,3.9,10.8,10.1,33.9,6.3,0.3834,0.1295,0.0833,-0.4983,0.1672,0.3193,0.266,0.5532
5.3,3.6,3.6,4.7,2.2,21.2,12.1,41.5,29.7,0.0656,0.2891,0.2524,0.0054,0.3918,-0.1632,-0.7843,-0.1393
5.3,3.6,2.1,3.9,1.3,22.0,21.5,19.7,19.9,-0.155,0.5276,0.4162,0.2385,-0.4092,-0.2382,0.0774,0.4638
5.3,3.2,3.7,2.6,1.9,19.7,14.2,14.9,24.6,0.0075,-0.0195,0.3867,0.0898,0.1712,-0.551,-0.3071,0.623
5.3,2.3,1.9,2.3,4.7,21.6,18.4,12.5,6.0,0.0755,0.1954,-0.5847,-0.3318,-0.1299,0.4885,-0.068,0.4789
5.3,1.1,3.6,3.3,4.0,4.6,21.5,9.6,25.8,-0.0085,-0.194,0.3344,-0.0486,-0.1255,-0.7283,-0.527,-0.0011
5.3,4.0,1.8,1.7,4.9,3.9,17.6,36.2,6.3,-0.0232,0.596,-0.6058,0.1809,-0.1698,-0.2654,-0.3418,-0.1033
5.3,3.5,2.4,4.8,1.2,11.3,6.8,40.2,18.2,-0.3186,0.8369,-0.0934,0.1623,0.3243,0.1238,-0.1006,-0.023
5.3,1.2,1.0,2.1,1.8,2.3,5.3,20.0,42.9,0.3225,0.46,-0.4681,0.0307,0.4734,-0.0331,0.0441,0.4644
5.3,4.1,3.8,1.6,2.7,10.0,8.1,5.1,15.4,0.6592,0.7208,-0.1117,0.0184,0.0423,0.0199,0.0452,-0.0424
5.3,1.9,1.9,1.6,3.0,10.4,14.3,38.8,6.1,0.4372,0.7976,0.1057,-0.1555,0.0612,-0.1673,0.151,-0.084
5.3,3.8,1.4,4.8,2.1,3.7,12.5,11.5,9.8,-0.5363,-0.1616,-0.2392,-0.034,0.272,0.3834,-0.3136,0.5461
5.3,4.6,4.8,1.8,1.2,7.0,10.4,21.2,30.3,0.0704,0.961,0.0263,-0.0056,-0.0163,0.0008,0.2483,-0.0179
5.3,2.8,3.1,1.2,3.2,19.7,4.3,40.1,14.5,0.2239,0.3301,0.14,0.457,0.1363,0.4616,-0.3967,-0.4415
5.3,2.7,4.5,2.5,1.7,16.2,3.6,41.0,17.0,0.1718,0.0436,0.1894,0.2212,0.0928,0.5863,-0.6325,0.1307
5.3,4.1,1.9,1.4,1.3,13.4,18.5,44.0,33.8,0.6848,0.4224,0.289,0.0953,0.2714,-0.3924,-0.0422,-0.016
5.3,2.3,3.0,2.7,2.3,21.5,11.3,42.8,41.6,0.0361,0.1294,-0.1323,-0.2645,-0.2934,-0.0898,-0.8285,-0.2762
5.3,2.5,2.0,4.3,4.9,5.4,15.8,26.5,24.5,0.1078,-0.0419,0.365,0.1374,-0.3915,0.4361,0.5952,-0.3315
5.3,4.2,2.8,1.0,4.5,7.5,7.6,17.8,18.9,0.4978,0.8368,0.1526,-0.1026,-0.0369,0.0126,0.0488,-0.0213
5.3,4.4,2.5,1.4,2.1,14.1,10.5,40.6,4.4,0.6781,0.6791,0.0606,-0.0682,0.0605,-0.0655,0.1519,-0.1611
5.3,4.1,3.8,2.5,3.4,8.7,2.1,37.1,27.0,0.1041,0.9821,0.0403,0.0631,0.0291,0.0643,-0.0731,0.0022
5.3,2.1,3.3,2.5,3.5,15.5,12.9,39.8,30.1,0.1146,0.6828,0.3991,0.0124,0.4296,-0.0074,-0.3386,-0.1966
5.3,4.1,3.2,3.9,2.1,15.3,21.3,36.2,27.5,0.121,0.3529,0.342,0.0223,0.3758,0.0353,0.5197,-0.551
5.3,3.0,1.8,4.4,2.5,17.4,4.4,15.1,22.0,-0.2221,0.1817,0.2353,0.13,-0.3944,-0.4791,-0.6539,0.0271
5.3,1.2,3.7,3.1,3.3,4.2,9.7,37.0,24.3,-0.3283,0.1236,0.0971,0.1849,0.053,0.185,-0.1896,-0.8574
5.3,4.1,4.1,1.7,1.7,15.5,11.6,16.5,32.9,-0.2141,0.4665,0.5605,0.0484,-0.1414,-0.2861,0.3386,0.3863
5.3,2.8,1.7,1.1,1.3,17.3,15.1,11.0,9.4,0.4378,0.1393,-0.4176,-0.0518,-0.4043,0.4434,-0.4142,0.2481
5.3,4.3,4.1,1.2,1.6,11.6,8.1,22.7,33.7,0.7459,0.6252,0.0177,-0.0131,-0.027,0.0241,-0.1104,0.1407
5.3,1.9,1.4,2.4,3.8,12.2,4.4,7.1,13.8,0.3843,0.1176,-0.6296,-0.0443,0.0072,0.6388,0.0991,-0.0453
5.3,1.2,1.5,2.5,3.2,19.2,15.6,31.2,13.1,-0.3216,0.2564,-0.378,0.3994,-0.5653,-0.3625,0.2316,0.0294
5.3,3.2,2.0,4.3,4.2,21.2,13.6,11.8,9.7,-0.3974,-0.1116,-0.4787,0.0988,0.2174,0.6343,-0.1888,0.2967
5.3,4.9,1.1,4.3,3.6,8.6,10.9,36.5,9.0,-0.1465,0.9653,0.0743,-0.0952,0.106,-0.0859,-0.05,-0.0251
5.3,3.0,2.3,3.6,1.1,9.5,13.8,33.4,4.2,-0.0958,0.9741,0.0195,-0.0998,0.1432,-0.0095,0.016,-0.0029
5.3,2.1,1.4,2.6,4.7,11.9,6.8,21.8,33.5,0.2113,0.3816,0.1233,-0.4619,-0.1299,0.4652,0.1799,0.5316
5.3,2.7,4.6,4.5,4.3,15.8,11.4,10.4,14.1,-0.1389,0.3957,-0.7956,0.1065,0.0316,0.364,0.161,0.0208
5.3,4.0,3.9,1.2,3.4,4.9,2.3,8.7,7.5,-0.1245,0.2251,-0.5717,0.2749,0.2884,0.5261,0.292,0.2634
5.3,1.4,1.1,3.5,1.1,21.1,21.8,19.2,34.9,-0.3078,0.4389,0.0445,-0.3441,-0.0536,0.3456,0.3829,0.5519
5.3,1.6,1.7,3.1,4.0,17.1,3.4,10.9,38.2,0.1141,0.5176,-0.1416,-0.5281,-0.4415,0.2034,-0.3703,0.1686
5.3,2.2,2.6,5.0,3.1,14.7,5.3,12.4,41.6,0.1024,-0.1637,-0.3334,0.0316,0.1742,0.5,-0.5109,-0.51
5.3,2.0,2.2,2.5,1.6,13.4,3.0,24.2,29.6,0.675,0.1848,0.2864,-0.0255,-0.3948,0.2837,0.0741,0.4015
5.3,1.8,2.0,2.7,3.7,10.0,11.0,9.3,35.5,0.1685,0.9085,0.3491,-0.0763,-0.0127,-0.0229,0.0591,-0.008
5.3,4.6,4.4,2.9,4.3,8.2,4.8,5.7,29.5,-0.3535,0.8754,-0.0277,0.0285,0.0561,-0.0181,0.2639,0.116
5.3,1.8,4.0,1.4,2.7,22.0,7.8,19.6,18.4,0.4039,0.9019,0.0737,-0.022,-0.0521,0.0118,0.038,-0.01
5.3,3.4,2.3,4.8,3.3,17.0,14.0,17.9,28.7,-0.1947,0.3867,0.4659,0.0389,-0.4912,-0.0475,-0.0605,0.5742
5.3,4.5,2.5,3.6,2.4,18.5,14.9,25.1,6.2,0.277,0.2129,-0.3957,-0.1634,0.5547,-0.0715,0.5256,0.2946
5.3,3.9,2.6,2.6,1.1,14.6,3.2,31.8,9.0,0.3246,-0.2552,-0.2528,0.04,-0.1067,-0.4364,0.4509,0.566
5.3,4.3,5.0,4.6,4.2,9.0,21.6,23.5,29.5,-0.019,0.9613,0.0019,0.1261,-0.1987,0.0001,0.0427,-0.0008
5.3,4.1,3.6,4.9,3.1,9.7,8.7,29.7,24.9,0.1335,0.9776,-0.0934,-0.0057,-0.0048,-0.003,-0.0124,0.0022
5.3,2.8,2.1,1.9,4.3,13.0,2.2,21.0,40.9,0.3214,0.6408,-0.2678,-0.3515,0.2696,0.3515,0.0985,0.2603
5.3,1.1,4.9,3.3,4.4,13.8,2.9,10.0,14.3,-0.2472,0.1728,-0.3775,0.4216,0.5517,0.3284,-0.3775,-0.1394
5.3,4.0,3.4,1.1,3.6,14.5,9.6,22.0,20.2,0.6792,0.7141,-0.0966,0.0558,-0.0242,-0.0072,-0.051,0.0446
5.3,2.4,4.9,3.0,4.3,3.7,21.0,8.7,22.8,0.4161,0.1535,0.4511,0.1903,0.4426,-0.4804,-0.3141,0.1238
5.3,1.9,4.9,4.9,1.1,14.9,18.4,39.0,14.4,-0.1427,0.2585,-0.2075,0.2743,-0.2068,0.2753,-0.4211,-0.6883
5.3,3.2,4.9,2.3,2.1,11.0,20.5,36.4,6.1,0.4994,0.7599,-0.246,-0.1683,0.0064,-0.2404,-0.068,0.0004
5.3,2.1,2.5,1.9,3.1,8.2,19.7,8.6,32.4,-0.1405,0.9381,-0.0236,-0.1885,-0.0699,0.1612,0.1274,0.0524
5.3,2.3,1.1,3.4,2.2,10.8,15.6,43.7,32.3,0.4729,0.3917,0.4095,0.3445,0.3427,-0.418,-0.031,0.0577
5.3,2.5,1.5,1.7,3.5,14.6,8.6,25.7,36.5,0.3133,0.9261,-0.108,-0.0008,-0.0439,-0.0111,-0.0212,-0.0016
5.3,2.1,2.4,4.7,3.6,2.8,19.6,24.1,10.4,0.0767,0.0303,-0.0627,0.1159,0.1835,-0.5094,0.783,0.223
5.3,4.8,1.2,4.6,2.1,2.1,12.9,27.6,13.0,-0.3054,-0.1547,-0.2972,-0.045,-0.3041,-0.5515,0.5394,-0.2905
5.3,2.9,1.1,2.8,3.4,2.7,3.3,10.8,24.7,0.1065,-0.1661,0.5397,-0.0014,0.0891,-0.7469,-0.2431,0.1521
5.3,2.0,2.2,2.7,2.4,5.8,18.8,10.3,40.1,-0.1335,0.0172,-0.5288,-0.2629,-0.1695,0.4585,-0.1759,0.5798
5.3,1.3,4.9,1.5,2.9,21.8,21.3,14.2,32.9,-0.0088,0.4707,0.032,-0.4741,-0.3485,0.4028,-0.234,0.4344
5.3,3.4,4.1,1.8,3.9,7.4,20.9,11.2,17.7,-0.1513,0.9047,0.2863,0.038,-0.121,-0.0569,0.198,0.0767
5.3,3.2,2.4,2.9,1.2,5.6,7.0,12.9,14.8,-0.7152,0.4684,0.0708,0.1618,-0.0112,-0.1311,0.2266,0.3979
5.3,2.5,2.1,2.2,2.7,14.7,19.9,7.9,19.1,0.201,0.4692,0.0711,0.5733,0.4198,0.2243,-0.3577,-0.19
5.3,2.9,3.0,1.9,3.3,5.4,7.2,7.2,17.9,-0.0481,0.6677,0.3678,0.3769,-0.1126,-0.376,0.1076,0.2898
5.3,1.0,5.0,2.8,3.5,16.7,4.0,16.3,25.8,-0.1218,0.3462,0.2926,-0.0773,-0.5372,-0.1462,-0.6351,0.193
5.3,3.7,1.2,1.1,3.5,14.0,17.0,31.1,35.7,0.6504,0.4042,0.2293,-0.4928,0.0374,0.2177,0.0234,0.2191
5.3,2.0,1.6,4.5,4.4,3.8,4.7,28.3,37.3,-0.0185,0.3982,-0.1275,-0.6019,0.3984,-0.2645,0.3754,-0.2597
5.3,4.2,1.4,4.2,1.6,3.4,19.8,38.2,5.8,-0.3227,0.2738,-0.2894,0.1694,-0.2855,0.1696,-0.2627,-0.7152
5.3,4.9,3.4,2.3,5.0,3.1,5.3,38.7,13.9,-0.2019,0.6157,0.1825,0.3163,0.1613,0.3197,-0.4214,-0.3523
5.3,2.0,3.3,3.0,1.3,6.2,12.2,27.5,39.8,-0.2256,-0.0994,-0.1694,-0.2936,0.1523,-0.2032,0.5022,-0.6864
5.3,4.6,2.0,1.3,4.1,14.6,8.1,23.4,42.3,0.7437,0.6442,-0.0329,-0.01,0.0778,-0.077,-0.0483,0.0614
5.3,3.5,3.9,3.6,4.8,19.4,4.3,39.4,4.8,0.3003,0.606,-0.4448,-0.0345,-0.4509,-0.0317,0.0307,-0.3471
5.3,4.5,3.7,4.8,2.6,14.9,8.2,38.8,15.6,-0.2612,0.8461,-0.0544,-0.0231,-0.0319,-0.037,-0.4054,-0.128
5.3,4.4,2.0,2.6,4.9,9.0,6.0,14.1,42.1,0.1278,0.9673,-0.1027,-0.1266,0.0127,0.1091,0.0227,0.0132
5.3,3.1,1.3,1.0,2.7,19.8,2.1,40.2,15.7,0.4842,0.3876,-0.0206,0.4639,-0.0226,0.4671,-0.1609,-0.3637
5.3,1.6,4.3,3.7,4.1,9.7,10.3,11.7,19.9,0.1044,0.9502,-0.2566,0.0541,-0.0142,0.0131,0.0283,-0.0086
5.3,1.0,1.6,2.3,2.7,4.4,18.6,41.8,35.9,-0.1004,0.4744,0.0837,-0.46,-0.4511,-0.3381,-0.3161,-0.3048
5.3,2.5,2.6,3.2,1.5,13.1,9.0,15.1,43.9,-0.0296,0.2931,0.0094,-0.0657,-0.0907,-0.0102,-0.9213,-0.1155
5.3,1.2,2.9,3.8,4.7,20.1,18.7,4.8,37.9,-0.0419,0.5632,-0.1519,-0.4131,-0.3326,-0.3529,-0.3092,-0.3764
5.3,5.0,3.8,4.0,4.9,21.1,14.1,15.4,28.1,-0.5398,0.3298,0.324,-0.1906,-0.534,-0.2798,-0.061,0.2659
5.3,1.1,2.6,4.1,1.1,18.0,19.7,15.2,10.1,-0.2839,0.0296,-0.316,0.0254,0.3645,0.0175,-0.3356,0.7474
5.3,4.4,1.5,4.1,1.1,12.4,11.7,13.6,14.7,0.0933,-0.1625,-0.533,0.0137,0.1121,0.7074,-0.1205,-0.3339
5.3,4.6,4.9,1.4,4.3,12.7,2.5,25.7,22.2,0.4676,0.6698,0.2516,0.2513,-0.3875,-0.0672,0.197,0.0356
5.3,1.4,1.5,1.7,4.0,17.8,5.9,17.3,29.2,0.1061,0.5484,0.2166,-0.2462,-0.4678,0.1847,-0.429,0.3501
5.3,4.3,1.1,2.8,4.6,7.1,2.4,11.6,7.5,-0.4333,0.8268,-0.0854,0.1578,0.2033,0.0285,0.1781,0.1103
5.3,4.1,3.4,2.4,4.0,19.1,15.6,6.8,36.8,0.1968,0.3165,-0.0136,-0.5795,-0.3625,-0.3075,-0.3966,-0.3441
5.3,3.3,4.6,2.1,1.3,3.8,18.6,42.3,12.5,0.1169,0.3978,-0.0089,0.3036,-0.0627,0.3792,-0.7463,-0.0599
5.3,2.9,4.6,4.4,2.4,3.9,17.1,29.5,21.9,-0.1291,-0.1801,0.4482,0.1173,-0.1998,0.5524,0.421,-0.4334
5.3,3.1,1.7,4.4,3.9,12.6,11.8,9.2,43.9,0.3045,0.3434,-0.2683,-0.4633,-0.5435,-0.0081,-0.4203,-0.0682
5.3,4.2,2.7,4.7,4.7,7.6,17.4,30.4,28.1,-0.5896,0.7781,0.0153,-0.0371,0.0312,-0.0174,-0.1427,-0.1116
5.3,4.7,3.5,2.7,1.6,15.4,2.3,29.8,40.0,0.4598,0.5625,-0.2706,-0.3621,0.4212,-0.1741,0.1773,-0.0471
5.3,3.4,4.9,1.7,4.2,10.7,19.5,6.2,40.2,0.4521,0.7223,-0.0399,-0.3804,-0.168,-0.2612,-0.0678,-0.1088
5.3,1.0,2.3,4.6,2.6,7.7,16.3,41.7,20.2,0.0568,0.253,0.1339,0.2085,0.3457,-0.1197,-0.8137,0.1645
5.3,4.6,4.0,2.6,1.3,15.1,20.8,24.2,18.1,0.0137,0.5235,-0.1034,0.5182,-0.3366,-0.3953,0.2118,0.3221
5.3,3.8,4.7,4.3,1.4,8.0,12.6,21.3,24.4,-0.143,0.8624,0.0029,0.0002,-0.0032,-0.0002,0.4619,0.0717
5.3,1.9,3.2,3.3,2.1,7.5,5.1,15.9,37.7,-0.4683,0.6602,-0.2347,0.1191,0.4208,0.1223,0.0988,0.1907
5.3,4.7,4.9,1.4,1.2,12.7,15.7,15.8,15.0,0.4586,0.4398,-0.6458,0.0287,0.1559,0.313,0.1807,0.0249
5.3,1.2,3.8,4.4,2.5,11.6,2.3,39.9,17.7,-0.3675,0.4943,-0.225,0.3966,0.2569,0.489,-0.0022,-0.2543
5.3,3.0,3.1,2.6,4.4,21.0,9.8,23.0,39.3,0.3415,0.0207,0.0554,-0.3308,0.0914,0.2641,0.2427,0.7657
5.3,1.7,2.4,3.6,3.5,19.1,9.2,30.3,38.0,0.2961,-0.1094,0.149,-0.3676,0.169,0.204,0.4682,0.6131
5.3,1.9,3.6,2.5,4.9,2.1,5.6,5.7,11.3,0.0918,0.1384,0.1006,0.2487,-0.0049,0.4854,-0.6824,-0.4333
5.3,1.2,4.5,2.5,4.3,20.2,13.0,25.5,41.1,0.1031,0.2486,-0.1997,-0.381,0.3968,0.1814,0.6304,0.356
5.3,2.5,1.4,1.1,5.0,9.6,12.7,37.2,16.6,0.5424,0.8265,-0.1033,0.064,-0.017,0.0073,-0.0154,0.0076
5.3,5.0,4.6,2.0,3.2,5.9,14.0,36.5,25.1,-0.2053,0.8505,0.1674,-0.2401,0.1325,0.1885,-0.276,-0.0368
5.3,4.6,2.3,3.6,2.8,10.7,12.7,4.7,13.8,0.3346,0.7657,-0.2087,-0.1745,-0.4325,0.0397,-0.1614,-0.0391
5.3,3.6,2.3,1.5,4.7,16.7,13.1,15.9,26.3,0.0578,0.317,0.5472,0.2636,-0.0883,-0.4447,0.1528,0.5186
5.3,3.5,4.8,4.2,5.0,16.3,8.4,7.2,34.3,-0.0362,0.9349,0.272,0.0685,-0.0769,-0.051,0.0423,0.0295
5.3,4.4,3.0,1.7,1.0,9.2,18.0,15.4,12.1,0.2635,0.9567,-0.0194,-0.0592,-0.0218,0.0568,0.0116,0.0003
5.3,1.4,4.6,1.3,1.6,8.3,5.2,36.1,43.5,0.123,0.9669,0.0839,0.0349,0.0599,0.0387,-0.1492,0.0105
5.3,3.6,3.0,3.8,3.7,20.4,17.7,9.8,29.0,-0.3227,-0.1398,0.3951,-0.0968,-0.3525,-0.6048,-0.365,0.2518
5.3,1.8,2.1,1.8,2.4,15.7,17.2,33.6,19.4,0.2684,0.5944,0.0971,0.3458,-0.3819,0.2759,0.3691,-0.2631
5.3,5.0,1.4,4.6,2.8,11.7,14.7,28.1,21.7,0.2185,0.7142,0.0449,0.467,-0.3744,-0.1624,0.1819,0.0761
5.3,4.4,4.4,2.0,1.5,19.0,3.5,44.0,21.6,0.5387,0.4976,0.3625,0.094,0.4834,-0.0904,-0.2054,-0.1177
5.3,2.0,4.1,2.9,3.1,17.9,21.9,28.4,43.9,0.3092,-0.2089,-0.4121,0.0455,0.0104,-0.672,0.3315,0.2776
5.3,3.2,4.3,1.3,4.8,5.1,18.5,40.0,26.2,0.285,0.8222,0.2571,-0.156,0.2751,-0.1629,-0.1744,-0.0563
5.3,1.7,1.4,1.3,2.7,5.4,21.6,23.4,24.0,0.4129,0.5577,0.3091,-0.0581,-0.4009,0.2041,0.4389,-0.0813
5.3,2.3,1.0,2.7,2.9,4.2,2.2,42.9,36.4,-0.0285,0.5471,0.0057,-0.4071,-0.4924,-0.103,-0.4962,-0.0899
5.3,4.4,2.8,2.4,2.3,17.6,14.0,30.3,17.6,0.0881,0.3158,-0.0671,0.6198,-0.4331,-0.2202,0.4343,0.2324
5.3,2.0,1.7,1.8,1.7,18.4,9.7,21.6,29.6,-0.0834,0.1644,0.0804,0.1256,-0.1263,-0.0953,0.7449,0.5747
5.3,2.2,4.8,4.0,2.2,11.3,21.3,43.8,34.2,-0.2779,0.0148,0.4902,-0.2427,-0.3827,-0.5963,-0.1737,-0.1534
5.3,3.0,3.9,2.8,4.5,21.9,15.2,26.1,30.3,-0.0062,-0.0459,0.525,-0.0288,-0.0065,0.73,0.1166,-0.3612
5.3,3.4,3.3,1.3,1.5,17.3,7.0,31.9,40.4,0.7711,0.5274,-0.247,0.1143,-0.04,-0.037,-0.0686,0.1015
5.3,2.3,3.3,4.8,1.3,18.0,5.3,14.4,37.8,-0.0787,0.6602,-0.3965,-0.4302,-0.0512,0.3275,0.0214,0.168
5.3,4.0,3.5,1.5,2.4,20.4,16.9,14.2,38.5,0.2514,0.361,-0.2391,-0.3859,-0.2765,0.3945,-0.331,0.4819
5.3,3.1,1.3,4.0,3.2,4.6,18.7,43.3,18.7,0.0245,0.3907,0.012,0.4563,0.4736,-0.0296,-0.6195,0.0722
5.3,3.3,4.2,4.4,4.5,2.6,18.9,27.3,27.3,-0.1223,-0.2338,0.3367,-0.0282,0.1275,0.6856,0.5259,-0.1628
5.3,1.4,3.4,3.6,3.4,8.9,13.7,39.0,25.0,0.0451,0.921,-0.0596,0.066,-0.0885,0.084,-0.2829,0.0173
5.3,1.4,4.7,2.3,1.5,11.0,4.6,22.5,9.5,0.6139,0.7316,-0.146,-0.0055,0.1673,-0.0077,-0.0989,0.1193
5.3,1.9,4.4,2.0,4.9,14.5,14.1,7.1,31.0,0.3772,0.3023,0.3735,0.2722,0.2087,-0.5284,-0.1465,0.4233
5.3,2.0,2.1,1.8,2.7,4.1,5.4,15.6,30.9,-0.2126,0.3734,0.0277,-0.4555,-0.1541,0.4405,0.0768,0.6042
5.3,4.8,1.3,3.3,1.6,7.5,19.1,14.6,34.2,-0.4665,0.8524,-0.0492,-0.0822,0.0186,0.0688,0.1563,0.0945
5.3,3.3,1.5,1.4,4.1,14.2,15.8,9.8,22.3,0.4144,0.3516,0.2254,0.5183,0.4167,0.2039,-0.3523,-0.1653
5.3,1.4,2.7,1.5,4.3,13.0,20.0,30.5,43.4,0.4566,0.458,-0.4006,-0.3248,0.1795,-0.4325,0.093,-0.2493
5.3,3.3,4.4,1.7,3.0,7.1,3.4,14.1,20.6,-0.0446,0.8503,0.382,-0.2363,-0.0636,-0.1131,0.2075,0.0077
5.3,4.9,1.5,4.2,2.4,9.2,10.5,27.2,9.6,-0.0513,0.9427,0.1892,-0.1984,-0.0017,0.1347,-0.0086,0.0285
5.3,3.3,3.5,3.7,1.1,14.2,11.3,24.7,15.5,0.2605,0.3085,-0.2995,-0.2544,0.5237,-0.29,0.5051,-0.1756
5.3,3.3,3.0,3.4,4.8,18.2,8.8,13.1,13.7,-0.5619,0.6925,-0.2496,-0.1173,0.0816,0.0879,0.2097,0.2206
5.3,4.3,2.8,3.4,3.6,12.2,12.1,6.1,4.3,0.5303,0.5662,0.2277,-0.412,0.0351,-0.2963,0.0397,-0.2713
5.3,1.6,4.5,3.8,1.9,4.2,12.0,12.5,25.2,-0.3885,-0.1246,0.2422,0.2207,0.0893,-0.2215,-0.3169,0.7446
5.3,1.8,3.5,4.3,4.4,16.9,11.1,30.3,8.7,-0.1171,-0.0173,-0.3827,-0.4263,0.2763,-0.3371,0.4255,-0.515
5.3,1.1,4.4,4.2,4.4,21.5,4.3,10.2,25.6,-0.0408,-0.1715,0.3173,-0.0302,-0.2488,-0.5797,-0.6382,-0.1961
5.3,4.2,3.1,4.3,1.5,4.5,10.9,28.6,37.0,-0.0978,0.088,0.0914,-0.4501,0.3912,-0.0978,0.7224,-0.2198
5.3,2.7,2.8,1.8,2.6,2.4,9.9,38.4,20.3,0.6465,0.4311,-0.0957,0.1689,-0.0983,0.1689,0.2542,-0.4789
5.3,4.8,2.3,4.3,4.7,20.3,5.6,33.1,43.6,-0.2695,0.0789,-0.3406,0.1823,-0.4896,0.0041,0.4897,-0.5076
5.3,2.2,1.2,3.0,1.6,17.0,12.0,32.7,23.9,0.2258,0.0287,0.3046,0.0245,-0.3658,0.5928,0.4971,-0.2831
5.3,3.9,1.3,3.5,3.1,4.2,3.2,13.3,7.6,-0.501,0.1213,-0.3458,0.0898,0.5112,0.1566,-0.2012,0.5197
5.3,4.8,1.5,1.5,3.9,6.0,17.7,38.1,10.9,0.1503,0.8578,-0.1078,0.2806,-0.1583,0.2906,-0.1489,-0.0893
5.3,4.6,4.2,1.5,4.4,2.0,7.5,37.0,34.8,0.1924,0.9536,-0.1176,0.0127,-0.0714,-0.0025,-0.1288,0.014
5.3,3.3,1.6,1.4,1.1,17.1,4.9,28.6,34.2,-0.073,0.1458,0.1902,-0.3963,0.5587,0.1625,0.63,0.0733
5.3,4.9,2.3,3.0,1.2,14.1,17.3,42.8,15.9,0.4297,0.2056,-0.3297,0.0302,-0.3476,0.6267,-0.1614,-0.2894
5.3,1.9,2.1,2.1,3.6,6.0,17.9,38.0,6.5,-0.1473,0.7294,-0.3521,0.0386,-0.3823,0.0408,-0.309,-0.2482
5.3,1.9,1.6,4.0,4.4,14.0,15.1,38.2,11.7,0.0176,0.5964,-0.4797,0.0339,-0.4854,0.0327,0.0579,-0.3933
5.3,4.6,4.3,3.0,3.9,12.4,5.7,13.1,17.8,-0.0783,0.7201,0.2468,0.4621,0.0624,-0.3654,-0.0184,0.214
5.3,1.1,4.5,1.5,4.8,20.8,17.4,39.2,41.0,0.1698,0.3891,-0.5334,-0.0752,-0.258,-0.4109,-0.4091,-0.191
5.3,1.3,4.6,1.2,3.3,3.3,12.9,31.2,12.4,-0.0914,0.7868,-0.4687,0.1393,-0.1251,-0.0857,-0.2859,-0.0972
5.3,4.0,3.3,1.6,2.0,8.4,11.1,19.8,41.7,0.2687,0.9551,0.0016,0.0021,0.0048,0.0014,0.0877,-0.0244
5.3,3.0,2.4,3.8,3.8,10.0,4.4,42.3,9.8,0.3459,0.8632,-0.0915,-0.1842,-0.271,0.0465,-0.039,-0.0029
5.3,1.9,4.5,2.3,2.0,21.1,8.2,38.3,43.7,0.078,-0.0091,-0.0009,0.0025,-0.0008,0.0025,-0.2733,-0.9354
5.3,3.0,1.7,1.6,4.9,13.4,20.1,13.8,42.1,0.4125,0.5028,-0.3452,-0.3716,-0.193,0.4172,-0.1134,0.2739
5.3,3.3,4.1,1.6,4.5,10.5,13.3,18.7,15.2,0.4744,0.8162,-0.2623,0.1328,0.0472,0.013,0.0855,-0.0387
5.3,1.7,3.1,1.4,2.4,7.7,15.0,38.1,42.4,0.1211,0.9383,-0.0939,0.0438,-0.118,0.0483,-0.2503,0.0183
5.3,2.2,1.5,2.6,4.2,6.5,14.5,9.0,29.0,-0.4935,0.1509,0.4092,-0.1867,-0.2479,-0.5048,0.1088,0.4252
5.3,3.0,4.5,3.3,1.5,18.1,11.5,32.0,16.7,-0.0637,0.4157,-0.4404,0.5326,-0.2582,-0.3984,0.0975,0.2664
5.3,2.2,4.9,3.1,2.4,15.2,8.9,19.3,23.3,0.5703,0.435,-0.0598,0.0635,0.057,-0.0629,-0.3928,0.5436
5.3,1.6,4.1,4.2,4.1,14.2,6.0,37.6,12.9,-0.3419,0.2032,-0.055,0.2963,-0.0576,0.2956,-0.1856,-0.7759
5.3,2.4,3.2,3.5,4.9,15.0,12.5,33.5,34.2,-0.1117,0.4263,0.1595,-0.5213,0.4908,0.2062,0.3989,0.1854
5.3,1.9,2.0,1.1,4.3,15.2,17.4,39.6,23.6,0.3699,0.2277,0.4261,0.1297,0.2441,0.5765,-0.2654,-0.162
5.3,4.5,4.6,1.2,3.5,21.9,19.5,43.2,10.0,0.5353,0.4065,-0.1408,0.3362,-0.2011,0.4688,-0.3483,0.0079
5.3,2.3,4.8,1.1,3.7,8.9,14.0,25.3,21.6,0.3944,0.9115,-0.0086,0.0075,-0.0007,-2.5297e-05,-0.0423,0.0165
5.3,1.4,2.3,1.3,4.6,12.8,11.9,17.5,24.3,0.4053,0.5284,0.1704,0.2044,0.3415,-0.2616,-0.4222,0.313
5.3,2.1,1.4,4.8,1.5,10.2,9.1,35.1,11.5,0.0762,0.7703,0.0875,-0.0373,0.1315,-0.0164,0.5743,-0.0758
5.3,1.1,4.3,3.6,4.8,8.3,7.1,23.8,21.1,0.1292,0.5816,-0.0121,0.0509,0.0194,0.0762,0.7413,-0.1954
5.3,3.9,2.4,3.8,2.9,3.8,18.9,9.2,42.7,-0.0494,-0.2239,-0.2903,0.021,-0.0689,0.6412,-0.5864,0.2804
5.3,4.4,2.6,1.5,3.4,6.2,22.0,10.8,19.2,-0.1908,0.7116,0.4803,0.0922,-0.1907,-0.1586,0.293,0.2336
5.3,4.0,4.0,3.4,3.7,14.6,16.1,40.9,12.5,0.4228,0.4664,-0.3724,0.0961,-0.509,0.244,-0.2475,-0.2272
5.3,1.5,4.2,3.2,3.9,15.0,13.7,13.9,43.1,0.1491,0.1893,-0.3935,-0.393,-0.3648,0.3985,-0.3971,0.394
5.3,4.2,5.0,4.8,2.0,14.6,9.5,17.8,30.9,-0.386,0.0489,0.0938,0.2373,0.0069,-0.2134,-0.0483,0.8395
5.3,4.7,3.1,2.4,3.6,5.7,20.2,36.2,28.5,-0.2742,0.7476,0.0693,-0.3282,0.1277,-0.3234,-0.2396,-0.2445
5.3,1.2,3.1,4.8,4.4,2.8,18.6,24.4,32.8,-0.1733,0.0128,0.2093,0.0447,0.2112,0.7545,0.519,-0.0146
5.3,1.7,4.6,3.3,2.7,10.5,7.3,20.0,16.9,-0.0845,0.9223,0.0758,0.0472,-0.0852,-0.0454,0.3211,0.0398
5.3,2.6,3.1,4.3,4.2,2.7,14.0,15.8,9.4,-0.5295,0.2467,-0.3267,0.0163,0.5291,0.2829,-0.13,0.4042
5.3,4.1,2.6,5.0,2.0,20.9,20.6,31.9,16.4,-0.5258,0.2491,-0.0909,0.4796,-0.2448,0.3394,0.1416,-0.4582
5.3,3.6,3.5,1.5,2.8,8.2,13.5,35.7,16.5,0.235,0.9623,0.0591,-0.0025,0.0329,0.0038,-0.072,0.0149
5.3,3.2,1.8,1.5,4.2,5.3,13.5,41.7,20.3,0.0987,0.6563,0.2647,0.1174,0.3478,0.0473,-0.5718,-0.0646
5.3,3.5,4.2,1.5,1.0,5.0,13.3,29.1,36.3,0.0506,0.5915,0.1847,-0.5828,0.327,0.2761,0.0796,0.1634
5.3,2.7,1.6,4.6,3.0,9.4,4.4,34.9,8.5,-0.0033,0.9614,-0.1259,-0.1517,-0.0405,-0.1328,-0.0129,-0.0253
5.3,3.8,1.5,2.5,1.7,8.1,15.3,10.6,35.3,-0.2516,0.9525,-0.0461,-0.0321,0.0188,0.0238,0.1181,0.0345
5.3,2.2,3.8,3.1,3.1,9.1,18.6,17.7,14.0,0.0245,0.9599,-0.1939,-0.0735,0.115,0.0756,0.048,0.0282
5.3,1.8,2.0,3.4,4.8,8.2,20.2,29.5,36.8,-0.5126,0.8183,-0.0985,-0.0167,-0.0149,-0.0149,-0.1619,-0.1089
5.3,2.7,4.7,3.6,4.1,18.7,4.5,36.9,37.2,-0.0037,0.7365,-0.396,-0.2784,-0.1726,-0.3123,-0.137,-0.207
5.3,2.8,3.7,2.8,3.5,18.9,15.1,4.1,34.4,0.2958,0.01,0.2735,-0.0385,0.0963,-0.8601,-0.1489,0.0792
5.3,1.4,5.0,2.6,2.2,4.3,2.5,4.4,31.7,0.0799,0.2964,-0.0775,-0.2873,-0.0116,-0.365,-0.807,-0.14
5.3,1.8,1.5,3.2,1.4,7.9,12.7,9.5,35.8,-0.6027,0.5876,-0.1104,-0.3327,-0.0225,0.2443,0.115,0.2656
5.3,4.6,2.4,3.5,4.7,7.0,5.8,32.3,38.1,-0.4831,0.7531,-0.139,0.209,-0.2873,0.0001,-0.1278,-0.1354
5.3,4.8,1.0,1.6,4.0,12.8,2.4,21.0,31.3,0.4805,0.7709,0.2442,-0.0917,-0.2559,0.0956,-0.0615,0.1301
5.3,1.7,2.1,3.1,4.2,9.6,19.7,27.4,32.1,0.138,0.7386,0.5197,0.2379,0.0782,0.2394,-0.0829,-0.1193
5.3,3.8,2.6,3.7,4.9,3.8,5.2,37.1,26.3,-0.2325,0.2923,0.2535,-0.3309,0.2911,-0.3225,-0.0735,-0.6857
5.3,1.5,4.3,1.3,2.3,8.4,6.8,42.2,40.2,-0.3321,0.397,-0.0453,-0.0431,0.1352,0.0474,0.4197,0.586
5.3,4.8,4.0,4.6,1.9,10.3,6.2,32.2,5.1,0.1212,0.978,-0.0974,-0.0658,-0.0188,-0.0443,-0.0126,-0.0027
5.3,4.9,1.2,3.3,3.4,5.8,21.7,21.5,24.1,-0.1475,0.6963,0.1885,-0.2303,-0.1978,0.2341,0.4914,0.2356
5.3,2.6,3.1,1.6,3.7,19.6,20.1,31.8,14.0,-0.0446,0.4751,-0.052,0.4824,-0.576,0.0437,0.4178,-0.0608
5.3,2.8,2.8,1.4,4.2,11.6,4.1,12.2,9.7,0.5541,0.6562,-0.4493,-0.0219,0.1453,0.1484,0.0857,0.0322
5.3,2.3,3.7,5.0,1.2,17.1,3.3,42.7,13.7,-0.0292,-0.0166,0.0095,-0.0516,-0.0116,0.3844,-0.8978,-0.0983
5.3,4.6,4.9,3.6,1.0,20.3,17.0,20.1,41.2,-0.2183,0.2392,-0.324,-0.2141,0.3447,0.2196,0.053,0.7411
5.3,4.4,4.7,1.1,2.3,21.1,3.3,35.7,24.5,-0.0864,0.5045,0.1584,-0.3106,0.6824,0.021,0.286,-0.126
5.3,2.7,3.7,1.8,2.4,19.0,20.8,18.1,9.4,0.1843,0.5044,-0.4217,0.149,0.4859,-0.1527,-0.0657,0.4805
5.3,2.0,2.5,3.2,3.4,5.3,9.7,12.4,9.5,-0.6618,0.1424,-0.213,-0.1855,0.0215,0.1495,0.0864,0.6471
5.3,2.0,1.3,4.1,2.6,18.3,17.6,23.2,42.8,0.3176,0.2849,-0.4048,-0.1046,0.5662,-0.0358,0.35,0.4145
5.3,4.0,1.1,4.9,4.0,14.9,9.4,12.9,43.9,-0.0555,-0.0296,-0.0173,-0.3562,-0.2835,0.1002,-0.79,0.3401
5.3,2.9,1.4,3.2,3.7,6.7,12.9,43.2,36.7,0.0479,0.2947,0.0051,-0.3578,-0.3491,0.1895,-0.6479,0.398
5.3,2.5,3.6,1.6,3.2,5.7,10.5,17.8,21.2,-0.3054,0.3338,0.2284,0.1681,-0.1404,-0.1949,0.4567,0.6453
5.3,4.3,4.8,4.9,2.2,17.4,19.9,28.5,36.5,-0.0999,0.4676,0.0492,-0.5715,0.4724,-0.0989,0.4132,-0.085
5.3,3.0,3.8,1.5,3.0,19.0,21.1,42.1,30.2,0.537,0.1663,0.1488,-0.3549,0.226,-0.5159,-0.3242,-0.2723
5.3,1.6,2.5,2.7,2.0,4.7,10.6,29.7,22.0,-0.0649,-0.0246,0.1056,0.287,-0.2041,0.1709,0.6989,-0.5622
5.3,2.9,3.6,2.5,1.2,20.2,17.6,42.9,33.1,0.16,0.1173,0.0433,-0.2286,0.1348,-0.5416,-0.7412,-0.0374
5.3,1.7,4.0,2.2,3.9,6.1,12.2,38.8,9.8,-0.1657,0.8214,-0.2283,0.0069,-0.2339,0.0073,-0.394,-0.1434
5.3,2.5,2.6,4.4,2.8,9.3,15.3,4.6,23.9,-0.091,0.9314,-0.099,0.2366,0.0579,0.1934,-0.0084,-0.0432
5.3,1.6,2.3,4.3,2.8,5.3,2.4,12.7,11.8,-0.5884,0.0932,-0.2985,0.2378,0.407,-0.1001,-0.1651,0.5358
5.3,1.9,4.5,1.2,3.0,16.7,19.7,32.0,5.3,0.4551,0.3627,-0.4406,-0.2859,0.1349,-0.4875,0.0779,-0.3239
5.3,1.5,4.5,4.8,3.1,11.3,16.3,18.7,33.2,-0.0969,0.5839,0.4343,-0.1885,-0.4554,0.1823,-0.1474,0.3802
5.3,4.6,2.4,4.1,1.5,13.0,12.8,8.6,17.8,0.2104,0.4691,-0.5391,0.4391,0.0096,0.3493,0.0228,-0.3316
5.3,2.2,4.4,1.2,2.7,16.6,9.6,41.4,37.9,0.6955,0.6162,0.0371,0.0987,0.057,-0.1757,0.0181,0.0597
5.3,1.1,1.6,2.6,4.1,4.9,18.6,18.0,42.4,-0.3952,0.4167,-0.2659,-0.0547,0.5866,0.3209,-0.078,0.3336
5.3,1.1,3.5,1.7,4.3,17.3,21.5,28.0,38.8,0.3098,0.5833,-0.2192,-0.3526,0.4286,-0.2056,0.349,-0.1467
5.3,4.3,2.5,3.9,4.8,20.8,15.4,35.5,21.9,-0.1264,0.1848,0.5884,0.1355,-0.0251,0.5935,-0.1404,-0.4134
5.3,1.2,1.8,4.7,1.9,15.6,5.9,18.5,13.5,-0.4009,0.1903,-0.0978,0.2421,0.0977,-0.2422,0.1966,0.7833
5.3,2.3,4.3,4.3,2.0,19.5,15.2,28.5,25.4,0.0035,-0.1853,0.3044,0.0446,-0.2484,0.5023,0.6785,-0.2625
5.3,1.4,4.2,3.0,3.7,8.2,7.9,8.3,12.3,-0.6522,0.6514,0.0057,0.0066,-0.0023,-0.0052,0.2474,0.2575
5.3,4.3,1.2,2.9,1.8,3.1,8.1,19.1,27.4,-0.4624,0.2539,-0.0135,-0.0838,0.0142,0.0836,0.3826,0.7383
5.3,3.5,3.9,3.4,1.6,10.0,12.2,20.6,37.8,0.1615,0.9486,0.1292,-0.0287,-0.152,0.0379,0.0971,1.853e-05
5.3,1.2,1.2,4.9,2.0,10.3,19.1,16.6,4.0,0.1079,0.0935,-0.1328,-0.0647,-0.1071,0.6013,-0.0257,-0.6279
5.3,4.0,4.9,3.5,3.6,15.5,4.6,26.5,34.9,-0.1625,0.5563,0.1257,-0.4651,0.5273,-0.0322,0.3519,-0.0444
5.3,4.7,2.1,3.8,1.4,7.8,12.4,41.8,28.3,0.1822,0.3162,0.0062,0.0014,0.0168,-0.0279,-0.7021,0.5324
5.3,3.0,4.9,3.2,3.5,20.0,15.9,32.1,12.8,-0.4163,0.3711,-0.3336,0.3234,-0.5951,-0.2057,0.1688,-0.1654
5.3,2.9,2.7,4.8,2.1,11.6,14.4,31.6,5.1,0.4896,0.4848,-0.2855,-0.2974,0.4928,-0.2701,0.0582,0.0784
5.3,1.8,4.7,4.8,4.5,13.4,17.4,42.2,25.9,0.3559,0.4411,0.3829,0.1695,0.5752,-0.036,-0.2155,-0.3134
5.3,2.4,1.9,2.8,1.3,18.2,7.9,8.2,42.6,0.3108,-0.2302,-0.0939,0.0837,0.0712,0.0904,-0.5507,-0.6899
5.3,3.1,2.6,2.9,3.3,13.1,16.3,41.2,26.8,0.4069,0.5398,0.3548,0.251,0.4678,0.1503,-0.1969,-0.2319
5.3,4.8,1.4,1.2,2.5,20.1,19.9,17.5,32.2,0.214,0.6306,0.1557,-0.3664,-0.3169,0.3845,-0.1083,0.3436
5.3,4.0,2.1,4.3,1.3,14.9,3.7,21.1,17.2,-0.1832,0.482,0.0497,0.3856,0.0694,-0.4539,0.3368,0.4855
5.3,4.6,2.9,2.0,1.8,20.2,14.9,31.4,31.0,-0.4193,0.1291,0.3628,-0.2474,0.4654,0.5058,0.0169,-0.3169
5.3,3.0,4.6,3.3,3.5,21.5,21.4,40.5,9.0,0.0628,0.2224,-0.1287,0.3365,-0.177,0.3771,-0.5927,-0.5114
5.3,3.9,3.8,4.6,2.9,2.6,5.5,32.8,26.3,-0.3942,-0.0742,0.1714,-0.1991,0.2384,-0.1379,0.324,-0.7543
5.3,1.7,2.0,3.1,2.6,17.7,7.2,40.3,27.5,0.184,-0.0291,0.0308,-0.1548,0.0904,-0.2223,-0.3708,-0.8427
5.3,3.6,2.4,2.0,2.3,7.0,18.2,19.9,26.8,0.0043,0.9175,0.0817,-0.151,-0.0802,0.1504,0.2981,0.0309
5.3,1.7,4.3,2.5,2.8,3.7,4.9,12.2,27.8,-0.227,0.0882,0.2969,-0.2344,-0.5012,0.0473,-0.5174,0.5087
5.3,2.3,5.0,2.2,2.2,2.3,20.6,29.8,43.8,-0.0247,-0.193,-0.3,0.1025,-0.2093,-0.7192,0.4835,-0.1453
5.3,3.6,4.6,4.0,4.8,10.7,9.1,31.4,5.5,0.6199,0.7066,0.2294,-0.1033,-0.0325,0.0422,-0.1089,0.1195
5.3,5.0,3.4,5.0,2.1,3.5,20.2,10.2,8.8,-0.264,-0.2183,-0.2037,-0.0544,0.2545,0.2829,-0.6674,0.4876
5.3,2.3,3.0,3.4,2.9,2.8,9.6,9.0,12.0,-0.3787,-0.092,-0.181,-0.3015,-0.089,0.2168,-0.3198,0.7416
5.3,3.1,4.7,2.8,5.0,14.2,10.7,5.8,4.4,0.6769,0.3781,0.2113,-0.316,0.054,-0.2272,0.1056,-0.4189
5.3,1.8,2.3,1.2,3.4,17.6,18.8,9.8,10.1,0.2812,0.24,-0.6908,-0.0539,0.1138,0.5085,0.1694,0.2549
5.3,2.5,3.5,2.6,1.5,7.4,11.5,15.3,25.4,-0.4324,0.851,0.0982,-0.0097,-0.0145,-0.0193,0.2318,0.1211
5.3,2.2,3.5,1.1,1.3,18.1,8.7,43.3,26.8,0.646,-0.17,0.0008,0.0011,0.0008,0.0001,-0.2001,-0.6873
5.3,4.5,2.2,3.4,1.9,10.9,15.4,28.9,37.7,0.187,0.7011,0.3304,-0.4706,0.0452,0.2939,0.0235,0.1764
5.3,2.1,3.8,1.3,4.7,5.0,21.7,15.4,7.2,0.1742,0.3217,-0.4148,0.5998,0.3317,0.3524,0.0179,-0.2621
5.3,1.8,3.9,3.0,1.0,8.0,20.7,8.8,16.4,-0.5823,0.7037,-0.0456,0.2335,0.1335,-0.1699,0.129,0.1763
5.3,3.3,1.6,3.4,4.7,11.7,13.7,5.2,30.2,0.4141,0.6657,0.302,0.0803,0.4694,-0.0581,-0.211,-0.0767
5.3,3.5,3.5,1.3,3.7,4.8,8.0,27.7,14.1,-0.359,0.7732,0.1271,0.0449,0.0721,0.0535,-0.4107,-0.2191
5.3,2.5,4.1,3.5,3.7,3.0,21.2,11.2,9.0,-0.3156,-0.0654,-0.3536,0.0935,0.5043,0.3832,-0.5145,0.2878
5.3,2.3,3.9,4.8,3.2,14.3,7.4,41.0,36.0,-0.1101,0.9281,0.0171,-0.2029,-0.1478,0.1394,-0.0338,0.0302
5.3,2.7,3.4,3.4,3.7,7.1,14.2,28.3,39.4,-0.6885,0.3676,-0.3154,-0.0992,-0.0295,-0.1263,-0.1976,-0.4489
5.3,2.1,1.5,4.9,1.0,9.1,18.9,9.1,4.6,-0.447,0.8754,0.0427,-0.0891,-0.096,-0.0039,0.0148,0.0135
5.3,4.7,2.1,2.0,3.8,13.4,10.6,15.8,35.9,0.5514,0.7069,0.317,-0.2313,0.0294,-0.0796,0.0675,-0.0969
5.3,3.4,1.7,4.6,4.2,16.2,10.5,34.7,13.3,-0.4062,0.5345,-0.3117,0.1116,-0.5585,-0.2218,0.1844,-0.1338
5.3,4.4,4.9,4.9,1.9,17.8,17.3,41.6,27.0,0.1005,0.1148,0.2728,-0.1418,0.3536,-0.2031,-0.5068,-0.6554
5.3,1.2,4.5,4.1,4.9,17.0,6.1,4.5,32.8,-0.2366,0.6064,-0.1529,-0.1476,-0.0509,-0.2289,-0.6041,-0.3099
5.3,4.8,1.4,2.9,3.2,19.5,16.2,26.0,26.8,0.3533,0.1265,0.3812,0.0038,-0.4912,0.4183,0.5197,0.0145
5.3,2.1,4.9,4.5,2.1,2.5,3.7,17.5,15.0,-0.5084,0.4268,-0.0312,0.318,0.0566,-0.3081,0.2512,0.5344
5.3,1.3,1.1,1.8,1.6,9.2,7.9,11.2,22.5,0.1606,0.9794,0.045,0.0147,-0.0181,-0.0142,0.0164,-0.0009
5.3,1.3,2.4,2.4,1.5,21.1,15.8,36.7,4.7,-0.0058,0.2541,-0.2772,-0.3175,-0.3003,-0.3199,-0.0505,-0.7348
5.3,2.9,2.0,1.6,4.6,11.3,21.4,15.8,18.1,0.2337,0.5165,0.1195,0.5232,0.4433,0.1711,-0.3394,-0.1409
5.3,4.9,2.7,1.3,4.1,3.6,13.3,31.1,20.6,0.1879,0.2439,0.2427,0.3489,-0.2457,0.3632,0.3893,-0.5943
5.3,1.5,3.5,4.6,1.2,7.8,8.4,43.9,7.0,-0.8322,0.1078,-0.0038,-0.015,-0.001,0.0108,0.0532,0.511
5.3,1.1,2.5,2.3,4.4,15.5,21.7,28.1,6.6,0.4713,0.4258,-0.3788,-0.3106,0.3796,-0.3765,0.1848,-0.1431
5.3,2.6,2.4,4.4,3.1,10.3,4.9,8.5,7.5,0.3592,0.8339,-0.1496,-0.2763,-0.1831,0.1631,0.022,0.01
5.3,4.5,4.5,1.5,1.4,3.1,16.5,20.2,15.3,0.1608,0.6921,-0.1786,0.3944,0.2166,-0.404,0.1194,0.2625
5.3,4.7,2.6,3.2,3.1,5.2,11.0,36.6,30.0,-0.4015,0.7708,0.2173,-0.0175,0.2711,-0.0067,-0.2534,-0.2096
5.3,3.3,4.8,1.4,3.1,14.8,19.9,28.9,27.4,0.6166,0.2969,0.4369,0.1944,-0.1448,0.4826,0.0216,-0.1544
5.3,2.9,4.1,2.1,4.5,20.1,5.1,11.7,15.2,-0.1129,0.3865,-0.0086,0.5225,0.3627,-0.377,-0.2837,0.4406
5.3,2.0,1.9,2.3,1.5,9.8,3.8,27.3,21.7,0.2147,0.9256,0.044,0.2069,-0.1983,-0.0139,0.0418,0.0027
5.3,3.2,1.7,1.5,2.7,17.2,18.0,27.3,36.9,0.2998,0.3212,-0.0591,-0.6099,0.3697,0.268,0.3598,0.2585
5.3,3.3,4.7,4.9,3.7,21.6,18.9,23.0,8.7,0.0678,0.1695,-0.1374,0.2188,0.252,-0.356,0.7494,0.3543
5.3,3.9,4.3,2.7,2.8,8.7,10.3,25.3,36.5,-0.1271,0.9752,0.095,0.0021,0.031,0.0066,-0.0996,-0.0183
5.3,1.2,4.5,1.6,4.4,21.2,12.0,24.0,43.6,0.0088,0.4545,-0.2571,-0.1654,0.3403,0.0843,0.7015,0.2296
5.3,3.1,1.3,4.8,3.2,6.9,3.8,20.5,15.8,-0.1758,0.7144,0.0948,0.1195,-0.0527,-0.134,0.6068,0.1726
5.3,4.9,4.6,3.0,4.1,10.4,15.8,12.6,40.0,0.2691,0.7684,0.0592,-0.4618,-0.1913,-0.2268,-0.081,-0.0964
5.3,3.8,4.3,2.6,1.0,8.7,8.8,37.6,5.6,-0.0471,0.9906,0.0027,0.0001,0.0016,0.0002,-0.087,-0.0043
5.3,4.7,3.8,1.4,2.3,15.9,20.8,24.4,12.5,0.7143,0.3172,-0.2303,0.1687,0.3098,-0.358,0.0807,0.2403
5.3,2.4,2.8,4.8,4.9,15.2,13.5,29.5,23.4,0.1814,0.2363,0.3088,0.5148,-0.4972,0.2031,0.4649,-0.1542
5.3,2.2,4.7,2.3,2.1,4.8,7.8,43.9,17.5,-0.0694,0.9468,0.1624,0.1097,-0.082,-0.1039,0.0708,0.0386
5.3,3.1,1.1,4.3,2.6,10.5,6.3,32.0,40.0,0.105,0.8985,-0.1766,-0.2867,0.0413,-0.2086,-0.005,-0.057
5.3,1.7,2.1,3.1,2.9,9.3,5.1,4.5,17.1,-0.1145,0.7184,-0.5758,0.0498,0.0478,0.2061,0.2445,0.0629
5.3,2.4,3.4,2.4,3.1,16.9,3.2,17.9,24.7,0.0895,0.6071,0.3689,0.1258,-0.4829,-0.1434,-0.2622,0.3609
5.3,2.4,4.6,4.4,1.5,16.6,2.5,9.3,40.4,0.5014,0.1022,-0.362,-0.132,-0.5087,0.3584,-0.2305,-0.3219
5.3,2.9,4.7,1.6,2.9,14.9,6.0,39.9,25.7,0.7211,0.5873,0.149,-0.0783,0.1432,-0.0751,0.1354,-0.2144
5.3,4.7,4.8,3.4,1.4,8.1,7.0,6.1,29.8,-0.6156,0.2316,-0.0028,0.0003,0.0037,-0.0001,0.2376,0.6902
5.3,3.1,2.8,4.8,1.4,8.7,18.0,20.5,34.2,-0.0262,0.8508,0.0978,0.0448,-0.0161,-0.0895,0.4445,-0.0061
5.3,3.4,1.3,3.8,4.4,16.5,10.3,31.6,35.3,0.0677,0.2446,0.2791,-0.5847,0.3256,0.331,0.3535,0.3602
5.3,2.3,4.6,4.9,2.4,9.6,3.0,35.5,15.9,-0.1022,0.7286,-0.3662,0.1002,-0.4455,0.0587,0.2104,-0.2059
5.3,1.7,1.6,2.0,4.1,5.7,2.9,36.9,33.3,-0.1163,0.5528,-0.1007,-0.468,-0.0005,-0.4685,-0.1525,-0.4352
5.3,2.2,1.6,3.8,4.2,15.5,13.2,8.8,8.5,0.3288,0.2191,-0.3831,-0.3216,-0.5537,0.2595,-0.4468,0.0838
5.3,1.3,4.8,1.1,3.1,5.7,8.9,39.0,21.2,0.6824,0.3851,-0.0149,0.0391,-0.0231,0.0429,0.2784,-0.5174
5.3,4.6,2.8,1.2,2.5,5.7,11.3,6.6,42.3,0.4133,0.2986,-0.0525,-0.1002,-0.1026,0.1516,-0.4566,0.6813
5.3,3.5,4.9,1.1,3.9,2.7,8.0,9.4,26.4,0.0953,0.1878,-0.0161,-0.0581,-0.0707,0.0339,-0.8577,0.422
5.3,2.2,4.4,3.1,1.5,17.2,4.4,15.0,6.8,0.0116,0.2313,-0.253,0.0131,0.3699,0.0921,-0.7265,0.4398
5.3,2.7,1.5,3.7,1.3,9.9,11.5,6.1,4.1,0.0856,0.9521,0.2028,-0.1338,0.0624,-0.0946,0.0184,-0.0291
5.3,4.7,1.6,1.2,1.0,11.4,11.7,28.3,18.1,0.5196,0.8105,-0.2173,0.1227,-0.008,-0.0082,-0.0289,0.017
5.3,2.8,3.7,3.7,2.5,7.1,10.2,30.1,16.3,-0.4089,0.3824,-0.0673,0.524,-0.3016,0.3301,0.1554,-0.3741
5.3,4.0,4.9,2.9,4.9,6.4,10.4,4.6,16.9,-0.2417,0.4557,-0.1456,0.0763,0.5721,0.3426,-0.4604,-0.1172
5.3,1.3,1.8,1.5,2.3,17.7,21.5,13.7,15.3,0.0218,0.5391,-0.076,0.3981,0.4964,-0.2214,-0.4126,0.2497
5.3,3.9,3.6,1.2,4.9,19.3,3.5,13.5,8.7,0.4664,0.4174,-0.5773,0.3865,0.1588,0.2001,0.1584,-0.1468
5.3,2.3,5.0,3.3,4.0,3.5,18.2,24.5,21.9,0.2034,0.4282,0.3274,0.2455,-0.5144,-0.0299,0.5497,0.1495
5.3,1.1,3.2,1.1,4.3,16.0,14.5,10.2,32.0,0.4045,0.7115,0.4391,-0.2954,-0.0666,-0.0757,0.1349,-0.0651
5.3,1.1,2.0,1.3,4.2,13.3,9.0,12.0,16.2,0.1823,0.9694,-0.0554,0.018,0.0165,-0.0026,0.0649,-0.0086
5.3,1.8,3.0,4.8,3.1,15.4,12.6,10.7,28.9,-0.0619,-0.205,0.4957,0.0778,0.1477,-0.6942,-0.3656,0.1978
5.3,3.5,3.8,2.4,1.7,12.8,20.1,23.8,27.3,0.6189,0.6258,0.2492,0.1178,-0.325,-0.0416,-0.0225,0.1631
5.3,4.6,3.5,3.6,2.4,8.7,18.3,41.2,6.5,-0.4562,0.7669,0.0601,-0.0663,-0.0835,-0.084,0.2728,0.1997
5.3,3.5,4.6,2.2,3.1,5.7,8.5,15.3,26.8,-0.513,0.7154,0.0237,0.01,-0.0125,-0.0103,0.3711,0.2706
5.3,2.0,3.9,2.9,1.1,9.1,20.8,41.9,30.6,-0.1073,0.982,0.01,0.0415,0.0606,0.023,0.022,0.0031
5.3,2.4,4.8,2.6,2.6,18.6,10.1,12.9,4.5,0.0193,0.0956,-0.0479,-0.2099,-0.2196,0.0459,-0.921,0.1609
5.3,3.3,1.2,4.2,4.3,20.8,8.3,28.7,10.9,-0.3462,-0.2287,-0.0411,0.0844,-0.0731,0.0446,0.5178,-0.7139
5.3,4.3,4.0,3.7,2.3,18.7,3.3,5.6,36.0,-0.1701,0.5808,0.0899,-0.3821,-0.4791,-0.2418,-0.3579,-0.1847
5.3,1.5,1.5,4.7,3.4,20.4,10.6,42.2,8.2,0.041,0.3001,-0.2091,-0.2415,-0.4243,-0.047,-0.7414,-0.2197
5.3,4.9,2.7,3.0,4.4,6.6,6.2,20.8,38.3,-0.0912,0.7333,-0.1486,0.3249,0.1483,-0.3248,0.3469,0.2278
5.4,2.8,1.3,4.1,4.9,16.6,6.3,18.5,38.3,-0.1761,0.2857,-0.2401,0.0829,0.3962,0.5842,-0.3188,-0.2581
5.4,1.6,2.6,2.5,2.9,14.6,2.9,35.7,20.5,0.3486,0.4885,0.389,0.3201,0.0331,0.5129,-0.1582,-0.2176
5.4,1.7,1.7,1.2,2.1,7.0,7.9,23.8,11.4,0.05,0.1251,-0.074,0.2568,-0.1458,0.2603,0.081,-0.8665
5.4,4.9,3.9,2.0,2.8,20.6,21.6,39.2,6.7,0.2091,0.3783,-0.3358,0.3497,-0.3333,0.3485,-0.1925,-0.5279
5.4,4.1,3.8,4.3,2.5,8.2,16.7,39.7,16.0,0.002,0.4544,0.1792,-0.3534,-0.3274,0.308,-0.3404,0.4681
5.4,2.0,2.2,2.5,1.8,11.0,15.7,33.0,35.3,-0.0465,0.6476,0.0407,-0.3443,0.5019,0.0477,0.406,0.0385
5.4,1.1,4.1,4.6,2.9,8.3,2.9,4.2,9.7,0.1047,0.185,0.0049,-0.0007,-0.0023,0.0152,-0.7632,0.5572
5.4,4.4,4.7,3.0,2.4,11.2,18.5,7.0,30.3,0.592,0.617,0.2282,0.1738,0.3734,-0.156,-0.0641,-0.034
5.4,4.9,2.3,4.6,1.8,2.9,6.3,39.8,27.3,-0.2746,0.3493,-0.025,-0.0741,0.0109,-0.1196,-0.6778,-0.5493
5.4,4.0,2.6,2.8,1.5,3.3,13.0,41.7,23.8,0.005,0.3476,0.2444,0.0988,0.3341,-0.0003,-0.792,-0.2174
5.4,2.5,3.0,3.7,2.0,7.9,21.7,39.0,9.6,0.2027,0.4201,0.01,0.0034,0.0015,0.0202,-0.7164,0.4309
5.4,1.6,1.5,1.3,4.8,19.1,15.3,40.2,5.9,0.1405,0.6232,-0.4139,-0.1228,-0.4197,-0.1217,-0.3831,-0.2169
5.4,3.3,2.7,1.2,4.6,14.2,15.3,37.8,32.5,0.394,0.7787,0.0273,-0.1357,0.3092,-0.1716,0.2155,-0.1393
5.4,3.4,3.2,4.5,3.9,13.3,3.4,24.4,34.5,-0.173,0.4973,0.1928,-0.5028,0.4726,0.2372,0.3153,0.166
5.4,3.2,3.1,4.7,1.4,14.6,9.4,37.8,25.7,0.1894,0.0505,-0.0456,0.1607,-0.0131,0.1596,0.0809,-0.9333
5.4,3.2,3.3,1.6,1.3,10.6,10.9,40.7,43.3,0.5675,0.8136,0.0539,-0.0416,0.0226,-0.0202,0.0262,-0.0214
5.4,2.7,4.4,3.2,1.7,6.0,20.1,8.7,22.1,-0.3877,-0.1647,0.1843,-0.0353,-0.1547,-0.4318,-0.3272,0.6692
5.4,3.7,2.1,1.4,1.5,9.1,5.1,11.7,18.2,0.4163,0.8874,-0.1378,0.1004,-0.005,0.0136,0.0188,-0.0117
5.4,2.5,4.4,3.7,1.0,8.5,7.9,16.7,27.8,-0.31,0.9399,0.0002,0.0002,-0.0001,-0.0001,0.0967,0.0333
5.4,3.0,1.4,4.6,2.6,19.3,13.9,19.0,17.3,-0.1027,0.4314,-0.0147,0.466,0.0242,-0.4678,0.2008,0.5562
5.4,2.2,2.7,1.3,4.4,16.2,19.6,24.1,32.9,0.2905,0.2836,0.544,-0.3002,0.2857,0.4688,-0.2509,0.1347
5.4,2.8,1.0,1.4,2.4,7.2,14.4,23.1,8.8,0.1004,0.0423,-0.1386,-0.0184,0.0245,-0.2542,0.0167,-0.9076
5.4,3.9,2.1,3.0,1.5,18.8,18.2,4.6,10.6,0.0828,0.1934,-0.2061,0.2671,-0.2806,0.3488,-0.5681,-0.5534
5.4,4.3,1.9,3.0,2.1,16.9,3.5,5.7,6.2,0.599,0.2177,-0.3466,0.0234,-0.4535,0.2077,-0.1131,-0.446
5.4,4.6,2.2,2.9,1.9,11.8,21.3,31.3,28.9,0.7046,0.4791,0.3719,0.1216,0.0166,0.251,-0.126,0.12
5.4,1.4,4.6,2.9,3.2,21.9,9.0,36.2,8.8,-0.4528,0.269,-0.0839,-0.103,-0.0577,-0.1041,-0.3852,-0.7204
5.4,1.4,3.6,4.6,3.4,8.1,3.2,9.8,5.1,-0.7366,0.6093,-0.0264,0.0305,0.0406,-0.0026,0.1543,0.196
5.4,1.3,2.3,2.8,1.6,8.4,9.1,28.0,40.0,-0.3542,0.9185,-0.008,-0.0024,-0.0022,-0.0012,-0.1052,-0.0438
5.4,3.0,4.1,4.1,2.5,16.0,7.9,23.0,9.3,0.0336,-0.0396,0.0166,-0.0067,0.025,0.0233,0.7705,0.6168
5.4,1.7,1.9,1.8,3.6,10.1,7.8,8.1,23.4,0.5027,0.8483,0.1206,-0.0001,-0.0415,-0.0197,0.0098,-0.0001
5.4,4.6,2.4,4.3,3.0,6.3,13.4,14.4,24.9,-0.679,0.5969,0.1186,-0.078,-0.2096,-0.0364,0.1971,0.2629
5.4,3.3,4.3,2.4,4.0,4.4,16.5,43.7,31.8,-0.3115,0.2821,0.333,-0.3778,-0.5754,-0.4269,-0.0841,0.05
5.4,3.5,1.0,4.8,1.8,15.6,14.5,13.0,8.6,-0.1884,-0.1148,-0.2059,-0.1293,0.2767,0.4522,-0.7431,0.2062
5.4,1.1,2.8,3.0,4.7,10.0,5.0,28.5,6.4,0.3086,0.8008,-0.2402,-0.3217,0.1256,-0.256,0.0297,-0.0771
5.4,3.0,4.8,3.7,3.9,3.0,12.8,11.8,30.3,-0.4102,0.2502,0.5575,-0.3378,-0.2928,-0.4684,0.0517,0.1109
5.4,3.6,3.1,1.6,3.0,2.1,4.4,5.9,28.7,0.1703,-0.0722,-0.0004,-0.1372,-0.1763,-0.704,-0.6244,-0.0934
5.4,2.4,4.8,4.1,3.9,3.5,17.4,17.9,17.8,-0.1889,0.4554,0.1865,0.4725,-0.046,-0.4587,0.0516,0.5203
5.4,4.0,2.2,4.2,3.3,7.9,12.0,25.3,38.8,-0.5009,0.8344,0.0474,-0.0073,0.001,0.0099,-0.1575,-0.0986
5.4,4.6,1.6,1.8,2.6,11.5,12.4,29.3,9.2,0.5358,0.5531,-0.2111,-0.4057,0.3644,0.1226,0.171,0.068
5.4,1.1,3.3,2.4,1.4,13.3,16.8,12.7,19.6,0.188,0.5381,0.1866,0.426,0.4889,-0.0911,-0.4379,0.0534
5.4,1.4,3.7,5.0,2.3,18.3,20.9,25.9,18.5,0.0015,0.5392,0.0575,0.5497,-0.4745,0.1007,0.3767,-0.0535
5.4,4.2,1.8,2.7,1.5,19.5,19.3,38.1,31.6,-0.1584,0.3786,0.1865,-0.3742,0.1767,-0.3713,-0.3209,-0.5992
5.4,4.2,2.8,4.3,3.7,3.6,19.5,10.5,21.8,-0.0162,-0.2054,0.5336,0.0496,0.1494,-0.6711,-0.3252,0.2619
5.4,4.8,3.6,2.1,3.8,2.0,7.7,36.3,17.1,0.2411,0.9562,0.0791,-0.0063,0.0467,0.0019,-0.0538,0.0075
5.4,2.7,1.6,2.2,3.9,18.8,20.1,31.7,18.4,0.1296,0.4737,0.1408,0.4914,-0.3523,0.3498,0.3304,-0.3515
5.4,2.2,2.9,2.9,3.8,2.5,10.0,17.8,37.2,0.2907,0.3878,0.0713,-0.2897,-0.2082,0.2876,-0.4211,0.5876
5.4,3.8,4.3,3.1,4.4,15.0,10.9,35.4,38.8,0.2914,0.5297,-0.0078,-0.2478,0.2997,-0.2279,0.5059,-0.3819
5.4,1.7,3.3,4.5,4.1,6.7,16.2,17.3,40.5,-0.5887,0.483,-0.2721,0.0008,0.3508,0.0417,0.1781,0.4188
5.4,2.1,2.0,2.4,4.2,18.5,19.8,20.7,13.3,0.2716,0.5013,-0.2869,0.3928,0.2874,-0.3932,0.1078,0.4179
5.4,4.7,1.8,3.3,1.3,2.6,8.4,16.7,12.0,-0.656,0.2204,-0.0072,-0.0117,0.0037,0.0111,0.2242,0.6775
5.4,2.2,5.0,3.9,4.3,4.7,15.3,36.3,21.4,-0.3907,0.3671,0.2176,0.1806,0.4301,0.3301,-0.1282,-0.5405
5.4,1.5,3.1,3.0,2.6,5.6,9.2,36.2,13.7,-0.336,0.8188,-0.1622,-0.0391,-0.1118,-0.0474,-0.3587,-0.1719
5.4,3.9,3.4,4.8,3.9,6.6,6.2,8.5,26.2,-0.7773,0.1781,0.071,-0.1327,-0.1147,0.0847,0.0951,0.5456
5.4,1.7,4.1,4.5,4.9,8.5,21.7,31.4,39.9,-0.3442,0.911,-0.0181,-0.1425,0.0541,-0.094,-0.0507,-0.0349
5.4,3.5,3.5,4.5,4.6,14.6,3.7,38.8,11.3,0.223,0.2404,-0.3,0.3014,-0.3318,0.3176,-0.1513,-0.6735
5.4,3.0,4.6,3.3,3.5,21.5,21.4,40.5,9.0,0.0569,0.1832,-0.0048,0.2766,-0.0781,0.3813,-0.7672,-0.3369
5.4,3.2,1.8,4.3,4.1,14.5,17.1,25.5,16.3,-0.1256,0.327,-0.3451,0.5398,-0.3985,-0.3647,0.2719,0.2863
5.4,2.5,4.3,1.8,2.1,2.3,10.1,5.1,37.9,0.7689,0.2222,0.1626,-0.2646,0.0077,-0.1548,0.0586,-0.4456
5.4,3.5,2.0,2.9,2.2,17.3,21.6,40.5,29.3,0.2682,0.0773,0.1773,-0.2702,0.2687,-0.4169,-0.4428,-0.5848
5.4,3.0,4.7,2.1,2.5,3.8,9.0,28.6,32.2,-0.5392,0.6695,0.1715,0.058,0.0688,0.0617,-0.3153,-0.2917
5.4,4.7,4.1,5.0,2.9,20.1,13.9,5.0,37.7,0.0211,0.3356,-0.1994,-0.3489,-0.3764,-0.2493,-0.5442,-0.456
5.4,4.6,3.2,1.0,3.0,6.6,4.5,29.5,21.3,0.2694,0.817,0.2938,-0.3393,0.0678,0.1072,-0.1478,0.0692
5.4,4.9,3.1,4.8,4.8,19.6,9.3,13.1,12.3,-0.5402,0.4593,-0.519,-0.1839,0.0458,0.1857,0.1718,0.3305
5.4,4.0,3.6,1.6,3.1,3.4,6.4,11.0,38.6,0.6084,0.4701,-0.526,0.1666,0.1251,0.1431,0.1205,-0.0834
5.4,3.3,2.6,1.3,3.6,20.6,18.6,8.2,26.8,0.2355,0.0799,0.5601,0.0701,-0.0028,-0.6115,0.0568,0.4599
5.4,3.7,4.2,4.2,2.1,2.8,2.8,43.6,43.4,-0.0151,-0.1305,-0.0607,0.0066,0.0263,0.4161,-0.8757,0.0749
5.4,2.6,2.8,1.1,2.9,15.8,8.0,15.6,27.9,0.3072,0.3839,-0.0059,-0.0548,-0.0732,0.0551,-0.6579,0.5274
5.4,2.2,1.4,4.1,1.0,17.9,7.7,22.0,13.5,-0.1606,0.275,0.024,-0.0182,-0.0086,-0.1543,0.8041,0.4563
5.4,1.5,1.1,3.9,2.9,6.4,11.4,17.0,38.5,-0.4675,0.3715,-0.4068,-0.1212,0.0266,0.3143,0.2974,0.4964
5.4,3.3,1.6,3.2,3.4,20.6,18.7,36.9,12.3,-0.0643,0.4586,-0.2781,0.3767,-0.2823,0.3765,-0.2398,-0.5166
5.4,3.1,2.6,2.9,1.6,8.1,17.5,8.2,22.2,-0.3737,0.9065,0.0028,-0.0006,0.0002,-0.0019,0.1466,0.063
5.4,1.1,4.5,1.3,3.7,20.7,2.4,19.2,30.9,0.3536,0.5366,0.1609,-0.3917,-0.2214,0.4119,-0.0584,0.4112
5.4,4.9,4.7,1.9,4.7,2.2,4.4,13.2,23.6,0.3465,0.0843,0.6315,-0.3784,-0.2537,-0.4194,0.0413,-0.2392
5.4,3.0,1.8,1.9,1.4,14.3,11.5,12.8,20.5,0.4856,0.1435,-3.5037e-05,0.5604,0.212,0.3277,-0.2735,-0.4158
5.4,4.0,4.6,2.3,3.8,4.0,3.0,26.3,43.4,-0.0182,-0.1656,-0.2128,0.1189,-0.1897,-0.729,0.4539,-0.3158
5.4,2.4,4.2,3.6,2.6,18.9,18.2,17.9,39.8,0.0116,0.4134,-0.3229,-0.3292,0.3738,0.3426,-0.0619,0.5772
5.4,3.7,1.9,3.8,3.0,8.1,18.4,20.7,28.5,0.1964,0.8105,0.0264,0.0259,-0.0095,-0.0406,0.4993,-0.1342
5.4,4.8,1.0,1.1,4.9,6.7,4.7,40.2,26.6,0.4128,0.7855,-0.082,-0.2693,-0.0788,-0.2707,-0.1964,0.0017
5.4,4.1,3.2,3.9,3.0,2.1,19.8,6.9,29.6,-0.0374,-0.0837,0.1148,0.0032,-0.1342,-0.5951,-0.7599,0.1093
5.4,3.3,3.5,2.9,3.4,7.8,17.3,21.4,5.3,0.344,0.5815,-0.013,0.0163,0.0262,-0.0363,0.5948,-0.3794
5.4,1.4,1.8,1.9,4.1,17.0,4.5,23.8,28.0,0.6267,0.3372,0.278,-0.1713,-0.3869,0.3794,0.1609,0.2162
5.4,4.5,3.5,2.0,1.8,18.4,4.5,10.1,17.5,0.0837,0.5078,0.08,0.4937,0.3965,-0.3208,-0.3386,0.3064
5.4,1.1,1.8,2.1,2.0,14.1,6.0,29.9,6.4,0.565,-0.1015,-0.4287,0.1393,-0.1314,-0.388,0.1036,0.5069
5.4,3.9,1.0,2.4,2.9,10.4,16.5,15.7,9.7,0.4462,0.7549,-0.2387,-0.2654,-0.0107,0.2894,0.0222,0.0853
5.4,4.3,1.2,4.2,4.1,13.0,13.5,5.8,13.1,0.5336,0.2036,-0.329,-0.0743,-0.5267,0.4503,-0.2481,-0.0356
5.4,2.8,4.7,3.1,2.3,16.8,6.8,12.0,20.4,0.7842,0.1505,0.2592,-0.1049,-0.0295,-0.1268,0.0624,-0.4611
5.4,1.5,4.6,1.4,2.7,8.7,20.8,30.8,32.5,0.2677,0.9568,-0.0101,-0.0043,-0.0043,-0.0037,-0.0349,0.0087
5.4,3.3,2.7,1.6,3.8,6.5,14.6,23.5,38.4,0.3955,0.5511,-0.0929,-0.09,0.2215,-0.1547,0.5285,-0.3801
5.4,2.5,2.7,4.6,3.0,17.9,3.0,15.3,26.8,-0.2174,0.1305,0.3654,-0.0906,-0.4516,0.0259,-0.3996,0.6422
5.4,1.0,2.3,3.2,3.7,14.6,8.9,30.1,26.1,-0.0238,-0.041,0.0055,0.2052,-0.1803,0.0579,0.9086,-0.2399
5.4,1.0,4.9,1.8,3.6,6.4,21.6,4.2,33.6,0.2219,0.5754,-0.2844,-0.0416,-0.1808,-0.2173,-0.6441,0.1454
5.4,3.9,3.2,3.0,2.3,12.4,5.0,19.1,42.8,0.3372,0.807,-0.2019,-0.0546,0.2075,0.0545,-0.3055,0.1837
5.4,4.0,2.5,3.1,2.5,17.1,2.8,31.6,41.6,0.1264,-0.2397,-0.3588,0.058,-0.1916,-0.6784,0.4063,0.262
5.4,1.4,2.6,4.8,4.6,16.9,15.1,25.1,34.1,-0.2162,0.3179,0.3571,-0.4594,0.4182,0.397,0.2741,0.2828
5.4,4.9,2.0,3.8,2.3,14.9,16.6,13.6,28.5,-0.1178,-0.1922,0.3022,-0.0113,-0.3533,-0.5391,-0.6308,-0.1195
5.4,4.6,4.5,2.6,2.2,6.3,11.7,39.2,12.0,-0.025,0.887,-0.1193,0.0387,-0.1206,0.0397,-0.4062,-0.0262
5.4,3.1,2.2,3.0,1.8,5.2,17.0,10.4,18.9,-0.1393,0.1307,0.3082,0.4921,0.2052,-0.3623,-0.3035,0.586
5.4,1.4,2.7,4.5,4.1,19.5,2.8,38.7,28.9,-0.1028,0.2971,0.2165,-0.3328,0.2423,-0.3432,-0.307,-0.6696
5.4,4.3,4.0,1.8,2.8,18.1,5.8,29.3,25.9,0.1681,-0.2295,0.222,-0.3138,0.3303,0.2257,0.6274,0.4089
5.4,1.9,4.6,2.3,2.9,10.6,8.4,4.5,7.0,0.6072,0.7757,0.0659,0.0376,-0.0292,-0.0555,0.073,-0.0542
5.4,3.2,4.9,5.0,1.6,18.7,7.6,18.8,30.1,-0.4949,0.2468,-0.0008,-0.0094,0.0006,0.0094,0.3626,0.7389
5.4,1.6,4.5,4.2,4.7,6.3,9.3,14.2,24.8,-0.7347,0.1852,0.1642,0.1542,-0.0292,-0.1156,0.1105,0.5783
5.4,4.6,2.9,2.0,4.9,15.6,16.0,11.3,7.1,0.3654,0.3355,-0.394,-0.3591,-0.3269,0.4037,-0.2659,0.3415
5.4,1.3,3.3,3.0,2.7,3.9,20.4,34.8,43.9,-0.2068,0.321,-0.4159,0.1152,-0.4883,0.0923,0.0876,-0.6221
5.4,4.4,1.7,1.7,1.5,6.3,19.4,11.3,42.0,-0.3688,0.7854,-0.1192,0.2317,0.2616,0.1197,0.253,0.1253
5.4,3.4,4.1,2.1,1.3,13.8,20.8,32.0,21.4,0.5798,0.5489,0.3183,0.2712,-0.2149,0.3366,0.0289,-0.0666
5.4,4.7,2.7,2.0,2.3,8.2,13.7,33.9,18.3,0.1273,0.9857,-0.0143,0.0057,-0.0024,0.0003,-0.0632,0.0077
5.4,2.3,1.7,1.6,1.1,18.3,10.7,34.3,39.2,0.2946,0.511,-0.099,-0.1628,0.2902,-0.1535,0.5987,-0.3326
5.4,4.6,4.3,2.2,2.6,8.2,17.9,31.8,35.4,0.0586,0.9912,0.0339,-0.0079,0.0082,-0.0004,-0.0658,0.003
5.4,3.1,3.9,4.4,3.3,21.5,21.4,12.4,13.6,-0.5441,0.2034,-0.1729,0.4128,0.3318,-0.2609,-0.121,0.5045
5.4,3.9,4.6,2.3,4.9,9.1,20.7,5.7,16.7,0.1222,0.8825,-0.3701,0.1062,0.0881,0.0444,0.1856,0.0069
5.4,4.0,3.1,3.8,2.6,18.1,19.2,40.4,7.3,0.3058,0.1514,-0.3559,0.1394,-0.4487,0.2436,-0.3547,-0.5701
5.4,4.8,4.0,2.2,1.2,6.1,2.8,16.9,6.0,-0.3534,0.8408,-0.0317,0.1777,0.0806,-0.168,0.2631,0.1505
5.4,1.8,3.4,3.4,1.8,16.5,11.4,41.0,38.0,0.4253,0.1927,0.1669,-0.4707,-0.0719,-0.3503,-0.1059,-0.5967
5.4,3.2,2.7,4.7,3.2,4.2,8.1,23.1,30.4,0.0103,0.0612,-0.0493,0.0503,-0.0841,0.019,0.8883,-0.4007
5.4,1.5,2.6,4.3,2.4,2.3,11.3,24.0,25.5,0.0694,0.1596,0.2186,0.2138,-0.3936,0.0419,0.8294,0.1085
5.4,4.8,3.6,4.8,4.9,13.8,11.4,5.2,21.5,0.3399,0.3181,-0.0838,0.5201,0.1174,0.4225,-0.1378,-0.5259
5.4,2.3,3.4,3.2,4.9,13.0,19.9,4.9,4.9,0.2991,0.6738,-0.3039,-0.2745,-0.4117,-0.1996,-0.1944,-0.1827
5.4,2.4,3.1,1.1,1.4,3.7,2.1,27.6,33.8,-0.0042,0.617,0.0552,-0.3929,0.5525,-0.1799,0.2638,-0.1687
5.4,2.9,1.2,4.7,3.7,11.7,6.0,19.8,5.1,0.3137,0.8102,-0.2601,-0.1505,0.2624,0.15,-0.1482,0.1706
5.4,3.1,1.9,2.2,1.1,15.1,16.9,35.3,32.0,-0.0017,0.4491,0.4279,-0.0237,0.5186,-0.0043,0.2616,-0.4981
5.4,3.1,1.3,4.7,3.7,3.2,14.3,30.7,35.8,-0.2155,0.2518,-0.0555,-0.5864,0.2978,-0.3396,0.3386,-0.4503
5.4,3.0,2.9,3.8,4.9,21.6,14.1,5.4,30.5,0.2955,0.2412,0.1529,-0.2541,0.3172,-0.5659,-0.5577,-0.1204
5.4,2.3,4.5,1.7,3.6,3.6,5.1,34.7,26.1,0.1139,0.3355,0.1794,-0.3429,0.3495,-0.3256,0.2807,-0.6242
5.4,3.6,4.0,3.1,1.9,11.4,10.9,4.5,37.5,0.3605,0.875,0.2521,-0.1,0.0531,-0.0484,0.083,-0.0559
5.4,4.9,1.5,3.6,3.4,21.5,2.9,41.0,34.9,-0.1165,0.5705,0.0788,-0.3077,-0.4948,-0.1917,-0.4794,-0.1211
5.4,3.1,3.8,2.7,2.3,4.8,6.5,40.1,22.0,-0.0609,0.1827,-0.0662,-0.1635,-0.0221,-0.2172,-0.7833,-0.4858
5.4,3.6,3.4,2.4,1.1,3.4,14.4,42.5,20.3,0.0721,0.2948,0.2452,0.2683,0.3961,0.1084,-0.7205,-0.2519
5.4,4.3,2.6,2.8,1.5,19.5,3.7,20.6,19.0,0.0394,0.6586,0.3438,0.2987,-0.3416,-0.2978,0.2048,0.3053
5.4,1.9,3.5,2.2,1.4,9.6,12.8,26.7,15.8,0.1316,0.7299,-0.5112,-0.2263,-0.1177,-0.2535,-0.09,-0.1552
5.4,3.9,1.5,4.3,4.8,5.4,5.6,18.9,28.9,-0.4603,0.5996,-0.0184,-0.2357,0.0028,0.2328,0.391,0.3931
5.4,3.2,4.1,4.7,2.7,4.7,2.9,30.7,16.3,-0.5055,0.3792,0.0888,0.5114,-0.1252,0.3639,0.0436,-0.409
5.4,4.9,3.8,1.4,4.5,7.7,17.8,31.6,41.5,0.2653,0.9495,-0.04,0.1039,-0.0259,-0.0452,-0.0658,0.0218
5.4,4.5,1.5,3.6,2.9,12.8,15.1,10.6,23.2,0.4527,0.5303,0.2534,0.4124,0.4663,-0.0508,-0.2076,-0.0086
5.4,1.4,3.9,2.5,2.6,16.2,18.8,24.1,8.6,0.4959,0.2276,-0.3978,0.0525,0.5156,-0.2905,0.3328,0.249
5.4,1.3,1.3,4.6,4.1,12.4,12.5,37.4,12.3,-0.0408,0.5842,-0.4843,0.0374,-0.4861,0.0367,0.0564,-0.4016
5.4,1.4,3.1,2.4,4.0,15.4,20.3,32.1,42.1,0.3846,0.2421,-0.6558,-0.1384,0.0196,-0.5352,-0.0814,-0.1026
5.4,4.6,4.5,2.4,4.3,9.9,20.9,10.2,8.3,0.3768,0.8434,-0.1661,-0.2367,-0.0761,0.2108,-0.0191,0.0534
5.4,3.2,3.2,4.8,2.5,4.6,15.2,15.9,36.1,-0.3885,0.3406,-0.2493,-0.4386,0.0243,0.3808,0.0394,0.5599
5.4,3.4,2.8,3.4,2.7,12.0,8.0,22.8,40.6,0.6208,0.7542,-0.0019,-0.0024,0.0005,-0.0011,-0.1232,0.1062
5.4,1.3,2.1,2.1,3.7,10.9,6.2,6.3,7.5,0.6091,0.7059,-0.1358,-0.1378,-0.2229,0.1819,-0.0059,-0.0036
5.4,4.2,2.7,2.7,4.4,16.7,18.4,16.7,19.5,0.1877,0.4938,0.1862,0.465,0.1592,-0.467,-0.1409,0.4375
5.4,4.4,3.9,3.7,1.6,18.6,19.7,19.0,15.4,-0.3174,0.4164,-0.0814,0.4069,0.1004,-0.4046,0.1955,0.5712
5.4,4.7,4.6,1.5,2.4,6.2,13.6,16.6,36.3,-0.1041,0.8536,-0.3215,-0.0289,0.1724,0.0715,0.3009,0.1106
5.4,1.5,5.0,3.4,1.9,9.2,7.8,21.9,31.0,0.1643,0.9719,0.0003,0.0004,-0.0011,-0.0005,-0.0082,0.0034
5.4,1.4,4.9,4.8,3.7,9.2,2.2,11.1,35.2,-0.2848,0.6508,0.2349,-0.4872,-0.3274,-0.2196,-0.1107,-0.0986
5.4,2.7,1.4,2.3,1.4,19.1,7.1,43.1,26.5,0.067,-0.1182,0.1238,-0.0489,-0.1688,-0.2986,-0.7807,-0.4436
5.4,2.3,2.6,2.7,4.8,18.3,11.2,20.6,22.5,0.1143,0.2385,0.1311,0.4056,-0.1435,-0.4051,0.1445,0.7197
5.4,2.9,4.3,2.8,1.8,19.7,21.3,26.2,41.6,0.3419,-0.1758,-0.2294,0.1171,0.2309,-0.5549,0.532,0.3043
5.4,1.2,2.7,2.6,2.2,13.6,2.4,32.1,41.9,0.3733,-0.0771,-0.4101,0.0223,0.013,-0.7058,0.1776,0.2954
5.4,4.6,4.9,3.8,1.5,4.2,21.5,13.6,4.2,-0.4912,-0.0539,-0.2566,0.1153,0.3537,0.0105,-0.2628,0.6855
5.4,2.2,1.2,4.8,2.8,11.9,2.6,25.0,30.1,0.2842,-0.1995,0.3146,0.0397,-0.176,0.6535,0.3756,0.3768
5.4,4.6,3.2,4.3,2.3,21.0,18.3,28.7,43.9,-0.3335,-0.1971,-0.2274,-0.0208,-0.2872,-0.3773,0.5339,-0.5046
5.4,2.9,4.8,3.5,3.0,8.9,10.9,34.6,36.6,-0.0207,0.9821,0.1429,-0.0229,0.0205,0.0036,-0.0523,-0.0044
5.4,1.2,4.6,1.5,4.9,6.4,18.9,27.5,25.2,0.1085,0.1509,0.579,0.1045,0.0326,0.5535,-0.085,-0.5147
5.4,1.5,1.9,2.5,3.1,13.8,11.9,35.0,20.1,0.2959,0.6277,-0.0008,0.2723,-0.3331,0.2544,0.3993,-0.298
5.4,3.9,1.4,1.9,3.2,2.8,19.1,16.6,23.9,-0.3269,0.353,0.231,-0.1108,-0.6727,-0.3832,-0.0432,0.262
5.4,1.7,2.3,2.3,2.4,12.1,5.3,4.6,29.6,0.7404,0.3036,0.2161,-0.0315,0.3131,-0.2925,0.024,-0.3278
5.4,2.6,1.7,1.1,2.1,7.7,18.3,34.8,39.4,0.3034,0.9079,-0.1221,0.1825,-0.0223,-0.0911,-0.0996,0.0504
5.4,4.7,1.7,1.3,3.3,11.0,18.7,7.6,28.2,0.6262,0.6743,0.1531,0.1534,0.2404,-0.1727,-0.0761,0.0563
5.4,2.2,2.7,4.1,4.6,18.0,12.0,33.2,29.8,-0.4439,0.3377,0.3464,-0.2586,0.5699,0.3258,0.1826,-0.0896
5.4,3.4,3.8,2.5,3.4,6.3,17.0,23.1,42.4,0.2721,0.3172,-0.1573,0.0562,0.2162,-0.2709,0.669,-0.446
5.4,3.7,2.1,4.1,1.1,10.4,18.8,19.7,10.6,0.1513,0.9225,-0.1284,-0.137,0.1243,0.1368,-0.193,0.0705
5.4,4.9,2.3,2.1,1.1,7.6,5.0,31.6,36.2,-0.1128,0.9756,-0.1047,-0.0146,-0.0413,-0.0158,-0.1137,-0.0189
5.4,1.9,2.8,2.7,4.0,18.3,17.7,29.0,12.1,-0.1784,0.0639,-0.5344,0.3928,-0.4342,-0.5346,0.1422,0.0726
5.4,3.0,3.7,1.6,1.7,20.8,8.8,21.0,17.3,0.2779,0.8959,0.0041,0.0033,0.0937,-0.0288,-0.0381,-0.036
5.4,1.0,1.6,4.7,3.1,4.1,7.3,18.0,25.9,-0.4649,0.0955,0.0407,-0.1402,-0.0464,0.1383,0.1195,0.838
5.4,1.7,2.3,3.0,4.5,3.7,6.2,27.8,5.4,0.3363,-0.181,-0.4933,0.0814,-0.0761,-0.6477,0.2272,0.3196
5.4,3.2,2.8,1.2,1.5,16.5,8.6,25.4,6.0,0.9041,0.1276,0.0012,-0.0038,0.0004,0.0015,-0.0494,0.3826
5.4,3.5,2.8,4.5,1.5,12.8,7.1,32.5,29.0,0.0188,0.1372,0.0752,-0.0466,0.1152,0.0037,0.9418,-0.1931
5.4,1.0,4.3,3.6,4.6,18.5,10.4,34.0,26.9,-0.4556,0.1878,0.4077,0.2695,0.016,0.2889,-0.0665,-0.6346
5.4,1.7,2.1,3.7,1.2,20.1,4.9,24.2,39.4,0.5082,0.1154,-0.3226,-0.0299,0.4843,-0.3471,0.2275,0.3988
5.4,2.6,3.5,3.3,2.2,18.4,20.7,35.1,39.9,0.0249,0.4863,-0.3343,-0.2456,-0.4361,-0.2853,0.269,-0.4608
5.4,4.9,1.7,3.5,4.8,10.4,13.5,11.2,37.8,0.297,0.6727,0.2495,-0.5117,-0.0843,-0.2815,-0.0534,-0.1641
5.4,1.4,3.2,4.3,2.8,17.8,21.7,12.3,41.6,-0.1249,-0.1088,-0.2894,-0.0049,0.3268,0.5062,-0.6969,-0.0644
5.4,3.1,1.2,1.8,3.5,8.6,12.0,19.0,13.8,0.3036,0.9386,-0.0753,-0.0287,0.0659,0.0318,0.0829,-0.0202
5.4,1.9,4.8,4.6,1.9,12.6,8.8,12.0,13.6,-0.575,-0.0757,-0.0969,-0.2606,-0.0404,0.1809,-0.1809,0.7013
5.4,1.8,1.9,2.3,1.1,14.3,5.6,15.0,43.2,-0.0268,0.3769,-0.1706,0.006,0.3353,0.1429,-0.8089,0.0749
5.4,4.2,3.9,2.9,4.0,9.7,21.1,18.2,5.2,0.244,0.9116,-0.1459,-0.1817,0.0864,0.1908,0.0239,0.0461
5.4,1.2,2.7,1.4,4.8,8.6,18.2,10.8,37.0,0.179,0.969,-0.0794,0.0298,0.015,-0.0012,0.0775,-0.0104
5.4,1.7,4.0,1.9,1.5,7.6,20.5,41.8,34.5,-0.4497,0.698,0.1227,-0.0558,-0.3393,-0.0262,0.2388,0.2455
5.4,4.6,2.3,3.9,4.6,15.2,18.3,11.8,13.2,-0.2081,0.1059,-0.4451,0.4497,0.5047,0.373,-0.338,-0.1402
5.4,3.9,2.2,2.0,1.7,18.7,14.7,33.0,28.4,-0.3543,0.065,0.2076,0.0042,0.5279,0.4555,0.2247,-0.4984
5.4,4.0,2.6,1.8,2.8,14.6,12.2,26.7,8.3,0.3291,0.1446,-0.3109,-0.4228,0.4537,0.1505,0.5379,0.2304
5.4,1.2,4.9,3.8,5.0,16.9,16.9,42.5,5.9,0.2324,0.4848,-0.3448,-0.2649,-0.5432,-0.0298,-0.4066,-0.2044
5.4,4.0,2.0,2.0,4.5,12.0,15.1,24.9,29.5,0.5689,0.5362,0.2307,0.1734,-0.364,0.2933,0.2021,-0.1598
5.4,2.8,4.8,2.5,4.8,19.4,15.1,42.1,6.9,0.2093,0.4908,-0.3467,-0.1506,-0.4733,0.012,-0.5664,-0.0863
5.4,3.9,4.0,3.9,2.2,10.7,10.2,29.3,24.4,0.5727,0.7156,-0.2558,0.1823,0.0624,-0.0886,-0.0929,0.1261
5.4,2.6,4.6,3.7,2.9,19.0,12.0,35.9,43.1,-0.2372,0.2154,-0.1779,-0.2283,-0.2692,-0.2957,-0.192,-0.7656
5.4,1.8,2.0,2.8,1.6,21.7,21.4,36.9,39.6,0.0965,0.489,-0.4547,-0.1792,-0.4552,-0.1787,-0.1216,-0.4775
5.4,1.9,4.1,1.6,4.0,18.0,20.6,33.1,14.7,0.0936,0.5289,-0.0123,0.4154,-0.4313,0.3045,0.3723,-0.3141
5.4,1.3,4.3,3.6,3.9,5.6,10.1,20.7,24.9,-0.3496,0.5084,0.149,0.1102,-0.1662,-0.1049,0.5647,0.4617
5.4,3.6,3.4,4.0,1.9,21.6,13.8,8.5,43.8,-0.0192,-0.1417,-0.2578,-0.0396,-0.2381,0.3673,-0.729,0.4038
5.4,1.6,3.1,3.2,2.7,2.9,3.7,12.0,37.6,0.1002,0.4187,-0.4423,-0.4933,-0.1894,0.4291,-0.1314,0.332
5.4,3.9,2.5,2.9,2.6,14.6,10.4,43.1,23.9,0.5795,0.016,-0.0764,0.4123,0.0877,0.2709,-0.1798,-0.5836
5.4,1.8,2.6,4.6,3.4,2.2,6.9,42.6,13.8,-0.1911,-0.0232,-0.2914,0.107,0.4038,0.0639,-0.6932,0.4273
5.4,4.6,1.4,1.6,2.7,13.6,11.2,27.8,5.6,0.7818,0.3402,0.1317,-0.3727,0.0028,0.2089,0.0005,0.2381
5.4,2.7,1.9,2.6,1.4,6.6,15.8,43.1,21.3,-0.1646,-0.0407,0.2586,0.1318,0.1284,-0.2858,-0.3411,0.7875
5.4,1.0,2.2,2.2,1.5,20.8,16.4,7.3,18.3,0.0869,0.4074,0.0666,0.5375,0.4669,0.1627,-0.4866,-0.1888
5.4,3.9,4.8,3.9,4.1,3.7,6.8,33.5,38.2,0.0246,0.088,-0.1007,0.144,-0.1797,0.0962,0.6631,-0.6543
5.4,3.3,3.7,4.4,3.8,3.1,19.9,18.6,24.1,-0.123,0.3342,0.4362,-0.1203,-0.4411,0.1199,0.0888,0.6596
5.4,3.1,2.3,1.1,1.9,9.8,11.6,20.4,17.4,0.569,0.8099,-0.0634,0.0398,0.0614,-0.0406,0.025,-0.0118
5.4,4.0,2.2,1.7,1.7,18.7,11.4,22.8,4.8,0.3048,-0.0105,-0.1205,-0.3143,0.1729,0.2672,0.3933,0.7155
5.4,3.7,2.1,1.3,3.4,7.6,13.2,8.6,39.1,0.1479,0.9678,-0.0973,0.0449,0.0199,0.0007,0.135,-0.0166
5.4,2.9,1.2,2.2,1.6,16.8,22.0,32.3,15.6,-0.0714,0.4418,-0.1808,0.4138,-0.4541,0.2897,0.3484,-0.4034
5.4,3.1,1.2,1.7,3.6,8.6,18.1,22.8,27.3,0.0958,0.9623,0.009,0.0528,-0.0533,-0.0349,-0.1755,0.0103
5.4,3.5,3.8,4.9,4.1,6.6,10.5,22.2,24.1,0.0754,0.4304,0.0568,0.07,-0.1495,0.0337,0.8528,-0.1553
5.4,4.1,1.4,4.1,1.1,5.8,11.4,39.1,5.7,-0.3126,0.6595,-0.1266,0.0097,-0.1459,0.0167,-0.5709,-0.2929
5.4,2.1,3.7,1.4,3.1,10.9,9.7,40.5,22.1,0.6385,0.7571,-0.0693,0.0499,-0.0041,0.0077,0.0356,-0.0311
5.4,3.6,1.1,5.0,1.5,9.6,20.6,6.3,29.8,0.0838,0.9512,0.0073,0.1833,0.1875,-0.0294,-0.0184,0.0052
5.4,3.5,1.4,4.3,2.3,16.3,3.9,41.4,7.5,0.3919,-0.0602,-0.2111,0.1005,-0.3296,0.3476,-0.3674,-0.6291
5.4,4.7,4.3,1.6,1.2,4.1,6.2,10.7,10.9,-0.3428,0.066,0.0042,0.2401,0.0891,-0.2196,-0.0006,0.8642
5.4,1.4,2.5,4.0,3.1,16.9,12.3,29.3,18.2,-0.0562,0.3458,-0.0628,0.5431,-0.4884,-0.0351,0.5614,0.0577
5.4,3.5,4.2,1.8,4.8,14.8,19.4,15.6,23.4,0.3458,0.4871,0.5358,0.2658,-0.0858,-0.4249,0.0928,0.2646
5.4,2.5,1.2,3.6,3.7,3.2,4.6,23.8,25.6,0.2352,0.0137,0.1728,-0.2156,-0.2994,0.4841,0.6459,0.3218
5.4,3.5,1.1,2.3,1.2,14.3,3.4,18.7,11.0,0.35,0.5071,-0.3482,0.0035,0.3436,-0.0026,-0.36,0.4863
5.4,1.3,3.9,4.7,4.7,2.1,19.8,40.9,40.9,0.2611,0.4152,-0.4187,-0.044,-0.5613,0.082,-0.24,-0.4137
5.4,1.5,1.5,2.7,1.9,15.4,11.4,35.7,42.3,0.248,0.278,0.0028,-0.3409,-0.0495,-0.3512,0.2954,-0.7063
5.4,4.2,4.0,4.8,2.5,7.2,17.3,36.6,31.9,-0.4071,0.8321,-0.0238,-0.068,-0.0223,-0.0677,-0.308,-0.1552
5.4,3.1,2.0,3.0,2.0,9.0,3.2,32.6,30.0,0.0497,0.9773,0.1029,0.0999,0.0396,0.0906,-0.0192,-0.0131
5.4,3.0,2.4,2.9,2.1,17.8,5.5,27.0,40.8,0.5959,-0.0668,-0.4084,-0.0389,0.1208,-0.5122,0.1119,0.3641
5.4,3.2,4.7,4.7,3.1,12.5,5.8,26.4,18.0,-0.0112,0.8127,0.1456,0.4291,-0.1784,0.2569,0.0762,-0.1031
5.4,4.6,3.9,4.2,1.7,10.0,16.4,17.4,17.4,-0.144,0.8422,-0.1421,0.1798,0.3961,-0.0395,-0.2011,0.0388
5.4,1.5,2.1,2.5,2.3,10.4,4.4,36.6,22.0,0.1431,0.8499,0.1552,0.2223,0.1927,0.2302,0.1645,-0.098
5.4,3.3,3.4,1.6,2.2,3.0,5.1,7.2,29.1,-0.0976,0.147,0.1878,0.0311,-0.53,-0.3428,-0.6362,0.3306
5.4,2.1,3.5,4.6,2.9,20.1,4.0,15.4,18.9,0.0546,0.5069,0.5599,0.3534,0.0492,-0.4448,0.1022,0.226
5.4,1.7,4.2,3.1,1.3,15.7,5.5,17.1,4.0,0.3306,0.5205,-0.2232,0.0206,0.2588,-0.0106,-0.5326,0.4518
5.4,1.2,3.9,1.4,2.1,21.1,19.7,4.5,20.7,0.3025,0.5348,0.3681,0.2059,0.4707,0.0898,-0.4301,-0.1221
5.4,3.9,3.8,2.4,2.4,20.8,11.2,33.1,34.1,-0.0538,0.5331,0.0952,-0.5149,0.497,0.184,0.2934,0.132
5.4,2.4,2.7,4.5,2.4,2.1,18.2,31.6,42.1,-0.3365,0.0336,-0.2958,-0.1028,-0.4261,-0.3113,0.42,-0.5538
5.4,1.3,1.3,1.0,2.1,8.5,2.2,27.1,28.1,0.2839,0.9411,-0.0205,-0.0786,0.098,-0.0303,-0.0546,0.0147
5.4,1.5,4.3,4.9,2.3,9.1,8.2,5.6,13.9,0.5549,0.5318,0.2985,-0.0547,-0.0116,-0.1233,0.2186,-0.3275
5.4,4.9,1.9,2.9,2.6,11.8,7.2,35.8,23.7,0.7089,0.6166,0.1318,-0.0116,0.0578,0.0345,-0.1465,0.1797
5.4,3.9,4.1,1.6,1.3,11.4,11.2,22.6,7.5,0.6416,0.7516,0.058,-0.0535,-0.0325,0.0349,-0.0594,0.0565
5.4,3.9,4.4,3.6,4.3,12.1,22.0,42.2,31.4,0.1975,-0.0928,0.4946,-0.1049,-0.1346,-0.732,-0.1583,-0.232
5.4,4.4,1.0,5.0,2.6,8.4,6.0,7.3,36.4,-0.4607,0.8141,0.1377,-0.1861,-0.172,-0.1404,0.0711,0.0383
5.4,1.5,1.8,2.2,1.4,16.3,20.8,29.9,23.0,0.5025,-0.0125,0.4306,0.0431,-0.2794,0.6191,0.2087,0.123
5.4,1.5,3.0,3.8,4.9,21.6,7.6,29.1,4.1,0.1593,-0.2446,-0.0539,0.0759,-0.0699,-0.0457,0.7887,0.4872
5.4,5.0,4.6,2.5,2.0,14.7,4.3,18.2,29.7,0.2134,0.4338,0.235,-0.1152,-0.3353,0.0925,-0.5633,0.4865
5.4,1.7,1.6,1.8,3.9,14.4,16.0,10.0,10.8,0.2647,0.2322,-0.681,-0.1597,0.0034,0.532,0.0907,0.282
5.4,2.2,4.3,2.2,4.8,17.9,12.5,26.1,28.2,0.2893,0.2894,0.2923,0.2499,-0.3372,0.3549,0.4616,-0.448
5.4,1.4,2.4,4.9,1.9,10.6,16.3,23.7,31.3,0.4642,0.1157,0.3272,0.0771,-0.4881,0.4438,0.184,0.3804
5.4,1.0,4.0,2.8,4.3,17.9,15.3,11.3,8.9,0.1043,0.0724,-0.6319,-0.2254,-0.1843,0.5657,-0.1477,0.3777
5.4,1.4,4.1,2.7,1.6,14.8,9.7,6.9,18.0,0.4516,0.7944,-0.3286,0.1236,-0.0183,0.0474,0.1022,-0.0769
5.4,3.6,2.8,3.2,1.7,9.5,18.2,23.0,37.0,0.0167,0.8996,0.3139,-0.2066,-0.0369,0.1468,-0.0754,0.0467
5.4,4.7,3.3,2.9,5.0,18.8,10.4,41.3,44.0,0.03,0.4985,-0.2203,-0.1553,-0.3361,-0.0483,-0.7172,-0.1249
5.4,3.8,3.6,4.2,2.1,13.9,9.1,32.3,5.7,0.0025,0.1181,0.0145,-0.1531,0.1686,-0.0018,0.9502,-0.0056
5.4,2.1,4.6,3.5,1.5,8.1,15.3,39.3,21.9,0.0104,0.0838,0.0111,-0.0006,0.0129,-0.0096,-0.4896,0.7868
5.4,3.0,4.6,1.8,1.3,11.8,19.0,14.5,14.9,0.3952,0.085,-0.4756,0.4421,0.2274,0.3692,-0.0809,-0.4237
5.4,5.0,2.4,3.7,4.9,3.3,16.4,43.6,26.8,0.112,-0.1224,0.3368,-0.0442,0.2125,-0.6568,-0.5035,0.2966
5.4,2.1,3.6,3.2,3.5,20.7,3.1,33.1,33.7,-0.2776,0.4399,-0.02,-0.5092,0.177,-0.4403,0.0647,-0.4686
5.4,4.3,1.8,1.2,4.0,13.0,14.5,20.0,41.5,0.7074,0.4376,-0.0717,-0.2291,-0.1019,0.4061,-0.0072,0.1943
5.4,2.2,4.8,2.9,1.1,11.1,8.5,22.7,24.3,0.5855,0.7816,-0.0032,-0.0153,0.0342,-0.0291,-0.133,0.1023
5.4,1.2,1.4,3.9,4.9,5.2,13.6,16.8,12.6,-0.3832,0.4681,-0.3432,0.2714,0.5232,-0.1363,-0.1528,0.3405
5.4,1.1,2.0,1.7,1.1,2.6,18.5,10.1,5.7,0.2345,-0.0895,-0.3646,0.076,-0.2413,0.648,-0.5061,0.2237
5.4,2.2,2.1,2.9,3.4,10.4,5.1,9.9,29.9,0.5643,0.5246,0.5296,0.1081,-0.034,-0.2643,0.1224,-0.0505
5.4,2.7,4.8,1.9,3.4,20.2,13.7,15.1,28.6,-0.2012,0.5257,0.5772,-0.2301,-0.1835,-0.3172,0.3177,0.1891
5.4,3.5,1.3,1.8,1.7,8.1,3.9,26.2,24.7,0.001,0.9865,0.0029,-0.0233,0.0268,-0.0018,-0.1137,-0.0023
5.4,3.3,1.7,2.3,2.0,9.6,11.6,43.6,38.6,0.276,0.9381,0.1575,-0.0845,0.0184,-0.0216,0.0157,-0.0095
5.4,4.0,1.5,3.5,4.8,12.2,13.9,42.9,39.3,0.3245,0.5128,-0.0245,-0.5429,-0.271,-0.3549,-0.2124,-0.2613
5.4,2.3,2.5,4.8,1.3,5.7,16.5,10.6,40.5,-0.5455,-0.1932,-0.2159,-0.0157,0.1614,0.3712,-0.2896,0.5925
5.4,4.0,1.8,1.9,1.2,5.0,5.4,25.4,8.9,0.0994,0.2096,-0.0651,-0.1157,-0.2395,-0.2718,0.6635,-0.5755
5.4,3.5,4.7,1.8,3.3,11.6,8.0,14.5,36.8,0.4638,0.8785,-0.0115,0.0028,0.0024,-0.0001,0.0004,-2.2127e-05
5.4,1.8,1.9,1.3,3.2,6.1,9.8,27.5,19.5,0.0837,0.0863,0.1553,0.3077,-0.3259,-0.0214,0.8297,0.0571
5.4,4.6,2.0,1.3,4.1,14.6,8.1,23.4,42.3,0.8037,0.5481,-0.0578,-0.0574,0.0288,-0.1247,-0.0704,0.0971
5.4,1.3,3.5,2.6,4.0,18.8,8.7,4.9,5.1,0.5369,-0.0231,0.0765,-0.1439,-0.0284,-0.1141,-0.0729,-0.8046
5.4,2.2,1.1,3.6,2.6,2.2,12.6,26.9,37.0,0.0349,0.2956,-0.0337,-0.5237,0.4732,0.0015,0.6228,-0.0236
5.4,3.5,1.1,4.5,2.9,4.9,4.4,43.2,7.0,-0.2061,-0.1915,-0.1165,-0.0603,0.1455,0.4083,-0.681,0.4711
5.4,2.2,2.5,4.5,3.6,12.8,20.7,42.9,8.9,0.5428,0.0286,-0.3601,-0.0734,-0.4027,0.4624,-0.1896,-0.3567
5.4,2.3,3.5,4.8,4.4,10.8,3.4,35.0,21.1,0.249,0.7389,0.3401,0.3124,-0.006,0.3504,-0.1144,-0.0949
5.4,4.1,1.7,1.9,4.6,8.4,4.9,28.9,41.4,0.1955,0.9718,-0.0099,-0.0527,0.0512,-0.0261,-0.0464,0.0074
5.4,3.5,3.9,2.2,2.1,14.8,2.6,22.0,22.3,0.4846,0.6097,0.3337,0.2142,-0.3784,-0.1792,0.0955,0.1971
5.4,1.3,4.8,1.1,4.1,4.2,8.0,12.0,35.5,0.4873,0.8615,-0.04,0.0188,0.0094,-0.003,0.0089,-0.0033
5.4,4.1,1.4,3.4,3.8,20.5,5.0,27.9,4.7,0.2558,-0.168,-0.5345,-0.0426,0.1824,-0.7024,0.2501,-0.0307
5.4,2.1,4.2,2.9,5.0,8.9,13.1,5.5,7.4,0.0739,0.9417,0.1765,-0.1846,0.0126,-0.1233,0.0673,-0.0292
5.4,2.9,3.2,4.4,4.9,18.0,12.7,34.4,5.9,-0.0835,0.0291,-0.5533,-0.0821,0.0701,-0.6971,0.0066,-0.394
5.4,3.5,2.3,2.5,4.8,10.9,9.3,25.4,32.7,-0.0772,0.7901,0.4526,0.0994,0.1751,0.1392,-0.1986,-0.1524
5.4,1.9,4.6,3.2,3.5,6.6,3.0,34.8,26.1,-0.4892,0.5694,0.1056,-0.2862,0.164,-0.2683,-0.265,-0.3968
5.4,4.6,2.0,2.7,2.8,17.6,15.1,31.3,10.7,-0.2587,-0.072,-0.4121,0.1975,-0.4595,-0.6256,0.2711,-0.1073
5.4,4.4,3.7,4.1,4.5,20.1,14.5,18.9,25.5,-0.2305,0.4955,0.427,0.0618,-0.4476,-0.0635,0.2147,0.4985
5.4,3.3,3.5,3.7,1.8,20.6,4.1,38.7,31.5,-0.229,0.4298,-0.0257,-0.2227,-0.0029,-0.235,-0.6453,-0.4645
5.4,3.3,4.1,2.6,1.8,19.7,12.9,43.5,39.9,0.126,0.0779,-0.1891,-0.3441,-0.3535,-0.1342,-0.7373,-0.3157
5.4,3.7,2.0,1.7,2.1,21.1,2.8,23.0,13.4,0.1629,0.3456,0.1881,0.192,-0.1274,-0.5104,0.6912,0.0238
5.4,1.6,4.0,1.7,3.1,7.5,3.3,32.7,40.8,-0.1921,0.8319,-0.0904,0.2634,-0.3832,0.0733,-0.1008,-0.0873
5.4,2.1,3.9,3.7,2.2,15.6,6.4,9.2,27.4,-0.0086,-0.1244,0.1588,-0.0674,-0.2212,-0.1379,-0.9193,-0.1381
5.4,3.4,3.3,2.9,4.3,16.3,11.8,36.2,7.2,0.0186,0.051,-0.3518,-0.0224,-0.083,-0.7496,-0.0921,-0.4781
5.4,2.4,1.9,2.4,2.5,11.0,16.4,8.4,22.4,0.4268,0.6434,0.0838,0.4681,0.2841,0.2277,-0.1307,-0.1188
5.4,4.9,1.6,3.5,4.1,8.8,17.9,36.8,8.4,0.0805,0.9634,-0.0599,-0.1561,-0.035,-0.1558,-0.0455,-0.024
5.4,1.2,4.7,2.8,1.2,11.4,13.6,26.9,10.1,0.3805,0.1233,-0.3265,-0.3576,0.4724,0.1402,0.4252,0.3907
5.4,4.6,2.6,4.0,2.5,5.8,11.4,35.9,22.6,-0.5453,0.6565,0.1423,0.041,0.1556,0.0444,-0.3342,-0.3137
5.4,3.2,4.5,1.9,4.0,3.5,17.7,12.9,19.2,0.1135,0.3369,0.2909,0.462,0.2026,-0.4386,-0.2444,0.5164
5.4,2.1,4.5,1.6,2.8,6.3,13.4,17.3,31.8,0.1027,0.8879,0.1099,-0.1891,-0.3159,0.1676,0.0744,0.0687
5.4,3.9,3.8,3.8,4.9,10.2,10.0,4.7,8.9,0.5042,0.5207,0.1973,-0.4021,0.0577,-0.3353,0.0699,-0.3621
5.4,1.0,4.0,5.0,1.3,16.8,15.8,37.0,11.8,-0.2606,0.2751,-0.2961,0.1649,-0.2897,0.1656,-0.3206,-0.7122
5.4,1.1,3.6,1.4,3.9,19.6,7.1,27.2,40.8,0.8247,0.3881,-0.2517,0.1438,-0.0459,-0.0652,-0.0877,0.1984
5.4,1.6,1.2,4.5,3.8,11.8,9.2,10.9,20.6,0.5846,0.1854,-0.3496,0.3508,0.0032,0.2363,0.0019,-0.5244
5.4,4.1,4.2,4.4,4.8,17.5,15.1,10.7,16.5,-0.0963,0.3246,-0.1573,0.6044,0.4973,0.1081,-0.4605,-0.0957
5.4,1.1,2.2,3.8,2.2,4.3,19.8,27.2,17.6,-0.16,0.3781,-0.0647,0.5655,-0.4483,0.2102,0.4475,-0.2092
5.4,4.0,4.5,2.3,3.1,14.9,20.7,38.9,31.3,0.4257,0.3944,0.2914,-0.3431,0.2913,-0.3436,-0.0445,-0.4774
5.4,1.3,2.9,3.3,2.5,18.4,20.2,19.3,20.8,0.0939,0.5812,0.3515,0.3342,-0.3543,-0.3333,0.0483,0.4032
5.4,1.6,1.8,3.8,1.7,15.9,16.2,23.9,17.5,-0.1291,0.419,-0.2035,0.5165,-0.4174,-0.3083,0.3588,0.2862
5.4,1.7,4.9,4.5,2.7,16.5,3.3,34.1,4.1,-0.038,0.4104,-0.3197,-0.1458,-0.4426,-0.2483,0.533,-0.3787
5.4,2.1,1.6,3.6,4.1,9.7,14.5,24.7,4.3,0.2021,0.783,0.1284,-0.4361,0.11,0.3027,0.0533,0.1378
5.4,3.8,3.0,1.0,4.9,5.2,10.7,37.9,21.8,-0.0067,0.8275,0.243,-0.0284,0.1626,0.0219,-0.4468,-0.0585
5.4,3.5,4.0,1.7,3.9,9.8,7.9,33.2,26.8,0.5219,0.8471,0.0155,-0.0055,0.0034,-0.0005,-0.0002,0.0001
5.4,4.8,1.3,3.3,1.6,7.5,19.1,14.6,34.2,-0.407,0.8887,-0.0508,-0.0513,0.025,0.0424,0.1522,0.0747
5.4,3.3,1.9,2.1,4.6,10.3,5.4,40.2,11.2,0.5207,0.806,-0.1696,0.0051,-0.1939,0.0238,-0.0239,-0.025
5.4,1.1,4.1,3.8,1.0,15.7,13.0,10.1,42.9,0.078,0.0245,-0.2401,-0.2026,-0.3813,0.1228,-0.8438,0.0015
5.4,4.5,3.5,3.3,3.7,8.2,8.7,36.4,36.1,-0.0339,0.988,0.0194,0.0012,0.0135,0.0018,-0.1132,-0.0041
5.4,1.8,4.3,4.5,3.7,16.7,10.6,14.1,24.7,-0.1571,-0.0236,0.2409,0.3715,0.2068,-0.2879,-0.4822,0.6323
5.4,3.9,4.7,4.3,2.1,9.3,13.3,35.2,15.9,0.0311,0.8468,-0.4618,0.05,-0.0097,-0.112,-0.1472,0.0181
5.4,2.4,2.1,2.3,4.8,11.6,19.9,38.6,11.4,0.3216,0.7785,-0.3328,0.0415,-0.3523,0.0442,0.0613,-0.1749
5.4,1.7,2.9,3.4,2.2,8.2,6.8,18.1,27.9,-0.2352,0.9337,-0.0022,-0.0024,0.0021,0.0024,0.2399,0.0617
5.4,2.2,1.3,2.2,1.8,18.4,8.9,19.7,42.9,0.4233,0.0171,0.0047,-0.0533,-0.0136,0.0614,0.0009,0.8821
5.4,2.8,4.5,3.0,3.1,16.8,10.8,41.1,30.7,0.2138,0.4527,0.2177,0.1509,0.3848,-0.1216,-0.6664,0.1821
5.4,4.6,2.5,4.0,3.0,4.3,3.5,42.7,13.4,-0.2243,0.0549,-0.2808,-0.0351,0.451,0.3536,-0.5678,0.4265
5.4,3.2,4.2,3.2,4.9,7.4,8.8,40.4,34.2,0.0956,0.6827,0.0859,0.1597,-0.2145,-0.207,-0.5582,0.1802
5.4,3.7,3.9,2.6,4.3,4.9,11.3,43.3,6.4,0.1285,0.1992,-0.137,-0.1944,-0.2315,0.1675,-0.7143,0.5136
5.4,4.1,2.5,1.8,3.5,20.0,22.0,33.2,30.6,-0.0243,0.4693,0.1301,-0.4357,0.4012,-0.3704,0.1987,-0.4531
5.4,1.6,2.0,2.9,1.8,2.9,11.2,29.8,18.2,0.0026,0.3377,0.0063,0.4681,-0.4664,0.0616,0.6436,-0.0826
5.4,3.8,3.3,4.7,4.3,18.8,2.7,33.4,22.0,-0.2799,0.1267,0.2944,0.0427,0.4959,0.5088,0.4915,-0.173
5.4,3.2,4.9,3.5,3.4,13.9,21.2,41.6,24.8,0.6798,0.3834,0.3028,0.0365,0.4227,-0.143,-0.0363,-0.2653
5.4,4.5,2.6,1.9,1.2,19.4,12.0,18.7,43.9,-0.1728,0.1162,-0.1245,-0.216,0.1928,0.2176,0.1181,0.8718
5.4,3.2,4.8,2.0,2.3,9.7,15.5,30.2,9.8,0.3981,0.8489,-0.0941,-0.2273,0.2155,0.0175,0.0506,0.0046
5.4,1.6,2.9,4.1,1.7,8.0,15.1,43.5,14.0,-0.7455,0.5702,-0.066,0.0633,0.103,-0.0026,0.1585,0.2294
5.4,3.2,1.2,2.2,3.6,3.7,6.6,36.2,26.6,-0.0327,0.3117,0.1814,-0.3988,0.2296,-0.3989,-0.1311,-0.6739
5.4,1.9,4.1,3.3,3.7,6.2,13.3,31.3,15.9,-0.2309,0.4007,-0.0581,0.5388,-0.3682,0.3476,0.2757,-0.3729
5.4,1.9,1.4,1.9,1.3,19.3,2.0,42.9,12.5,0.1205,-0.0814,-0.0813,0.129,0.0438,0.6784,-0.6754,-0.0112
5.4,4.3,4.5,4.3,1.6,5.2,21.3,4.6,33.5,-0.0686,0.5758,-0.1069,-0.0952,-0.0199,-0.1758,-0.7656,-0.1225
5.4,5.0,1.3,1.5,4.8,11.4,2.6,7.2,15.4,0.478,0.7216,-0.4125,0.1938,0.0894,0.0509,0.1418,-0.0557
5.4,4.1,4.9,2.0,1.9,8.0,10.1,36.2,33.1,0.1033,0.9847,0.0258,-0.0128,0.0026,0.0028,-0.102,0.0105
5.4,3.7,2.3,3.1,1.0,5.2,17.8,13.8,41.5,-0.6656,0.193,-0.2082,0.0276,0.3319,0.1555,0.0627,0.5657
5.4,2.8,2.8,2.2,2.3,6.1,18.4,10.3,31.8,-0.3793,0.6253,0.1706,-0.3626,-0.4202,0.1988,0.046,0.2641
5.4,4.1,4.6,4.0,3.8,12.1,11.1,11.1,32.3,0.0297,0.6609,0.6898,-0.0739,-0.0379,-0.1681,0.159,0.0155
5.4,2.4,4.3,1.2,3.1,17.6,5.6,36.2,28.9,0.4345,0.3234,0.0959,-0.266,0.1887,-0.2874,0.2512,-0.643
5.4,2.9,1.6,1.9,1.3,11.0,18.3,12.8,4.3,0.5176,0.7643,-0.1359,-0.1957,-0.2629,0.0936,-0.061,0.0183
5.4,2.6,3.4,1.7,1.3,10.4,13.5,26.1,21.7,0.5289,0.8216,-0.1243,0.1258,0.0316,-0.0521,-0.0157,0.0236
5.4,4.8,4.3,4.7,3.1,2.7,13.2,32.5,41.0,-0.3721,-0.1099,-0.4051,0.0211,-0.0216,-0.5792,0.1462,-0.5439
5.4,1.6,3.8,4.6,1.1,10.9,13.3,6.0,15.3,0.363,0.1124,-0.358,-0.1393,-0.5545,0.4978,-0.3448,-0.0017
5.4,4.8,1.4,1.4,3.4,5.7,14.4,12.9,40.5,-0.1438,0.8448,-0.3533,0.1018,0.091,0.0618,0.3097,0.0871
5.4,3.0,1.2,4.1,1.0,8.1,6.7,7.7,7.2,-0.678,0.6856,0.0012,-0.0064,-0.0035,0.0046,0.1639,0.1672
5.4,1.2,2.2,4.4,1.5,21.2,8.8,7.0,18.8,0.3314,-0.0859,-0.1862,0.2269,0.0958,0.1856,-0.3217,-0.7695
5.4,2.3,2.0,1.6,2.1,20.4,6.3,33.4,29.9,-0.0904,0.1892,0.04,-0.3756,0.1546,-0.3675,0.0455,-0.7852
5.4,3.8,4.8,1.0,3.4,17.9,21.2,31.1,25.4,0.5699,0.345,0.5761,-0.2784,0.1955,0.2015,-0.1584,0.1033
5.4,3.8,1.5,3.5,1.8,11.1,11.9,40.1,22.3,0.4074,0.7876,-0.1911,0.2809,-0.0765,0.2297,0.0704,-0.1394
5.4,1.3,4.4,1.9,1.2,19.9,7.4,26.4,12.8,-0.0042,0.0258,-0.0512,0.1022,-0.1252,0.0592,0.8179,-0.5191
5.4,3.2,3.9,1.1,1.2,19.7,5.5,29.3,30.1,0.058,0.2181,0.0942,-0.2514,0.3462,-0.1627,0.6538,-0.5144
5.4,4.1,1.1,1.9,2.5,2.8,18.9,29.8,12.1,-0.3322,0.3573,-0.2931,0.3341,-0.6593,-0.1586,0.1854,-0.2237
5.4,1.4,3.6,1.8,3.9,10.2,21.7,7.3,28.6,0.5661,0.6659,0.2306,0.2306,0.1134,-0.3065,-0.0122,0.0782
5.4,1.5,2.8,2.5,4.4,21.6,6.5,8.7,28.2,-0.1082,0.0903,0.2472,-0.1396,-0.488,-0.2,-0.7662,0.092
5.4,1.8,4.6,2.7,4.6,10.8,6.5,37.7,42.4,0.2287,0.8459,-0.0907,0.0152,-0.1287,0.0114,0.3851,-0.1019
5.4,2.8,3.8,1.6,2.2,15.8,10.2,12.9,38.3,0.8306,0.2871,0.1682,-0.2584,0.0169,-0.1174,0.0436,-0.2796
5.4,4.9,3.4,1.1,2.1,22.0,2.9,19.3,40.1,0.1252,0.8287,-0.2662,0.1053,0.3791,-0.1339,0.1172,0.1191
5.4,1.7,2.3,2.2,3.3,6.3,6.0,28.0,5.1,-0.3022,0.0819,-0.3319,0.1833,-0.617,-0.3289,0.4059,-0.2746
5.4,4.1,2.2,4.9,2.1,8.4,12.2,37.3,41.2,-0.2001,0.944,0.063,-0.0427,0.0637,-0.0433,-0.1974,-0.0456
5.4,1.6,3.9,2.8,4.6,15.2,10.1,39.5,36.7,0.5397,0.636,0.1745,-0.0153,0.1961,-0.3237,0.1718,-0.1771
5.4,2.9,4.1,1.7,4.8,11.0,15.4,22.7,6.8,0.5316,0.5629,-0.0781,-0.4139,0.132,0.3673,0.0681,0.2295
5.4,3.2,2.7,1.2,4.2,5.3,10.2,24.6,28.3,0.4366,0.2663,0.0673,0.1268,-0.0987,0.1967,0.353,-0.7077
5.4,4.3,1.6,2.2,4.5,4.7,15.1,14.5,9.2,-0.3317,0.5724,-0.2764,0.4101,0.4481,0.2899,0.1178,0.0754
5.4,3.9,1.2,3.2,1.8,17.1,15.1,36.3,8.4,-0.0124,0.3073,-0.4225,-0.161,-0.4279,-0.1624,0.1398,-0.6709
5.4,4.0,3.5,4.4,4.9,10.5,14.5,13.5,18.7,0.0481,0.5836,-0.1014,0.5914,0.3642,0.2436,-0.2434,-0.1675
5.4,4.1,4.5,1.7,1.6,12.4,19.8,35.8,18.4,0.3443,0.7213,0.0337,0.2788,-0.3183,0.273,0.2227,-0.1942
5.4,4.1,1.3,3.5,4.0,5.1,8.5,29.6,6.5,-0.6809,0.0717,-0.0225,-0.0454,0.0013,-0.0352,-0.0643,-0.7084
5.4,3.9,1.1,1.4,2.6,16.2,8.2,19.7,37.0,0.4961,0.836,-0.1252,0.0284,0.1084,-0.0192,0.0491,-0.0099
5.4,4.5,1.9,4.4,1.4,3.1,13.3,38.6,43.1,-0.2998,0.3587,-0.3065,0.0179,-0.3179,0.0216,-0.4194,-0.6234
5.4,4.0,4.9,4.8,4.0,14.9,12.9,12.2,41.3,0.1477,0.1112,-0.365,-0.4418,-0.4587,0.2588,-0.5281,0.2339
5.4,2.9,4.5,3.2,4.8,4.4,20.5,5.2,22.6,0.3188,0.4446,0.4062,-0.066,0.5172,-0.1894,-0.4052,-0.2195
5.4,2.8,2.1,2.6,3.3,20.5,17.1,28.6,29.4,-0.3483,0.0687,0.4314,-0.2858,0.4996,0.517,0.1654,-0.1687
5.4,1.6,4.8,2.1,2.6,19.8,16.1,32.5,14.5,-0.1562,0.5965,-0.1467,0.4109,-0.5798,0.0363,0.2457,-0.1012
5.4,1.6,4.8,4.3,4.8,8.0,8.8,24.6,11.1,-0.6359,0.1061,-0.0367,-0.0528,-0.0046,-0.0427,-0.0761,-0.7147
5.4,2.4,1.9,4.8,3.9,14.5,19.1,34.5,33.2,-0.2312,0.4169,0.2411,-0.4191,0.3539,-0.3628,0.177,-0.4785
5.4,1.6,1.3,2.6,4.2,3.7,7.1,20.1,32.5,-0.2536,0.6653,-0.1602,-0.2423,0.1555,0.2429,0.4617,0.3077
5.4,2.0,1.9,4.0,2.8,3.6,7.7,34.5,12.9,-0.6362,0.4371,0.0291,0.0755,0.0174,0.0717,-0.3395,-0.5108
5.4,3.1,2.1,2.6,4.1,18.1,7.5,36.0,33.2,-0.2697,0.832,-0.1738,-0.1173,-0.1291,-0.1183,-0.3281,-0.1583
5.4,2.5,4.1,3.2,4.6,3.8,2.1,15.2,10.3,-0.343,0.3571,-0.3249,0.2976,0.5584,-0.1316,-0.2041,0.4239
5.4,3.4,4.4,2.2,1.3,17.7,16.0,29.7,6.6,0.2672,0.008,-0.4097,-0.0406,0.4331,-0.3963,0.6135,-0.1171
5.4,4.6,1.5,5.0,1.3,12.5,7.4,13.4,28.5,0.1686,-0.1863,0.094,-0.0473,-0.0846,-0.0788,-0.7019,-0.6163
5.4,3.1,1.7,1.7,2.0,9.3,6.5,39.2,40.1,0.1028,0.7915,0.0279,-0.0071,-0.1743,-0.0422,0.2354,0.1321
5.4,4.4,3.3,3.8,4.9,3.3,14.2,19.0,4.8,-0.3125,0.4667,-0.3087,-0.2017,0.4069,0.2224,0.2304,0.5179
5.4,1.6,4.9,4.6,4.5,20.6,20.7,22.2,13.0,-0.1025,0.3714,0.0361,0.2882,0.07,-0.3802,0.6243,0.4569
5.4,1.5,4.6,1.3,2.2,17.1,2.2,33.3,31.6,0.0678,0.5522,0.1196,-0.3412,0.5232,-0.2162,0.3611,-0.2866
5.4,1.4,1.4,1.5,2.3,21.1,16.0,33.5,26.9,-0.3321,0.2688,0.2511,-0.161,0.64,0.4268,0.0213,-0.2998
5.4,1.4,3.0,1.5,2.5,19.9,5.2,6.6,29.5,-0.0424,-0.0807,0.2062,-0.1082,-0.4832,-0.5517,-0.5935,-0.1258
5.4,3.1,3.4,1.8,4.6,21.9,19.7,14.6,42.1,0.0134,0.3454,-0.6674,0.3235,0.2356,0.4213,0.2319,0.0374
5.4,2.4,3.7,2.1,2.9,5.6,3.8,4.4,35.9,0.1018,0.741,-0.0949,-0.2159,-0.4373,0.0306,-0.415,0.0146
5.4,3.7,3.9,3.7,4.1,20.0,13.0,19.4,28.4,-0.1301,0.6247,0.4258,-0.0489,-0.4269,0.0489,0.283,0.3578
5.4,3.3,4.4,2.6,4.5,8.4,21.1,40.9,29.0,-0.3297,0.7655,-0.0459,0.0179,0.1257,0.0102,0.3648,0.2254
5.4,3.8,3.5,4.0,3.8,18.4,5.9,29.1,14.1,-0.4728,0.1342,-0.1034,0.4549,-0.2945,0.2922,0.1984,-0.5542
5.4,4.4,2.1,4.3,1.6,4.0,13.3,24.1,5.5,0.0448,0.2439,-0.2118,0.0272,0.3266,-0.1964,0.8437,0.1362
5.4,2.1,4.6,3.5,4.2,20.2,21.3,15.9,11.6,-0.3002,0.2522,-0.241,0.3724,0.3872,-0.298,-0.1901,0.5981
5.4,2.5,3.7,2.7,4.7,4.8,7.0,15.6,19.5,0.6552,0.1576,0.369,-0.2608,-0.0805,-0.195,0.024,-0.4426
5.4,4.5,2.0,1.3,1.7,13.0,5.2,8.5,37.7,0.4174,0.6262,-0.2216,-0.3415,-0.424,0.0411,-0.2504,0.0287
5.4,3.2,4.6,4.9,1.4,10.8,14.3,25.1,11.2,0.502,0.548,-0.2597,-0.2892,0.4478,0.1019,0.0294,0.245
5.4,3.9,3.7,1.1,1.3,3.0,9.6,33.9,9.8,-0.4663,0.4065,-0.0906,-0.0365,-0.043,-0.0515,-0.4837,-0.5858
5.4,3.6,2.7,3.6,2.8,16.8,4.4,37.6,24.1,0.4035,0.4041,0.388,-0.0433,0.3925,-0.0454,0.1693,-0.5582
5.4,3.3,1.6,2.7,3.8,21.1,2.5,5.1,43.9,0.3542,0.2479,-0.3159,0.2288,-0.4258,0.3968,-0.5118,-0.1959
5.4,2.4,2.3,4.6,3.4,21.0,5.2,33.8,32.0,-0.5556,0.3427,0.032,-0.3508,0.0979,-0.3185,-0.127,-0.5505
5.4,3.6,2.1,2.6,1.5,9.6,9.8,34.7,17.4,0.1352,0.9689,-0.168,0.022,-0.0348,-0.0027,-0.0461,0.0007
5.4,2.2,1.9,2.4,1.4,18.2,2.5,19.9,16.9,0.0701,0.4586,0.0787,0.4569,-0.036,-0.4832,0.3585,0.4335
5.4,3.5,5.0,3.8,1.6,20.3,10.3,11.7,20.8,-0.0485,-0.0759,0.0323,0.2543,0.2047,-0.081,-0.8646,0.3234
5.4,4.2,4.9,1.4,4.1,20.3,6.3,5.2,4.9,0.847,0.283,-0.1209,0.0945,-0.1943,0.263,0.0152,-0.2346
5.4,2.4,3.3,3.8,4.2,11.0,7.6,29.3,14.9,-0.7022,0.5624,0.0742,0.0969,0.0216,0.07,-0.2073,-0.2936
5.4,3.8,3.2,1.7,1.1,14.8,8.4,25.4,19.1,0.5802,0.8039,-0.0003,0.0019,-0.0001,0.0002,-0.0169,0.0141
5.4,3.2,2.8,2.4,2.5,2.1,14.5,43.5,24.9,0.2273,0.1982,0.3539,0.153,0.4606,-0.1987,-0.6834,0.1237
5.4,3.7,1.5,4.9,1.7,14.3,10.4,17.2,29.5,-0.2924,0.191,0.2537,0.3256,-0.283,-0.3404,-0.2114,0.6652
5.4,4.0,1.4,4.2,2.6,19.6,4.5,5.5,9.3,0.034,0.0696,-0.0138,0.1421,-0.1164,0.3724,-0.8003,-0.4096
5.4,1.4,3.6,1.2,3.4,4.7,2.3,43.3,39.1,0.4278,0.5862,-0.2529,-0.1114,-0.3915,0.184,-0.4018,0.162
5.4,2.6,3.8,3.3,3.4,2.6,16.3,6.5,12.8,-0.0096,-0.1571,-0.2864,0.0689,0.0623,0.7887,-0.4316,0.2458
5.4,2.0,1.5,1.5,3.8,7.8,8.6,5.2,35.2,0.3579,0.8731,-0.1167,-0.0035,0.0691,0.0185,0.0376,0.0104
5.4,3.7,2.7,1.6,2.5,17.5,10.2,42.7,41.1,0.7138,-0.014,0.0581,-0.2672,-0.0285,-0.1802,-0.095,-0.5747
5.4,4.9,1.9,2.0,3.4,9.0,20.1,9.3,17.6,0.267,0.9375,-0.1809,0.0808,0.0119,0.0038,0.042,-0.0099
5.4,2.1,1.3,1.5,1.7,2.1,13.7,21.1,29.0,0.1725,0.5687,0.3732,-0.0934,-0.4067,0.1269,0.5305,0.1317
5.4,2.4,4.4,2.3,4.7,21.4,18.2,43.9,27.8,0.3533,0.0294,0.3772,-0.0388,0.2282,-0.6922,-0.3165,0.2268
5.4,1.2,2.7,2.2,4.4,9.6,21.6,43.8,13.4,0.3561,0.6823,-0.3972,-0.2768,0.0357,0.3463,0.0402,0.1479
5.4,2.8,2.2,3.7,2.2,19.4,11.4,26.1,24.5,0.0888,0.0267,0.2527,0.277,-0.3958,0.1105,0.8005,-0.1275
5.4,3.7,4.5,2.8,1.4,6.3,2.2,15.5,43.3,-0.5447,0.6984,-0.0869,0.1543,0.1501,-0.1206,0.2659,0.2554
5.4,3.2,4.2,1.6,1.9,18.8,5.5,26.8,6.4,0.4668,-0.2676,-0.2986,0.1036,-0.1648,-0.4785,0.2941,0.4846
5.4,1.5,3.8,2.2,4.1,11.6,7.8,36.5,22.9,0.1805,0.0093,0.0098,-0.0454,0.0327,0.0306,0.521,0.691
5.4,2.2,3.8,2.8,3.6,21.9,19.9,6.0,31.4,-0.1064,-0.0291,0.1368,-0.004,-0.3402,-0.7023,-0.5184,0.2455
5.4,3.8,1.1,4.9,2.0,21.7,13.2,25.3,33.7,-0.387,0.1203,0.4111,-0.1364,0.5443,0.3016,0.4397,-0.1835
5.4,1.1,1.1,3.5,2.3,12.3,16.9,37.2,18.9,0.096,0.5844,-0.0947,0.4771,-0.0475,0.4745,0.0427,-0.4034
5.4,2.8,3.1,2.2,1.5,6.6,15.8,39.0,5.4,0.0143,0.8084,-0.1411,0.0706,-0.15,0.0769,-0.5229,-0.0192
5.4,2.2,4.2,2.2,3.6,14.9,13.2,26.6,7.5,0.2307,0.241,-0.3212,-0.3556,0.4887,-0.0006,0.631,0.0547
5.4,4.7,3.9,2.5,2.9,4.9,19.5,15.9,21.3,-0.4555,0.3729,0.2695,-0.2593,-0.5255,-0.3913,0.0961,0.2077
5.4,4.2,2.7,1.6,2.3,19.7,19.0,25.4,9.0,0.4502,0.1276,-0.2941,0.174,0.317,-0.5837,0.443,-0.0345
5.4,3.2,3.5,1.6,4.9,18.4,21.3,13.9,40.4,0.2682,0.4956,-0.6333,-0.1588,0.1578,0.3526,0.1552,0.2362
5.4,3.1,2.6,1.0,3.2,3.2,21.2,21.4,24.2,0.5182,0.6495,0.3032,-0.155,-0.317,0.1715,0.2211,0.0158
5.4,4.5,4.8,5.0,4.5,20.9,21.6,13.1,32.8,-0.545,0.3209,0.0106,-0.4896,-0.2048,0.3316,-0.0567,0.4302
5.4,1.4,3.3,4.0,4.8,3.0,2.5,24.2,4.7,0.3169,0.4706,-0.383,-0.1634,0.5728,-0.067,0.3379,0.2126
5.4,2.1,2.5,2.9,2.5,19.3,11.4,20.6,34.9,0.5156,0.3696,0.166,-0.1427,-0.3649,0.5557,0.1403,0.1427
5.4,2.3,2.3,1.5,4.0,8.6,4.6,43.5,35.4,0.2303,0.9604,0.0344,-0.0166,-0.0109,0.0028,0.0817,-0.0156
5.4,1.2,1.1,1.5,1.2,14.3,10.1,4.3,29.5,0.3534,-0.1334,0.0652,0.2532,0.1331,0.1832,-0.4596,-0.7
5.4,3.7,1.7,3.2,4.4,17.0,9.0,18.4,33.5,0.2591,0.8273,0.3532,-0.1303,-0.0204,-0.0937,0.1191,-0.0702
5.4,2.8,3.5,3.5,3.5,3.7,10.5,27.5,10.5,-0.4041,-0.0115,-0.3883,-0.2686,0.0786,-0.2842,0.145,-0.6961
5.4,3.4,1.4,1.6,4.1,8.0,4.2,20.6,11.3,0.3537,0.9107,0.0351,0.0148,-0.035,-0.0148,0.1707,-0.065
5.4,3.8,1.1,3.9,2.1,18.8,13.4,35.3,16.7,-0.1279,0.4232,-0.157,0.4611,-0.2161,0.4452,0.0985,-0.5416
5.4,3.4,1.3,1.6,3.7,17.9,8.3,19.5,43.3,0.6309,0.2571,-0.0564,0.0932,0.0632,-0.0954,-0.2241,0.6501
5.4,4.7,4.3,4.3,3.7,3.5,21.9,20.2,22.1,0.0024,0.2666,0.3499,-0.2464,-0.352,0.2471,0.1854,0.7094
5.4,4.8,1.1,2.7,2.7,9.5,19.7,26.8,18.7,0.2001,0.8867,-0.288,0.245,0.0231,-0.1217,-0.0358,0.0501
5.4,2.0,2.2,4.1,4.9,11.5,18.9,40.9,4.3,0.2039,0.6844,-0.1929,-0.3874,-0.3485,-0.2999,-0.1784,-0.2148
5.4,1.9,1.2,5.0,2.9,5.1,12.4,4.3,27.7,0.012,0.3186,0.1896,-0.1667,0.3095,-0.2648,-0.7556,-0.2943
5.4,1.3,1.6,1.9,2.3,12.0,13.8,12.6,15.1,0.2607,0.3467,-0.4879,0.5495,0.178,0.3441,0.0075,-0.3141
5.4,1.4,4.0,2.8,3.5,14.0,8.8,36.3,6.2,0.3974,0.4048,0.0493,-0.0915,0.0844,-0.0913,0.5488,-0.5711
5.4,4.0,4.9,3.0,1.0,11.8,15.9,30.5,18.7,0.2432,0.5831,-0.2194,0.5767,-0.1518,-0.3304,0.1011,0.2353
5.4,1.1,1.5,4.8,2.7,3.0,5.5,26.3,10.7,-0.1838,-0.1349,-0.2585,-0.0549,-0.3221,-0.3159,0.7658,-0.265
5.4,2.6,1.9,2.0,4.8,14.7,14.9,36.0,37.4,0.3447,0.5844,-0.0484,-0.3377,0.2928,-0.3489,0.2775,-0.3427
5.4,4.9,1.0,2.1,3.2,17.3,16.2,34.8,28.5,-0.2559,0.4274,0.2877,-0.1385,0.6728,0.175,0.2896,-0.208
5.4,1.3,3.3,2.7,2.6,18.1,10.3,7.6,11.0,0.0583,0.1191,-0.1545,-0.2666,-0.2892,0.15,-0.7971,0.36
5.4,5.0,1.8,1.1,3.5,11.8,11.2,27.7,18.8,0.671,0.7148,-0.1284,0.1203,0.0091,-0.0149,-0.0133,0.0169
5.4,3.0,4.1,3.7,4.3,21.5,4.7,18.4,15.0,-0.3737,0.6074,0.1335,0.3218,-0.1002,-0.32,0.3107,0.3857
5.4,1.5,4.1,2.7,3.1,6.2,19.4,27.9,19.8,0.0028,0.1758,0.4005,0.4414,-0.2296,0.4039,0.3106,-0.5252
5.4,4.9,3.9,2.3,3.6,8.2,16.6,41.0,41.6,0.3022,0.2067,0.02,0.0067,0.0085,-0.0628,-0.2221,0.7839
5.4,1.9,4.3,2.9,2.9,22.0,7.8,25.5,18.2,0.5687,0.7937,0.0377,0.001,0.0056,0.0068,-0.0607,0.0509
5.4,2.1,4.1,2.2,4.9,9.1,15.4,8.3,9.6,0.2571,0.8919,-0.0751,-0.2336,-0.2463,-0.0244,-0.0555,-0.0092
5.4,3.7,3.3,4.6,3.4,12.8,11.6,20.5,20.7,0.4134,0.5077,-0.178,0.4004,0.0886,-0.3744,-0.1329,0.4419
5.4,1.2,4.6,1.8,2.3,16.7,21.4,32.0,25.4,0.0114,-0.0681,0.3149,-0.2494,0.4637,0.4805,0.5214,0.2418
5.4,2.5,4.0,1.8,3.1,9.1,19.9,32.7,6.0,0.3244,0.9237,-0.0408,-0.1174,0.0751,-0.1057,-0.0015,-0.0104
5.4,2.3,2.3,2.4,2.5,12.8,5.6,30.7,13.1,-0.0892,0.1295,-0.2069,0.312,-0.4928,-0.0999,0.7398,0.0182
5.4,4.6,3.2,3.2,3.6,9.6,4.0,18.6,28.0,0.2949,0.9199,0.1619,0.0687,-0.1198,-0.0784,0.0342,0.0146
5.4,3.3,3.0,4.8,3.8,20.4,12.0,27.0,39.3,0.0404,0.0144,-0.2341,-0.4369,0.4014,-0.1501,0.6915,-0.2479
5.4,4.4,2.2,2.9,4.2,10.4,13.9,22.4,36.2,0.266,0.8497,0.3425,-0.1829,-0.0427,0.1136,-0.1267,0.0778
5.4,4.0,4.3,3.3,1.7,14.4,20.3,19.2,35.8,-0.0165,0.5774,0.0181,-0.4813,-0.0575,0.4816,0.0466,0.4159
5.4,2.5,1.2,3.3,3.3,7.0,8.3,24.0,5.6,-0.1382,-0.0605,-0.0312,0.0229,-0.042,0.0144,0.4938,-0.8282
5.4,2.3,1.2,4.9,5.0,16.7,16.6,16.0,11.2,-0.3486,0.2699,-0.4013,0.1412,0.589,0.1143,-0.3847,0.3222
5.4,4.4,4.4,1.3,4.4,9.9,14.1,28.8,12.2,0.4966,0.6734,-0.2526,-0.2823,0.0646,-0.3389,0.0264,-0.1437
5.4,2.7,4.4,1.6,2.8,16.9,5.3,9.0,37.2,0.3496,0.6018,-0.2785,-0.3863,-0.1398,0.4166,-0.0928,0.2566
5.4,1.6,4.7,2.3,1.6,7.0,6.8,22.5,35.7,-0.3182,0.8498,0.0353,-0.0327,0.2394,0.0101,-0.1127,-0.0922
5.4,1.4,3.1,3.7,2.6,18.2,11.1,8.6,23.1,0.069,0.064,0.1464,0.3626,0.3736,0.0251,-0.8154,-0.1243
5.4,1.9,2.5,1.9,4.0,2.1,20.0,15.5,37.2,0.1206,0.4408,-0.3086,-0.4552,-0.0621,0.4807,-0.0678,0.4787
5.4,4.1,3.3,4.2,1.1,8.9,10.8,35.6,43.8,-0.2419,0.9605,0.0158,-0.0225,0.0729,0.0107,-0.0469,-0.0133
5.4,1.9,1.1,2.3,3.3,5.4,8.1,26.9,37.2,0.5314,0.6368,-0.4466,-0.013,-0.0814,-0.1366,-0.097,0.036
5.4,2.5,3.9,3.0,3.0,2.4,19.2,38.9,40.4,0.197,0.4589,-0.4583,-0.1243,-0.4892,-0.1051,-0.3115,-0.3901
5.4,4.4,3.1,1.7,2.9,4.5,9.2,33.1,40.8,-0.491,0.2494,-0.1135,-0.0872,-0.0397,-0.0946,-0.3156,-0.7237
5.4,2.1,1.1,2.6,1.7,13.6,2.8,30.2,24.9,0.5621,-0.065,0.3883,0.0417,-0.1725,0.5732,0.1348,0.3326
5.4,1.4,1.5,2.0,1.0,11.0,18.6,42.7,6.1,0.5899,0.6729,-0.1612,-0.2535,-0.258,-0.1319,-0.0105,-0.1044
5.4,4.8,1.1,1.1,3.9,21.6,12.8,16.5,9.2,0.188,0.7743,-0.3542,0.3559,0.1054,0.165,0.2272,-0.0829
5.4,4.7,2.9,2.6,2.8,21.2,8.1,40.3,19.0,0.738,0.3145,0.0121,-0.0001,0.0043,-0.01,0.1883,-0.5097
5.4,3.1,2.1,1.1,3.1,13.0,12.5,6.2,14.4,0.2328,0.5751,-0.6041,0.0352,0.2506,0.2189,0.3006,0.1435
5.4,4.6,3.2,4.2,3.9,19.1,16.9,18.5,22.4,-0.1477,0.407,0.384,0.2638,-0.4223,-0.2707,-0.0267,0.5698
5.4,2.1,2.2,4.7,3.5,20.3,13.4,18.1,32.9,-0.2028,0.4538,0.2608,-0.4007,-0.2838,0.3954,-0.0011,0.5199
5.4,1.1,4.7,4.7,2.6,18.2,11.8,43.1,25.2,0.0627,0.0858,0.196,0.2653,0.3797,-0.0384,-0.8348,-0.0935
5.4,4.1,2.0,2.9,2.0,10.2,20.9,26.1,32.9,0.3684,0.7017,0.4892,0.1989,0.0488,0.2395,-0.0832,-0.0595
5.4,4.0,3.1,5.0,4.8,12.6,16.3,40.1,41.2,0.3009,0.5976,-0.2773,-0.3443,-0.4094,-0.2642,-0.1579,-0.2662
5.4,2.5,2.4,3.9,4.3,19.2,2.4,39.6,6.3,0.2879,0.4367,-0.4646,-0.0005,-0.5213,0.0343,-0.1906,-0.4267
5.4,4.7,4.2,2.4,3.0,16.5,3.7,31.0,26.3,0.2177,-0.2269,0.4321,-0.2326,0.3069,0.5095,0.3636,0.3604
5.4,4.5,2.5,2.5,2.8,3.9,16.4,10.5,26.7,-0.3444,-0.0595,0.372,-0.1451,-0.2642,-0.5978,-0.1256,0.5051
5.4,4.1,4.0,3.8,2.2,9.9,10.5,17.6,42.1,0.0972,0.7458,-0.0686,-0.3875,-0.2552,-0.3128,-0.1578,-0.1921
5.4,4.9,2.3,4.5,2.0,3.9,20.8,11.8,41.6,-0.3998,-0.1667,-0.2646,-0.0163,0.3526,0.2508,-0.4816,0.5519
5.4,3.1,4.1,4.0,3.8,11.1,9.0,21.7,15.2,0.2397,0.6725,0.0041,-0.2612,0.352,-0.2256,0.3903,-0.2431
5.4,4.8,1.5,1.9,3.8,15.7,14.6,26.0,23.5,0.367,0.367,0.3249,0.3802,-0.4895,-0.1144,0.4395,0.1215
5.4,2.5,4.8,3.7,1.5,13.4,14.1,18.3,24.1,0.3127,0.4247,0.0035,0.3349,-0.0407,-0.3513,-0.3807,0.566
5.4,2.1,3.2,4.0,1.8,2.8,18.0,20.8,12.3,-0.0973,0.3462,-0.1019,0.2765,0.1516,-0.3058,0.658,0.4686
5.4,2.1,1.6,1.4,3.7,16.2,11.9,16.2,43.9,0.1509,0.2152,-0.4459,-0.2604,0.0185,0.4841,0.0827,0.6173
5.4,5.0,4.7,4.6,2.1,12.2,4.2,8.8,12.4,0.538,-0.1132,-0.3352,-0.0278,-0.0814,0.4638,-0.1552,-0.5577
5.4,3.9,2.9,4.3,4.7,2.5,7.7,41.1,25.4,-0.0673,0.1588,0.0106,0.0066,-0.0236,-0.0421,-0.8976,-0.3648
5.4,2.6,3.9,2.2,3.5,13.8,14.3,17.8,34.1,0.2416,0.7889,0.1525,-0.1993,-0.3426,0.2,-0.2209,0.1851
5.4,2.0,4.5,3.2,4.5,9.4,4.3,36.1,38.9,0.0815,0.9301,-0.1694,-0.1914,-0.0945,-0.1932,-0.0336,-0.0551
5.4,3.4,2.2,2.6,1.8,13.4,2.3,40.4,42.7,0.5617,0.6093,-0.282,-0.1801,-0.3562,-0.1106,0.0059,-0.207
5.4,2.8,2.7,1.8,4.3,9.2,15.8,39.5,24.4,0.466,0.842,-0.0505,0.1325,-0.0538,0.1374,-0.0767,0.0256
5.4,1.9,1.3,5.0,3.2,2.3,12.0,10.2,18.2,-0.104,0.2559,-0.1036,0.5499,0.4722,-0.0701,-0.5976,0.1076
5.4,1.2,2.7,2.4,2.7,10.5,17.5,36.1,17.7,0.2332,0.8115,-0.1819,0.2204,-0.2708,0.2242,0.187,-0.1754
5.4,2.9,1.9,1.4,2.5,14.7,6.9,7.2,8.5,0.8197,0.2762,-0.3644,0.0626,0.0947,0.1899,0.0978,-0.216
5.4,1.3,2.2,4.0,2.8,10.3,19.5,42.0,30.2,0.5556,0.3909,0.339,0.2074,0.4419,-0.3421,-0.0338,-0.1596
5.4,4.6,1.2,4.1,1.9,16.1,9.3,33.2,42.9,0.0115,0.0559,-0.0114,-0.1977,0.1771,-0.0946,0.7922,-0.5018
5.4,1.2,3.6,2.5,3.3,2.8,8.0,22.2,23.5,0.2773,-0.0893,0.0026,-0.0012,-0.0008,0.0118,0.3156,0.8868
5.4,1.8,3.2,1.5,1.9,3.7,7.7,14.9,36.0,0.2189,0.9488,-0.1293,0.019,0.055,0.0019,0.0611,-0.002
5.4,4.9,1.7,2.5,3.6,21.5,11.2,7.8,39.6,0.1262,0.2619,-0.1621,-0.2477,-0.3383,0.1008,-0.7791,0.2641
5.4,2.8,1.2,4.1,2.9,11.0,17.6,13.6,18.1,-0.068,0.6562,-0.0854,0.4377,0.4772,-0.0715,-0.3353,0.0749
5.4,3.3,1.2,3.2,1.2,15.7,20.2,28.3,25.0,0.3796,-0.2344,0.2402,-0.0201,-0.1694,0.5155,0.4426,0.4651
5.4,3.6,3.9,3.0,3.0,2.2,18.2,42.5,20.3,0.2374,0.3935,0.2921,0.35,0.5088,0.0368,-0.5403,-0.0838
5.4,1.0,2.5,2.4,3.6,13.6,15.4,28.9,23.9,0.3245,0.371,0.3463,0.3831,-0.4874,0.21,0.4153,-0.1244
5.4,1.7,3.7,3.8,3.1,13.6,2.9,22.2,20.9,0.279,0.6938,0.2651,0.2993,-0.4119,-0.2007,0.143,0.1887
5.4,2.1,4.6,4.6,3.7,12.6,19.7,33.7,12.9,-0.2197,0.3167,-0.3684,0.244,-0.5219,0.1303,0.3769,-0.4506
5.4,4.6,2.8,3.4,4.6,5.5,3.2,41.3,28.5,0.1251,0.278,-0.1088,-0.0615,-0.0564,-0.3407,-0.7941,0.3136
5.4,2.3,3.8,2.2,4.4,18.2,15.1,11.1,8.7,0.1213,0.1435,-0.5896,-0.264,-0.1364,0.5165,-0.0977,0.4865
5.4,4.0,3.3,3.2,2.2,7.1,20.6,8.4,10.3,-0.6799,0.5485,-0.0871,0.0791,0.1473,-0.0147,0.2558,0.3488
5.4,2.1,1.4,3.8,1.2,11.1,21.7,35.4,21.7,0.0067,0.8135,0.1142,0.2688,0.1356,0.2779,0.3362,-0.1056
5.4,2.8,1.9,3.7,4.1,18.5,8.3,36.3,39.5,0.3672,0.2772,0.0288,-0.0399,0.0363,-0.0392,0.4948,-0.7028
5.4,4.8,2.0,3.3,4.3,14.4,7.5,20.3,30.3,-0.1186,0.1371,0.0063,-0.2261,-0.0062,0.2261,0.3816,0.8217
5.4,3.4,4.2,3.8,1.4,4.3,20.1,37.3,35.1,-0.3382,0.617,-0.1013,-0.3062,-0.0996,-0.3055,-0.3714,-0.3733
5.4,2.4,1.1,1.7,3.8,21.5,15.1,8.4,39.3,0.2668,0.3681,-0.2649,-0.301,-0.4433,0.1683,-0.5746,0.2357
5.4,2.5,4.4,3.8,2.0,5.6,6.8,28.9,41.8,-0.5758,-0.1112,-0.0326,0.1177,-0.0715,0.0829,0.1793,-0.7554
5.4,1.8,3.5,3.5,4.7,14.3,5.9,38.9,35.7,0.027,0.8258,-0.2611,-0.1352,-0.197,-0.2213,-0.2671,-0.065
5.4,1.3,2.7,4.8,2.4,17.5,12.8,43.2,26.5,0.1564,-0.0432,0.3296,0.0889,0.4379,-0.39,-0.692,-0.0396
5.4,1.9,4.4,3.9,1.7,6.3,16.4,20.3,18.0,-0.3832,0.5958,0.2207,0.2302,-0.2375,-0.2251,0.3295,0.3489
5.4,2.5,1.1,2.7,2.2,21.9,11.1,36.8,41.3,-0.2286,0.3262,-0.2428,-0.2117,-0.2456,-0.2121,-0.4323,-0.6433
5.4,4.2,4.6,4.9,3.9,14.5,14.4,7.4,11.2,0.3267,-0.045,-0.4476,-0.1139,-0.4311,0.5678,-0.3902,0.0134
5.4,4.9,1.2,3.2,3.7,13.9,11.8,9.9,25.4,0.3731,0.3304,0.3224,0.4219,0.5279,-0.0529,-0.4101,0.0106
5.4,4.6,2.3,1.0,1.7,7.9,8.6,27.4,29.1,0.3745,0.9201,-0.0013,0.0004,-0.0005,0.0001,-0.0611,0.0235
5.4,1.4,4.8,1.8,1.7,9.4,14.6,20.2,4.3,0.3048,0.9354,-0.0007,-0.0375,-0.0979,0.0534,-0.0363,0.0114
5.4,1.9,3.5,4.4,3.3,15.7,19.1,7.7,32.6,-0.3353,0.1058,0.4336,-0.2778,-0.5304,-0.418,-0.3592,-0.0326
5.4,3.4,2.3,2.6,1.2,17.8,3.2,8.1,39.6,0.5252,0.3827,-0.3614,-0.2468,-0.5152,0.1716,-0.234,-0.0742
5.4,3.8,4.0,2.9,4.8,13.2,7.4,41.7,40.2,0.6849,0.686,-0.0719,-0.0605,-0.0241,0.0935,0.1034,-0.102
5.4,1.4,3.9,4.9,4.1,3.1,13.8,10.0,30.3,-0.4227,-0.0494,0.4841,-0.1652,-0.3852,-0.5437,-0.2558,0.1676
5.4,2.5,4.8,2.1,2.8,11.6,17.7,40.9,38.8,0.4969,0.6404,0.0595,-0.401,-0.0253,-0.3407,-0.0085,-0.2087
5.4,1.4,3.5,4.8,4.0,11.0,20.5,12.5,15.9,-0.3214,0.3752,-0.2474,0.4865,0.5302,-0.0605,-0.3813,0.1042
5.4,2.0,4.4,2.9,3.3,11.6,7.5,22.7,28.4,0.7343,0.1365,0.0254,-0.0042,-0.0438,0.0851,-0.0952,0.6187
5.4,1.2,1.0,2.4,3.8,5.4,14.6,27.7,32.8,-0.2123,0.4309,0.2295,-0.4983,0.5622,0.1965,0.2884,0.0648
5.4,3.9,3.4,3.3,3.0,5.8,5.1,4.5,4.5,0.0198,0.448,0.0822,0.1419,0.01,0.2636,-0.8306,-0.0501
5.4,3.3,4.0,3.0,2.5,7.4,4.8,14.9,24.6,-0.3682,0.8936,-0.0285,-0.0688,0.0046,0.0609,0.1977,0.0879
5.4,4.3,3.5,1.5,3.3,2.3,18.5,22.9,16.8,0.0596,0.4124,-0.0378,0.4604,-0.556,-0.3411,0.2772,0.2773
5.4,2.1,2.6,2.7,4.0,5.4,18.6,7.0,28.5,0.0259,-0.0872,0.1544,-0.085,-0.0733,-0.7101,-0.5323,0.3827
5.4,3.6,4.0,3.1,4.4,20.7,6.2,11.4,38.7,0.5196,-0.052,-0.5167,0.2103,0.1473,0.3586,-0.0846,-0.4214
5.4,2.7,2.0,3.3,3.8,16.7,21.1,36.9,28.6,0.1287,0.4299,0.4304,-0.1995,0.4421,-0.1989,0.056,-0.5578
5.4,5.0,3.6,3.6,3.5,2.7,13.4,37.8,37.8,-0.1457,0.3359,-0.2433,-0.3568,-0.2179,-0.3602,-0.2378,-0.6477
5.4,4.4,4.5,1.4,1.3,13.4,6.3,16.8,8.8,0.8221,0.0071,-0.1015,0.1228,0.0254,0.064,-0.0193,-0.5061
5.4,3.9,2.1,3.4,3.2,9.1,7.2,32.8,10.0,0.1344,0.9812,-0.0738,-0.0245,-0.0288,-0.0207,-0.0071,-0.0021
5.4,2.9,2.4,3.3,1.6,20.8,7.2,39.4,8.9,-0.1845,0.2671,0.0353,0.056,0.004,0.0949,-0.7508,-0.54
5.4,4.7,3.1,1.3,1.1,6.7,3.0,42.6,11.2,0.5041,0.5885,0.0803,-0.0284,0.0572,0.0895,-0.4182,0.3921
5.4,4.1,5.0,4.9,1.6,15.5,18.5,13.1,14.6,-0.4039,0.0733,-0.3852,0.2485,0.5428,0.0511,-0.4302,0.3497
5.4,3.0,1.2,3.8,4.3,12.8,20.9,30.8,21.9,0.3032,0.5463,0.2955,0.4839,-0.3352,0.3145,0.1555,-0.1831
5.4,3.5,5.0,4.5,1.8,18.5,13.2,28.9,17.3,-0.1096,0.3092,-0.1551,0.5546,-0.4897,-0.0943,0.5268,0.1042
5.4,2.3,3.5,4.8,2.7,3.9,11.0,9.4,22.6,-0.1272,-0.1557,0.1803,0.3232,0.2401,-0.171,-0.7021,0.4779
5.4,2.5,2.3,1.2,3.3,4.9,18.5,7.9,43.6,0.0706,0.0951,-0.527,-0.0692,0.0398,0.538,0.1203,0.603
5.4,4.8,4.4,4.6,2.2,6.6,5.5,35.0,39.4,-0.6122,0.6871,0.0182,0.0799,0.0032,0.0734,-0.2625,-0.244
5.4,1.6,4.5,3.7,1.5,20.0,2.1,29.6,33.5,-0.4799,0.2316,0.3148,-0.3373,0.4963,-0.1195,0.2232,-0.4097
5.4,4.8,2.2,4.5,3.3,21.4,7.8,15.3,25.1,-0.6488,0.0519,-0.003,-0.0342,-0.007,0.0279,0.0479,0.741
5.4,1.6,2.2,4.1,2.4,4.9,5.8,6.4,31.9,-0.2193,-0.0113,0.2889,0.0513,-0.4129,-0.2802,-0.654,0.4118
5.4,1.9,2.0,3.8,2.7,16.5,17.8,22.8,15.7,-0.2432,0.0303,-0.4043,0.1387,-0.3544,-0.7379,0.216,0.0561
5.4,4.0,2.1,2.5,2.8,11.0,2.8,26.0,27.8,0.5536,0.7051,0.1821,0.2356,-0.2354,0.1903,0.0364,-0.0318
5.4,3.4,3.2,2.0,1.1,17.7,15.1,25.8,4.6,0.3178,0.0796,-0.3357,-0.3221,0.4449,0.1499,0.5378,0.3823
5.4,1.7,2.4,1.7,1.3,5.7,14.8,12.5,40.2,-0.2857,0.1471,-0.453,-0.1795,0.0127,0.3494,0.0967,0.7064
5.4,3.7,1.4,3.4,3.3,19.4,19.4,33.2,24.5,-0.3096,0.1864,0.3042,0.0592,0.543,0.3846,0.3453,-0.4225
5.4,4.0,2.6,3.3,4.7,3.1,12.8,28.2,23.1,0.016,0.039,0.3552,0.3755,-0.3095,0.3167,0.4859,-0.526
5.4,3.3,1.3,3.7,4.0,15.6,9.4,40.9,5.3,0.3729,-0.0002,0.0901,-0.3624,-0.0878,-0.2781,-0.2669,-0.7307
5.4,3.7,1.6,1.2,1.4,9.9,20.2,19.1,8.7,0.5571,0.808,-0.069,-0.0994,0.0665,0.1006,0.0087,0.0122
5.4,2.6,2.4,2.5,1.4,4.1,20.3,18.5,10.3,-0.2933,0.4511,-0.177,0.3028,0.1817,-0.3031,0.4008,0.5382
5.4,1.6,3.3,1.5,2.4,21.4,19.9,26.1,34.1,-0.0176,0.5177,-0.0005,-0.4748,0.563,0.0343,0.3946,0.0463
5.4,1.8,4.0,4.1,1.9,4.0,15.0,38.1,10.4,-0.1459,0.4237,-0.2817,0.1591,-0.2946,0.1648,-0.5947,-0.4545
5.4,2.1,4.6,4.6,3.2,21.3,3.1,10.7,8.1,-0.2986,-0.1683,-0.2983,0.0128,0.3886,0.322,-0.6053,0.3965
5.4,3.8,4.9,2.7,2.0,7.4,16.4,39.3,18.6,0.0856,0.872,0.0768,-0.0011,0.0835,-0.0064,-0.4416,0.043
5.4,2.7,3.5,2.2,3.7,5.3,17.5,9.7,11.7,-0.4264,0.3827,-0.2946,0.3588,0.5799,0.2593,-0.0104,0.1942
5.4,1.7,5.0,3.0,5.0,16.6,8.3,15.6,27.3,-0.3284,-0.0705,0.0403,0.1225,0.0283,-0.104,-0.252,0.8721
5.4,4.5,3.3,3.7,4.2,4.9,18.2,16.5,18.5,-0.3381,0.4997,0.4372,0.2928,-0.1322,-0.295,0.2197,0.4394
5.4,2.1,3.7,3.5,4.1,8.4,10.1,6.6,32.1,-0.2854,0.7927,-0.0208,0.3437,0.1878,-0.2682,0.0423,0.1543
5.4,3.3,1.5,1.8,1.5,11.5,6.4,40.8,14.5,0.7225,0.5443,-0.1645,-0.0491,-0.21,0.2401,0.0801,-0.1481
5.4,4.2,3.5,2.5,3.2,6.9,15.1,29.1,13.9,-0.3145,0.7987,-0.0352,0.327,-0.2121,0.2373,-0.1223,-0.158
5.4,1.6,2.2,4.3,1.6,17.0,18.5,19.1,10.0,-0.0745,0.187,-0.3108,0.18,0.3186,-0.1813,0.2135,0.7969
5.4,3.7,3.8,1.2,5.0,2.6,15.8,40.0,5.3,0.1405,0.7181,-0.352,-0.0241,-0.3781,-0.0155,-0.405,-0.1039
5.4,2.9,1.8,4.2,2.7,3.9,2.5,25.2,15.1,-0.4072,0.2121,-0.3852,0.2548,-0.5917,-0.1336,0.3668,-0.2335
5.4,2.1,1.1,2.4,4.3,15.7,3.0,30.5,28.7,0.1061,0.0241,0.6386,-0.3485,0.2867,0.5446,0.0605,0.209
5.4,1.6,3.0,1.6,3.7,5.1,19.2,15.7,12.5,0.0208,0.6539,-0.1411,0.3835,0.4099,-0.3445,-0.1296,0.2968
5.4,4.4,1.6,4.8,3.1,17.1,19.7,9.3,28.3,-0.0743,-0.2542,0.2797,0.0126,-0.1747,-0.5928,-0.6684,-0.0281
5.4,1.2,1.4,4.3,2.9,3.5,12.5,11.0,19.9,-0.0163,0.1757,0.1286,0.5424,0.4106,-0.2071,-0.587,0.2952
5.4,3.1,2.9,5.0,2.7,9.4,15.3,5.2,25.5,0.0683,0.9239,0.0051,0.2538,0.1829,0.1568,-0.0421,-0.0413
5.4,2.2,2.0,3.8,4.5,20.6,13.3,7.6,39.3,0.1437,0.3123,-0.2097,-0.3977,-0.483,-0.0478,-0.6459,-0.0895
5.4,2.0,4.4,4.5,4.4,9.6,20.0,12.2,19.2,-0.0831,0.788,0.001,0.4443,0.3547,-0.0929,-0.1564,0.0363
5.4,2.5,2.1,3.6,1.9,11.1,20.6,23.2,16.0,0.0201,0.1453,-0.6554,0.212,-0.1555,-0.6281,-0.0443,0.2116
5.4,1.9,1.7,2.6,3.7,4.8,15.0,24.9,42.7,0.2611,0.2642,-0.3209,-0.1096,0.4429,-0.2657,0.6393,-0.2141
5.4,3.3,3.0,1.6,2.2,5.6,9.1,31.4,40.1,-0.547,0.3378,-0.0972,-0.0626,-0.0361,-0.0676,-0.3486,-0.6315
5.4,2.1,4.2,1.1,2.4,8.2,15.4,26.3,26.8,0.2644,0.9506,0.0542,-0.0627,-0.0001,0.0251,-0.0805,0.022
5.4,4.5,1.6,1.8,4.5,10.2,8.5,37.1,23.0,0.4974,0.8627,0.0075,-0.0016,0.0026,-0.0002,-0.0005,0.0001
5.4,2.0,1.6,3.0,3.4,14.3,20.7,6.3,24.0,0.4933,0.4919,0.3406,0.2233,0.518,-0.0357,-0.2206,-0.126
5.4,3.2,4.7,4.9,5.0,15.6,17.3,39.7,37.6,0.0897,0.5526,-0.1641,-0.446,-0.3105,-0.3839,-0.243,-0.3665
5.4,2.5,2.2,3.2,2.8,12.0,18.8,31.5,19.8,0.1841,0.6726,0.109,0.4311,-0.3935,0.2305,0.2591,-0.1542
5.4,1.2,4.7,4.5,4.9,9.0,15.7,18.4,23.3,-0.1351,0.9087,-0.0599,0.2422,0.1377,-0.2278,-0.0255,0.0694
5.4,4.5,1.3,3.0,4.4,11.5,11.3,42.1,8.9,0.3579,0.5294,-0.2265,-0.4197,-0.3996,-0.2649,-0.2745,-0.1995
5.4,4.5,1.2,2.9,4.6,12.4,12.3,29.7,38.4,0.3337,0.4084,0.0375,-0.629,0.293,0.2979,0.2601,0.2343
5.4,4.3,3.8,3.0,4.7,13.1,3.7,18.7,32.9,0.1505,0.5475,0.1996,-0.4066,-0.2778,0.4078,-0.118,0.4432
5.4,4.1,2.5,2.6,3.8,4.4,21.1,25.2,13.2,-0.345,0.1867,-0.2944,0.0793,-0.6155,-0.3578,0.2508,-0.3948
5.4,1.5,4.4,4.8,1.7,10.7,10.3,37.6,10.1,0.3468,0.2553,0.0514,-0.3248,0.0567,-0.3226,0.1962,-0.7242
5.4,4.5,2.3,2.9,4.7,5.6,10.3,28.3,6.4,-0.6119,0.2772,-0.2857,-0.151,-0.0423,-0.1557,-0.2024,-0.5971
5.4,1.1,2.5,3.5,2.2,17.8,5.2,31.7,13.7,-0.4001,0.1089,-0.1951,0.3598,-0.3154,0.2745,0.2343,-0.6413
5.4,2.6,2.8,1.9,2.2,3.0,10.1,25.6,31.9,-0.314,0.1493,0.3366,0.2235,0.0224,0.2796,-0.0753,-0.7563
5.4,2.6,1.3,1.5,2.0,12.8,5.5,28.8,19.7,0.4054,0.6342,0.2108,0.3503,-0.3716,0.2185,0.2169,-0.1336
5.4,1.6,2.6,4.7,1.4,2.8,17.0,15.3,21.7,-0.3192,0.1229,0.276,0.2203,-0.3686,-0.3205,-0.2992,0.6437
5.4,2.1,3.9,2.6,3.5,6.7,3.8,36.5,28.4,-0.3057,0.7552,-0.0772,-0.2306,-0.061,-0.2314,-0.3856,-0.2346
5.4,2.4,3.0,1.9,4.7,6.4,13.8,38.0,21.6,-0.0722,0.788,0.3447,-0.077,0.1397,0.1118,-0.4289,-0.0847
5.4,1.0,2.6,1.5,1.6,5.5,5.2,10.6,13.0,-0.2493,0.3138,-0.0965,0.4587,0.3196,-0.3867,-0.115,0.5823
5.4,3.6,2.5,2.3,2.5,3.8,3.6,23.1,23.5,0.3353,0.2495,0.315,-0.2373,-0.4095,0.4134,0.4942,0.2552
5.4,1.9,1.5,1.3,4.7,13.1,21.6,5.1,22.0,0.399,0.5984,0.3397,0.2393,0.4191,0.1583,-0.2873,-0.1163
5.4,3.5,2.4,4.2,4.1,15.7,7.2,27.4,19.5,0.5208,0.7391,0.3286,0.1265,0.0189,0.1377,-0.0891,0.0358
5.4,2.3,4.2,5.0,2.3,13.6,9.3,36.2,21.4,0.4347,0.3875,-0.1392,0.1589,-0.1228,0.1582,0.4284,-0.6026
5.4,5.0,1.2,4.3,4.6,21.3,17.4,33.9,34.0,-0.3651,0.3907,-0.0601,-0.5007,0.1271,-0.4092,0.013,-0.504
5.4,1.1,4.0,3.3,4.7,8.6,12.2,29.3,37.0,-0.3213,0.9279,0.0715,-0.0098,0.0087,0.0036,-0.0902,-0.0351
5.4,2.1,4.2,2.9,3.4,2.1,8.9,17.6,41.0,0.0688,0.0466,-0.0056,-0.1438,-0.0343,0.1438,-0.2122,0.9364
5.4,4.7,4.3,1.8,1.3,18.7,8.6,17.5,23.6,0.2381,0.1919,-0.0001,0.0247,0.0187,-0.0242,-0.5721,0.7396
5.4,4.9,4.8,1.0,3.5,8.0,20.4,28.4,24.4,0.4364,0.8914,-0.0193,-0.0399,0.0524,-0.0127,-0.0409,0.0199
5.4,3.6,3.1,1.5,4.5,20.5,15.4,21.0,7.7,0.1818,0.7508,-0.35,0.0505,0.3505,-0.0506,0.3658,0.0797
5.4,4.7,4.3,2.3,2.2,12.8,10.7,25.9,36.9,0.521,0.7991,0.2318,-0.1263,-0.0203,0.0284,-0.0445,0.0404
5.4,3.0,4.0,4.0,1.6,19.4,19.5,38.6,23.8,0.0825,0.1746,0.3579,-0.1249,0.3721,-0.1304,-0.2746,-0.7477
5.4,1.4,3.7,2.5,2.2,7.0,17.8,36.3,22.8,-0.2921,0.7281,0.2578,-0.0615,0.2849,-0.0593,-0.38,-0.2594
5.4,2.3,4.1,3.1,2.8,2.5,12.3,33.6,32.0,-0.321,0.6508,0.2491,-0.2263,0.5478,0.0413,0.0596,-0.1687
5.4,4.9,3.1,4.3,2.6,16.6,14.3,11.0,13.8,-0.3153,0.0202,-0.4656,0.2863,0.5117,0.4359,-0.3628,-0.013
5.4,3.3,3.2,4.7,1.3,20.7,5.5,7.5,31.4,-0.0747,-0.0587,0.1395,0.0797,-0.1949,-0.2347,-0.8829,0.271
5.4,3.5,2.0,3.5,4.1,13.8,7.8,34.7,19.8,0.6853,0.6106,0.1314,-0.029,0.0034,0.0384,-0.1549,0.2139
5.4,4.9,1.6,2.2,3.8,14.4,21.9,22.6,21.4,0.3734,0.6272,0.2749,0.3271,-0.3587,-0.2621,0.2047,0.1765
5.4,3.5,1.6,4.1,4.5,7.5,13.5,38.0,11.6,-0.1387,0.9056,0.0104,0.055,0.0105,0.0551,-0.3656,-0.0559
5.4,2.7,4.3,4.8,2.5,21.5,19.8,10.5,19.1,0.0908,0.1824,0.4457,0.506,0.3735,-0.3841,-0.3092,0.3038
5.4,1.5,2.2,3.4,4.0,13.7,20.4,19.3,27.6,0.1333,0.555,0.4614,-0.0215,-0.4729,0.021,-0.1642,0.4387
5.4,2.6,1.7,2.4,3.9,18.5,21.6,4.5,37.7,0.192,0.5849,-0.2601,-0.3454,-0.4204,-0.2327,-0.3791,-0.2058
5.4,2.7,3.3,3.0,3.7,7.1,20.9,6.6,8.9,-0.4935,0.0549,-0.1261,-0.0123,0.2495,0.2071,0.0037,0.7801
5.4,1.7,4.9,2.3,2.5,19.6,5.5,22.2,42.0,0.6303,0.1066,-0.1871,0.2123,0.2154,-0.2376,0.059,0.6072
5.4,3.0,5.0,4.0,4.4,6.3,19.9,13.3,33.5,-0.5342,0.4846,-0.2023,-0.4194,-0.0054,0.3187,0.0846,0.3738
5.4,4.3,2.0,1.1,1.1,13.9,8.9,7.2,40.6,0.7757,0.619,0.0103,-0.0089,0.0008,-0.0015,0.0369,-0.0488
5.4,4.1,4.1,1.3,2.6,11.0,13.1,6.6,30.0,0.5695,0.4921,0.2057,0.3976,0.3095,0.2433,-0.1667,-0.1506
5.4,2.3,1.4,3.7,1.9,10.4,6.4,29.2,40.6,0.2976,0.8844,-0.1982,-0.2063,0.0229,-0.1562,-0.0317,-0.0186
5.4,4.9,2.0,4.8,4.2,18.3,18.7,32.2,17.1,-0.2241,0.3721,0.0036,0.5735,-0.3069,0.366,0.268,-0.4059
5.4,1.9,2.1,3.9,4.9,11.3,11.3,34.1,32.4,-0.1456,0.3727,0.3147,-0.4888,0.4048,0.3909,0.2254,0.2952
5.4,4.5,2.4,1.8,2.6,5.6,8.5,33.4,24.3,-0.4052,0.8034,0.0086,0.0015,0.0048,0.0023,-0.3687,-0.1908
5.4,3.4,2.5,4.6,3.8,21.4,19.8,32.0,16.0,-0.3999,0.3685,0.0069,0.525,-0.2024,0.3925,0.1007,-0.4541
5.4,4.5,3.7,1.5,2.9,9.5,16.3,25.4,7.0,0.4712,0.8537,0.0492,-0.1689,0.0231,0.0946,-0.0034,0.0192
5.4,1.0,1.2,4.8,3.8,20.9,18.9,9.3,35.4,-0.2091,0.3889,0.2055,-0.4953,-0.5154,-0.0015,-0.4823,0.0182
5.4,4.8,2.8,4.6,2.4,6.9,21.6,6.9,39.3,-0.4502,-0.0922,-0.0852,-0.0261,0.1104,0.1723,-0.2152,0.8177
5.4,1.3,1.8,3.2,1.6,7.4,15.4,20.9,21.5,-0.0056,0.6257,0.1614,-0.0135,-0.2319,0.0663,0.706,0.0613
5.4,1.9,4.3,2.0,4.8,18.6,12.8,28.0,38.0,0.2777,0.1203,-0.1021,-0.5637,0.3595,0.2352,0.4932,0.3411
5.4,1.5,3.3,4.0,1.2,11.7,11.8,6.7,25.2,0.4469,0.1261,0.0616,0.4307,0.2135,0.3219,-0.1786,-0.6226
5.4,4.8,2.2,4.2,2.6,2.7,8.2,8.7,29.9,-0.1462,-0.1604,-0.0108,0.041,0.0335,-0.0222,-0.7315,0.6267
5.4,2.1,4.0,4.9,3.0,12.8,12.2,9.0,9.3,0.229,0.0501,-0.4014,-0.3095,-0.5288,0.2757,-0.5604,0.0363
5.4,2.4,4.4,4.0,4.2,21.6,18.0,30.7,13.8,-0.3867,0.3233,-0.2652,0.4375,-0.5232,0.1491,0.2789,-0.304
5.4,3.8,4.6,3.5,4.2,19.4,12.8,33.9,6.1,-0.1851,0.1152,-0.5095,-0.1774,0.0431,-0.4853,-0.0413,-0.6308
5.4,4.5,4.9,1.6,2.9,14.2,2.6,11.4,19.6,0.3749,0.5938,0.2392,0.3687,0.429,-0.1558,-0.287,0.1028
5.4,3.9,1.5,4.3,1.6,10.9,5.6,32.3,15.5,-0.1762,0.2844,-0.3094,0.2196,-0.5009,-0.0298,0.6649,-0.0987
5.4,4.1,4.1,1.8,2.8,6.0,13.0,41.2,37.1,0.1791,0.7078,-0.123,-0.0799,-0.2617,0.047,-0.5794,0.1113
5.4,1.2,1.9,1.6,3.9,19.0,3.5,31.0,38.5,0.2718,0.4426,-0.3469,-0.4211,0.2001,-0.443,0.1753,-0.3779
5.4,2.9,1.4,2.6,4.0,12.7,7.2,30.6,34.8,-0.135,0.5871,-0.1837,-0.522,0.1329,-0.4112,0.0459,-0.3241
5.4,2.0,3.1,2.3,4.4,17.3,5.8,7.0,34.1,-0.0504,0.6206,0.0865,-0.3565,-0.5544,0.0609,-0.373,0.0805
5.4,2.9,2.6,2.9,3.8,4.2,8.7,40.7,23.7,-0.0994,0.2992,-0.0023,0.0815,0.1236,0.0384,-0.8712,-0.2999
5.4,3.4,2.0,2.4,4.2,15.3,14.0,22.6,30.4,0.4943,0.5704,0.3157,-0.1037,-0.423,0.2281,0.2589,0.0509
5.4,1.8,4.3,1.8,3.0,20.2,21.1,20.5,12.8,0.171,0.3341,-0.0508,0.4732,0.0482,-0.4719,0.3517,0.5116
5.4,1.1,4.8,4.0,2.6,2.8,18.4,19.3,42.0,-0.0795,0.3298,-0.4554,-0.0326,0.4506,0.0327,0.1084,0.6641
5.4,2.1,3.5,2.8,4.3,18.9,13.9,34.6,40.9,0.0496,0.2085,-0.4747,-0.3067,0.0794,-0.5084,0.0068,-0.5779
5.4,4.4,1.5,4.3,2.7,20.5,18.7,5.9,20.4,0.233,0.3827,0.3279,0.271,0.5499,0.0412,-0.5083,-0.1961
5.4,4.5,3.2,4.6,1.1,15.8,11.2,9.6,41.4,0.1699,-0.022,-0.1074,-0.3676,-0.3103,-0.1781,-0.6627,-0.4809
5.4,1.2,4.9,2.3,1.9,20.2,11.6,7.7,31.7,-0.1091,0.0088,0.3351,0.2542,0.1562,-0.329,-0.3095,0.737
5.4,4.5,1.6,3.4,4.5,9.5,5.1,32.3,11.9,0.2954,0.8729,-0.3236,-0.1092,-0.082,-0.1067,-0.0412,-0.029
5.4,4.2,3.8,3.6,4.0,18.1,11.8,37.8,24.9,-0.1154,0.3426,0.3063,0.2646,0.3082,0.2635,-0.3732,-0.6134
5.4,3.2,2.9,4.6,3.6,11.5,14.0,22.3,28.0,0.4043,0.5163,0.3635,0.1966,-0.5276,-0.0528,0.1765,0.2566
5.4,1.9,3.0,3.5,1.7,12.0,2.9,18.4,34.2,0.04,0.4359,0.2804,-0.3988,-0.2797,0.3984,0.0251,0.5564
5.4,3.0,3.4,1.9,4.3,13.8,6.6,14.3,12.0,0.0075,0.19,-0.047,0.2876,0.3695,-0.0663,-0.8158,0.1999
5.4,4.5,3.0,3.2,1.6,5.8,15.3,16.7,41.4,-0.5865,0.6298,-0.15,0.0308,0.2308,0.0108,0.2732,0.311
5.4,1.8,4.6,1.6,1.3,11.2,4.3,6.5,25.0,0.6696,0.7037,0.0963,0.0456,0.1674,-0.0746,0.0107,-0.0298
5.4,3.9,3.4,3.2,3.5,5.9,5.8,17.5,36.0,0.0285,0.5965,-0.5158,0.1219,0.175,0.2986,0.2671,-0.0368
5.4,1.5,2.5,2.8,1.2,19.3,10.7,21.0,25.5,-0.0197,0.0894,0.1152,0.1905,-0.1591,-0.1671,0.5712,0.7351
5.4,1.2,4.0,1.7,3.1,9.6,9.5,20.3,34.9,0.3655,0.9151,0.0605,-0.0184,-0.065,0.0241,0.0728,-0.0252
5.4,2.7,2.0,4.6,3.2,8.3,13.4,37.5,38.3,0.0062,0.8888,0.0671,-0.0275,0.0865,-0.0362,-0.3958,0.0098
5.4,1.0,1.7,3.8,3.9,20.8,2.2,39.7,11.9,-0.0031,0.3308,-0.1867,0.3585,-0.25,0.3968,-0.3996,-0.5697
5.4,2.9,1.2,2.8,1.2,20.3,4.4,28.4,9.7,-0.1838,-0.0685,-0.2436,-0.0161,-0.3732,-0.2598,0.6948,-0.4333
5.4,1.3,3.0,3.4,1.7,3.7,4.7,40.3,29.4,-0.039,0.2233,-0.0621,-0.1085,0.0181,-0.255,-0.8811,-0.2513
5.4,4.4,4.0,4.9,4.8,6.8,5.4,9.8,31.4,-0.755,0.4425,-0.0118,-0.2133,-0.0607,0.1525,0.1614,0.3527
5.4,4.6,1.4,2.7,4.9,2.5,13.3,31.5,20.1,0.0394,0.2436,0.2473,0.495,-0.2861,0.3623,0.3664,-0.5159
5.4,3.5,4.3,4.2,4.4,16.9,19.2,15.7,11.8,-0.2635,0.3154,-0.3538,0.2661,0.5427,-0.1291,-0.3288,0.4486
5.4,1.7,4.2,3.1,4.7,17.2,7.1,36.6,14.6,-0.4238,0.7817,0.1075,0.0825,0.0834,0.0815,-0.34,-0.2082
5.4,1.1,3.7,2.7,2.9,12.2,3.3,26.7,17.3,-0.0504,0.5405,-0.0336,0.5358,-0.4985,-0.0882,0.367,0.093
5.4,3.1,3.1,3.3,2.6,19.8,14.7,31.7,21.8,0.0703,0.0644,0.4673,0.2752,-0.2663,0.5042,0.2651,-0.5207
5.4,2.7,1.4,2.5,2.7,17.3,17.9,15.7,30.7,-0.1046,0.5303,0.3602,-0.2038,-0.5568,0.1274,-0.1916,0.3939
5.4,4.3,1.2,1.2,5.0,7.5,21.8,28.3,14.2,0.2068,0.8889,0.2302,0.1699,0.1239,0.1884,-0.1307,-0.0423
5.4,2.2,3.6,1.4,3.0,13.7,4.8,7.9,18.2,0.2898,0.6337,0.1788,0.3419,0.4458,-0.159,-0.3391,0.1113
5.4,1.4,3.9,3.9,1.3,4.7,7.3,31.9,16.0,-0.6968,0.5982,0.0635,0.0944,0.0264,0.0748,-0.2138,-0.2702
5.4,3.1,2.8,2.8,3.9,10.3,7.1,31.0,39.3,0.3291,0.9228,-0.1506,-0.0289,-0.0448,-0.0329,-0.0088,-0.0052
5.4,4.0,3.6,2.8,1.5,18.4,2.7,11.3,11.4,-0.202,-0.0605,-0.2749,0.0333,0.4481,0.3117,-0.6669,0.3445
5.4,3.0,2.3,1.5,3.6,6.6,4.9,24.7,4.3,0.1933,0.0258,-0.3505,-0.0119,0.0608,-0.588,0.0773,-0.6621
5.4,3.2,3.5,3.1,3.0,5.4,13.5,36.8,23.3,-0.3131,0.6383,0.2504,0.0437,0.2562,0.0439,-0.4803,-0.3383
5.4,4.6,1.3,4.7,2.8,21.8,17.8,21.9,23.4,-0.052,0.3583,0.2822,-0.1709,-0.3519,0.2133,0.5892,0.4696
5.4,2.6,1.3,3.0,4.9,18.2,8.9,14.8,40.9,0.0101,0.0582,-0.0042,-0.1831,-0.1759,0.0697,-0.8609,0.3719
5.4,1.1,3.7,2.7,3.9,16.8,7.7,42.9,42.9,0.3848,-0.1701,-0.0403,0.0463,0.0299,0.0466,-0.3876,-0.7822
5.4,2.3,2.4,4.8,1.8,18.0,5.7,22.4,9.0,-0.0259,0.0578,0.014,0.0665,0.0679,-0.2291,0.765,0.5749
5.4,2.8,4.8,3.7,1.9,5.3,2.1,13.5,40.8,-0.586,0.1181,-0.2765,0.0645,0.4024,0.1506,-0.058,0.5968
5.4,4.2,1.1,4.9,3.1,13.6,9.3,18.9,12.9,-0.341,0.6266,-0.2901,-0.2148,0.2993,0.2174,0.2585,0.3633
5.4,4.1,3.4,2.7,4.1,2.8,20.0,13.1,15.4,-0.1364,0.4479,-0.0241,0.5326,0.3704,-0.3686,-0.2441,0.3883
5.4,2.9,2.3,2.8,2.9,16.8,16.8,17.4,29.3,-0.0121,0.5308,0.4569,-0.0813,-0.5159,0.0758,-0.0351,0.4605
5.4,2.5,3.4,3.8,4.8,18.7,15.3,41.3,22.4,0.1593,0.4299,0.3153,0.314,0.4745,0.1769,-0.4709,-0.3026
5.4,2.2,1.3,3.3,3.4,12.1,17.4,11.8,36.7,0.0478,0.5502,-0.0132,-0.5414,-0.4797,-0.0491,-0.3849,-0.0293
5.4,1.5,3.0,4.9,1.1,7.8,11.8,33.1,26.3,-0.7047,0.6248,0.0402,-0.0107,0.0592,0.017,-0.2019,-0.2331
5.4,2.8,2.7,4.6,2.2,14.1,4.4,10.8,38.8,0.5092,0.4443,-0.4159,-0.3409,-0.271,0.3629,0.0405,-0.0457
5.4,1.9,2.3,4.0,2.5,10.2,9.1,13.3,35.0,-0.0321,0.9407,0.2921,0.0234,-0.0323,-0.0211,0.0449,0.0118
5.4,4.8,3.7,4.7,3.0,20.9,12.4,4.9,4.7,-0.0527,0.3587,-0.2471,-0.1551,-0.355,-0.079,-0.7014,-0.3848
5.4,3.0,1.1,1.8,2.9,8.4,6.4,13.7,34.5,0.1883,0.9761,0.019,-0.0043,-0.0068,0.0004,0.0499,-0.0088
5.4,4.0,4.1,4.4,3.2,11.9,12.4,18.3,38.1,0.3021,0.7274,0.0893,-0.2501,-0.3046,0.2654,-0.2575,0.2347
5.4,2.5,4.3,3.1,1.6,21.4,6.0,42.3,35.3,-0.3088,0.6072,0.2363,-0.2805,-0.5146,0.0902,-0.1996,0.1659
5.4,4.9,3.2,2.3,1.2,17.0,2.3,23.0,19.1,0.2223,0.5606,0.2203,0.4213,-0.3446,-0.3428,0.2699,0.2911
5.4,2.0,3.5,2.9,1.6,14.4,5.3,32.4,31.6,-0.063,0.137,0.227,-0.2334,0.3532,-0.1578,0.5218,-0.6465
5.4,3.9,2.5,4.4,5.0,21.8,7.6,38.3,42.3,-0.359,0.3449,0.0131,0.049,0.0129,0.0491,-0.574,-0.6205
5.4,1.1,2.6,1.6,4.8,3.1,14.6,22.2,36.5,0.3705,0.2944,-0.0989,-0.3502,0.0786,0.5816,0.1677,0.4491
5.4,2.7,1.4,3.2,1.2,9.6,3.0,33.5,26.1,0.1432,0.9644,0.0698,0.1275,0.0053,0.1192,-0.0028,-0.0154
5.4,4.9,1.7,1.3,2.8,15.5,13.7,34.9,22.4,0.541,0.4976,0.203,0.1819,-0.339,0.2946,0.289,-0.2784
5.4,4.9,2.6,3.6,2.2,6.4,5.6,26.3,31.9,-0.6251,0.1861,0.1276,-0.2252,0.2065,-0.1615,-0.0747,-0.6381
5.4,1.6,3.6,4.7,4.1,4.3,13.5,19.0,24.7,-0.3781,0.4196,0.3783,0.1248,-0.3839,-0.1258,0.1893,0.557
5.4,4.3,2.4,3.6,1.2,10.0,2.2,37.8,20.7,0.0455,0.9475,0.0003,0.211,0.03,0.2052,-0.015,-0.0457
5.4,2.3,4.1,2.2,4.0,13.9,4.1,29.8,38.4,0.321,0.611,-0.3319,-0.4063,0.1657,-0.3816,0.0953,-0.2147
5.4,3.5,3.6,5.0,3.7,3.7,4.6,35.1,43.2,-0.4236,0.2034,-0.1526,0.2401,-0.1693,0.2348,-0.1614,-0.7526
5.4,3.1,1.7,3.9,2.8,17.7,15.1,26.0,37.6,0.1359,0.3553,-0.1149,-0.5317,0.487,0.0802,0.5345,0.0734
5.4,3.3,4.4,2.1,4.5,4.4,4.4,22.1,30.4,0.0284,0.589,-0.212,-0.2172,0.1767,0.2557,0.6552,0.1275
5.4,1.4,3.2,1.4,2.4,12.4,17.7,30.6,21.3,0.4005,0.5035,0.2976,0.3749,-0.4707,0.0196,0.3377,0.0037
5.4,4.4,1.2,2.6,3.1,17.3,21.2,23.7,22.8,0.4363,0.4803,0.3773,0.207,-0.5128,-0.0479,0.2883,0.1663
5.4,4.9,1.6,1.9,2.0,12.8,6.5,15.8,20.6,0.454,0.7799,0.3162,0.1235,-0.148,-0.1683,0.0649,0.0494
5.4,2.3,3.1,4.8,2.0,19.2,6.1,15.8,30.0,-0.5406,0.0849,0.0558,-0.1747,-0.0811,0.1607,0.0556,0.7842
5.4,3.5,1.9,1.5,3.2,5.3,20.7,13.5,29.8,-0.0466,0.7115,0.0702,-0.4122,-0.3383,0.3548,0.0178,0.2445
5.4,4.3,1.1,3.4,4.1,20.4,18.9,33.2,18.0,-0.1348,0.3944,0.1781,0.54,-0.1438,0.4395,0.1119,-0.5071
5.4,1.4,2.4,3.5,3.4,5.9,20.9,36.1,37.2,-0.3372,0.317,-0.2663,-0.0247,-0.3819,-0.5541,-0.0937,-0.136
5.4,3.1,1.7,1.6,1.2,8.4,15.4,20.8,24.6,0.3645,0.9022,0.0016,-0.0011,-0.0019,0.0012,0.184,-0.0771
5.4,4.1,4.2,2.2,1.6,3.0,16.4,20.0,18.3,0.056,0.4125,0.1934,0.4452,-0.1603,-0.4542,0.2177,0.5438
5.4,1.7,3.5,1.0,1.7,19.4,8.4,5.7,27.1,0.0974,-0.1518,-0.0024,-0.0175,-0.0146,-0.0066,-0.8524,-0.4458
5.4,2.6,4.8,2.8,1.0,7.3,15.4,13.2,10.1,-0.5228,0.8012,-0.049,0.078,0.0951,0.0301,0.1968,0.1332
5.4,2.4,3.9,4.4,3.0,20.3,21.2,33.4,40.5,-0.1692,0.2401,-0.373,-0.053,-0.4989,-0.1625,0.4378,-0.5191
5.4,1.5,1.9,4.6,4.7,6.7,4.1,31.1,32.1,-0.6344,0.3043,0.0492,-0.4249,0.1936,-0.2936,0.0129,-0.4262
5.4,4.9,3.1,3.2,4.7,19.0,21.5,36.0,43.1,-0.0213,0.4641,-0.4167,0.106,-0.5284,0.0761,0.205,-0.4897
5.4,1.2,2.4,2.7,4.9,3.5,2.3,16.9,18.2,-0.1073,0.4754,0.2146,0.5072,0.0561,-0.4713,-0.0553,0.4684
5.4,2.6,1.3,4.6,1.7,21.6,2.6,10.3,29.9,-0.4413,-0.1424,0.3004,-0.0531,-0.3783,-0.1201,-0.4371,0.5704
5.4,3.8,1.1,2.0,2.2,15.8,19.8,17.5,27.3,0.0534,0.5145,0.3732,0.1226,-0.5031,-0.1449,-0.309,0.4311
5.4,4.5,4.4,3.2,3.6,4.7,7.0,6.5,13.7,-0.0338,0.0916,-0.228,0.1011,0.3237,-0.0469,-0.5492,0.7085
5.4,2.3,2.5,4.5,4.3,13.2,17.1,4.6,11.7,0.3588,0.3569,-0.3687,0.1565,-0.5125,0.2762,-0.2321,-0.4226
5.4,1.1,1.9,1.9,1.3,5.9,19.4,24.9,39.3,0.2609,0.3054,-0.3086,-0.238,0.4533,-0.2237,0.5911,-0.2295
5.4,3.0,2.3,4.3,1.6,13.2,5.9,42.0,22.2,0.693,0.4998,0.1798,0.135,0.2543,-0.1658,0.1547,-0.2725
5.4,2.0,3.6,2.5,3.0,2.1,17.1,28.6,6.1,0.2272,0.033,-0.5086,-0.1911,0.3323,-0.5222,0.3536,-0.3546
5.4,2.4,2.9,1.2,1.9,7.9,16.0,10.3,6.7,0.1926,0.9632,-0.0743,0.1009,0.0098,0.0409,0.0863,-0.0195
5.4,1.6,2.6,4.1,3.2,19.0,16.0,27.7,13.1,-0.4025,0.0224,-0.4377,0.204,-0.516,-0.4295,0.3412,-0.1306
5.4,3.3,4.5,1.6,2.8,21.4,21.5,39.1,14.7,0.0449,0.6314,0.2436,0.255,0.2483,0.252,-0.5442,-0.1638
5.4,3.9,3.7,4.8,3.3,3.7,3.9,32.1,25.7,-0.5191,0.0475,0.2378,-0.2164,0.3235,-0.1376,0.1485,-0.6793
5.4,1.9,4.2,3.1,3.5,14.3,13.6,29.5,7.8,0.2215,0.1547,-0.4227,-0.3536,0.4335,-0.3466,0.4658,-0.28
5.4,2.8,2.2,2.4,3.9,20.0,10.1,18.8,13.0,-0.106,0.8691,-0.1835,0.0278,0.3625,-0.003,0.1956,0.0994
5.4,4.8,4.8,3.5,1.1,8.5,3.1,41.7,42.2,-0.5705,0.6537,0.0171,-0.0153,-0.0464,-0.0298,0.2971,0.3023
5.4,4.3,2.9,3.4,1.4,13.7,11.6,41.8,40.1,0.6206,0.4662,0.191,-0.3334,0.0558,-0.2601,0.1154,-0.3738
5.4,2.8,2.2,2.2,3.0,20.2,14.1,11.1,31.6,-0.2135,0.3654,0.3623,-0.532,-0.4908,-0.3498,-0.095,-0.078
5.4,2.5,4.0,3.1,3.6,12.3,14.8,20.6,15.9,0.3965,0.6904,-0.2847,0.2311,0.3305,-0.2579,0.0508,0.1926
5.4,3.6,1.1,4.7,1.6,16.9,20.9,41.2,38.2,0.2516,0.5688,-0.2204,-0.3769,-0.4998,-0.1612,-0.268,-0.1928
5.4,2.6,1.6,4.5,3.0,15.3,12.9,16.1,24.0,-0.1961,0.2036,0.112,0.2838,-0.3108,-0.5288,-0.4324,0.4896
5.4,3.8,4.7,4.1,5.0,5.5,16.2,28.9,20.3,-0.3783,0.0512,0.4765,0.3288,-0.0843,0.3221,0.1042,-0.6128
5.4,4.7,3.6,2.3,4.4,15.9,22.0,26.2,13.6,-0.003,0.0604,-0.4087,0.4557,-0.4855,-0.4606,0.2628,0.2653
5.4,2.5,1.8,1.4,3.7,15.0,15.7,6.8,11.0,0.5814,0.3366,-0.3019,-0.1362,-0.3231,0.4404,-0.2239,0.279
5.4,3.0,4.3,2.1,3.1,13.4,19.4,30.5,22.8,0.4957,0.5195,0.3285,0.3255,-0.3154,0.328,0.1513,-0.1494
5.4,2.8,4.9,2.9,2.8,16.4,17.9,31.4,31.3,-0.3036,0.3457,0.3145,-0.3292,0.6351,0.1116,0.3088,-0.2022
5.4,3.8,2.9,3.3,2.2,17.3,18.9,13.8,40.5,0.2982,-0.1509,-0.4318,-0.0143,-0.1288,0.7464,-0.2486,-0.0906
5.4,3.6,3.4,1.4,4.2,20.6,18.5,34.1,34.6,0.2443,0.4845,-0.1273,-0.4331,0.1953,-0.457,0.1615,-0.4488
5.4,3.8,2.8,3.4,2.6,8.8,21.9,38.0,12.0,0.1469,0.949,-0.0833,-0.0403,-0.0614,-0.0569,-0.174,0.0294
5.4,2.0,3.7,4.5,3.5,13.0,6.4,14.9,42.0,-0.04,0.2063,-0.138,0.0751,0.2361,0.0677,-0.911,-0.0546
5.4,2.2,2.8,4.3,1.3,2.1,16.1,43.0,27.0,0.0235,-0.0963,0.0885,-0.0458,0.1246,-0.3891,-0.8853,0.0308
5.4,3.1,2.5,4.3,1.6,19.0,7.8,37.6,29.7,-0.3682,0.2703,-0.0045,-0.0233,-0.0023,-0.024,-0.5137,-0.7082
5.4,3.0,3.0,1.2,4.3,2.9,5.4,33.6,17.0,-0.0031,0.6662,0.4559,0.2297,0.2382,0.2859,-0.2562,-0.2693
5.4,4.8,3.4,3.3,2.4,21.7,2.3,30.0,12.8,-0.5102,0.2198,-0.2578,0.3285,-0.4326,0.1657,0.111,-0.5179
5.4,2.0,2.6,3.9,3.2,13.9,12.7,8.9,28.4,0.2546,0.0069,0.5015,0.2302,0.4231,-0.5121,-0.3719,0.1621
5.4,4.7,1.7,3.2,2.1,6.5,7.4,38.4,40.8,-0.2472,0.8452,0.0274,0.0313,0.0292,0.0308,-0.4349,-0.1279
5.4,1.4,2.7,1.1,4.3,21.5,15.9,43.9,36.3,0.341,0.2854,-0.1653,-0.5162,-0.3545,-0.3019,-0.373,-0.3404
5.4,3.6,2.7,4.5,3.9,11.4,5.5,15.0,16.7,-0.274,0.5967,0.0497,0.5115,0.1718,-0.4012,-0.0594,0.3068
5.4,4.3,2.8,1.1,1.3,5.7,20.2,4.2,31.9,0.3929,0.7647,-0.1789,-0.0569,-0.1455,-0.111,-0.3984,0.1603
5.4,3.9,3.0,3.8,3.7,16.0,10.9,30.6,26.3,-0.0292,0.0253,0.4079,0.368,-0.2805,0.3707,0.3828,-0.5506
5.4,3.4,3.1,1.7,4.7,3.3,3.0,40.3,7.8,0.4171,0.6227,-0.3634,0.2093,-0.3711,0.2171,-0.195,-0.1564
5.4,1.8,2.3,4.5,1.2,19.0,17.0,25.7,28.4,-0.0304,-0.1435,0.0641,0.0281,-0.0099,0.4059,0.8814,-0.0843
5.4,1.3,4.9,1.0,1.2,17.0,12.9,8.8,19.4,0.7893,0.4181,-0.1701,0.3102,-0.0223,0.1418,0.038,-0.1938
5.4,4.9,2.7,3.8,1.4,21.7,4.5,13.3,28.0,-0.6045,-0.0188,0.1507,-0.1706,-0.213,0.1083,-0.1151,0.7002
5.4,1.9,4.3,2.0,1.9,2.4,15.1,33.7,35.2,0.1327,0.637,0.0658,-0.3778,0.3928,-0.304,0.2786,-0.284
5.4,2.7,1.5,4.4,4.6,9.0,12.2,29.0,14.9,-0.0461,0.8484,-0.4784,-0.1081,-0.0682,-0.0826,-0.0888,-0.0533
5.4,4.3,3.2,4.7,4.1,21.7,5.5,30.0,7.9,-0.489,-0.0763,-0.2206,0.2333,-0.3247,0.1007,0.3063,-0.6457
5.4,3.9,3.9,3.8,2.0,20.7,2.7,11.7,36.3,-0.0916,0.3695,-0.2068,-0.5962,-0.2795,0.3657,-0.2823,0.3704
5.4,1.6,2.1,1.7,2.3,11.0,2.1,29.7,35.8,0.3312,0.3996,0.1102,-0.6383,0.2544,0.3055,0.1983,0.2809
5.4,3.2,3.9,3.1,1.1,9.2,3.4,11.7,5.0,-0.0162,0.9855,-0.0183,-0.1038,-0.0573,0.0626,0.0053,0.0061
5.4,4.4,2.4,2.9,1.9,6.6,6.6,25.4,23.2,-0.3444,0.0028,0.1751,-0.0569,0.2375,-0.0092,0.1607,-0.8513
5.4,4.1,4.3,4.1,3.6,11.8,6.5,35.9,15.7,-0.3604,0.7703,0.1597,0.2057,0.1258,0.2015,-0.285,-0.2192
5.4,3.4,4.2,3.0,2.5,14.7,5.6,38.4,42.8,0.6296,0.4939,-0.2128,0.0629,-0.2145,0.064,0.242,-0.4186
5.4,1.7,3.8,3.1,3.9,9.0,15.3,5.0,41.9,0.0228,0.9405,0.127,-0.2212,-0.0274,-0.1584,0.033,-0.0323
5.4,2.5,4.3,2.9,2.2,9.1,4.8,39.0,22.2,-0.023,0.9797,0.0537,0.0535,0.0766,0.0488,0.0565,0.0006
5.4,4.3,1.6,2.5,1.9,20.6,15.5,35.9,25.3,-0.3244,0.3761,0.3845,0.0806,0.4233,0.0856,-0.1606,-0.6
5.4,2.0,1.7,4.3,3.3,3.7,13.0,21.1,14.8,0.0548,0.3805,-0.0621,0.3759,0.1942,-0.4674,0.5104,0.4127
5.4,3.4,4.6,2.4,2.1,5.0,6.9,30.8,6.2,-0.5581,0.0801,0.0294,0.1385,-0.0256,0.1183,-0.075,-0.787
5.4,3.6,4.9,2.5,3.6,6.8,11.2,6.2,29.1,-0.4851,0.1805,0.2168,0.0808,-0.0171,-0.1512,0.2339,0.7597
5.4,3.0,4.3,3.5,2.6,3.0,6.0,25.2,27.7,-0.0676,-0.0321,0.1412,0.0542,0.2441,0.2351,0.878,-0.2511
5.4,2.8,3.6,4.5,4.5,8.5,15.1,9.6,22.0,-0.2282,0.9218,-0.1287,0.2141,0.0741,0.1212,0.0312,-0.0087
5.4,2.5,4.0,2.3,1.7,2.7,7.1,30.1,13.0,-0.5223,0.0422,0.0358,0.172,-0.0352,0.1454,-0.0081,-0.8053
5.4,4.2,2.6,3.2,4.5,4.3,8.9,12.6,21.5,-0.319,-0.1068,0.0736,0.2175,0.0799,-0.1565,-0.3732,0.7997
5.4,2.9,4.8,3.9,2.1,2.7,3.8,26.2,41.7,0.0106,-0.1896,-0.0842,0.0137,-0.0322,-0.4761,0.8359,0.0259
5.4,1.1,2.9,4.6,2.2,5.8,2.2,21.8,29.7,-0.0998,0.3697,-0.041,-0.1278,-0.0609,0.2444,0.8187,0.287
5.4,4.0,2.6,4.1,3.4,3.0,21.9,38.2,34.1,-0.1159,0.5817,-0.1804,-0.2975,-0.101,-0.3529,-0.5155,-0.3059
5.4,1.1,2.7,2.2,2.0,10.3,17.7,37.2,11.0,0.3451,0.7687,-0.2804,-0.1796,-0.2825,-0.1798,0.1039,-0.1915
5.4,1.7,4.7,2.6,2.8,18.7,12.2,43.5,19.1,0.4479,0.1693,-0.1501,0.5476,0.1395,0.3303,-0.1794,-0.5069
5.4,4.1,2.8,3.5,4.4,20.9,2.5,7.8,8.9,0.0219,-0.194,-0.2174,0.0742,0.0281,0.7095,-0.597,0.1709
5.4,4.8,3.3,3.6,3.8,8.2,15.8,31.8,25.0,-0.1336,0.9778,-0.0098,0.0798,-0.0772,0.0334,-0.0534,-0.0117
5.4,3.0,2.1,2.8,1.2,20.6,20.9,18.1,15.5,-0.3149,0.4724,-0.0215,0.3995,0.0378,-0.3988,0.2636,0.5216
5.4,2.6,2.0,4.0,3.4,18.6,10.8,36.9,27.4,-0.245,0.4638,0.3557,0.1757,0.3558,0.1759,-0.3374,-0.5221
5.4,3.4,1.9,3.8,3.8,21.9,2.5,7.7,16.4,-0.1753,0.4342,-0.1849,0.4648,0.5491,-0.0356,-0.4511,0.0956
5.4,3.0,4.0,3.7,1.1,18.1,5.1,22.3,37.9,0.3377,0.7449,-0.2759,-0.1468,0.3887,0.0911,0.0571,0.1538
5.4,4.0,2.7,2.9,3.6,15.3,12.9,21.3,30.3,0.3006,0.6392,0.3968,-0.0759,-0.4536,0.1173,0.2633,0.1749
5.4,4.0,3.6,1.2,4.1,16.1,6.7,28.6,22.2,0.7007,0.6307,0.2772,-0.1023,0.0836,0.0227,-0.0508,0.0237
5.4,3.6,1.0,3.8,3.4,6.2,20.9,41.5,31.9,-0.3521,0.0059,0.1474,0.1164,-0.316,-0.3792,-0.3138,0.6636
5.4,1.5,5.0,3.5,4.1,11.3,12.8,12.8,7.8,0.2096,0.3074,-0.3189,-0.4548,-0.4789,0.2212,-0.4807,0.1614
5.4,4.2,3.5,1.1,2.2,12.8,5.8,34.1,13.1,0.8061,0.0324,-0.1897,0.2826,-0.0563,-0.1137,0.031,0.4137
5.4,3.7,2.7,1.3,1.3,5.7,14.8,33.7,42.8,-0.176,0.8417,-0.2152,0.2458,-0.1103,-0.1664,-0.3027,-0.0442
5.4,3.3,1.6,2.8,4.0,3.1,14.4,24.8,10.0,0.3142,0.0869,-0.3435,0.0154,0.3947,-0.5106,0.5169,-0.2648
5.4,3.6,4.5,2.2,3.3,6.8,3.6,29.6,43.8,-0.366,0.8115,-0.0602,0.233,-0.1964,0.1662,-0.2052,-0.1586
5.4,1.9,1.8,4.5,3.5,15.3,16.8,9.4,40.5,0.3598,0.2733,-0.3711,-0.4023,-0.5522,0.2172,-0.3433,0.0123
5.4,2.0,1.2,3.0,4.9,13.0,4.3,34.7,23.7,0.3821,0.4641,0.5986,0.203,0.0151,0.428,-0.1477,-0.0731
5.4,3.4,2.6,4.3,3.1,16.9,10.7,18.4,25.4,-0.1671,0.223,0.2069,0.3168,-0.2141,-0.3177,0.1361,0.7705
5.4,1.4,3.1,1.9,4.0,21.1,15.0,39.7,36.0,0.3838,0.3467,-0.0508,-0.3999,0.0104,-0.5431,-0.1372,-0.4427
5.4,3.9,3.9,4.7,4.4,10.4,5.2,19.7,29.0,0.3958,0.7195,0.2811,-0.0027,-0.2816,0.0029,-0.2715,0.2667
5.4,4.8,3.6,2.0,3.9,5.8,11.9,7.3,31.8,-0.2204,0.4994,0.4755,-0.3538,-0.2799,-0.3822,0.2714,0.1221
5.4,4.7,1.7,1.1,1.6,7.7,9.4,35.1,35.8,0.3683,0.7894,-0.0545,-0.2026,0.1744,-0.1099,0.0669,-0.0534
5.4,1.8,3.4,1.3,4.1,19.3,16.3,22.7,32.4,0.6695,0.4743,0.1435,-0.234,-0.229,0.3895,0.1265,0.0786
5.4,2.6,3.0,2.7,2.4,3.0,3.3,7.5,37.0,0.1817,0.4908,-0.1709,-0.4477,-0.4708,0.1633,-0.4527,0.1525
5.4,3.7,3.5,2.2,3.6,10.6,11.1,37.3,25.2,0.5127,0.801,-0.0454,0.0892,-0.1625,0.133,0.1166,-0.097
5.4,1.4,3.4,4.9,3.7,9.0,14.8,23.0,20.7,-0.2348,0.8645,-0.2692,0.2404,0.0078,-0.1992,-0.0437,0.0438
5.4,2.6,2.5,2.2,1.5,15.7,5.4,7.9,28.1,0.4037,-0.2595,0.2373,-0.0598,-0.0578,-0.4643,-0.4041,-0.5478
5.4,3.4,2.6,2.6,4.4,12.6,5.3,4.8,25.7,0.6213,0.6614,0.225,0.0278,0.3152,-0.0671,-0.0081,-0.0999
5.4,1.1,2.6,5.0,2.4,9.8,10.4,23.9,4.8,0.2847,0.7861,0.341,-0.2539,-0.1136,0.1908,-0.1214,0.1628
5.4,1.9,1.3,1.7,3.8,10.1,3.9,29.5,28.2,0.4834,0.7126,0.3606,0.2013,0.0588,0.2509,-0.0344,-0.0793
5.4,1.5,2.9,1.4,3.9,18.8,11.1,22.3,10.2,0.1251,0.7068,-0.2568,-0.015,0.295,-0.0229,0.5604,0.0111
5.4,5.0,1.7,4.1,3.6,7.0,15.5,21.4,13.9,-0.043,0.8409,0.061,0.0574,-0.0354,-0.0732,0.5114,0.0298
5.4,2.4,2.4,1.6,3.5,3.0,21.6,9.7,40.3,0.3563,0.2644,-0.4778,-0.2951,-0.1865,0.5024,-0.1278,0.3984
5.4,2.6,1.1,4.3,1.9,16.0,3.1,43.3,30.2,-0.051,-0.1723,0.1766,0.0505,-0.1313,-0.5377,-0.7648,-0.0843
5.4,4.7,2.8,4.2,4.8,21.1,3.0,31.8,35.0,-0.2817,0.3961,-0.2336,-0.5552,0.1135,-0.4034,0.0962,-0.4401
5.4,3.6,2.5,1.5,3.0,19.6,10.0,5.4,21.0,0.7098,0.0013,-0.0736,0.3004,0.0321,0.1992,-0.0979,-0.5624
5.4,2.8,2.6,3.7,5.0,2.5,16.6,19.0,38.2,0.0099,0.2779,-0.4999,-0.1698,0.0471,0.617,0.2416,0.3493
5.4,4.2,4.3,4.6,3.7,11.4,20.2,24.4,21.4,0.3215,0.7789,0.1342,0.3295,-0.357,-0.0757,0.1095,0.0498
5.4,2.6,4.3,1.9,3.6,16.2,16.3,29.9,11.7,0.1063,0.2759,-0.7445,0.2579,-0.1911,-0.4392,-0.1928,-0.0325
5.4,3.8,4.0,2.4,2.3,21.6,16.9,19.9,28.8,-0.0832,0.6125,0.3138,-0.2615,-0.315,0.2617,0.3936,0.3325
5.4,3.2,4.7,4.8,3.6,12.2,13.3,36.9,33.3,0.1404,0.7018,0.3886,-0.2095,0.3804,-0.2085,0.0413,-0.2825
5.4,4.3,1.5,2.0,2.8,8.3,11.5,15.4,18.5,0.1556,0.9819,-0.025,0.0087,0.0041,-0.0005,0.058,-0.0086
5.4,2.3,1.4,2.2,3.6,14.6,20.0,29.2,32.7,0.0313,0.2498,0.2897,-0.6242,0.425,0.3117,0.2835,0.2716
5.4,4.4,3.2,4.3,1.7,10.8,16.6,37.0,31.2,0.1254,0.7724,0.2977,0.1603,0.2945,0.1609,0.3097,-0.196
5.4,2.6,2.5,3.1,3.7,5.7,16.6,19.2,28.4,-0.1932,0.6485,0.2464,-0.2951,-0.2498,0.2954,0.3454,0.3347
5.4,4.7,4.1,1.3,1.2,12.3,17.8,19.5,23.8,0.7592,0.5592,0.0569,0.1226,0.0976,-0.2411,0.0472,-0.0317
5.4,3.2,2.7,4.6,4.1,4.5,12.4,24.4,15.5,-0.3142,0.27,-0.3631,0.3583,-0.5407,-0.3576,0.3333,0.119
5.4,4.0,2.2,1.7,2.8,15.6,15.1,37.7,10.3,0.1461,0.6182,-0.4617,-0.0614,-0.4777,-0.0582,-0.1242,-0.3325
5.4,4.8,4.6,1.3,2.8,4.2,13.0,20.4,24.5,-0.007,0.8453,0.1502,-0.0147,-0.2299,0.0368,0.4365,0.0463
5.4,3.9,2.0,1.5,4.2,11.1,5.2,40.3,22.0,0.479,0.7645,0.2421,0.1377,0.2696,0.1144,-0.1041,-0.0422
5.4,4.2,3.9,3.2,3.5,16.9,2.3,26.8,5.4,0.5635,0.203,-0.44,-0.2053,0.4478,-0.3841,0.1993,0.0295
5.4,3.7,2.1,4.1,2.3,9.2,8.2,4.1,39.5,-0.0826,0.9877,0.0195,0.0187,-0.0088,-0.0167,0.0264,0.0045
5.4,4.5,3.5,3.7,3.3,4.3,18.7,34.4,8.5,-0.4811,0.4063,-0.2948,0.2153,-0.3719,0.1837,-0.125,-0.5175
5.4,2.1,4.1,1.8,3.8,8.4,6.0,15.6,32.6,0.1587,0.9802,-0.0098,-0.0013,0.0047,0.0015,0.0655,-0.0095
5.4,3.0,4.9,4.4,3.1,20.7,9.0,31.1,36.9,-0.0169,0.0674,0.0409,-0.2548,0.2482,-0.0705,0.8621,-0.2559
5.4,3.5,3.3,2.7,1.9,17.9,18.4,15.2,13.6,-0.2272,0.3912,-0.3333,0.2861,0.5401,-0.1751,-0.2365,0.4563
5.4,4.6,1.6,2.6,2.7,4.9,17.8,25.0,42.1,0.216,0.1779,-0.2298,0.0597,0.2808,-0.4231,0.6786,-0.3442
5.4,3.2,3.2,2.0,4.1,5.3,12.5,10.1,40.8,-0.2761,0.0955,-0.3547,-0.2514,-0.0153,0.3054,-0.0173,0.7777
5.4,3.3,3.0,2.2,1.8,5.0,21.7,35.8,10.0,-0.3596,0.6071,-0.009,0.3061,-0.0389,0.3059,-0.3844,-0.3857
5.4,1.9,1.2,1.3,3.2,19.9,2.3,29.4,40.0,0.3786,0.3387,-0.3659,-0.329,0.269,-0.4321,0.2343,-0.4006
5.4,4.9,2.2,4.9,3.7,15.2,7.2,41.5,5.5,0.6879,0.068,-0.1434,-0.0277,-0.1018,0.2153,0.0438,-0.6419
5.4,3.8,4.4,1.7,1.6,12.7,21.2,26.0,30.1,0.7946,0.4281,0.1946,0.0864,-0.2061,0.2622,-0.027,0.0943
5.4,1.2,1.5,3.0,1.4,8.2,13.7,16.7,14.9,-0.3198,0.9035,0.0302,0.102,-0.0196,-0.1,0.2012,0.0854
5.4,4.2,1.6,3.4,2.2,19.6,11.6,8.7,9.2,0.1218,-0.0371,-0.3531,-0.1106,-0.3838,0.3793,-0.6678,0.3036
5.4,3.9,4.7,4.3,1.1,10.0,7.8,16.5,16.7,-0.4999,0.8309,0.0056,0.0069,-0.0025,-0.0047,0.1424,0.0947
5.4,1.4,2.0,4.6,3.5,10.0,4.6,10.3,25.8,0.431,0.7109,0.2987,0.3156,0.1661,-0.2434,0.0675,-0.0086
5.4,2.0,2.6,1.4,3.2,8.3,4.1,9.2,34.8,0.179,0.9678,-0.1037,0.0121,0.0416,0.0035,0.0814,-0.0087
5.4,1.7,1.2,2.5,3.3,13.0,6.3,43.9,25.0,0.6906,0.4384,0.2882,0.1874,0.2949,-0.3132,0.0018,-0.0658
5.4,1.5,2.1,2.1,3.4,6.4,11.4,35.7,29.4,-0.2307,0.8485,0.142,-0.0938,0.36,-0.0185,-0.1873,-0.1126
5.4,2.7,2.3,2.7,2.3,15.6,9.2,30.9,9.3,0.0061,0.0328,-0.0326,-0.1711,0.1465,-0.093,0.8067,-0.5089
5.4,4.1,2.3,3.2,4.9,5.0,3.3,7.3,41.6,0.1929,-0.0273,-0.2382,0.1108,-0.2318,0.6131,-0.603,0.2758
5.4,3.6,2.6,1.6,4.5,2.1,20.4,41.3,22.8,0.3638,0.6478,0.3585,0.0228,0.4132,-0.0387,-0.3578,-0.0275
5.4,1.4,4.7,3.2,3.6,11.5,12.1,25.1,34.1,0.1238,0.7225,0.588,-0.1785,0.0144,0.1596,-0.1719,0.0541
5.4,4.4,4.9,1.9,2.9,11.0,8.1,32.5,14.4,0.0443,0.084,-0.0035,-0.006,0.0055,-0.0054,0.8638,-0.3523
5.4,3.1,2.3,3.0,1.3,17.3,21.6,43.1,12.7,0.0233,-0.0737,-0.0724,0.024,0.0727,0.5271,-0.8,-0.1771
5.4,3.1,3.6,3.6,2.3,4.4,21.5,38.5,6.5,-0.165,0.3408,-0.1035,0.2623,-0.1193,0.2708,-0.6146,-0.5386
5.4,2.9,2.4,3.7,4.3,5.3,16.3,8.7,10.4,-0.4183,-0.099,-0.3207,0.0826,0.2958,0.5591,-0.236,0.4863
5.4,3.0,3.0,2.9,4.2,4.3,17.5,28.4,6.4,-0.0611,-0.0549,-0.5886,-0.0884,0.1216,-0.5863,0.1557,-0.4855
5.4,4.2,4.5,1.6,4.8,15.4,7.9,37.8,29.8,-0.2842,0.292,-0.0393,-0.0459,-0.0314,-0.0482,-0.5708,-0.6569
5.4,3.6,3.4,1.1,4.1,3.1,2.8,28.9,10.6,0.1116,0.2952,-0.2537,0.6574,-0.4658,-0.3044,0.1191,0.2406
5.4,1.4,3.2,1.6,3.3,6.0,4.3,25.8,38.3,0.3793,0.416,-0.2839,-0.3105,0.2994,-0.4065,0.2915,-0.3737
5.4,1.8,3.8,1.2,4.7,7.6,15.7,28.7,8.9,0.0893,0.8997,-0.2617,0.2282,-0.0481,-0.0773,-0.1965,0.0217
5.4,2.7,3.3,3.9,1.9,14.2,17.6,39.8,24.3,0.4591,0.3653,0.3771,0.1903,0.4591,0.1337,-0.0669,-0.4684
5.4,2.6,3.8,2.5,3.0,12.1,19.9,14.1,10.8,0.3325,-0.041,-0.5282,0.2553,0.2322,0.5245,-0.1178,-0.4033
5.4,2.9,2.5,3.6,4.9,13.8,3.8,40.2,13.5,0.3248,0.291,-0.2062,0.3698,-0.3018,0.455,-0.2744,-0.4788
5.4,2.8,3.2,3.7,1.5,15.6,8.4,13.7,16.9,-0.1418,0.9632,-0.1306,-0.0306,0.0365,0.0171,0.0276,0.0121
5.4,1.7,1.9,1.8,4.6,16.7,8.6,4.8,37.7,0.6493,0.7406,0.0547,0.0145,-0.0275,-0.0332,0.0613,-0.0568
5.4,3.3,2.8,2.9,1.6,5.0,7.4,18.7,14.2,-0.3932,0.7598,0.0453,0.0451,-0.0429,-0.0452,0.4415,0.2345
5.4,4.6,2.3,2.1,4.3,20.5,2.2,7.6,19.7,0.2655,0.4967,0.2152,0.3291,0.4647,-0.1331,-0.5059,0.1584
5.4,3.9,1.8,4.4,2.3,19.5,11.5,28.0,30.2,-0.3631,-0.1871,0.3867,-0.0443,0.1966,0.6254,0.3203,-0.3413
5.4,3.6,4.3,2.7,4.1,13.5,6.2,13.5,43.9,0.5535,-0.1767,-0.2572,0.2442,0.1304,0.1905,-0.2511,-0.5979
5.4,1.4,4.9,1.0,3.8,7.1,14.5,9.2,15.2,0.2555,0.5596,0.0746,0.5593,0.4094,0.1992,-0.1987,-0.1741
5.4,2.0,1.5,3.5,1.8,2.9,13.2,33.0,39.4,-0.1026,-0.039,-0.3303,-0.0416,0.048,-0.7424,0.1633,-0.4805
5.4,2.8,4.4,1.4,3.9,19.2,9.2,42.1,4.0,0.8581,0.2218,0.0824,-0.1269,0.0048,-0.0675,0.0873,-0.3975
5.4,3.2,3.4,5.0,4.6,2.0,13.1,38.7,30.2,0.0413,0.4736,0.345,-0.2856,0.3916,-0.3078,-0.3257,-0.4397
5.4,1.4,2.8,1.2,4.9,11.3,13.5,33.5,15.3,0.5984,0.6954,-0.2807,0.245,-0.0039,-0.0424,-0.0563,0.0635
5.4,1.1,3.5,1.2,2.1,8.8,6.4,10.8,39.4,0.2829,0.9493,0.0405,0.022,-0.0185,-0.0227,0.0368,-0.0081
5.4,3.5,5.0,1.1,3.8,10.8,13.0,12.1,43.4,0.7447,0.5819,0.1172,-0.2479,0.015,-0.1033,0.0107,-0.0659
5.4,3.6,2.4,3.8,2.3,18.8,18.2,31.7,29.3,-0.3716,0.1067,0.3685,-0.1043,0.5198,0.0595,0.3557,-0.5281
5.4,1.9,4.0,2.1,2.6,11.8,9.0,36.0,35.0,0.2492,0.9481,0.1213,-0.0312,0.0429,-0.0048,-0.0351,0.0016
5.4,4.3,2.4,3.0,4.6,7.8,7.0,12.1,30.3,-0.1736,0.9745,0.0006,-0.001,-0.0005,0.0004,0.1019,0.0193
5.4,3.3,3.9,4.7,4.7,8.3,12.5,26.0,27.5,-0.2965,0.9057,-0.0656,0.1954,-0.1568,-0.0711,-0.0367,-0.0115
5.4,3.5,1.1,1.5,3.8,17.5,6.1,31.2,36.7,0.2366,0.4942,-0.2931,-0.4505,0.1486,-0.4537,0.1071,-0.3833
5.4,4.6,5.0,2.0,3.9,19.9,5.2,31.0,33.5,-0.2303,0.5031,-0.2665,-0.4575,-0.0036,-0.4225,-0.0949,-0.4433
5.4,1.3,4.3,2.3,3.4,3.0,7.6,11.5,32.0,-0.6641,0.4859,-0.081,-0.0789,0.0313,0.0681,0.2874,0.4313
5.4,2.9,4.1,3.8,3.9,12.1,6.0,24.9,22.5,0.5946,0.689,0.2064,0.1978,-0.1388,0.2101,-0.074,0.0484
5.4,1.5,2.3,2.1,1.4,7.7,8.7,18.5,19.1,-0.1808,0.8558,0.0315,0.0105,-0.0308,-0.0106,0.4438,0.1036
5.4,4.9,1.7,4.4,1.2,10.6,15.9,43.7,26.8,0.265,0.9147,0.0452,0.1943,0.1935,0.0157,0.0023,-0.0146
5.4,3.7,1.9,3.1,4.4,14.6,9.0,6.0,29.7,0.0761,0.4014,0.0505,0.2192,0.3111,-0.0439,-0.7985,0.1238
5.4,4.5,3.3,2.0,3.0,5.9,14.0,10.0,40.2,-0.5093,0.4221,-0.3645,-0.0685,0.0809,0.1658,0.33,0.5102
5.4,2.6,3.4,4.7,5.0,11.7,19.9,37.7,17.5,-0.0403,0.6147,-0.0604,0.4745,-0.0637,0.4735,-0.0473,-0.3768
5.4,2.5,3.6,4.1,3.4,21.2,10.9,33.9,14.8,-0.2307,0.6534,-0.3008,0.2303,-0.5103,0.1062,0.2057,-0.2016
5.4,3.7,3.7,3.4,5.0,4.3,4.7,17.7,38.7,-0.2038,0.5168,-0.3517,0.0269,0.6032,0.1209,-0.2512,0.3026
5.4,3.7,2.2,3.2,3.2,7.3,12.1,43.6,22.3,-0.6366,0.6097,0.1339,0.0097,-0.0156,-0.043,0.2786,0.3109
5.4,3.9,2.0,3.2,4.3,6.3,8.6,18.1,31.1,-0.2483,0.9156,0.0708,0.0166,-0.0473,-0.0183,0.2721,0.0796
5.4,3.0,1.4,2.0,3.5,18.6,16.9,19.4,21.8,0.1379,0.4331,0.2856,0.3844,-0.3369,-0.3774,0.1886,0.5017
5.4,2.6,2.7,3.0,1.2,9.4,20.0,18.5,9.1,0.1214,0.974,-0.06,-0.0966,0.0438,0.0978,0.0058,0.012
5.4,1.3,1.5,2.6,4.0,7.6,9.3,29.2,7.1,-0.6539,0.5806,-0.1288,-0.0566,-0.0408,-0.0492,-0.2739,-0.3341
5.4,1.1,4.1,2.9,2.0,8.3,5.1,34.8,8.3,-0.2935,0.9274,0.0182,0.0242,0.0115,0.0227,-0.1836,-0.061
5.4,4.2,4.3,3.7,1.0,15.1,3.3,38.0,40.3,0.3207,0.6461,-0.2931,-0.1539,-0.2951,-0.1543,0.3329,-0.3437
5.4,2.1,3.1,4.8,1.4,8.6,18.4,28.6,30.9,-0.4758,0.8574,-0.0071,0.1086,-0.0552,0.062,-0.0453,-0.0359
5.4,3.6,3.4,1.1,2.0,21.6,7.4,33.7,18.7,0.5239,0.8181,0.1683,-0.0754,0.0502,-0.0099,-0.0272,0.0052
5.4,4.0,4.3,4.5,2.6,18.4,15.0,14.0,18.4,-0.0227,0.317,0.1191,0.5513,0.3706,-0.3037,-0.4478,0.3649
5.4,2.6,4.5,4.9,1.7,16.8,15.4,14.4,13.1,-0.4783,0.1479,-0.3804,0.0929,0.5036,0.0818,-0.2291,0.5196
5.4,3.2,2.4,3.5,2.1,7.4,4.1,9.4,30.7,-0.6491,0.6728,0.0234,-0.1188,-0.0665,0.0838,0.2025,0.2162
5.4,2.5,3.5,1.8,2.3,4.9,21.1,19.8,5.7,0.1614,0.5317,-0.3832,0.2839,0.381,-0.2828,0.3392,0.3276
5.4,4.3,1.2,2.0,1.4,3.3,13.8,14.6,38.6,0.0591,0.1736,-0.3566,-0.3682,-0.1521,0.4334,-0.1272,0.6699
5.4,1.7,3.0,3.4,1.7,17.0,7.3,25.2,34.1,-0.4391,0.0259,0.1567,-0.3232,0.277,-0.2229,0.2732,-0.6367
5.4,4.5,2.4,2.8,2.1,21.6,14.5,16.9,34.0,-0.1837,0.5075,0.0843,-0.4701,-0.1837,0.4556,0.0012,0.4657
5.4,4.6,2.6,4.4,4.9,16.9,13.0,12.9,28.9,-0.2614,0.0202,0.6124,-0.2636,-0.3031,-0.5982,-0.1026,0.0132
5.4,4.9,4.1,2.9,2.9,5.6,12.0,24.0,33.6,-0.2442,0.2261,0.2583,-0.1096,0.5687,0.5616,0.2563,-0.1891
5.4,1.8,3.8,3.5,4.7,19.9,15.1,25.0,36.0,0.0609,0.3715,0.0157,-0.5469,0.3987,0.2836,0.4297,0.3339
5.4,3.4,1.9,3.3,2.5,14.0,17.0,44.0,39.9,0.3887,0.4802,-0.2453,-0.4478,-0.479,-0.0959,-0.2847,-0.1102
5.4,1.7,3.3,2.5,1.5,18.4,21.4,17.4,34.1,-0.1632,0.4323,0.0446,-0.4506,-0.0855,0.4493,0.1856,0.5616
5.4,1.3,1.9,4.5,1.2,13.0,5.8,28.3,37.9,0.1499,0.6962,-0.2948,-0.4585,0.2012,-0.2945,0.0156,-0.098
5.4,4.6,4.2,1.5,3.2,9.6,12.0,11.7,27.0,0.5158,0.8386,-0.0941,0.1068,-0.0126,0.0296,0.006,-0.0092
5.4,3.5,3.8,1.3,1.8,13.1,10.4,21.0,33.3,0.1741,0.7887,0.2497,-0.0133,-0.2515,0.0154,0.4214,0.0083
5.4,1.5,1.1,4.4,4.1,3.0,19.4,6.4,39.8,0.249,0.4372,-0.3239,-0.2614,-0.5632,-0.034,-0.4477,-0.1892
5.4,3.7,2.0,4.5,5.0,6.2,13.8,35.4,38.6,-0.5549,0.5654,-0.194,0.1312,-0.2819,-0.2866,-0.2453,-0.2605
5.4,1.9,4.2,3.5,4.8,21.5,15.7,6.5,16.5,-0.0921,0.3709,-0.223,0.5169,0.4346,0.371,-0.2924,-0.329
5.4,1.9,3.5,1.8,1.6,15.9,18.6,29.0,42.3,0.5341,0.2182,-0.4302,-0.149,0.4639,-0.3539,0.2953,-0.0276
5.4,1.3,1.2,2.5,1.2,15.3,20.8,7.7,22.4,0.5626,0.305,0.3819,0.2126,0.5278,-0.1646,-0.2133,-0.1669
5.4,3.9,4.2,1.2,4.3,20.5,16.7,38.6,34.4,0.4507,0.435,-0.0249,-0.4367,0.0111,-0.4551,-0.0504,-0.4215
5.4,2.2,4.0,3.7,4.8,21.8,5.1,37.9,42.8,-0.0247,0.2116,-0.233,0.3146,-0.2344,0.3144,-0.0887,-0.7769
5.4,1.2,3.9,4.6,2.1,17.9,12.5,34.5,10.2,-0.4504,0.2396,-0.3075,-0.1444,-0.3717,-0.1906,-0.0327,-0.6562
5.4,3.9,3.6,2.1,4.2,14.2,13.0,10.2,42.7,0.2859,0.2863,-0.3211,-0.4109,-0.493,0.0437,-0.5372,0.0311
5.4,2.2,1.5,4.8,2.4,17.7,19.7,41.5,42.3,0.3169,-0.0335,-0.2748,0.0565,-0.431,0.3687,-0.4994,-0.4562
5.4,2.1,4.6,4.2,3.8,6.4,6.8,35.6,21.9,-0.5988,0.408,-0.0273,-0.0825,-0.0168,-0.0799,-0.3615,-0.5556
5.4,3.2,1.7,2.9,2.9,3.9,21.5,6.3,12.3,-0.106,-0.0493,-0.0851,-0.0404,0.2562,0.5875,-0.6314,0.3928
5.4,1.1,3.5,2.0,2.1,21.7,21.7,21.8,30.5,0.0721,0.2623,-0.0595,-0.3527,0.0082,0.4111,0.6713,0.3875
5.4,2.0,2.8,2.1,3.4,21.6,20.6,27.1,10.8,-0.2079,-0.0424,-0.3824,0.2274,-0.5015,-0.6099,0.2863,-0.137
5.4,2.5,1.8,4.9,1.8,2.6,15.3,11.0,11.9,-0.4986,-0.0947,-0.3326,0.0262,0.4212,0.2043,-0.3719,0.5137
5.4,1.3,4.0,1.7,2.1,7.6,11.9,25.2,18.0,0.1467,0.4267,0.0606,0.3541,-0.3408,0.2759,0.5184,-0.3904
5.4,2.7,2.5,1.7,3.7,4.6,3.9,11.9,41.3,0.0355,0.1988,-0.7139,0.2419,0.2185,0.5124,0.185,0.1073
5.4,2.2,3.7,4.5,1.6,20.5,8.6,33.8,43.2,-0.4155,-0.0131,-0.0083,-0.0697,0.0085,-0.063,0.0527,-0.8878
5.4,2.9,2.7,4.2,3.5,17.3,6.2,5.8,4.7,0.6533,0.0548,-0.2121,0.0092,-0.2924,0.3367,-0.0596,-0.5524
5.4,4.0,3.9,2.0,4.7,2.4,5.0,35.2,27.8,0.0353,0.3479,0.1597,-0.4008,0.3242,-0.3836,0.1784,-0.6182
5.4,3.6,3.0,3.4,1.6,7.4,11.4,37.5,19.7,-0.2416,0.8935,0.0473,0.0077,0.0464,0.0077,-0.3405,-0.0927
5.4,1.7,1.4,2.0,1.4,5.8,10.7,29.8,40.9,-0.3954,0.0329,-0.2427,-0.1983,0.0237,-0.2112,0.0499,-0.8124
5.4,5.0,2.9,4.5,3.6,13.1,6.2,11.7,39.7,0.649,0.5912,-0.3529,-0.118,-0.0007,0.1738,0.1248,-0.1129
5.4,1.8,2.3,1.8,4.8,6.7,2.3,11.3,4.7,-0.2346,0.4454,-0.6365,-0.0428,0.1327,0.2891,0.2878,0.3769
5.4,1.2,4.6,4.4,2.5,7.9,10.3,33.5,41.6,-0.6479,0.6845,-0.0644,-0.0184,-0.0176,-0.0166,-0.2173,-0.2111
5.4,1.0,3.9,1.4,3.5,13.1,15.1,21.3,8.8,0.224,0.5412,-0.4423,-0.1661,0.4491,0.1602,0.3271,0.2872
5.4,2.7,1.8,2.9,1.4,15.7,11.9,27.1,25.9,0.2329,0.048,0.3478,0.2641,-0.4901,0.0328,0.6709,0.1856
5.4,3.0,4.3,1.1,2.6,11.7,3.7,33.0,6.2,0.6339,0.6382,-0.3524,-0.0704,-0.134,-0.1752,-0.0563,-0.0379
5.4,2.6,4.5,2.0,2.5,11.4,19.4,40.8,17.3,0.1847,0.6297,-0.3896,0.3686,0.0289,0.3054,0.2902,-0.2193
5.4,3.6,2.3,2.5,4.5,6.4,18.1,23.1,36.7,0.2007,0.6696,-0.1104,-0.1199,0.306,-0.0662,0.5871,-0.1446
5.4,3.0,4.9,3.2,2.4,4.8,2.4,10.7,18.0,-0.0913,0.324,0.2487,0.5698,0.2388,-0.3947,-0.2805,0.44
5.4,3.1,2.7,1.9,1.3,6.9,21.5,13.5,19.0,-0.2015,0.8304,0.4146,-0.0331,-0.0993,-0.0723,0.2372,0.1057
5.4,2.9,3.5,1.4,2.4,7.8,5.1,35.9,9.0,0.241,0.9559,0.0562,0.0141,0.0425,0.0178,-0.1126,0.0252
5.4,1.3,4.4,3.9,2.1,6.1,11.8,37.9,11.4,-0.2463,0.6286,-0.2356,0.0017,-0.2337,0.0024,-0.5677,-0.3042
5.4,3.4,3.1,3.5,3.4,18.4,8.9,33.0,15.0,-0.1639,0.9056,-0.3168,-0.0246,-0.0868,-0.0409,-0.1289,-0.0563
5.4,4.6,3.4,5.0,3.1,18.2,22.0,35.2,40.9,-0.0096,0.2423,-0.3733,0.0272,-0.4063,0.0126,0.4432,-0.6357
5.4,4.3,1.1,3.8,3.2,15.6,19.3,4.5,27.4,0.455,0.2892,0.3989,-0.0782,0.4969,-0.1548,-0.1667,-0.4791
5.4,3.1,2.7,2.0,2.8,6.5,8.4,36.5,30.2,-0.0655,0.9419,0.0055,0.0001,0.0047,0.0004,-0.3089,-0.0216
5.4,3.8,3.8,4.3,1.9,10.9,6.3,21.1,20.6,0.2146,0.9579,0.0735,0.0488,-0.1147,-0.035,-0.034,0.0199
5.4,4.5,2.2,4.6,4.9,17.4,19.0,18.5,19.1,-0.0451,0.5189,0.2493,0.474,-0.0267,-0.4701,0.0502,0.4482
5.4,2.7,1.9,3.2,4.7,3.3,6.1,8.3,5.3,0.4882,-0.0905,-0.3893,-0.0068,-0.27,0.6414,-0.2488,-0.2012
5.4,3.0,4.5,1.3,4.6,11.9,17.4,21.1,24.1,0.4533,0.57,0.2567,0.3447,-0.2638,-0.342,0.0859,0.2616
5.4,2.1,4.4,1.7,3.1,15.4,10.7,6.0,22.2,0.8209,0.2754,-0.137,0.248,-0.0224,0.1437,0.0663,-0.3563
5.4,1.9,2.0,2.2,4.9,22.0,12.6,14.7,37.4,0.1007,0.3133,-0.1754,-0.4502,-0.3105,0.3492,-0.4258,0.4811
5.4,1.3,1.5,4.3,4.1,15.0,10.1,14.6,38.0,-0.0096,0.3075,0.0163,-0.438,-0.434,0.1067,-0.679,0.161
5.4,2.1,3.6,2.7,2.2,6.9,13.1,11.2,4.0,-0.6507,0.5003,-0.283,-0.0348,0.0414,0.0989,0.2667,0.3843
5.4,2.5,3.2,3.4,2.9,8.8,2.1,27.3,19.4,-0.1233,0.9237,-0.1025,0.27,-0.1278,-0.135,-0.0133,0.0228
5.4,3.5,2.5,1.9,3.7,18.6,3.0,31.0,40.7,0.3213,0.2925,-0.6081,-0.2457,0.0378,-0.5046,-0.0389,-0.3055
5.4,2.9,4.6,2.2,2.3,19.3,17.7,20.2,26.5,0.1332,0.4324,0.4837,-0.0426,-0.4758,0.0394,0.345,0.4394
5.4,1.3,4.4,3.7,1.1,17.2,14.9,13.2,27.9,-0.2218,-0.0977,0.1481,0.0686,-0.1692,-0.4371,-0.5371,0.6223
5.4,1.1,3.8,2.7,4.7,6.7,12.0,36.4,9.9,-0.4293,0.727,-0.1455,0.0734,-0.409,-0.0775,-0.1861,-0.1793
5.4,2.3,2.9,1.2,4.6,20.2,10.1,17.4,14.5,0.4064,0.8698,-0.2023,0.1298,0.0357,-0.0019,0.0793,-0.0282
5.4,2.5,1.5,2.1,4.8,10.2,9.4,39.1,41.4,0.4717,0.8543,0.0584,-0.0394,0.0808,-0.0431,0.1018,-0.0615
5.4,1.8,3.1,4.8,4.8,14.3,17.4,5.1,29.2,0.265,0.3182,0.3242,-0.2091,0.4774,-0.3479,-0.3047,-0.4711
5.4,2.4,1.7,4.1,3.3,11.1,16.2,23.9,41.3,0.3429,0.6596,-0.166,-0.4002,0.3819,0.218,0.1485,0.1547
5.4,1.7,3.9,3.9,4.2,14.9,11.8,16.3,33.4,-0.1839,0.633,0.1904,-0.2895,-0.5236,0.041,-0.3797,0.0683
5.4,4.7,4.0,2.3,1.7,9.5,4.6,29.5,21.8,0.215,0.953,0.0589,0.1375,-0.0533,0.1086,-0.0031,-0.0121
5.4,3.0,2.4,4.9,2.4,20.9,3.4,32.5,35.1,-0.4567,0.4396,-0.0989,-0.4756,0.0584,-0.3947,-0.0031,-0.4248
5.4,3.6,2.0,1.9,2.4,8.9,4.4,21.9,19.6,-0.0397,0.8895,-0.1704,0.1292,-0.0629,-0.0994,-0.2957,-0.0385
5.4,3.7,4.8,4.7,3.9,6.9,12.0,22.0,32.5,0.0907,0.214,-0.1238,0.021,0.0502,0.3149,0.7825,-0.4121
5.4,4.6,3.3,1.9,3.3,20.7,6.6,35.5,27.7,-0.3578,0.2765,-0.0925,-0.2465,-0.0409,-0.2492,-0.3346,-0.7137
5.4,4.4,4.6,1.9,1.7,12.7,3.9,32.3,38.6,0.4245,0.7094,-0.2455,-0.3191,0.1282,-0.3165,0.0497,-0.1266
5.4,2.8,3.0,2.5,2.8,5.6,11.9,34.6,40.2,-0.426,0.5446,-0.3314,-0.0534,-0.1029,-0.1598,-0.4232,-0.4146
5.4,3.5,3.3,4.0,3.8,5.2,4.8,11.0,30.6,-0.6145,0.2308,0.1207,-0.3795,-0.2649,0.2514,-0.0195,0.5133
5.4,4.1,3.2,4.9,4.7,13.1,14.9,22.7,42.2,0.3203,0.5134,-0.3256,-0.3164,0.4727,0.2112,0.2238,0.2959
5.4,3.5,3.9,3.1,2.5,4.5,17.0,10.9,10.5,-0.581,0.1089,-0.2872,0.129,0.4409,0.2844,-0.0621,0.5105
5.4,2.8,4.8,2.7,1.6,17.2,13.9,42.3,21.7,0.3634,0.0736,0.1259,0.4359,0.253,0.3186,-0.3684,-0.5715
5.4,2.8,4.6,1.9,3.0,17.7,3.4,5.3,15.1,-0.2292,-0.1107,-0.1282,0.0666,0.5083,0.7191,-0.2219,0.2345
5.4,4.1,3.3,2.0,1.1,7.8,2.5,25.5,16.6,-0.2497,0.8791,0.0703,0.1999,0.0046,0.1882,-0.2229,-0.1145
5.4,1.7,2.9,4.7,4.4,2.4,21.8,7.4,14.5,-0.3569,0.1257,-0.3891,0.1316,0.565,0.3815,-0.4403,0.121
5.4,4.0,2.6,4.4,2.2,10.4,20.9,17.1,40.2,0.2424,0.8849,-0.1294,-0.2324,0.02,0.2362,0.0593,0.044
5.4,2.5,4.4,2.4,1.7,20.9,5.1,13.1,33.9,-0.438,0.3957,-0.0929,-0.4422,-0.0844,0.3797,0.0851,0.514
5.4,4.7,3.0,4.8,2.7,14.0,19.8,7.0,36.2,0.0312,0.5854,0.0287,-0.5215,-0.4295,-0.2044,-0.3337,-0.1484
5.4,2.4,1.6,3.3,4.8,9.0,16.0,16.3,17.4,0.1435,0.8514,-0.3953,0.2181,-0.0356,0.1219,0.0831,-0.0678
5.4,1.3,4.2,2.0,1.9,4.3,8.7,8.7,38.3,0.6166,-0.1964,0.0563,-0.1319,-0.0377,-0.0653,-0.2585,-0.6351
5.4,2.2,2.0,2.3,2.6,3.5,14.7,36.1,34.5,0.1308,0.5199,0.1027,-0.469,0.1484,-0.4731,-0.0066,-0.462
5.4,3.7,4.5,3.3,1.2,17.7,9.1,40.8,30.4,-0.1396,0.2222,-0.0051,0.085,0.1038,0.0565,-0.78,-0.5196
5.4,4.8,2.2,2.1,4.5,12.6,20.0,39.8,11.5,0.5056,0.7193,-0.3045,0.0606,-0.3134,0.0679,-0.0336,-0.1131
5.4,3.8,4.7,4.8,4.6,18.4,14.2,28.5,16.7,-0.1222,0.2918,-0.1585,0.5923,-0.5013,-0.0552,0.4983,0.0453
5.4,3.0,1.5,4.6,3.3,17.8,13.7,4.1,25.6,0.2141,0.3069,0.4241,0.0536,0.5328,-0.0176,-0.4241,-0.4458
5.4,4.1,1.5,1.7,4.1,7.4,10.0,31.3,19.7,0.0332,0.9806,0.083,-0.0161,0.0245,0.0011,-0.1353,0.0009
5.4,3.0,4.2,4.4,4.3,19.5,16.4,22.3,33.5,-0.159,0.0499,0.2863,-0.0922,0.3014,0.8107,0.2425,0.0504
5.4,1.3,3.3,5.0,1.7,21.7,2.3,20.4,25.7,-0.1966,0.2313,0.1316,-0.1886,-0.1591,0.1973,0.5274,0.703
5.4,2.4,4.0,4.8,1.5,14.8,3.8,43.2,43.9,0.1858,-0.1776,-0.0852,0.0225,-0.1048,0.359,-0.6547,-0.5631
5.4,4.1,3.4,1.5,3.3,20.8,5.2,42.9,40.3,0.6856,0.3774,-0.27,-0.0005,-0.3353,0.3788,-0.1472,0.022
5.4,3.2,1.5,4.7,2.0,6.6,9.8,4.2,41.1,0.0091,0.4815,-0.0219,-0.0626,-0.115,-0.0003,-0.8595,0.0148
5.4,4.7,4.7,2.4,3.0,16.4,15.1,40.3,7.0,0.2495,0.3242,-0.3685,-0.3097,-0.3963,-0.2881,-0.3207,-0.4864
5.4,4.0,2.4,4.1,3.9,19.7,12.5,37.0,41.3,-0.1723,0.3827,-0.338,-0.2501,-0.34,-0.2506,-0.2858,-0.6007
5.4,4.0,3.0,3.5,3.6,18.1,3.8,35.1,41.0,-0.0128,0.4717,-0.3791,-0.0949,-0.501,-0.1451,0.3774,-0.4201
5.4,1.5,2.7,4.3,1.1,5.0,11.0,7.2,17.6,-0.1636,0.2858,-0.2215,0.438,0.4632,0.1958,-0.5585,-0.2461
5.4,1.0,4.6,4.1,2.1,21.9,18.2,33.6,7.0,-0.3607,0.1278,-0.3459,-0.0334,-0.4342,-0.1137,0.188,-0.6898
5.4,2.8,4.4,1.0,2.0,9.8,11.6,40.0,21.6,0.4947,0.7693,0.0805,0.0499,-0.1232,-0.0113,0.111,0.0198
5.4,4.9,4.1,1.7,4.5,19.5,4.7,20.3,19.1,0.229,0.7958,0.3516,0.0669,-0.3095,-0.0893,0.2536,0.0729
5.4,4.2,4.2,3.1,3.4,12.7,6.6,22.6,27.0,0.7733,0.4428,0.0915,-0.0147,-0.15,0.1107,-0.1655,0.3355
5.4,3.4,3.0,1.4,3.6,15.7,7.3,11.7,35.8,0.2735,0.8931,-0.2814,0.0152,0.12,0.0307,0.084,0.0161
5.4,2.7,4.2,1.3,1.8,15.8,19.2,20.8,42.0,0.4816,0.4717,-0.3886,-0.2379,0.3823,0.2419,0.1428,0.3034
5.4,1.6,3.1,3.8,3.6,15.0,8.8,25.2,43.6,0.0615,-0.0638,0.0242,-0.1984,0.159,0.0838,0.8072,0.4794
5.4,4.2,1.9,4.0,2.4,7.5,15.1,24.3,38.2,-0.7097,0.3342,-0.0829,-0.0158,-0.0028,-0.0478,-0.2306,-0.5344
5.4,2.1,4.8,3.9,3.8,9.8,17.0,34.5,34.1,-0.1449,0.7353,0.1299,-0.2779,0.4841,0.0037,0.2807,-0.0211
5.4,2.5,2.2,4.0,2.1,16.8,18.0,29.1,43.9,-0.0832,-0.1987,-0.2166,-0.0254,-0.1597,-0.5991,0.694,-0.0522
5.4,3.7,4.7,5.0,3.5,10.0,6.0,26.9,40.1,0.2133,0.9367,-0.143,-0.1601,0.0169,-0.1085,-0.0138,-0.0118
5.4,2.7,4.2,2.9,4.7,8.9,2.4,9.2,30.3,0.1136,0.8882,0.2744,0.2342,-0.0582,-0.2089,0.0243,0.0719
5.4,1.6,1.1,3.0,2.4,19.1,10.0,16.3,39.9,0.1666,0.216,-0.0523,-0.2921,-0.1869,0.2868,-0.4338,0.7093
5.4,4.2,4.0,2.8,2.2,8.8,18.2,42.4,6.6,-0.0357,0.9803,0.0144,-0.1022,-0.073,-0.0577,0.0646,0.0002
5.4,4.1,1.0,1.9,4.2,17.1,9.0,31.7,7.3,0.0156,0.014,-0.0283,-0.0962,0.1003,-0.015,0.95,-0.1493
5.4,3.9,3.1,2.1,3.6,16.1,12.8,21.4,39.9,0.5325,0.2806,0.001,-0.4239,0.0494,0.3885,0.0453,0.5271
5.4,4.2,1.4,1.9,4.4,15.5,6.4,13.3,6.8,0.6002,0.4297,-0.5878,0.0415,0.1189,0.2416,0.136,-0.054
5.4,4.8,3.0,2.2,2.4,8.0,18.2,41.1,33.7,0.4608,0.5357,-0.0021,0.0136,-0.0036,-0.0164,-0.4451,0.4601
5.4,3.8,1.4,1.1,1.1,6.0,2.7,18.5,40.1,0.1242,0.9095,-0.1906,0.1018,0.2252,-0.1123,0.1805,0.0352
5.4,4.5,3.0,2.1,4.6,2.7,13.0,43.9,15.1,0.1703,0.4246,-0.4924,0.5233,0.2163,0.3665,0.0938,-0.2334
5.4,3.3,4.8,4.9,4.3,4.6,17.1,36.5,23.1,-0.318,0.4391,0.4032,0.0028,0.4156,0.0056,-0.2284,-0.5472
5.4,4.5,2.9,2.5,2.2,3.0,5.4,30.8,29.1,-0.3264,0.0605,0.175,-0.3126,0.3262,-0.2206,0.2685,-0.715
5.4,1.4,2.7,2.9,4.5,17.2,4.5,37.1,23.4,0.0319,0.6717,0.3729,0.0977,0.4645,0.1142,0.2535,-0.2803
5.4,3.6,3.9,3.9,3.1,18.9,6.2,19.3,16.4,-0.19,0.8271,0.1689,0.1754,-0.1695,-0.1752,0.3479,0.1542
5.4,4.5,2.6,2.8,1.7,12.8,4.5,11.9,32.8,0.1529,-0.1372,0.3847,-0.3557,-0.3407,-0.3462,-0.4412,-0.4525
5.4,5.0,4.0,3.8,4.5,8.4,15.3,30.2,28.7,-0.0775,0.951,0.0642,0.2139,-0.0725,0.1464,-0.0193,-0.0312
5.4,4.1,2.6,1.7,1.3,19.4,12.9,10.9,40.8,0.1399,0.1354,-0.2755,-0.2657,-0.3941,0.0861,-0.7742,0.1494
5.4,3.1,2.7,3.2,1.6,21.2,7.1,37.0,29.8,-0.438,0.4107,-0.026,-0.0838,-0.0259,-0.0838,-0.5164,-0.5773
5.4,1.4,3.2,4.6,4.4,8.3,4.9,6.0,9.1,-0.7051,0.2626,0.0329,-0.0053,-0.0516,-0.013,0.1768,0.5771
5.4,3.8,2.1,1.9,4.1,13.0,15.6,26.5,21.4,0.4947,0.4101,0.0338,0.5643,-0.2374,-0.3169,0.1865,0.2405
5.4,4.4,3.2,4.4,4.9,3.3,19.1,13.7,32.6,-0.3658,0.3319,0.1024,-0.533,-0.3596,0.3249,-0.2145,0.4062
5.4,3.2,2.9,3.4,3.5,6.4,16.7,43.5,7.2,-0.5172,-0.0161,-0.2536,0.0672,0.1051,0.3729,-0.0491,0.6876
5.4,3.1,1.1,1.3,2.3,8.1,12.9,41.9,33.5,0.059,0.9358,0.0432,-0.0693,-0.1511,0.053,0.2252,0.012
5.4,3.6,1.3,2.5,3.0,20.4,20.0,23.2,5.4,0.3372,0.3871,-0.4162,-0.0486,0.5343,-0.1062,0.475,0.1478
5.4,2.9,2.2,3.9,4.3,21.8,11.5,9.8,28.1,-0.2802,-0.0554,0.5901,0.084,0.0835,-0.5291,-0.0906,0.4918
5.4,1.8,4.7,1.7,4.2,11.9,10.4,32.5,39.5,0.7853,0.4977,0.1782,-0.2098,-0.027,0.076,-0.0608,0.1507
5.4,4.3,3.1,1.1,2.9,6.9,7.8,17.9,36.0,0.4977,0.8442,-0.0948,0.0536,0.0422,-0.017,0.0366,-0.0138
5.4,1.8,1.7,1.2,2.0,3.6,21.4,19.9,4.2,0.2653,0.6136,-0.4436,-0.0108,0.4468,0.0079,0.3316,0.1823
5.4,2.7,4.6,3.5,4.9,7.3,14.2,40.4,34.9,0.041,0.7396,0.0201,-0.0926,-0.2517,0.0145,-0.5832,0.0559
5.4,1.3,4.5,2.3,3.7,18.5,17.6,8.2,38.2,0.2108,0.4359,-0.234,-0.4395,-0.4942,-0.0538,-0.4939,-0.0861
5.4,2.3,3.5,1.2,4.1,18.1,3.3,41.4,20.3,0.3517,0.6689,0.3373,0.1191,0.4103,0.0382,-0.3372,-0.0391
5.4,1.1,1.7,3.1,4.8,20.4,19.4,8.4,6.4,0.373,0.3575,-0.3634,-0.2541,-0.5384,0.2515,-0.4111,0.0602
5.4,4.3,2.2,4.5,2.9,14.1,6.0,24.3,11.5,0.206,-0.1702,-0.1678,0.0208,0.0056,-0.4713,0.5516,0.5892
5.4,2.8,4.7,1.6,1.8,12.0,7.2,27.8,33.0,0.3041,-0.2576,0.0717,-0.2427,0.1567,0.0949,0.6014,0.5194
5.4,3.6,3.5,3.0,1.9,17.4,4.2,36.1,14.9,-0.2523,0.3548,-0.0554,0.415,-0.0918,0.4117,-0.1833,-0.6344
5.4,4.8,1.3,1.4,1.0,7.6,15.3,4.8,4.9,0.5192,0.7382,-0.0131,0.0135,-0.0369,0.0474,-0.3412,0.2391
5.4,4.5,1.6,1.6,2.1,18.5,11.6,15.0,32.7,-0.0867,0.5062,0.16,-0.5361,-0.4903,-0.2992,-0.1106,-0.1916
5.4,3.8,2.1,3.2,1.7,5.6,15.6,21.6,18.4,-0.0993,0.646,0.1705,0.1826,-0.3198,-0.1208,0.5805,0.2061
5.4,1.6,2.3,1.8,1.5,17.0,11.7,43.9,25.8,0.1637,-0.0262,0.2229,0.2946,0.3321,0.1103,-0.7509,-0.3363
5.4,3.4,4.7,3.6,4.8,16.0,21.2,18.2,22.0,-0.1601,0.5432,0.2425,0.1218,-0.5093,-0.2921,-0.4455,0.144
5.4,4.5,4.9,2.9,1.6,21.4,3.7,23.5,12.1,-0.0202,0.4558,0.094,0.1194,-0.0397,-0.1957,0.8363,0.0932
5.4,1.6,1.9,4.9,1.7,7.6,3.1,5.9,37.2,-0.4082,-0.1512,-0.2945,-0.1737,-0.1485,0.2969,-0.2955,0.6738
5.4,3.9,4.9,1.7,1.2,14.6,7.6,43.3,38.6,0.6313,0.7459,-0.1157,-0.0312,0.0495,0.0588,0.0413,-0.0273
5.4,3.7,4.0,3.9,5.0,11.1,10.6,22.7,7.8,0.4222,0.3613,0.0565,-0.4869,0.0736,0.4159,0.0568,0.4974
5.4,5.0,2.0,2.2,3.1,17.0,21.4,6.9,23.8,0.5765,0.4352,0.3601,0.13,0.4852,-0.1679,-0.2183,-0.0694
5.4,1.3,4.6,3.2,3.6,4.9,10.4,9.9,22.1,-0.0155,-0.0008,0.0827,0.2947,0.254,-0.1089,-0.8503,0.2986
5.4,3.5,4.9,4.5,3.3,14.6,13.3,25.7,6.6,0.2705,0.1372,-0.3279,-0.3724,0.5237,0.0275,0.5748,0.1941
5.4,3.3,2.3,3.2,3.5,2.2,16.6,4.3,26.9,0.2542,0.3399,0.3801,-0.1493,0.4803,-0.258,-0.522,-0.2667
5.4,1.2,1.0,2.4,4.5,5.1,6.8,42.0,41.4,0.5207,0.3732,-0.3401,0.1688,-0.4452,0.297,-0.1912,-0.2902
5.4,1.6,3.7,3.6,3.6,8.7,2.4,42.2,20.0,-0.2921,0.8985,-0.114,0.1978,0.0928,0.1317,0.0805,0.0141
5.4,2.6,3.1,1.2,3.3,6.9,6.4,30.9,21.5,0.0519,0.6054,0.0323,-0.4206,0.4784,-0.2636,0.2302,-0.2259
5.4,4.0,2.7,1.8,1.7,9.7,17.2,7.7,15.8,0.3272,0.8332,-0.3873,-0.0406,0.1399,0.0956,0.073,0.0426
5.4,4.0,5.0,3.4,4.7,10.5,16.9,33.4,19.1,0.117,0.7485,0.0628,0.3946,-0.4303,0.0302,0.2502,-0.016
5.4,4.1,3.7,4.0,1.2,12.1,15.7,30.2,26.5,0.6882,0.3487,0.2837,0.1866,-0.3837,0.2037,-0.0179,0.2594
5.4,4.3,1.6,4.3,4.7,12.0,12.7,13.9,18.6,0.0099,0.501,-0.0485,0.5557,0.4746,0.1247,-0.4147,-0.0872
5.4,3.5,1.3,4.6,2.1,11.3,9.6,34.9,30.1,-0.1894,0.144,-0.0733,0.318,0.1225,0.544,0.4382,-0.4902
5.4,2.7,1.4,1.7,2.5,13.4,20.1,11.0,18.6,0.2478,0.4702,0.1548,0.539,0.4654,0.1108,-0.3867,-0.0843
5.4,4.4,3.7,4.7,2.3,8.2,18.3,34.8,41.3,-0.3333,0.9276,0.0125,-0.0557,0.0258,-0.0509,-0.1029,-0.041
5.4,4.3,2.0,2.3,1.1,2.2,16.1,32.9,43.7,-0.2929,-0.0391,-0.1348,-0.0925,-0.3558,-0.4059,0.3809,-0.6457
5.4,1.5,1.7,2.3,1.9,7.8,16.7,38.3,23.5,0.0724,0.8504,0.095,-0.0737,0.1085,-0.083,-0.4623,0.0258
5.4,4.3,4.4,4.1,4.1,8.6,11.8,42.4,12.1,-0.037,0.8974,0.0066,-0.2828,-0.2979,-0.0124,-0.0778,-0.001
5.4,3.0,2.3,3.6,1.1,9.5,13.8,33.4,4.2,-0.0034,0.975,0.0237,-0.108,0.1509,-0.0483,0.0253,-0.0094
5.4,4.7,4.8,3.5,3.4,20.5,17.8,35.8,43.6,-0.2995,0.3999,-0.3996,0.0726,-0.4846,0.0455,-0.0777,-0.5612
5.4,3.4,2.8,2.1,1.1,2.8,21.6,12.5,13.2,-0.3453,0.2042,-0.2648,0.3219,0.455,-0.203,-0.1892,0.6054
5.4,1.6,2.8,4.6,2.1,9.5,18.4,20.5,38.9,-0.0932,0.8928,0.072,-0.289,0.0428,0.2758,0.01,0.0874
5.4,2.9,3.7,4.5,2.6,14.9,4.3,43.9,42.1,0.4583,-0.1835,-0.2811,-0.0181,-0.1616,0.4825,-0.3103,-0.5229
5.4,3.3,4.8,2.2,4.7,3.3,3.7,43.8,8.8,0.2494,-0.1349,-0.1696,0.1601,0.0206,0.7695,-0.4849,-0.0445
5.4,4.8,1.2,1.9,4.3,9.7,3.4,34.6,8.2,0.3933,0.855,-0.1841,-0.1778,-0.0498,-0.1911,-0.0168,-0.0433
5.4,4.3,1.6,4.5,1.5,9.1,9.1,39.9,21.2,-0.3127,0.9185,-0.1143,-0.0414,0.0439,0.0262,0.1017,0.0508
5.4,1.9,4.6,1.3,3.5,3.4,4.9,28.3,37.4,0.2635,0.5179,-0.4447,-0.3489,-0.0569,-0.4438,-0.0347,-0.339
5.4,1.7,4.0,2.5,1.3,4.2,18.0,34.2,31.0,-0.3836,0.4717,0.2855,-0.2457,0.3726,-0.2135,-0.1902,-0.4977
5.4,2.5,3.3,1.3,2.2,12.5,16.7,43.3,17.4,0.6006,0.6151,-0.2902,0.3389,-0.0167,0.1392,0.0692,-0.1526
5.4,3.4,2.8,4.8,4.5,13.9,16.5,25.4,39.0,0.2691,0.4787,-0.1923,-0.4898,0.4903,0.1268,0.3533,0.1312
5.4,4.4,1.4,2.5,4.0,4.8,5.8,23.5,5.6,0.2837,0.2365,-0.1571,0.3275,0.2548,-0.5056,0.6098,0.136
5.4,3.3,4.8,1.1,3.4,16.0,17.1,7.1,37.2,0.5721,0.279,-0.0241,-0.5429,-0.1882,-0.3283,-0.1756,-0.3195
5.4,3.2,3.0,4.2,4.6,3.7,13.1,12.0,37.0,-0.0829,0.119,-0.192,-0.5422,-0.3237,0.281,-0.5,0.4414
5.4,4.3,2.8,3.2,2.8,12.9,6.2,11.6,6.8,0.7987,0.3771,-0.3212,-0.0014,0.03,0.1497,0.1227,-0.244
5.4,2.2,2.0,2.6,3.8,2.5,3.7,38.0,28.7,0.0963,0.3964,0.3006,-0.3809,0.3015,-0.3808,-0.1776,-0.5558
5.4,2.5,3.9,2.6,2.9,14.5,18.8,20.5,25.2,0.3911,0.5275,0.4294,0.159,-0.4395,-0.1532,0.0887,0.3439
5.4,3.0,1.8,2.3,4.9,11.0,11.3,32.7,13.5,0.2247,0.7789,-0.5332,0.0837,-0.1029,-0.0816,-0.1423,-0.0211
5.4,1.6,1.0,4.0,4.5,7.0,13.8,37.1,28.7,-0.3997,0.6445,0.1805,-0.2641,0.1955,-0.2605,-0.2879,-0.3415
5.4,2.2,2.8,3.1,3.6,19.9,17.4,9.6,6.9,0.2628,-0.0265,-0.513,-0.1474,-0.3598,0.568,-0.3618,0.2159
5.4,3.2,4.8,3.1,4.6,6.0,4.0,4.8,8.3,0.0523,0.5167,0.1146,0.1637,0.0487,0.2575,-0.7826,-0.0144
5.4,2.5,2.5,2.3,3.0,17.4,5.0,27.7,41.9,0.603,0.0794,-0.5204,-0.086,0.1089,-0.5355,0.0138,0.1194
5.4,1.7,3.8,1.6,2.7,13.1,15.6,29.6,4.5,0.3852,0.3324,-0.3038,-0.4621,0.4729,0.1099,0.4048,0.1291
5.4,2.5,4.9,2.5,4.6,5.8,6.6,20.8,32.3,-0.0538,0.8856,-0.0984,-0.0429,0.0984,0.0429,0.4183,0.0397
5.4,3.3,1.2,3.1,1.8,17.0,3.5,17.8,7.9,0.1372,0.3255,-0.4036,-0.0015,0.4198,0.0039,-0.3046,0.6544
5.4,4.8,2.9,2.4,1.4,9.6,11.9,11.1,38.5,0.2036,0.9625,0.1372,-0.0615,0.0099,-0.0117,0.0166,-0.0055
5.4,4.2,3.4,1.9,1.8,17.1,4.7,33.6,25.0,-0.0658,0.086,0.2004,-0.1653,0.4559,0.1833,0.7878,0.0756
5.4,1.9,3.4,1.6,2.6,11.7,5.0,6.7,15.8,0.2973,0.1926,-0.31,0.5947,0.2812,0.3373,-0.1309,-0.4316
5.4,2.4,4.2,4.5,3.2,11.9,5.6,28.1,35.6,-0.1958,0.7215,-0.1537,-0.4935,0.1553,-0.3009,0.0781,-0.1541
5.4,2.3,1.6,2.5,3.4,9.1,6.1,18.1,19.0,0.1424,0.9077,-0.0049,0.258,0.0586,-0.2611,0.0365,0.0711
5.4,4.5,3.0,1.3,4.5,21.8,9.1,7.1,19.0,0.865,0.3247,-0.1234,0.1657,-0.0089,0.0626,0.0548,-0.2257
5.4,2.1,2.4,3.8,3.4,18.7,9.8,18.0,31.8,-0.2661,0.791,0.2985,0.017,-0.3827,-0.0377,0.0974,0.184
5.4,4.5,3.4,1.6,5.0,4.3,13.3,9.8,7.7,-0.2416,0.2356,-0.4722,-0.1717,0.0874,0.3298,0.2302,0.6694
5.4,4.8,4.2,4.7,3.6,20.4,7.9,4.7,23.2,-0.1252,0.1676,-0.016,0.0088,0.0364,0.0435,-0.7629,-0.5941
5.4,5.0,3.8,3.9,4.5,10.1,9.5,29.8,32.5,-0.0663,0.896,0.3942,0.0432,0.0739,0.0462,-0.082,-0.0431
5.4,2.3,2.5,1.9,1.0,12.2,9.3,9.3,39.6,0.6789,0.7096,0.0862,-0.0507,0.0102,-0.0119,0.0583,-0.0616
5.4,2.1,2.7,2.2,3.6,14.2,15.9,30.6,26.0,0.3673,0.2354,0.5232,0.2889,-0.244,0.51,0.1338,-0.2986
5.4,4.4,3.8,1.9,4.9,19.0,8.7,19.1,21.9,0.5173,0.4094,-0.026,0.0715,0.0634,-0.0798,-0.4303,0.5768
5.4,2.9,4.8,4.5,4.6,12.0,13.9,41.0,41.0,0.2862,0.4543,-0.1614,-0.4829,-0.3387,-0.3562,-0.2222,-0.3671
5.4,3.8,3.6,2.0,4.8,18.3,13.1,32.1,20.3,0.1768,0.3424,0.2098,0.4061,-0.4352,0.1785,0.5808,-0.2398
5.4,1.5,4.0,1.1,1.9,4.6,19.5,43.3,4.7,0.4801,0.4118,-0.3214,0.018,-0.4036,0.2674,-0.4467,0.1985
5.4,1.6,4.6,4.4,4.6,20.1,19.0,41.3,31.5,0.0292,0.0808,0.0396,-0.0567,-0.0048,-0.7153,-0.6439,-0.0986
5.4,4.0,3.1,3.7,1.2,12.9,10.4,17.5,11.1,0.1448,0.0735,0.0989,0.0962,-0.0491,0.6068,-0.6402,0.3391
5.4,4.9,4.7,3.6,3.0,4.0,4.5,26.9,7.0,-0.1634,-0.0922,-0.1843,-0.0388,-0.3148,-0.3157,0.7121,-0.4512
5.4,1.2,1.3,1.6,4.3,13.2,16.4,37.9,32.0,0.3191,0.7791,0.1963,-0.1799,0.3176,-0.1951,0.1618,-0.1885
5.4,1.6,4.6,2.2,3.8,11.5,15.6,14.1,10.7,0.2703,0.3749,-0.697,-0.1439,0.0602,0.4508,0.1304,0.1933
5.4,1.5,4.2,4.7,1.7,6.3,6.8,9.2,26.1,-0.572,-0.2193,0.0572,-0.0802,-0.081,0.0484,-0.2948,0.7101
5.4,4.4,1.4,1.0,2.2,20.3,18.9,14.4,30.4,0.0496,0.6824,0.0779,-0.3346,-0.5314,0.2092,-0.1786,0.1754
5.4,1.9,3.4,3.4,3.4,12.6,14.5,33.9,38.5,0.2311,0.5921,-0.0861,-0.3809,0.3583,-0.3274,0.3201,-0.2833
5.4,4.3,4.6,3.6,1.2,19.6,3.3,41.3,40.5,0.2541,0.0909,-0.2773,0.1895,-0.3447,0.247,-0.3589,-0.6779
5.4,4.9,3.0,2.1,4.3,5.7,19.5,9.2,22.9,-0.3556,0.2492,0.5322,-0.0406,-0.0933,-0.3796,0.2649,0.5317
5.4,4.5,1.9,1.7,2.6,13.3,10.3,17.6,17.8,0.5261,0.3404,-0.1694,0.4641,0.0632,0.3123,-0.0407,-0.4282
5.4,4.7,4.3,3.3,2.4,21.2,11.9,22.9,16.8,-0.0235,0.2247,-0.3465,0.3884,-0.3565,-0.5576,0.1465,0.41
5.4,4.4,4.5,4.4,2.6,19.1,17.3,31.1,35.6,-0.1258,0.351,-0.0593,-0.5884,0.3593,-0.3129,0.3771,-0.3391
5.4,2.9,3.2,1.3,2.4,6.1,11.6,10.4,20.9,-0.4198,0.3689,0.3333,0.1339,-0.1108,-0.1925,0.3466,0.5955
5.4,3.6,4.7,1.8,4.0,4.6,13.8,43.9,6.3,0.2558,0.2659,-0.197,-0.1628,-0.2551,0.2417,-0.5815,0.553
5.4,4.1,1.2,2.2,2.7,18.5,19.9,28.6,32.6,-0.169,0.3258,0.232,-0.4873,0.6036,0.1451,0.3983,-0.0048
5.4,4.9,4.7,4.2,1.1,4.6,13.4,12.9,34.6,-0.5408,0.3281,0.31,-0.3385,-0.4974,0.0547,-0.1561,0.2972
5.4,3.0,2.1,4.9,4.9,11.7,5.8,14.5,11.4,-0.151,0.0517,-0.3169,0.2076,0.4766,0.1836,-0.7391,0.0044
5.4,4.9,2.8,1.7,2.9,8.1,7.3,32.2,19.3,0.2093,0.9721,-0.005,-0.0021,-0.0023,-0.0018,-0.0561,0.0115
5.4,1.6,3.8,5.0,4.6,6.4,6.5,18.9,24.9,-0.6163,0.4021,-0.015,-0.1061,0.0105,0.1051,0.3401,0.5542
5.4,1.2,3.4,4.3,3.6,20.0,2.8,33.8,7.1,-0.2349,0.2084,-0.402,0.0044,-0.5181,-0.0866,0.4468,-0.4949
5.4,2.7,3.1,3.5,2.6,8.0,2.9,33.2,39.5,-0.3172,0.9302,-0.003,0.0027,-0.0041,0.0013,-0.1434,-0.05
5.4,1.2,2.3,2.9,2.7,18.4,13.3,29.9,37.9,0.0903,0.3445,-0.1403,-0.4796,0.4671,-0.1108,0.5938,-0.1207
5.4,1.1,3.3,1.7,2.4,7.1,2.7,41.5,26.4,0.257,0.3512,-0.0618,-0.241,-0.0042,-0.4408,-0.6791,0.2214
5.4,3.8,3.1,3.2,4.3,2.4,13.2,15.8,23.9,-0.2051,0.1478,0.588,0.0737,-0.0132,-0.529,0.1446,0.5118
5.4,1.4,1.5,2.3,4.4,4.6,12.8,5.3,30.5,0.4441,0.4796,0.2512,-0.176,0.3922,-0.3919,-0.3941,0.011
5.4,2.8,2.6,3.4,4.2,20.7,17.8,21.7,24.6,0.1618,0.4749,0.4534,-0.0011,-0.504,0.0338,0.3767,0.357
5.4,4.7,3.6,3.0,2.2,20.6,18.0,8.1,34.7,-0.1354,0.4271,0.167,-0.4502,-0.57,-0.0649,-0.4616,0.0172
5.4,2.3,3.6,2.8,4.8,13.0,6.0,4.2,19.5,0.2569,0.8865,0.1698,0.1042,0.2809,0.0404,-0.1279,-0.0233
5.4,3.1,3.1,4.3,1.0,3.2,19.6,24.1,42.4,0.0063,0.101,-0.0477,0.1129,0.1413,-0.2798,0.8682,0.3153
5.4,3.2,3.8,1.7,4.5,2.6,10.8,31.8,8.7,-0.3834,0.2793,-0.382,-0.1868,-0.0939,-0.2517,-0.2491,-0.66
5.4,2.8,2.1,3.7,4.7,15.0,14.5,4.9,17.4,0.0704,0.4223,-0.3744,0.4902,0.1599,0.4722,0.0325,-0.4098
5.4,2.7,1.3,3.1,2.9,7.6,14.2,24.5,22.2,-0.6655,0.5122,0.1416,-0.0091,0.0063,0.073,-0.2864,-0.3943
5.4,4.9,3.8,1.9,3.4,5.3,20.2,34.5,27.6,-0.1854,0.7409,0.0714,-0.3684,0.1977,-0.3565,-0.179,-0.2453
5.4,3.8,2.7,4.1,2.4,17.8,3.9,22.3,30.6,-0.01,0.1627,-0.0114,-0.1924,-0.0984,0.3865,0.712,0.4963
5.4,3.5,2.1,1.9,2.0,10.0,15.0,17.4,23.0,0.4282,0.8794,-0.0272,0.0889,0.1116,-0.1081,-0.0277,0.0282
5.4,3.8,1.8,1.5,3.9,6.5,17.5,31.7,27.6,-0.0113,0.8887,0.0177,-0.2788,0.3316,-0.0341,-0.0795,-0.0184
5.4,2.9,1.7,3.5,3.9,9.6,16.4,35.2,4.8,0.1777,0.8831,0.0068,-0.2707,0.1756,-0.248,0.0587,-0.0903
5.4,1.8,3.4,4.1,1.6,2.5,14.5,42.6,26.6,0.0811,-0.0508,0.2222,-0.0265,0.3004,-0.3419,-0.8373,0.0587
5.4,2.0,4.3,2.1,2.3,4.4,18.5,33.5,17.8,-0.0238,0.4549,0.2265,0.4907,-0.048,0.4789,0.0365,-0.4983
5.4,2.4,2.9,4.9,2.3,9.4,14.2,41.3,26.0,0.049,0.9157,-0.0118,0.2762,0.1785,0.1667,-0.0407,-0.0461
5.4,4.5,1.3,4.5,2.6,5.1,8.2,11.8,6.9,-0.725,-0.0157,-0.0003,0.0158,0.0052,-0.0104,-0.0188,0.6796
5.4,2.7,2.6,4.2,3.7,8.9,5.4,10.0,9.8,-0.0099,0.958,-0.1229,-0.1858,-0.0123,0.1277,0.0004,0.0237
5.4,1.3,1.5,2.0,2.0,21.0,13.9,35.7,36.7,0.2719,0.4727,0.0227,-0.4284,0.139,-0.444,0.1474,-0.5044
5.4,2.4,2.1,4.3,3.2,20.9,18.1,24.4,31.0,-0.1903,-0.1394,0.2208,0.0292,0.23,0.6499,0.5766,-0.2284
5.4,2.6,1.1,4.0,1.6,21.2,11.9,11.2,36.5,-0.1015,0.2489,0.0497,-0.531,-0.4264,0.1918,-0.5595,0.2915
5.4,1.4,5.0,4.9,2.8,4.2,4.2,11.4,33.4,-0.5906,0.2174,0.1417,-0.4586,-0.3069,0.2736,-0.1428,0.408
5.4,4.2,1.7,4.7,4.9,2.5,12.8,15.2,9.0,-0.5234,0.1755,-0.3518,0.1022,0.5085,0.3888,-0.1513,0.3414
5.4,3.6,3.3,4.4,1.7,3.5,16.8,38.0,42.3,-0.2401,0.3331,-0.3185,0.0908,-0.327,0.0932,-0.4167,-0.6401
5.4,2.9,3.9,4.5,1.2,21.3,16.7,22.8,32.1,-0.013,0.2653,-0.0015,-0.1623,-0.1055,0.2949,0.8592,0.2048
5.4,1.0,4.2,3.4,5.0,16.9,17.3,6.6,36.4,0.0358,0.485,-0.0213,-0.5149,-0.3767,-0.3249,-0.3421,-0.3407
5.4,2.5,3.7,2.2,1.5,17.3,12.3,22.1,11.8,0.0304,0.4053,-0.3256,-0.0976,0.3792,0.0497,0.6933,0.2704
5.4,4.5,1.7,2.2,1.9,18.8,9.3,14.5,23.1,0.0444,0.0889,0.0351,0.1314,0.1286,-0.069,-0.8329,0.4727
5.4,3.0,2.2,1.5,3.4,19.3,6.7,38.9,6.9,0.6726,0.3967,-0.2169,0.205,-0.2169,0.2052,0.1125,-0.4213
5.4,4.0,1.4,1.3,2.9,17.7,7.9,21.7,27.8,0.5338,-0.0246,0.0308,-0.1964,-0.0454,0.2146,0.1454,0.751
5.4,2.5,4.2,1.3,1.0,21.3,18.6,17.7,38.0,0.1565,0.4141,-0.3359,-0.3867,0.1346,0.464,0.1379,0.5097
5.4,2.7,1.6,2.8,1.6,15.4,6.4,29.5,40.3,0.6929,0.1761,-0.4499,-0.0358,-0.009,-0.3392,-0.0836,0.3265
5.4,3.4,1.8,3.1,3.2,19.3,10.0,16.8,8.4,-0.3362,0.2171,-0.3321,-0.19,0.0384,0.2968,0.2519,0.7206
5.4,1.2,4.1,2.0,4.2,9.4,3.2,10.0,4.6,0.2846,0.892,-0.0833,-0.2162,-0.2207,0.0807,-0.0527,0.0174
5.4,2.3,4.7,2.2,2.5,13.4,15.2,19.8,23.9,0.5251,0.4385,0.063,0.3799,-0.0337,-0.3889,-0.087,0.4546
5.4,5.0,4.6,2.4,4.8,5.2,19.8,19.3,40.5,-0.0835,0.774,-0.3207,0.1333,0.3736,-0.1382,0.2364,0.2073
5.4,2.4,3.9,2.5,2.2,11.9,19.7,12.9,42.9,0.6294,0.4733,-0.3542,-0.2296,-0.2296,0.3485,0.0049,-0.0184
5.4,1.0,1.1,1.4,3.2,17.6,6.4,12.0,32.4,0.0279,0.4163,0.0155,-0.4381,-0.4874,0.209,-0.5062,0.2687
5.4,3.4,2.8,5.0,4.4,13.7,15.3,35.1,25.2,-0.1651,0.4046,0.2989,0.2583,0.4447,0.362,0.3594,-0.4063
5.4,3.3,3.5,3.1,3.7,2.2,14.4,8.0,15.2,-0.1355,0.2996,-0.3676,0.5575,0.4569,0.3647,-0.2095,-0.2108
5.4,1.1,2.5,2.1,1.1,15.5,4.9,8.1,18.7,0.1749,0.6289,0.1305,0.4354,0.4386,-0.1812,-0.3307,0.1237
5.4,1.8,3.6,2.9,2.9,7.6,14.7,9.7,27.8,-0.608,0.6691,0.1311,-0.1519,-0.1433,-0.118,0.2214,0.207
5.4,3.8,1.6,4.6,3.5,6.1,18.5,4.5,7.7,0.0704,0.361,-0.0085,0.132,-0.0892,0.243,-0.8733,0.0834
5.4,3.7,1.2,1.7,3.9,9.9,3.7,12.4,7.2,0.4615,0.8089,-0.1274,-0.2208,-0.1248,0.2014,-0.0291,0.0528
5.4,2.5,4.7,3.0,3.5,17.9,3.3,25.1,18.9,0.1878,0.6291,0.1611,0.3972,-0.4787,0.0061,0.3747,0.0065
5.4,1.3,1.2,3.3,4.1,3.3,7.3,13.3,12.0,-0.4094,0.0211,-0.1417,0.3533,0.2821,-0.2407,-0.2804,0.6743
5.4,2.7,1.8,4.3,2.3,6.1,11.5,5.8,16.7,-0.2008,0.3606,-0.267,0.3341,0.5418,0.0654,-0.5716,0.0379
5.4,2.2,1.9,3.5,2.7,15.0,9.3,28.3,36.2,0.5932,0.5152,0.415,-0.249,-0.042,0.1404,-0.1082,0.2507
5.4,1.0,3.4,4.3,4.0,7.0,12.2,34.4,32.7,-0.4179,0.4518,0.1652,-0.4294,0.2777,-0.3735,0.0661,-0.4075
5.4,4.3,3.4,3.2,1.9,11.6,4.5,39.5,37.2,0.1215,0.8415,-0.1132,-0.2991,-0.2558,-0.2482,-0.1134,-0.1092
5.4,2.4,3.3,3.8,3.2,20.0,6.4,14.4,42.0,-0.0634,0.0357,-0.1709,0.1567,0.2609,-0.0866,-0.6798,0.6098
5.4,4.9,4.2,3.0,3.2,2.9,8.0,36.5,6.2,-0.377,0.1282,-0.0069,-0.0158,-0.0042,-0.016,-0.2856,-0.8596
5.4,2.1,1.9,2.4,3.4,14.0,7.1,24.1,43.3,0.7977,0.3209,-0.187,-0.0678,0.1662,-0.2824,-0.0882,0.2765
5.4,2.0,3.1,1.9,1.5,7.9,2.7,26.4,30.2,-0.2438,0.933,0.0293,-0.091,0.1084,-0.0488,-0.1661,-0.0551
5.4,4.6,4.7,3.5,3.7,6.7,2.6,18.8,9.5,-0.2881,0.8756,0.0323,0.1173,-0.0232,-0.117,0.3133,0.12
5.4,2.9,2.2,3.6,3.6,19.2,9.6,10.0,20.6,0.0668,-0.0589,0.0072,0.3998,0.3077,0.088,-0.8078,-0.2197
5.4,2.0,1.1,3.2,3.6,21.7,2.9,38.8,11.6,-0.0024,0.3752,-0.1975,0.3879,-0.2116,0.3947,-0.4172,-0.5218
5.4,1.7,1.5,3.7,2.3,8.8,5.1,6.6,26.1,-0.2252,0.9535,-0.0226,0.0955,0.101,-0.0267,0.0271,0.014
5.4,4.3,4.7,1.1,1.3,11.5,3.3,43.4,35.1,0.6231,0.4206,0.3398,0.1715,-0.0623,-0.4122,0.1187,0.1272
5.4,3.6,3.5,2.5,4.9,14.3,16.7,33.5,43.9,0.2684,0.3211,-0.7027,-0.1036,-0.0676,-0.4761,-0.1553,-0.1697
5.4,4.0,3.0,4.9,2.2,20.6,15.0,30.2,38.4,-0.026,-0.0438,-0.4902,-0.3344,0.3312,-0.4573,0.3105,-0.4323
5.4,2.3,1.4,1.6,2.3,7.3,21.4,27.9,24.1,-0.2505,0.8499,0.1072,-0.2645,0.2343,0.1213,-0.2024,-0.0544
5.4,3.6,4.4,4.2,3.6,2.2,14.0,10.5,37.9,0.0495,0.113,-0.2313,-0.4952,-0.4119,0.1884,-0.6214,0.2742
5.4,4.8,4.5,4.5,3.4,14.0,20.5,41.6,34.9,-0.1081,0.5587,0.13,-0.4922,-0.4168,-0.2938,-0.2772,-0.2162
5.4,3.7,4.4,4.3,4.9,21.2,8.2,10.0,38.6,-0.0059,-0.1695,0.0332,-0.1385,-0.1255,0.0004,-0.9443,0.0133
5.4,4.9,1.8,3.8,4.1,18.5,15.0,20.9,35.2,0.1229,0.3982,-0.0721,-0.4498,-0.027,0.5196,0.2714,0.4919
5.4,2.9,4.8,2.9,1.9,12.7,17.3,28.3,29.8,0.5167,-0.0147,0.4555,0.075,-0.3178,0.5676,0.2069,0.1335
5.4,2.1,3.2,1.9,2.0,4.0,9.5,9.6,13.8,-0.5757,0.5439,-0.2418,-0.0827,0.0824,0.0971,0.3252,0.4055
5.4,4.8,5.0,4.7,1.4,3.5,6.2,17.7,17.3,-0.302,0.8367,0.2592,0.2046,-0.12,-0.1687,0.0872,0.1152
5.4,2.1,1.1,4.4,4.2,20.1,19.3,39.6,6.2,0.1987,0.4361,-0.4624,-0.0542,-0.5233,-0.0264,-0.2542,-0.4403
5.4,3.6,4.8,4.2,3.5,11.5,11.6,15.3,12.8,-0.0726,0.3602,-0.739,0.1168,0.0876,0.4938,0.1591,0.0427
5.4,2.5,2.7,2.4,4.0,13.4,4.8,25.9,25.0,0.6568,0.4775,0.2954,0.2044,-0.3001,0.3194,0.0443,-0.0108
5.4,4.6,1.0,1.3,1.9,15.6,16.8,8.1,23.1,0.5232,0.3335,0.3208,0.3956,0.441,0.1682,-0.2999,-0.1649
5.4,4.4,2.9,2.4,1.2,13.2,2.0,21.5,31.5,0.5468,0.5511,0.3225,-0.0402,-0.3347,0.048,-0.1627,0.3663
5.4,4.4,1.7,2.9,2.8,22.0,11.0,9.1,27.9,-0.2582,-0.0462,0.378,0.1639,0.1196,-0.3448,-0.204,0.7465
5.4,3.5,2.0,2.3,4.5,13.3,5.6,10.1,42.5,0.5788,0.5076,-0.4267,-0.2524,-0.0683,0.3607,0.0347,0.0806
5.4,2.3,3.4,1.1,2.0,5.6,2.8,20.5,36.8,0.3166,0.6759,-0.2798,-0.0343,0.3006,0.0048,0.427,-0.12
5.4,1.7,1.6,1.6,4.9,3.5,10.3,21.7,5.3,-0.0257,0.2439,-0.243,-0.2671,0.2429,0.2672,0.53,0.6136
5.4,2.5,1.7,3.6,1.2,9.3,18.2,34.2,4.3,-0.0471,0.9733,0.0166,-0.1366,0.0637,-0.1256,0.0021,-0.0193
5.4,3.1,4.6,3.9,1.2,17.6,9.4,14.3,11.2,-0.3623,-0.1299,-0.0452,-0.1545,-0.046,0.1147,-0.3483,0.82
5.4,3.1,3.5,2.4,3.8,13.3,10.6,8.5,6.1,0.6662,0.0669,0.119,-0.4521,-0.0708,-0.258,-0.1236,-0.4748
5.4,2.1,4.1,3.9,2.0,11.5,21.4,13.6,32.1,-0.1719,0.2277,0.3327,-0.1818,-0.5322,-0.0745,-0.6218,0.2595
5.4,2.2,2.7,3.7,1.8,11.4,5.8,37.9,23.3,0.4416,0.8214,0.1585,0.0513,0.1788,0.0438,0.1792,-0.1361
5.4,3.2,1.2,3.1,2.3,9.8,20.9,17.2,19.8,0.1373,0.9026,-0.0807,0.2369,0.1764,-0.2292,-0.0479,0.0844
5.4,4.3,4.9,3.3,1.1,18.7,15.5,24.1,22.5,0.1454,0.166,0.3311,0.2054,-0.4133,-0.138,0.5412,0.5418
5.4,1.1,1.5,3.8,5.0,20.1,20.1,10.3,15.2,-0.302,0.2997,-0.3285,0.429,0.5728,0.1896,-0.3861,-0.0297
5.4,1.9,1.4,2.3,3.3,5.3,10.8,8.4,11.8,-0.3622,0.1712,-0.5247,-0.1207,0.0102,0.3622,0.146,0.6147
5.4,2.6,1.0,3.2,3.4,21.9,16.4,36.6,22.1,-0.1671,0.4766,0.3635,0.2387,0.402,0.2456,-0.2231,-0.5102
5.4,1.5,2.7,1.1,1.4,10.9,15.4,7.5,41.4,0.7032,0.6403,0.0983,-0.2302,0.0149,-0.1263,0.0164,-0.0682
5.4,3.4,1.4,2.6,4.9,7.5,13.7,17.5,6.6,-0.1194,0.9641,-0.0265,0.0658,0.1188,-0.0057,0.1654,0.0247
5.4,4.5,2.2,3.4,3.7,11.4,4.0,10.6,10.8,0.6007,0.4546,-0.5164,-0.1812,-0.0269,0.3195,0.1058,-0.0476
5.4,2.6,2.2,1.4,2.9,10.6,4.7,28.8,18.9,0.3877,0.5986,0.1362,0.4952,-0.3627,-0.1584,0.2032,0.0915
5.4,4.1,1.4,2.5,3.4,6.0,15.2,41.9,20.2,0.2409,0.4419,0.1344,0.1493,0.2938,-0.1371,-0.6689,0.3465
5.4,3.0,2.5,4.6,1.2,11.5,20.7,19.5,19.5,-0.0025,0.8255,0.0922,0.3559,-0.1086,-0.3553,-0.0247,0.1693
5.4,1.2,4.9,1.4,1.2,3.9,9.1,25.9,37.0,0.5332,0.8072,0.118,-0.0639,0.0111,0.0005,-0.0184,0.0143
5.4,2.5,3.9,3.0,3.7,2.1,18.0,40.9,37.3,0.1238,0.4809,-0.2112,-0.4056,-0.4275,-0.2383,-0.4534,-0.2748
5.4,1.7,2.0,2.4,4.5,3.5,6.7,42.1,36.9,0.2964,0.7862,-0.1391,-0.1792,-0.3794,0.0764,-0.257,0.0461
5.4,2.1,1.8,1.5,4.5,16.2,5.0,30.9,36.5,0.2713,0.5242,-0.2153,-0.4299,0.3029,-0.379,0.2497,-0.3177
5.4,1.8,4.8,2.1,4.7,5.3,8.6,43.6,39.1,0.0722,-0.0611,-0.0081,-0.1273,-0.1076,-0.0581,-0.797,-0.5099
5.4,3.4,4.6,3.7,1.7,10.6,5.6,35.1,29.8,-0.0903,0.5941,0.072,-0.0272,0.1905,0.0858,0.7027,0.1332
5.4,4.2,2.4,2.9,4.2,2.7,16.0,10.6,33.0,-0.1553,0.4146,0.1575,-0.5335,-0.5653,-0.0262,-0.3922,0.039
5.4,3.1,3.2,4.6,4.3,8.5,16.5,24.2,14.3,-0.1772,0.7338,-0.2561,-0.43,0.0123,-0.3373,-0.0004,-0.2014
5.4,2.6,3.9,3.7,2.6,11.7,12.8,9.7,12.2,0.2384,0.1168,-0.5694,-0.3301,-0.3345,0.5105,-0.2049,0.2443
5.4,4.6,4.1,3.6,2.4,6.0,19.2,21.4,19.8,-0.1073,0.7031,0.268,-0.0497,-0.2948,0.0628,0.5254,0.1962
5.4,1.5,3.9,3.8,1.1,11.4,4.9,20.8,5.2,0.5511,0.6902,-0.1749,-0.032,0.1871,0.0285,-0.2595,0.2608
5.4,3.4,4.9,2.8,2.7,3.5,6.0,23.0,10.7,0.0008,0.337,0.0986,0.0455,-0.048,-0.1511,0.912,0.0245
5.4,3.9,4.1,4.7,1.5,19.1,20.5,27.2,24.3,-0.0201,-0.1752,0.0932,0.035,0.0562,0.3857,0.8827,0.0154
5.4,1.5,1.7,1.5,3.3,17.7,11.5,4.7,32.0,0.573,0.4508,0.1806,0.0689,0.2992,-0.3687,-0.2889,0.3104
5.4,4.9,2.1,3.9,4.1,13.2,5.0,31.8,12.2,-0.1425,0.0385,-0.3183,0.2914,-0.5075,-0.2188,0.6701,0.0818
5.4,3.6,3.8,4.8,1.1,3.0,18.8,13.3,24.8,-0.4416,-0.1722,0.2218,0.018,-0.281,-0.1468,-0.4127,0.6654
5.4,4.7,4.3,2.7,1.3,12.1,5.0,35.9,43.4,0.7467,0.3425,-0.1991,0.0339,-0.0445,-0.1186,-0.1513,0.4086
5.4,3.2,3.9,4.0,3.6,16.5,12.2,24.4,42.1,0.1731,0.1701,-0.2605,-0.361,0.4561,0.1016,0.6566,0.2583
5.4,1.9,3.0,2.1,5.0,6.8,3.2,17.2,27.5,-0.1841,0.6916,0.0919,-0.4027,-0.2293,0.3852,0.1245,0.2923
5.4,2.9,3.5,4.9,4.4,18.5,14.3,23.1,32.1,0.0794,-0.0736,0.2507,-0.0332,-0.0747,0.8353,0.4143,-0.0089
5.4,1.4,2.3,3.2,2.8,3.1,15.8,5.9,9.4,0.2421,0.1449,-0.3002,0.1036,-0.4266,0.4375,-0.6512,-0.1097
5.4,3.4,3.3,3.2,5.0,20.2,12.4,19.0,12.6,-0.0556,0.7556,-0.3508,0.1512,0.4373,-0.1436,0.0207,0.2346
5.4,4.3,2.9,1.1,1.4,19.8,21.3,11.2,6.0,0.2434,-0.1822,-0.4417,0.187,0.2214,0.7462,-0.1809,0.0144
5.4,4.1,2.1,3.7,2.2,6.5,3.2,8.5,21.1,-0.6282,0.0444,0.2081,-0.0516,-0.2249,-0.2915,-0.0124,0.634
5.4,2.9,4.5,2.6,2.4,5.7,11.3,16.0,4.1,-0.5312,0.5314,-0.2173,-0.0755,0.0901,0.0992,0.3917,0.4464
5.4,1.4,3.7,1.1,4.5,2.7,4.6,33.4,11.8,0.1326,0.4739,0.0205,0.371,-0.4467,0.2639,0.4788,-0.3157
5.4,2.8,4.5,4.0,3.5,13.6,4.6,7.4,41.9,0.7209,0.2504,-0.2901,-0.12,-0.32,0.3222,0.0154,-0.2882
5.4,1.1,3.9,4.6,4.2,3.7,13.4,14.7,18.7,-0.1596,0.2495,0.0814,0.5549,0.2927,-0.3571,-0.4208,0.4397
5.4,2.6,4.7,2.7,2.3,2.2,2.7,23.1,20.0,0.2979,0.554,0.3451,0.2348,-0.4881,-0.1003,0.3808,0.1433
5.4,4.4,3.0,2.6,1.9,12.5,21.5,6.4,33.4,0.4742,0.1137,0.5283,-0.0031,0.03,-0.6322,0.0076,-0.2058
5.4,5.0,3.4,3.6,3.3,17.8,4.4,12.5,30.1,-0.2579,0.0448,0.2916,-0.299,-0.5007,0.048,-0.5596,0.411
5.4,3.2,4.6,4.0,3.6,8.3,3.3,26.4,41.1,-0.2954,0.9379,0.0179,-0.0824,0.0808,-0.0175,-0.0685,-0.0268
5.4,2.0,3.4,3.5,4.0,9.6,20.1,30.9,24.8,0.2118,0.8554,0.1858,0.3151,-0.1126,0.2332,0.0316,-0.07
5.4,1.5,1.8,4.1,2.5,20.1,6.1,32.7,34.9,-0.4985,0.533,-0.1299,-0.4123,0.0019,-0.35,-0.0814,-0.3555
5.4,3.9,2.4,4.5,2.0,3.5,10.7,19.0,14.2,-0.2497,0.6063,-0.4017,0.1781,0.3946,-0.1781,0.1617,0.3846
5.4,2.1,2.7,2.3,4.4,17.3,17.2,6.8,16.8,0.1711,0.3735,-0.2269,0.6118,0.2939,0.3762,-0.1647,-0.3672
5.4,4.8,2.8,3.1,5.0,9.1,2.5,25.8,24.3,0.1655,0.9394,0.0345,0.1882,-0.2047,-0.0109,0.0333,0.0029
5.4,4.6,2.1,1.9,1.7,14.6,2.4,21.9,5.3,0.524,0.6146,-0.3158,-0.1957,0.3387,0.1757,-0.0024,0.2325
5.4,1.4,1.1,3.3,3.6,20.9,11.3,22.8,32.8,0.3932,0.1918,0.2073,-0.1307,-0.3913,0.6332,0.3804,0.0298
5.4,1.6,3.6,2.6,2.9,12.0,17.2,17.6,40.9,0.2217,0.0903,-0.0718,0.0262,0.051,0.8216,-0.2808,-0.1839
5.4,1.8,3.7,3.2,2.2,4.8,16.1,14.3,10.1,-0.5636,0.3224,-0.2925,0.0906,0.4516,0.0711,0.067,0.5106
5.4,2.4,3.8,2.9,4.8,20.6,5.8,11.6,17.2,-0.1998,0.5884,0.2976,0.4958,0.0354,-0.3985,-0.0049,0.3206
5.4,4.6,4.5,2.8,3.6,3.3,8.4,40.9,37.7,0.4229,-0.0927,0.0856,-0.1049,-0.0662,-0.1139,-0.2386,-0.8116
5.4,2.6,3.3,2.4,2.9,16.3,21.9,35.8,18.1,0.0416,0.6131,0.2308,0.4339,0.1235,0.4474,-0.1191,-0.3614
5.4,2.8,4.2,3.8,3.8,18.7,14.9,34.7,27.3,-0.3402,0.3997,0.3817,0.0469,0.539,0.1359,0.0497,-0.4908
5.4,2.6,4.6,2.2,3.2,10.5,20.5,40.2,32.3,0.6008,0.665,0.2254,-0.0777,0.2943,-0.148,-0.0645,-0.0566
5.4,2.5,4.9,2.7,3.3,17.5,15.4,16.1,23.7,0.131,0.1305,0.4734,0.1477,0.0994,-0.6494,-0.1221,0.497
5.4,2.1,1.2,1.7,2.6,18.3,12.4,37.1,8.9,-0.055,0.4537,-0.3933,-0.1796,-0.4241,-0.175,-0.3638,-0.4863
5.4,1.3,1.8,1.0,4.9,8.3,16.0,33.8,16.3,0.2764,0.9168,0.2091,-0.0338,0.1007,0.0072,-0.1072,0.0058
5.4,3.8,4.8,3.6,2.8,11.6,17.2,42.5,29.6,0.5863,0.4337,0.3288,0.1568,0.4879,-0.1923,-0.1396,-0.111
5.4,4.9,4.0,4.4,3.4,21.0,2.7,42.9,7.2,0.0184,-0.0661,-0.072,0.045,-0.0059,0.4905,-0.8432,0.0224
5.4,2.3,3.8,2.6,2.6,2.7,21.0,17.3,11.4,-0.1657,0.3547,-0.2192,0.3776,0.2655,-0.3744,0.1497,0.6393
5.4,4.6,2.4,1.8,5.0,17.1,9.5,19.3,6.4,0.4442,0.2213,-0.0025,-0.2061,-0.0828,0.2329,-0.2515,0.7491
5.4,1.6,3.7,2.5,3.9,10.1,18.3,21.2,9.2,0.3459,0.8038,-0.2704,-0.1593,0.3004,0.1412,0.0551,0.1067
5.4,2.4,2.2,5.0,4.2,16.7,5.3,12.1,4.1,0.4109,-0.0641,-0.5769,-0.0642,-0.0762,0.5937,-0.0749,-0.3242
5.4,3.0,2.1,3.0,1.2,7.7,5.8,26.2,43.3,-0.604,0.7232,-0.0245,0.0504,-0.0465,0.0319,-0.2208,-0.1953
5.4,2.2,3.6,2.2,2.9,3.8,18.5,23.5,23.0,0.3005,0.4048,0.3815,0.0729,-0.5027,0.1265,0.5533,0.0419
5.4,3.7,1.5,3.1,5.0,15.1,5.6,39.2,12.1,0.3533,0.3557,-0.3249,0.3214,-0.3255,0.3222,-0.0393,-0.5531
5.4,4.6,3.9,2.6,1.7,3.0,5.9,43.3,35.6,-0.0025,0.6,0.1239,-0.3727,-0.4718,0.2175,-0.336,0.2431
5.4,2.5,2.3,4.0,1.1,20.9,15.8,7.7,12.4,-0.0951,-0.1488,-0.084,-0.0431,0.0617,0.4558,-0.7937,0.3196
5.4,3.6,1.4,3.4,1.9,7.4,14.6,11.0,20.8,-0.5822,0.7483,0.1304,-0.0687,-0.0179,-0.0773,0.1963,0.1514
5.4,1.8,4.2,2.8,1.5,20.8,12.7,4.6,7.4,-0.0028,0.2346,-0.216,-0.1325,-0.2883,-0.0643,-0.825,-0.3177
5.4,4.0,1.7,1.3,3.5,4.0,9.0,35.5,5.0,-0.2071,0.0932,-0.0579,-0.0662,-0.0257,-0.0762,-0.3137,-0.8916
5.4,2.0,1.2,2.0,2.0,21.8,6.8,10.9,21.8,0.2709,-0.1084,0.5612,-0.2206,-0.236,-0.5717,-0.1527,-0.2959
5.4,2.8,2.0,1.5,1.2,9.2,20.8,9.1,11.6,0.3753,0.9147,-0.033,-0.0757,-0.0461,0.0657,0.0014,0.0037
5.4,2.2,1.8,2.1,1.6,16.7,5.6,33.8,33.9,-0.1181,0.3257,0.0566,-0.4553,0.1807,-0.4373,0.054,-0.642
5.4,4.0,2.9,3.1,1.1,18.9,10.7,16.8,22.6,0.0074,0.0388,0.1454,0.2032,0.1567,-0.2284,-0.4102,0.8157
5.4,5.0,1.3,4.4,3.0,21.5,18.4,20.8,11.6,-0.284,0.4877,-0.0741,0.2849,0.0854,-0.2888,0.5079,0.4799
5.4,1.2,4.2,4.7,3.8,19.4,4.7,23.5,17.8,-0.1306,0.7064,-0.032,0.369,-0.4595,-0.0742,0.3264,0.0771
5.4,4.7,3.5,1.9,1.5,15.9,13.6,4.9,23.5,0.6555,0.2494,0.0028,0.3538,0.051,0.3135,0.0184,-0.5155
5.4,4.8,2.0,4.3,2.8,4.4,13.7,40.8,6.8,0.0292,0.3829,-0.2363,0.0915,-0.3395,0.211,-0.7541,-0.1865
5.4,1.8,2.2,2.7,2.1,4.4,18.7,4.7,10.3,0.135,0.1875,-0.0683,0.2305,-0.1644,0.4739,-0.7883,-0.076
5.4,4.6,2.4,3.8,3.3,14.0,11.9,26.6,6.9,0.3275,0.2408,-0.2905,-0.4603,0.5103,0.0994,0.4665,0.1777
5.4,3.6,3.9,3.7,3.9,9.3,13.2,8.3,22.8,0.1777,0.8928,-0.2111,0.2882,-0.0011,0.1628,0.0036,-0.0543
5.4,1.4,4.6,3.6,3.5,8.6,2.4,11.0,18.8,-0.3121,0.9049,-0.1191,0.1848,0.0673,0.1019,0.0624,0.0116
5.4,4.0,2.5,2.9,1.4,10.7,7.7,10.8,22.8,0.3766,0.9185,0.0493,0.0061,-0.0098,-0.0069,0.0128,-0.0053
5.4,2.5,2.6,2.6,2.2,14.1,10.0,13.1,21.2,0.3132,-0.0738,-0.0208,0.4252,0.2025,0.236,-0.4907,-0.5765
5.4,3.4,5.0,2.7,5.0,8.4,19.9,34.4,5.3,0.0555,0.9829,-0.0124,-0.096,0.0443,-0.0858,-0.0522,-0.0057
5.4,2.4,3.5,1.3,2.4,15.3,8.9,30.7,34.3,0.177,0.9586,0.0885,-0.0278,0.0281,-0.0032,-0.0902,0.0082
5.4,1.8,2.1,1.8,2.4,15.7,17.2,33.6,19.4,0.3355,0.5657,0.1045,0.3449,-0.3103,0.3512,0.2984,-0.3333
5.4,2.9,2.3,2.1,2.7,4.6,14.5,27.8,37.3,0.1067,0.2572,-0.2004,-0.4306,0.3596,-0.2765,0.5332,-0.4237
5.4,3.3,3.5,1.2,1.1,12.6,21.7,33.2,20.0,0.5072,0.6451,0.1985,0.286,-0.2011,0.3305,0.0999,-0.1623
5.4,4.7,4.2,2.3,2.3,3.3,13.7,31.4,5.5,-0.233,0.0085,-0.3998,-0.1928,0.0835,-0.3418,0.1262,-0.7676
5.4,2.3,2.2,1.4,2.4,11.6,20.2,29.6,29.0,0.6237,0.4741,0.4811,0.1317,0.0684,0.3218,-0.0844,-0.05
5.4,4.9,1.2,1.6,4.8,20.4,7.8,32.2,26.5,0.0224,0.194,0.0493,-0.3424,0.318,-0.2509,0.4902,-0.6179
5.4,2.3,1.3,4.0,4.6,21.2,17.6,42.5,35.1,-0.1333,0.4624,0.1267,-0.4483,-0.4771,-0.2307,-0.4424,-0.2125
5.4,4.7,4.9,3.8,1.3,16.3,5.7,8.6,43.0,0.3692,-0.2096,-0.1021,0.0061,-0.0116,0.2492,-0.4403,-0.7216
5.4,4.8,1.2,2.7,1.4,4.0,5.9,17.1,38.8,-0.2594,0.4558,-0.4312,-0.0382,0.535,0.0807,-0.2376,0.3847
5.4,3.8,4.9,2.5,1.4,17.2,12.7,7.8,11.4,0.1288,0.1845,-0.2819,-0.1551,-0.3947,0.0776,-0.817,0.0254
5.4,1.8,3.4,2.2,2.9,3.4,16.7,4.5,10.3,0.3245,0.3995,-0.3176,0.2008,-0.4166,0.3552,-0.5269,-0.0851
5.4,3.1,4.6,4.7,2.8,6.1,9.7,16.8,34.8,-0.4258,0.2919,-0.0851,-0.3677,0.0016,0.3413,0.1184,0.6507
5.4,3.0,3.3,3.3,2.3,20.2,4.2,7.3,32.8,-0.336,0.1393,0.3604,-0.1396,-0.5987,-0.2342,-0.4377,0.2957
5.4,2.3,4.0,3.9,2.2,16.4,17.0,14.0,43.3,-0.17,0.0197,-0.1822,-0.0961,0.3098,0.5411,-0.5976,0.393
5.4,4.4,3.6,2.4,1.0,10.9,10.0,17.6,36.9,0.2918,0.926,0.1885,-0.0514,-0.0078,-0.0072,0.0363,-0.0104
5.4,2.2,4.0,2.3,1.1,14.7,5.7,30.2,40.9,0.7328,0.0966,-0.3595,0.0659,-0.0501,-0.2508,-0.0352,0.4409
5.4,1.3,1.4,2.5,2.4,17.7,14.5,18.2,33.2,0.1114,0.6201,0.3279,-0.3265,-0.3519,0.3275,-0.0449,0.3724
5.4,4.0,3.6,3.1,2.6,10.7,7.9,9.5,31.5,0.6627,-0.1576,0.0166,-0.0124,-0.0031,-0.0101,-0.202,-0.612
5.4,4.3,3.0,2.8,4.6,9.0,2.2,17.8,34.4,0.27,0.8134,0.3258,-0.268,0.0129,-0.1582,0.0905,-0.107
5.4,1.1,1.0,3.5,1.1,21.3,12.6,8.3,7.1,0.0446,-0.1255,-0.2129,0.0141,-0.2494,0.4244,-0.8051,0.1748
5.4,1.7,4.2,3.5,3.8,5.3,17.4,28.8,8.0,-0.3902,-0.1214,-0.3927,0.1126,-0.2678,-0.5808,0.239,-0.4234
5.4,4.0,4.0,1.6,2.7,11.7,9.7,26.2,41.1,0.6826,0.7169,0.0739,-0.0551,-0.0062,0.0073,-0.0233,0.0246
5.4,1.2,2.4,1.7,2.4,2.9,2.6,32.2,4.3,0.274,0.1367,-0.6556,-0.0635,-0.0334,-0.6264,-0.1083,-0.2171
5.4,4.1,2.5,2.1,3.0,10.3,4.7,29.6,23.4,0.4096,0.8408,0.155,0.2156,-0.0633,0.1976,0.0136,-0.0461
5.4,4.2,4.3,4.7,1.3,6.5,12.0,35.6,24.8,-0.6393,0.6411,0.0586,0.0017,0.0873,0.0231,-0.2773,-0.2841
5.4,3.9,2.1,3.3,3.4,18.3,7.4,28.7,20.8,0.7587,0.0474,0.3219,-0.1103,0.0498,0.1694,-0.0056,0.4673
5.4,2.8,3.6,1.9,2.8,8.5,12.2,38.1,9.0,0.3192,0.9216,0.0119,-0.0096,0.0113,-0.0093,-0.1663,0.0612
5.4,1.6,3.7,3.1,5.0,13.8,11.8,36.3,39.7,0.2481,0.4214,-0.0772,-0.3755,0.2462,-0.3875,0.3387,-0.5085
5.4,1.3,1.7,2.0,3.5,7.2,3.9,24.5,36.0,0.1967,0.5886,-0.0411,-0.3006,0.4008,-0.2055,0.4804,-0.2496
5.4,3.6,1.6,4.0,4.1,7.8,5.6,30.5,31.6,-0.3748,0.9125,0.0112,0.0084,0.0045,0.0067,-0.1133,-0.0481
5.4,3.6,2.4,4.2,4.1,7.4,11.0,23.8,34.4,-0.6021,0.1876,-0.0792,-0.2276,0.0095,-0.1877,-0.1014,-0.6668
5.4,4.4,4.0,4.7,4.8,9.8,8.0,38.9,16.2,-0.2376,0.3815,0.1317,0.1741,-0.2232,-0.2011,0.033,0.5859
5.4,4.8,4.9,2.0,2.5,2.2,21.7,40.1,34.9,0.0633,0.6958,-0.2745,-0.203,-0.2643,-0.2133,-0.4857,-0.1241
5.4,1.3,4.7,1.2,3.0,12.8,19.2,7.4,13.4,0.3916,0.2719,-0.6592,0.0886,0.2262,0.4286,0.2653,0.0389
5.4,3.1,1.7,4.4,2.6,14.8,3.6,42.0,35.5,-0.143,0.5249,0.1507,-0.4785,-0.4781,-0.1796,-0.3804,-0.1284
5.4,5.0,2.8,2.6,3.9,8.2,19.5,8.9,33.5,-0.0406,0.9818,0.1143,0.0171,-0.0467,-0.019,0.0939,0.0107
5.4,3.5,1.8,2.0,1.2,9.5,11.7,13.1,27.4,0.3224,0.9228,-0.0492,0.1508,0.0262,0.0901,-0.0025,-0.0127
5.4,2.3,3.1,2.7,2.9,5.2,5.6,22.9,30.6,0.0664,0.2922,-0.0824,0.087,0.128,0.3274,0.8185,-0.2723
5.4,3.4,4.0,1.2,3.5,2.4,14.7,23.2,22.1,0.1719,0.4047,0.3477,0.1914,-0.4271,-0.0859,0.6459,0.1454
5.4,2.8,4.7,1.2,1.0,13.4,2.5,35.0,43.4,0.739,0.1885,-0.3626,-0.004,-0.0148,-0.4191,-0.0438,0.2345
5.4,2.6,1.1,3.6,3.5,5.6,5.3,40.4,31.5,0.0648,0.3128,-0.1395,-0.0494,-0.0338,-0.3257,-0.8377,0.1543
5.4,4.9,1.0,2.6,4.0,21.9,8.1,35.0,23.7,-0.4364,0.1902,-0.0342,-0.1893,0.0167,-0.1778,-0.2231,-0.7755
5.4,4.9,2.5,4.1,4.4,14.7,18.6,18.4,5.4,-0.0819,0.5328,-0.2406,-0.3087,0.3987,0.3779,-0.3441,0.3397
5.4,2.5,3.2,3.6,3.6,11.5,7.8,4.3,14.9,0.1352,0.5127,-0.0253,-0.0488,0.051,0.0691,-0.79,0.2246
5.4,1.7,4.1,3.1,1.9,12.1,3.5,30.3,42.2,0.649,0.1659,-0.4079,-0.091,0.1548,-0.4363,-0.025,0.3316
5.4,4.0,1.5,2.8,3.4,14.7,3.1,40.1,21.6,0.3547,0.6239,0.2857,0.3221,0.3755,0.2595,-0.1873,-0.201
5.4,3.5,3.1,4.9,3.2,4.2,2.8,35.7,30.3,-0.4784,0.4501,0.0538,-0.2699,0.0585,-0.2689,-0.3432,-0.5321
5.4,1.9,2.3,2.5,1.0,19.8,7.7,34.0,19.7,0.015,0.518,0.0593,-0.0728,0.1798,0.0177,0.7814,-0.0062
5.4,3.1,4.3,4.6,2.5,4.0,11.0,5.0,19.5,-0.0387,0.22,0.0609,0.2898,0.2888,0.1557,-0.7531,-0.418
5.4,2.4,2.8,1.4,2.6,11.0,19.2,35.7,14.1,0.0279,0.404,0.0144,0.3276,-0.4651,-0.1475,0.5337,0.2582
5.4,3.6,3.4,2.5,3.4,19.5,16.8,14.5,16.4,0.0277,0.5203,-0.0335,0.463,0.3901,-0.3453,-0.3189,0.3531
5.4,2.3,1.6,2.7,2.8,17.4,16.0,29.2,40.0,0.2867,0.2966,-0.3466,-0.4027,0.468,-0.2632,0.4276,-0.2226
5.4,3.8,2.5,3.7,2.2,9.6,18.5,22.3,17.8,-0.0252,0.8153,-0.4565,0.215,0.0221,-0.1966,-0.1308,0.0578
5.4,3.7,3.6,2.3,2.0,18.2,5.3,17.7,29.5,-0.0132,0.1354,0.1333,-0.2938,-0.1771,0.2923,-0.0531,0.8558
5.4,4.9,4.7,4.5,2.1,5.8,4.7,38.9,14.7,-0.2777,0.7461,0.0639,0.098,0.0537,0.1022,-0.5272,-0.2082
5.4,4.6,1.3,2.8,2.6,17.6,19.1,41.6,29.6,0.3478,0.1469,0.2476,-0.2499,0.3586,-0.4755,-0.432,-0.3988
5.4,1.7,2.1,2.8,2.6,21.0,11.8,11.9,17.0,-0.0616,0.4094,-0.0697,0.5211,0.5179,0.0374,-0.5108,-0.0362
5.4,3.5,2.5,1.3,3.8,3.2,11.5,30.5,9.3,-0.3166,0.5377,-0.4641,-0.0322,-0.1559,-0.1803,-0.3993,-0.3923
5.4,4.4,3.0,4.0,2.9,8.0,10.0,25.5,26.2,-0.4402,0.8722,-0.044,0.0022,-0.0044,-0.0054,-0.1474,-0.0784
5.4,2.2,1.6,3.5,3.9,2.2,16.8,26.0,24.4,0.3249,0.1089,0.4165,0.1797,-0.5202,0.3592,0.4964,-0.0915
5.4,4.5,3.3,4.0,1.7,19.7,21.5,38.9,7.1,-0.158,0.1718,-0.1423,0.2159,-0.1536,0.2209,-0.4004,-0.7874
5.4,4.7,4.7,1.6,1.3,3.8,2.1,32.8,14.3,-0.2291,0.5739,-0.0168,0.4657,-0.2247,0.4202,-0.0869,-0.3876
5.4,1.5,3.5,4.2,1.2,6.9,7.1,12.6,30.7,-0.8129,0.3573,-0.0138,-0.05,-0.0015,0.0383,0.1741,0.4078
5.4,4.0,2.9,4.2,5.0,5.8,9.8,16.9,38.0,-0.6124,0.5066,-0.2066,-0.1325,0.0788,0.1182,0.2986,0.4298
5.4,2.6,4.4,4.3,1.1,15.5,9.4,15.1,22.5,0.0686,0.1765,-0.0358,0.1171,0.1253,-0.0625,-0.8555,0.4198
5.4,2.0,2.8,4.6,2.7,4.2,18.0,17.8,37.5,-0.2762,0.4566,-0.2781,-0.3533,0.3088,0.3628,0.0631,0.5116
5.4,1.6,1.2,2.2,4.1,5.3,16.9,16.4,15.8,-0.0252,0.5119,-0.0047,0.4981,0.2329,-0.4577,-0.1121,0.4468
5.4,1.2,1.4,4.3,3.0,12.1,7.2,7.0,37.3,0.118,0.8375,-0.0845,-0.3636,-0.2621,0.1926,-0.0801,0.0644
5.4,1.1,4.4,4.6,3.3,3.9,15.4,30.5,6.1,-0.2784,-0.188,-0.4097,0.0005,-0.0615,-0.6412,0.358,-0.3961
5.4,2.4,1.6,1.6,3.8,14.6,16.9,18.9,19.3,0.4904,0.5691,-0.0293,0.3368,0.1553,-0.3801,-0.1326,0.3502
5.4,3.7,1.9,1.0,1.4,8.0,19.8,41.6,35.5,0.3503,0.5204,0.341,-0.0737,-0.4112,0.0927,0.0423,0.3924
5.4,4.1,3.9,1.6,4.7,14.8,20.5,23.7,40.2,0.4576,0.6551,-0.3105,-0.134,0.4086,0.0152,0.2489,0.0283
5.4,3.5,2.7,4.5,3.9,5.2,11.5,28.1,10.7,-0.625,0.0946,-0.4309,0.144,-0.175,-0.4303,-0.0358,-0.3996
5.4,3.9,4.6,3.9,4.2,17.6,10.0,21.0,12.0,-0.0617,0.698,-0.2625,-0.0859,0.3167,0.0593,0.5316,0.1739
5.4,4.9,4.7,4.5,1.2,17.7,15.0,22.4,6.1,0.004,0.1745,-0.343,-0.0797,0.3702,0.0699,0.3198,0.7639
5.4,3.9,4.9,1.4,3.9,5.9,5.9,14.0,21.2,0.0223,0.4934,0.0537,-0.4178,-0.5512,0.1582,-0.3953,0.1992
5.4,4.7,4.4,3.9,3.5,8.2,6.3,11.3,11.9,-0.2068,0.9685,-0.0479,-0.0344,0.0166,0.0245,0.0601,0.0156
5.4,4.0,3.9,3.0,3.0,2.6,2.9,22.8,18.0,0.0518,0.6241,0.1445,0.3538,-0.4511,-0.1607,0.4385,0.1579
5.4,3.7,3.3,2.0,4.6,7.9,14.1,24.4,28.9,-0.2963,0.8373,0.0287,-0.0563,0.0607,0.0481,-0.3774,-0.1491
5.4,3.5,1.6,3.1,2.7,21.1,12.2,23.0,39.9,0.0607,0.3165,-0.241,-0.2544,0.3922,0.1149,0.7169,0.26
5.4,1.3,2.7,2.5,4.4,18.5,13.9,10.1,15.5,0.1228,0.3507,-0.4061,0.6198,0.2601,0.3573,-0.0927,-0.3035
5.4,1.4,4.1,1.5,3.5,13.3,11.7,41.2,31.4,0.434,0.7259,0.1904,-0.02,0.2814,-0.144,-0.3256,0.1196
5.4,1.4,1.7,1.7,4.6,12.3,11.5,29.2,5.1,0.5028,0.1712,-0.0302,-0.5853,0.2361,0.308,0.2655,0.3579
5.4,3.7,2.5,1.2,2.9,11.6,10.9,28.1,42.9,0.7708,0.5982,0.1054,-0.1379,-0.0218,0.0435,-0.0253,0.0492
5.4,5.0,1.8,2.4,2.4,15.4,14.7,19.5,10.1,0.0979,0.5191,-0.4677,-0.162,0.4528,0.1655,-0.0595,0.4734
5.4,1.5,2.8,1.0,4.7,7.6,7.6,18.0,33.5,0.3654,0.9175,-0.0744,0.0279,0.0387,-0.0091,0.0815,-0.0279
5.4,2.9,3.9,2.4,2.5,2.4,14.2,9.7,20.4,0.1331,0.2078,0.2318,0.4085,0.4433,-0.0906,-0.6946,0.1285
5.4,4.0,4.1,2.5,4.4,14.0,15.1,18.9,16.8,0.3374,0.7397,-0.1863,0.2448,0.2767,-0.2573,-0.1811,0.2384
5.4,1.7,4.1,3.6,2.5,16.9,6.1,36.2,25.9,0.1726,0.0933,0.1405,-0.157,0.1452,-0.1563,0.1937,-0.897
5.4,1.3,4.8,2.8,3.1,4.0,3.0,4.5,4.1,0.3576,0.4787,-0.4457,-0.0036,-0.5251,0.0632,-0.2805,-0.2805
5.4,1.5,4.4,4.0,2.6,14.3,14.5,35.9,33.6,-0.0445,0.6159,0.3585,-0.2963,0.3942,-0.2878,0.0888,-0.3658
5.4,3.3,2.4,4.3,4.4,17.5,19.9,4.2,18.1,-0.0369,0.5661,0.0456,0.4542,0.3234,0.3769,-0.2959,-0.3487
5.4,3.6,3.3,3.1,3.8,3.8,6.4,37.4,28.0,-0.3406,0.4726,-0.0623,-0.1737,-0.0618,-0.1736,-0.5757,-0.4898
5.4,3.9,4.2,2.6,4.7,15.6,19.7,36.0,29.9,0.0879,0.6072,0.3001,-0.2323,0.4737,-0.2023,0.26,-0.3485
5.4,1.1,3.2,4.6,2.6,10.8,16.6,43.6,25.9,0.5126,0.398,0.3404,0.2731,0.5187,-0.1565,-0.0948,-0.2249
5.4,2.8,3.8,4.5,1.5,2.2,18.4,8.1,15.8,-0.4675,0.17,-0.403,0.2095,0.5742,0.2371,-0.3367,0.171
5.4,1.8,2.6,4.5,4.4,4.2,2.4,21.7,39.3,0.0943,0.5244,-0.4342,-0.1306,0.5023,0.1002,0.2606,0.3997
5.4,2.6,4.7,2.8,1.8,21.4,3.7,24.4,8.4,0.0429,0.0323,0.0505,0.118,-0.0031,-0.3489,0.9123,0.0319
5.4,1.4,4.9,2.0,1.8,8.5,5.7,25.0,27.1,-0.1275,0.975,0.0053,-0.0106,0.0152,-0.0077,-0.113,-0.0189
5.4,1.6,1.9,4.4,3.2,8.7,18.8,10.6,5.7,-0.3225,0.9143,0.0371,-0.15,-0.1367,0.0217,0.02,0.0186
5.4,3.4,4.9,1.7,2.4,7.0,4.1,31.7,37.8,-0.018,0.8288,-0.3988,0.2653,-0.0779,-0.1193,-0.1978,4.5138e-05
5.4,4.4,4.2,5.0,2.7,20.6,20.5,13.5,14.4,-0.5773,0.198,-0.1477,0.4165,0.2931,-0.2732,-0.1073,0.4962
5.4,4.9,4.4,3.0,4.8,20.8,12.1,29.5,7.0,-0.2819,0.0343,-0.4176,-0.2939,0.0891,-0.3275,0.1476,-0.7035
5.4,4.5,3.3,4.6,4.8,6.4,12.9,4.1,27.6,0.0138,0.6453,0.0963,-0.157,0.1437,-0.192,-0.6932,-0.0535
5.4,1.8,1.7,4.9,3.3,18.6,17.6,4.7,29.1,0.0938,0.1645,0.1446,-0.2342,0.3008,-0.4003,-0.6192,-0.4893
5.4,3.9,1.8,1.3,3.8,9.2,3.1,34.3,22.5,0.4875,0.8509,0.0407,0.0925,-0.1145,0.086,0.0079,-0.0089
5.4,2.4,1.5,1.9,4.7,16.1,21.0,34.4,37.1,0.2382,0.5124,-0.1871,-0.4458,0.216,-0.4373,0.1824,-0.3913
5.4,3.9,2.3,2.6,4.3,11.1,21.9,14.8,21.4,0.3183,0.7526,0.1893,0.3603,0.166,-0.3186,-0.0693,0.1412
5.4,3.6,4.6,4.4,4.6,3.2,5.4,31.1,17.5,-0.1912,0.6859,0.4071,0.407,0.0493,0.2999,-0.033,-0.2182
5.4,3.9,2.7,2.4,4.9,17.0,16.6,22.5,20.9,0.2408,0.4327,0.2366,0.4338,-0.322,-0.3757,0.3208,0.3821
5.4,2.7,1.8,1.8,2.9,17.3,18.2,19.3,13.6,0.3685,0.5902,-0.3127,0.3189,0.3161,-0.3199,0.0445,0.3149
5.4,3.1,4.8,2.6,1.4,10.3,13.2,14.5,28.0,0.4222,0.7307,0.0895,0.3797,0.2471,0.1988,-0.0705,-0.097
5.4,4.6,3.5,4.6,1.1,13.5,5.0,9.2,36.2,-0.2475,0.5441,0.1787,-0.475,-0.4766,0.0954,-0.3039,0.0998
5.4,2.8,2.4,3.9,3.0,2.1,12.7,28.3,4.3,0.0522,0.0101,-0.3483,-0.3824,0.3877,-0.2818,0.5737,-0.3931
5.4,3.0,4.2,1.3,4.4,20.6,6.3,42.6,24.8,0.7435,0.0381,0.1001,-0.137,0.1286,-0.4103,-0.0839,-0.4214
5.4,4.3,1.7,3.6,1.1,20.1,20.4,32.3,9.9,-0.4269,-0.0394,-0.2717,0.091,-0.3441,0.0217,0.2998,-0.7087
5.4,4.2,1.5,2.0,3.5,20.2,12.7,9.6,43.3,0.1348,0.0864,-0.3823,-0.2482,-0.267,0.3932,-0.3815,0.6033
5.4,3.9,3.9,1.8,2.8,5.3,15.4,37.9,19.2,-0.0887,0.6957,0.3414,0.0963,0.2745,0.1273,-0.4748,-0.2158
5.4,2.5,3.8,3.8,1.3,10.1,3.6,21.4,6.3,0.2371,0.9445,-0.0872,-0.0913,0.1206,0.0806,-0.0358,0.0293
5.4,3.6,2.5,1.4,3.6,8.1,20.4,38.4,10.6,0.3992,0.9009,0.0299,0.0191,0.0291,0.0194,-0.1163,0.0513
5.4,2.6,1.7,1.7,2.7,4.0,20.4,30.7,26.3,-0.3543,0.2491,0.3233,-0.3086,0.6133,0.3851,0.0616,-0.2268
5.4,4.5,2.8,2.6,1.8,21.4,16.4,6.6,25.8,0.1648,0.2718,0.2245,-0.1348,0.3083,-0.3499,-0.7703,0.0336
5.4,4.1,4.8,3.4,3.3,20.1,21.4,10.9,15.0,-0.3162,0.3365,-0.1543,0.5133,0.4501,-0.2665,-0.2724,0.3659
5.4,1.5,3.7,1.4,4.3,8.4,8.8,5.1,6.8,-0.0641,0.0779,-0.0195,-0.043,0.0105,0.0458,0.2719,0.8946
5.4,3.9,3.1,1.2,3.3,10.0,16.8,31.3,24.9,0.563,0.7471,0.1354,0.2028,-0.2277,-0.0081,0.0571,0.0015
5.4,3.2,1.5,4.5,1.1,14.5,11.1,11.7,38.1,0.0374,0.3298,-0.0011,-0.5052,-0.4578,-0.147,-0.5894,-0.1632
5.4,4.4,1.2,3.7,3.9,20.9,18.6,28.0,17.5,-0.0622,0.342,-0.0116,0.5643,-0.45,0.1969,0.4787,-0.2635
5.4,1.7,4.0,1.2,4.1,12.0,21.4,25.6,35.4,0.409,0.384,-0.0293,-0.5791,0.2813,0.3142,0.2164,0.2966
5.4,4.1,4.5,2.8,3.9,15.3,2.8,4.6,24.3,0.5503,0.5479,0.3633,0.0619,0.449,-0.0235,-0.1133,-0.1856
5.4,2.9,3.7,4.0,3.5,14.6,8.2,31.4,7.3,-0.0005,0.0069,0.0178,-0.074,0.0771,-0.0228,0.9376,-0.2831
5.4,4.3,2.7,4.1,2.7,7.6,6.3,39.3,32.5,0.1218,0.7537,-0.0136,0.0082,-0.0009,-0.0208,-0.5994,0.1195
5.4,3.5,3.5,3.1,1.1,8.5,7.8,17.6,25.5,-0.1541,0.9795,0.002,0.0007,-0.0012,-0.0006,0.09,0.015
5.4,4.2,3.4,3.5,3.4,6.2,12.0,36.1,39.4,-0.4174,0.7674,-0.1165,-0.0234,-0.1799,-0.0388,-0.3527,-0.2189
5.4,2.7,2.3,1.6,3.8,2.4,21.6,9.0,19.9,0.3322,0.4707,0.2428,0.3612,0.3841,-0.3076,-0.367,0.2966
5.4,2.8,3.2,4.3,1.8,4.3,6.2,32.3,7.6,-0.6192,0.0352,-0.043,0.1412,-0.0755,0.1176,-0.0073,-0.7476
5.4,3.9,2.9,1.4,2.2,18.8,11.5,43.0,6.4,0.1117,0.0547,-0.2125,-0.2507,-0.2899,-0.1433,-0.7542,-0.4079
5.4,1.2,2.0,1.7,1.9,13.7,10.1,29.1,32.4,-0.3522,0.3181,0.4745,0.2069,0.0798,0.2802,-0.1744,-0.5617
5.4,1.9,4.5,1.8,1.2,2.4,8.0,12.9,12.4,-0.4536,0.0353,0.0122,0.0249,0.0007,-0.0227,0.0577,0.878
5.4,2.8,2.5,4.8,4.4,11.1,9.3,28.6,37.6,0.5655,0.5817,0.4067,-0.2359,-0.0614,0.1315,-0.1144,0.222
5.4,3.9,4.1,4.8,2.7,15.2,13.2,26.7,5.1,0.2798,0.1107,-0.3282,-0.3921,0.5319,0.0043,0.5567,0.1893
5.4,1.9,3.7,4.3,2.1,3.6,20.3,6.1,12.1,-0.047,-0.0861,-0.0117,-0.0383,0.0535,0.4269,-0.8565,0.2419
5.4,3.2,2.3,4.3,3.6,18.9,19.0,21.2,8.2,0.1886,0.2622,-0.3917,0.1754,0.4513,-0.2114,0.3452,0.5712
5.4,2.1,4.3,1.3,5.0,16.1,5.9,13.8,17.3,0.0215,0.7145,0.4637,0.215,-0.2176,-0.2654,0.2007,0.222
5.4,3.4,4.7,1.2,2.5,11.5,9.9,40.1,6.3,0.7076,0.6943,0.0315,-0.0286,0.0213,-0.0211,0.0444,-0.0451
5.4,1.3,1.0,4.3,1.5,3.8,17.6,8.2,41.3,0.0482,-0.1802,-0.1966,0.0017,-0.2122,0.546,-0.746,0.044
5.4,3.3,2.3,3.1,2.8,4.3,17.0,10.1,18.2,-0.0305,0.2669,0.1358,0.5502,0.3557,-0.3065,-0.4521,0.4091
5.4,3.4,5.0,3.7,1.3,16.2,6.5,28.0,34.1,-0.3979,-0.0602,0.1726,-0.2952,0.2936,-0.1739,0.3895,-0.6279
5.4,1.5,4.5,4.4,4.0,3.8,14.5,41.9,26.5,0.1729,0.2169,0.3191,0.0138,0.4696,-0.2965,-0.6872,-0.0994
5.4,2.3,4.8,3.5,4.9,18.3,7.6,27.9,23.4,0.1923,-0.2708,0.0063,-0.0088,0.0065,0.006,0.7649,0.5124
5.4,4.9,3.7,1.3,4.8,10.4,9.3,39.0,31.9,0.2083,0.8546,0.22,-0.0185,0.1811,0.0029,-0.2924,-0.0013
5.4,1.0,2.8,4.4,3.4,16.7,2.5,5.9,27.1,0.2139,0.0591,0.1891,-0.1585,0.335,-0.4604,-0.4961,-0.5503
5.4,1.8,3.4,1.3,1.3,18.8,15.5,17.1,10.7,-0.1428,0.4226,-0.3376,-0.0925,0.5244,0.1169,0.2679,0.5442
5.4,4.0,2.8,4.7,3.2,12.8,15.5,27.2,21.6,0.3438,0.5022,0.2185,0.4955,-0.4888,-0.0281,0.2706,0.058
5.4,2.2,3.2,4.6,1.8,10.7,6.9,29.1,33.8,-0.4345,-0.0383,0.1514,-0.3501,0.2743,-0.2067,0.3639,-0.574
5.4,1.3,3.8,1.9,4.4,9.5,8.7,38.6,25.9,0.4502,0.8796,-0.025,0.0115,-0.0127,0.0046,-0.0069,0.0068
5.4,4.3,1.0,2.1,3.5,9.2,11.7,32.3,39.9,0.3152,0.9217,0.1368,-0.135,-0.0156,0.0568,-0.0178,0.0172
5.4,2.8,2.0,2.2,4.8,3.5,11.1,43.0,25.7,0.2068,0.474,0.207,0.1336,0.3483,-0.1,-0.6919,0.1856
5.4,2.7,4.1,4.2,2.5,15.3,4.9,5.8,21.5,0.6763,0.4135,0.2578,0.0829,0.408,-0.1508,0.033,-0.2919
5.4,2.1,2.8,2.0,1.4,14.2,17.2,34.3,21.5,0.54,0.4079,0.2702,0.1499,-0.3512,0.4835,0.173,-0.1511
5.4,3.7,3.5,3.4,3.2,20.9,15.1,32.0,38.9,-0.078,0.1187,-0.4769,-0.3431,0.1566,-0.4453,0.1378,-0.5987
5.4,1.1,5.0,3.8,3.1,4.1,4.9,21.3,18.0,-0.1084,0.8211,0.21,0.2128,-0.3128,-0.189,0.2156,0.1566
5.4,4.6,4.8,3.7,4.5,3.4,7.5,34.8,33.0,-0.2474,0.941,-0.0263,-0.0115,-0.0145,-0.0097,-0.1557,-0.047
5.4,3.2,4.6,2.0,1.9,12.4,5.1,6.9,13.3,0.7694,0.0909,-0.2674,-0.0596,-0.1058,0.4563,0.0264,-0.2853
5.4,2.8,2.9,1.9,3.8,14.1,11.6,35.5,10.8,-0.0077,0.4063,-0.6154,-0.0309,-0.1806,-0.4033,-0.3588,-0.3119
5.4,4.4,3.1,1.2,4.3,18.8,19.2,33.6,22.2,0.1807,0.4195,0.5705,0.2262,0.1761,0.4069,-0.1953,-0.3906
5.4,1.4,3.0,4.3,3.5,5.0,5.9,13.1,19.6,0.2433,0.0309,0.6508,-0.0889,-0.0904,-0.5761,-0.0121,-0.3144
5.4,1.4,2.9,1.0,3.5,18.8,18.4,43.8,16.1,0.4676,0.3459,-0.1503,0.5887,0.1895,0.3175,-0.0871,-0.3504
5.4,1.6,3.4,2.6,2.9,18.4,18.4,34.2,7.9,-0.2143,0.3419,-0.3345,-0.0953,-0.5827,-0.2518,0.2802,-0.457
5.4,4.1,1.8,4.9,1.6,8.6,7.6,35.1,33.1,-0.2771,0.9489,0.0349,0.0253,0.0294,0.0238,-0.0523,-0.019
5.4,4.9,4.4,4.1,2.6,2.8,3.4,31.5,36.0,-0.1466,0.4374,-0.3676,-0.5416,0.0993,-0.4019,0.0903,-0.3851
5.4,2.1,1.6,4.4,4.8,20.1,4.1,22.3,7.6,0.2493,0.2912,-0.3953,0.1908,0.4573,-0.2244,0.2272,0.5764
5.4,1.1,3.8,4.0,1.4,12.2,7.6,41.3,36.5,-0.0354,0.96,-0.0362,-0.1245,-0.0386,0.0971,-0.0041,0.0096
5.4,4.1,2.5,4.9,2.0,15.2,18.3,37.8,13.6,-0.0754,0.2452,-0.2598,0.3064,-0.2768,0.3121,-0.1686,-0.7395
5.4,1.8,3.2,1.2,4.3,4.1,9.0,14.4,41.9,0.0858,0.0651,-0.0467,-0.0911,-0.0484,0.0985,-0.4438,0.8458
5.4,2.1,3.2,3.7,1.9,16.2,6.4,22.6,28.9,0.035,-0.0166,-0.0268,-0.0629,-0.0359,0.2304,0.7467,0.5966
5.4,4.7,4.1,4.4,2.8,14.9,7.0,6.8,29.9,0.0074,-0.0225,0.0911,-0.0244,-0.1255,-0.1527,-0.8583,-0.4334
5.4,3.7,1.8,1.3,4.3,21.4,19.4,7.9,23.3,0.4393,0.2983,0.2834,0.2028,0.2784,-0.4053,-0.3138,0.4855
5.4,4.6,1.5,3.6,1.5,8.5,19.6,37.7,16.9,-0.1235,0.9662,-0.1335,-0.0241,-0.0571,-0.0118,-0.1255,-0.0229
5.4,2.0,3.2,4.6,4.5,8.9,5.1,29.4,17.9,-0.2757,0.803,-0.0644,0.3835,-0.3081,0.1029,0.073,-0.0507
5.4,4.9,4.8,3.4,2.4,6.3,13.3,12.6,35.2,-0.5867,0.4528,-0.2795,-0.3069,0.0627,0.2346,0.1584,0.4174
5.4,2.7,3.5,4.0,2.0,15.0,14.2,40.3,7.1,0.2826,0.2158,-0.3716,-0.2371,-0.4753,-0.1544,-0.3514,-0.5326
5.4,1.7,2.4,4.1,4.2,7.2,12.5,41.9,19.5,0.0699,0.2617,0.0594,0.2379,0.2753,-0.1141,-0.7957,0.315
5.4,4.4,2.2,2.7,2.6,5.2,13.5,20.3,30.3,-0.0834,0.7429,0.2021,-0.285,-0.1995,0.2842,0.3768,0.2075
5.4,1.4,4.9,1.8,3.2,3.0,9.7,6.6,43.9,0.0143,0.2308,-0.067,-0.1292,-0.1758,0.0096,-0.9323,-0.0107
5.4,1.9,2.4,2.5,4.0,21.4,18.5,17.5,19.0,0.0001,0.4506,0.26,0.4611,-0.0413,-0.477,0.041,0.5192
5.4,4.4,3.9,4.0,1.5,7.3,17.5,13.4,19.8,-0.6236,0.7264,0.0744,-0.0801,-0.0723,-0.07,0.1715,0.1485
5.4,2.4,1.6,3.9,4.2,8.2,13.4,24.6,26.4,-0.4804,0.8311,-0.0382,0.0623,-0.0518,-0.0504,-0.174,-0.1078
5.4,2.2,1.8,4.0,3.0,9.8,14.7,19.8,36.3,0.3421,0.7287,0.1816,-0.1448,-0.3455,0.2653,0.1702,0.0188
5.4,2.2,3.2,4.3,1.8,17.4,7.0,30.3,40.7,-0.0118,0.0323,-0.1011,0.0681,-0.1555,-0.0283,0.953,-0.1016
5.4,1.3,2.7,3.4,2.0,15.2,10.0,16.1,21.6,0.2197,0.3923,-0.0342,0.2102,0.2186,-0.179,-0.6459,0.4848
5.4,3.1,5.0,2.7,4.4,5.2,12.2,13.9,27.8,-0.4368,0.606,0.481,-0.0886,-0.0784,-0.1804,0.2929,0.2497
5.4,1.3,4.9,3.1,2.5,14.8,7.5,24.8,42.1,0.6029,-0.1161,-0.0554,0.0191,-0.0247,-0.0514,0.1623,0.7398
5.4,1.7,4.6,2.9,3.8,2.9,7.9,35.4,6.7,-0.1405,-0.0147,-0.0021,-0.0128,0.0013,-0.0128,0.1236,-0.9704
5.4,1.8,1.6,4.2,4.2,14.3,6.7,7.0,9.0,0.3677,-0.1524,-0.1568,0.0367,-0.1547,0.4839,-0.3841,-0.6254
5.4,3.0,2.8,1.9,4.7,14.1,11.8,17.2,8.4,0.1744,0.2742,-0.3983,-0.3426,-0.0139,0.4917,0.0211,0.5959
5.4,1.8,4.2,2.8,2.7,21.8,12.4,38.6,6.7,-0.1502,0.3739,-0.2669,-0.1579,-0.2754,-0.1525,-0.6028,-0.5063
5.4,4.6,2.4,1.5,1.4,15.8,6.1,11.8,35.2,0.0646,0.3534,-0.0319,-0.4445,-0.3727,0.3206,-0.4347,0.4486
5.4,4.4,3.8,4.9,3.9,13.6,5.3,21.7,40.1,0.5548,0.6664,-0.2237,-0.0684,0.3152,-0.0002,-0.1355,0.2267
5.4,3.7,2.2,4.5,1.6,6.3,12.6,34.0,16.0,-0.607,0.5423,0.0554,0.2952,0.0036,0.2711,-0.184,-0.3566
5.4,1.4,4.5,2.2,4.0,21.0,8.6,4.9,4.5,0.5959,-0.0312,0.0696,-0.1117,-0.0338,-0.0846,-0.0649,-0.7703
5.4,2.1,2.0,4.0,2.9,5.3,16.5,4.8,6.6,0.1007,0.2647,-0.241,0.1233,-0.3633,0.2869,-0.7706,-0.1701
5.4,1.2,1.5,3.6,3.5,3.2,8.7,31.9,32.0,-0.6362,0.6446,0.1695,0.1038,0.0633,0.0756,-0.2014,-0.2389
5.4,1.6,4.4,3.7,4.3,11.7,14.9,19.6,19.2,0.2114,0.6559,-0.157,0.3933,0.1788,-0.3944,-0.171,0.3381
5.4,3.1,1.9,2.9,1.3,13.2,13.5,19.9,35.3,0.2861,0.6805,0.3295,-0.2469,-0.3433,0.2535,-0.0536,0.2857
5.4,2.5,2.7,1.6,1.9,7.7,3.3,20.6,8.8,0.3232,0.8562,0.0633,0.0674,-0.0575,-0.0726,0.3395,-0.1212
5.4,1.8,1.2,4.8,2.2,6.7,3.3,38.6,39.2,-0.0797,0.4373,-0.2063,0.1625,-0.2914,0.2113,-0.6775,-0.3321
5.4,2.3,2.6,4.3,2.7,19.8,9.9,19.5,17.6,0.3889,0.3912,-0.1548,0.2956,0.3211,-0.3997,-0.0913,0.5233
5.4,3.8,3.7,2.8,4.8,8.4,4.7,31.5,4.2,0.0209,0.9827,-0.039,-0.111,0.0327,-0.0891,-0.0451,-0.0086
5.4,2.7,1.2,4.0,2.3,12.9,3.9,20.5,13.3,0.2852,0.2169,-0.2922,0.2704,0.3561,-0.3014,0.1479,0.6732
5.4,4.1,1.5,4.0,4.8,18.6,5.7,27.2,8.1,0.0822,-0.2876,-0.3321,0.0382,-0.1001,-0.6727,0.5285,0.1724
5.4,4.6,3.6,1.4,4.6,7.4,19.6,43.6,33.9,0.0239,0.6176,-0.183,-0.4011,0.0658,0.4258,0.2131,0.3424
5.4,1.5,1.5,3.8,4.3,19.3,21.6,26.5,9.3,0.1749,-0.1933,-0.3266,0.0278,0.1365,-0.7283,0.4884,0.1089
5.4,3.9,3.8,2.4,1.3,9.3,7.5,27.3,16.0,0.3568,0.907,-0.14,0.0013,-0.0355,-0.0149,-0.0106,0.0001
5.4,2.4,1.8,4.6,1.3,2.5,3.6,22.5,17.2,-0.3317,0.4752,-0.2605,0.2579,-0.5093,-0.2634,0.397,0.127
5.4,3.2,1.2,1.5,3.6,4.6,18.2,17.9,34.2,0.0948,0.5186,-0.217,-0.4452,0.1132,0.4711,0.2048,0.425
5.4,1.0,3.9,1.8,2.6,12.2,17.9,16.0,43.7,0.4736,0.0937,-0.4467,-0.0078,-0.0305,0.7115,-0.0334,-0.058
5.4,4.3,1.5,3.6,2.0,14.3,20.6,25.1,28.4,0.5928,0.0107,0.2897,0.0048,-0.3475,0.3859,0.1661,0.4882
5.4,3.9,4.1,1.1,1.1,6.6,4.3,36.2,19.0,0.2753,0.9035,0.2448,-0.0939,0.0947,-0.008,-0.1368,0.0153
5.4,2.5,2.4,2.2,3.2,9.6,19.5,21.2,19.8,0.262,0.8865,-0.1945,0.2193,0.043,-0.1635,-0.0824,0.0709
5.4,4.0,1.7,4.7,2.1,6.3,10.9,6.2,12.7,-0.1242,-0.1034,-0.0965,-0.0206,-0.0148,0.3959,-0.6187,0.639
5.4,2.4,4.0,4.1,1.0,16.3,6.5,29.0,11.0,-0.0738,-0.1311,-0.1086,0.0647,-0.1515,-0.01,0.889,-0.3546
5.4,4.1,4.5,3.6,1.9,5.8,2.9,13.5,8.6,-0.717,0.4156,-0.1044,0.1773,0.1735,-0.1183,0.1901,0.426
5.4,3.6,3.9,3.4,3.6,10.5,6.0,18.2,18.8,0.0924,0.9452,0.19,0.1132,-0.1408,-0.1169,0.058,0.0379
5.4,1.1,2.1,4.5,1.7,7.6,16.9,22.9,14.8,-0.3351,-0.1023,-0.1434,-0.1317,-0.2289,-0.3473,0.4738,-0.6336
5.4,3.6,1.7,2.9,2.6,2.7,16.3,43.9,24.6,0.2517,0.0245,0.3867,0.0412,0.4327,-0.4334,-0.5987,0.1455
5.4,5.0,3.3,4.9,2.1,16.4,10.2,30.4,10.9,-0.1794,-0.1378,-0.36,-0.3198,0.2696,-0.2983,0.4451,-0.574
5.4,3.7,4.0,2.4,3.0,8.4,7.3,10.7,19.4,0.0124,0.9932,0.0248,0.0064,-0.0104,-0.006,0.0617,0.0003
5.4,3.2,2.3,3.9,1.7,10.6,14.8,19.5,13.8,0.2154,0.7572,-0.3694,-0.1027,0.3764,0.101,-0.1115,0.2318
5.4,4.0,4.3,4.8,2.5,18.7,19.5,5.1,8.9,0.0538,0.0942,-0.1119,0.2063,-0.2062,0.3129,-0.6898,-0.5516
5.4,4.3,2.8,2.7,2.0,12.2,11.3,29.3,10.7,0.3626,0.2799,-0.2998,-0.4598,0.4975,0.0865,0.4336,0.132
5.4,3.6,1.4,2.2,4.0,15.5,16.3,18.4,7.0,-0.0768,0.4669,-0.181,-0.224,0.5738,0.4087,-0.156,0.3754
5.4,4.6,3.2,4.3,3.4,18.3,5.7,37.6,34.2,-0.2436,0.727,-0.1621,-0.265,-0.1663,-0.2655,-0.3549,-0.257
5.4,4.2,4.6,4.1,1.6,14.0,3.0,43.5,27.9,0.5273,-0.1042,0.1844,-0.0432,0.2451,-0.328,-0.2505,-0.6388
5.4,3.2,1.6,3.4,2.6,20.0,19.9,33.6,30.4,-0.3162,0.3202,0.3172,-0.2974,0.418,-0.2492,0.0718,-0.586
5.4,1.3,2.8,3.9,3.7,20.1,18.6,22.1,14.1,0.0666,0.3196,-0.0028,0.3158,0.1702,-0.5234,0.5603,0.3935
5.4,4.2,4.2,2.6,3.8,20.6,12.1,14.4,21.8,-0.1029,0.0887,0.2803,0.3455,0.1194,-0.3438,-0.2483,0.75
5.4,4.9,2.4,3.3,1.4,14.9,15.1,4.3,6.1,0.4384,0.4103,-0.2775,-0.3164,-0.3186,-0.2936,0.057,-0.5104
5.4,2.0,3.9,3.6,1.3,10.3,7.3,4.8,21.9,0.2945,0.9445,0.0062,0.029,0.0551,-0.0196,0.0454,-0.0159
5.4,1.2,3.2,4.1,1.5,10.4,10.2,6.6,13.8,0.1052,0.3239,-0.1762,-0.3985,-0.4929,0.0144,-0.6468,-0.0402
5.4,1.7,2.2,4.5,3.3,17.1,21.0,31.4,7.0,-0.2363,0.0028,-0.3131,-0.0377,-0.4442,-0.4143,0.6468,-0.1834
5.4,3.6,2.7,3.4,3.0,17.6,7.0,21.1,43.0,0.3711,-0.0125,-0.067,0.1334,0.0995,-0.1618,0.1349,0.8662
5.4,4.2,4.5,2.0,1.1,8.2,8.6,15.3,31.5,0.0528,0.9928,0.0002,0.0001,-0.0001,-2.6262e-05,0.0628,-0.0027
5.4,3.4,2.0,2.3,3.4,6.9,14.8,12.9,13.1,-0.2313,0.8402,-0.0446,0.3088,0.2181,-0.2335,0.1171,0.1313
5.4,4.6,1.8,4.2,3.9,19.1,17.1,15.4,26.8,-0.3848,0.2091,0.3763,-0.0448,-0.5662,-0.1741,-0.2895,0.4588
5.4,3.9,3.5,2.6,2.9,16.5,12.4,8.4,20.0,0.4553,0.1197,-0.0654,0.5801,0.1974,0.3217,-0.2756,-0.4445
5.4,2.1,4.4,2.9,1.5,2.2,19.7,28.3,25.2,-0.0804,-0.1753,0.136,-0.0147,0.1397,0.5327,0.7357,-0.272
5.4,2.3,2.8,2.3,3.3,19.1,21.7,28.4,15.5,-0.1107,0.4394,-0.0985,0.4976,-0.5372,0.1464,0.4156,-0.1832
5.4,4.8,2.2,1.8,4.6,9.3,21.8,16.1,29.6,0.3896,0.8947,0.1761,0.0098,-0.0841,-0.0327,0.0269,0.0055
5.4,1.9,1.5,3.8,1.4,19.1,17.8,43.1,33.3,-0.3358,-0.0299,0.355,-0.0272,-0.4522,-0.4803,-0.4887,0.2062
5.4,4.9,1.7,1.9,1.6,12.0,18.7,24.2,32.0,0.6407,0.6207,0.2156,0.113,-0.3002,0.1927,0.026,0.0417
5.4,3.9,3.9,1.4,1.0,2.5,2.3,7.4,40.2,0.4588,0.3945,-0.377,-0.0685,-0.4906,0.2099,-0.4233,0.0491
5.4,3.9,1.9,4.7,3.6,18.0,18.1,4.6,19.7,0.1375,0.5081,0.1986,0.4153,0.4144,0.2967,-0.3811,-0.3042
5.4,4.8,4.2,3.8,2.3,11.1,9.4,8.3,29.5,0.7049,0.2351,-0.2273,0.3085,-0.0172,0.1903,0.043,-0.4616
5.4,1.6,1.6,4.1,1.6,15.3,9.8,13.0,25.4,-0.0213,0.014,0.0892,0.2565,0.2234,-0.1562,-0.74,0.5309
5.4,1.9,4.3,1.1,4.6,11.4,3.4,18.9,14.4,0.31,0.7222,0.0249,0.1394,0.3333,-0.1556,-0.4058,0.1782
5.4,1.9,1.6,4.0,4.4,14.0,15.1,38.2,11.7,0.1157,0.5667,-0.4759,0.1041,-0.4765,0.1045,-0.0242,-0.4135
5.4,2.6,3.2,4.8,3.5,5.3,20.3,15.1,27.9,-0.6326,0.277,0.18,-0.2577,-0.2497,0.208,0.0809,0.5483
5.4,1.1,4.5,3.6,3.1,14.7,16.3,21.8,16.9,-0.1179,0.0003,-0.3678,0.1329,-0.1477,-0.83,-0.0862,-0.0641
5.4,2.8,1.1,4.6,1.4,16.0,18.5,17.7,37.4,-0.2534,0.1983,-0.0542,-0.4194,0.0771,0.5465,-0.176,0.0999
5.4,4.2,4.3,3.0,1.8,21.8,7.1,12.0,31.6,-0.6928,0.1705,-0.0351,-0.1199,-0.0124,0.0961,0.1325,0.6493
5.4,2.4,2.9,3.7,1.1,10.4,9.0,33.4,18.2,0.0663,0.974,-0.1627,-0.0084,-0.0157,-0.0082,-0.0214,0.0002
5.4,4.3,3.4,1.1,4.1,13.3,9.0,6.0,42.6,0.8342,0.5293,0.0373,-0.039,0.0033,-0.0084,0.0472,-0.0798
5.4,4.2,2.8,3.4,4.3,5.1,8.9,14.9,17.9,-0.142,0.0385,0.0321,0.3299,0.1672,-0.2519,-0.4254,0.7434
5.4,2.8,4.2,1.1,2.7,17.0,19.4,22.1,4.0,0.411,0.5131,-0.4166,-0.1734,0.4438,0.1426,0.3308,0.1504
5.4,1.9,3.4,2.6,1.1,12.8,12.4,15.5,10.1,0.2123,0.199,-0.103,0.0805,-0.1539,0.592,-0.6215,0.3346
5.4,4.1,2.2,2.2,4.7,7.1,19.0,31.2,8.9,-0.1734,0.9276,-0.0376,0.1784,-0.1966,0.0685,-0.1401,-0.0483
5.4,3.8,4.8,1.5,2.7,20.7,14.9,4.1,34.3,0.6493,0.2106,0.0409,-0.3213,0.1436,-0.5458,-0.2725,-0.0226
5.4,4.8,2.0,4.4,2.1,14.3,20.9,25.8,41.0,0.6558,0.3952,-0.2873,-0.2119,0.4133,-0.1688,-0.0044,0.2346
5.4,2.9,1.7,2.7,2.8,7.6,4.7,34.1,12.4,-0.2161,0.9446,0.0513,0.0617,0.0315,0.0588,-0.1924,-0.0504
5.4,2.3,2.9,1.2,1.6,6.2,10.8,26.7,30.4,-0.374,0.7461,0.1981,-0.0123,0.0713,0.0466,-0.4113,-0.238
5.4,2.4,1.8,1.8,4.9,9.8,13.8,18.0,40.7,0.4096,0.8257,-0.0746,-0.1558,-0.2719,0.1292,-0.1139,0.0566
5.4,3.2,3.4,2.3,5.0,8.0,3.0,4.4,27.9,0.4302,0.7305,-0.0157,-0.0054,-0.0089,-0.0131,-0.4463,0.2643
5.4,3.3,1.8,2.5,4.0,20.4,12.4,36.5,21.6,0.0015,0.2698,0.3595,0.3202,0.0794,0.4441,-0.2107,-0.6457
5.4,4.7,1.5,3.2,4.1,18.1,9.8,17.0,26.4,-0.3173,0.2262,0.358,0.2612,-0.0334,-0.3156,0.1822,0.6987
5.4,4.4,4.1,4.3,1.5,15.8,20.0,37.5,43.7,0.239,0.2627,-0.3307,-0.0027,-0.3316,-0.0031,0.3134,-0.7247
5.4,4.1,4.3,3.9,2.6,21.5,9.2,41.7,34.7,0.381,0.5099,0.5679,-0.2009,-0.015,-0.2355,0.1676,-0.232
5.4,4.4,2.2,1.7,4.3,3.4,7.1,20.1,16.3,0.1385,0.8955,0.1929,0.0363,-0.1823,-0.0407,0.306,-0.0045
5.4,3.7,1.7,2.8,4.2,6.9,10.7,13.5,33.2,-0.3542,0.6723,-0.1951,-0.3909,0.0066,0.3269,0.1435,0.28
5.4,3.8,4.4,1.9,1.2,4.8,18.3,21.0,22.9,-0.0719,0.6688,0.3122,-0.1172,-0.3114,0.1169,0.5112,0.2233
5.4,4.3,4.7,4.2,3.6,10.0,17.8,27.6,43.8,0.3219,0.8175,-0.1298,-0.3222,0.2715,-0.1014,0.0676,-0.0238
5.4,4.7,1.7,4.4,3.0,13.5,19.6,5.0,24.0,0.5084,0.571,0.3028,0.2039,0.4283,0.1063,-0.0019,-0.2694
5.4,2.9,2.3,3.8,4.9,8.7,2.6,42.5,32.4,-0.0604,0.7243,0.4142,0.3326,-0.0929,-0.3026,0.0766,0.2137
5.4,3.6,3.6,4.8,1.1,21.9,4.7,41.0,37.6,0.3249,0.414,-0.3499,-0.0782,-0.571,0.1135,-0.255,-0.3173
5.4,2.3,1.5,2.6,4.1,6.6,14.6,33.2,43.1,-0.4655,0.6527,-0.1939,0.2517,-0.3591,-0.1976,-0.1943,-0.1683
5.4,4.2,4.9,2.0,3.6,20.8,5.5,33.0,30.8,-0.4021,0.4256,-0.1732,-0.3525,-0.0299,-0.3361,-0.2467,-0.5441
5.4,3.7,3.9,4.1,1.9,14.2,19.3,29.2,28.8,0.0116,-0.2302,0.264,-0.0144,0.1857,0.536,0.693,0.1995
5.4,3.5,2.5,4.5,3.3,20.2,10.0,8.9,33.9,0.0157,0.2207,0.4907,-0.5318,-0.2687,-0.3907,-0.1869,-0.348
5.4,3.5,2.7,1.2,1.9,18.7,15.3,4.0,24.2,0.2237,0.2659,0.3903,0.2321,0.4352,0.1783,-0.5451,-0.3658
5.4,1.6,4.1,4.1,4.7,20.6,14.3,25.7,7.7,0.2286,0.1916,-0.3663,-0.2147,0.5138,-0.2704,0.6086,-0.0612
5.4,3.7,1.5,3.8,1.9,15.0,11.4,20.4,30.6,0.0489,0.4735,0.4697,0.0554,-0.4965,-0.0456,0.2062,0.4866
5.4,4.7,2.3,3.4,1.4,13.2,18.4,17.9,5.6,-0.1389,0.3844,-0.1076,-0.2447,0.1839,0.3099,-0.7702,-0.057
5.4,4.5,1.3,2.4,4.3,8.9,20.5,31.6,24.4,0.2087,0.9485,0.0294,0.1539,-0.1249,0.0875,-0.0015,-0.0108
5.4,4.7,4.4,1.1,4.0,15.5,15.8,40.8,22.1,0.6147,0.3315,0.0723,0.4045,0.0842,0.3902,-0.0628,-0.3952
5.4,4.7,1.2,4.5,4.7,18.4,18.3,38.2,39.1,0.0519,0.538,-0.3566,-0.3271,-0.3543,-0.3265,-0.2081,-0.4175
5.4,2.0,3.5,1.3,2.6,6.4,4.9,29.0,16.2,-0.1317,0.7,0.3919,0.2798,0.1774,0.2995,-0.2204,-0.268
5.4,4.8,4.4,4.9,3.7,14.5,7.5,23.4,13.9,0.0392,0.271,-0.0373,-0.0067,-0.0568,-0.0325,0.9223,-0.1731
5.4,4.6,2.2,3.4,4.4,8.1,21.3,35.2,15.9,-0.059,0.9836,-0.0946,-0.0072,-0.0425,-0.0095,-0.0908,-0.0099
5.4,1.4,2.9,3.9,1.1,13.7,4.2,25.0,7.9,0.2398,-0.1683,-0.0818,0.0437,0.1247,-0.3383,0.5736,0.65
5.4,3.9,1.3,1.3,1.0,5.7,2.2,16.0,36.2,-0.0465,0.8348,-0.3306,-0.1473,0.2188,0.1702,0.2487,0.1335
5.4,3.1,3.9,4.4,2.2,18.5,16.8,6.6,21.2,0.2941,0.2429,0.357,0.2883,0.5597,0.0247,-0.4904,-0.2666
5.4,2.9,4.9,3.8,4.3,19.4,16.8,32.2,9.6,-0.4283,0.1415,-0.3695,0.1698,-0.5744,-0.3638,0.2544,-0.2855
5.4,3.5,2.8,2.7,4.3,19.2,14.2,30.5,24.3,0.0525,0.1061,0.5212,0.3231,-0.2056,0.4625,0.2013,-0.5348
5.4,1.6,3.4,3.9,4.9,10.8,4.1,5.6,18.1,-0.1061,0.7026,-0.0352,0.4272,0.3724,0.2955,-0.1891,-0.1902
5.4,3.4,4.6,1.9,2.7,21.2,10.0,9.2,14.4,-0.3252,0.7706,-0.3648,-0.0135,0.1193,0.0784,0.2971,0.1898
5.4,1.8,2.1,2.1,1.8,6.2,12.8,41.2,39.8,0.1358,0.4182,-0.1644,-0.1274,-0.2931,0.0756,-0.7796,0.1755
5.4,2.2,4.7,4.2,2.4,19.2,4.4,42.1,26.5,0.0394,-0.0935,-0.0005,-0.0437,0.026,-0.3597,-0.8791,-0.2271
5.4,2.0,1.4,3.6,1.3,4.6,6.5,26.7,5.6,-0.1479,-0.1214,-0.2126,-0.0058,-0.2863,-0.1655,0.7858,-0.415
5.4,3.5,1.6,2.4,3.8,21.8,12.7,38.9,13.8,0.2784,0.6081,-0.2668,0.3655,-0.2738,0.3707,-0.2427,-0.2319
5.4,4.5,1.8,2.1,1.0,10.1,2.7,35.5,9.9,0.3823,0.9044,-0.0884,-0.0864,-0.0509,-0.0935,-0.0082,-0.0102
5.4,3.9,2.2,1.7,2.1,8.7,2.1,28.8,17.0,0.262,0.9552,-0.0907,0.0248,-0.0215,0.0025,-0.0325,0.0064
5.4,1.2,1.3,2.8,1.2,17.0,8.1,35.2,13.3,-0.3818,0.1511,0.0105,0.0866,0.0058,0.0859,-0.2977,-0.837
5.4,3.6,1.1,2.6,1.7,7.7,16.1,25.8,27.9,-0.4682,0.8203,0.0297,-0.0431,0.0584,0.0215,-0.2462,-0.1479
5.4,1.0,2.9,4.2,1.5,14.2,21.6,19.4,39.4,0.2355,0.6473,-0.3506,-0.2278,0.3591,0.2268,-0.153,0.3436
5.4,4.2,4.9,1.9,4.0,18.5,17.2,42.7,27.0,0.489,0.4119,0.3391,-0.0428,0.4404,-0.2866,-0.4027,0.091
5.4,3.6,4.8,2.3,4.6,11.0,2.8,43.1,40.6,0.4253,0.776,-0.1739,-0.2157,-0.3317,-0.0032,-0.1286,-0.0052
5.4,2.1,4.0,4.7,1.6,7.2,13.6,35.9,16.7,-0.4717,0.6695,0.1025,0.1792,0.1023,0.1782,-0.3591,-0.3148
5.4,3.4,4.4,4.8,2.9,20.0,8.3,24.6,28.4,-0.0304,-0.0558,-0.0409,0.1,-0.1072,0.0282,0.9339,-0.2661
5.4,4.5,1.6,1.9,2.0,2.3,18.3,17.7,24.7,-0.2005,0.4306,0.4194,0.1012,-0.505,-0.1053,0.0591,0.5486
5.4,1.7,1.7,4.9,2.8,9.8,17.2,8.6,22.2,0.0742,0.8417,0.0181,0.3761,0.3266,0.0799,-0.1141,-0.0328
5.4,3.0,1.3,3.0,2.2,10.6,3.5,40.5,11.7,0.5346,0.7413,-0.1768,-0.1175,-0.3114,0.0347,0.0025,-0.071
5.4,2.9,1.3,3.5,4.7,10.3,14.2,26.0,4.9,0.2738,0.6812,-0.007,-0.4959,0.2728,0.2859,0.1544,0.1499
5.4,3.9,3.9,2.4,2.3,10.9,16.3,41.1,15.7,0.5399,0.5045,-0.2085,-0.1883,-0.3116,0.4078,-0.1362,0.2066
5.4,3.2,1.7,3.9,4.2,11.3,19.9,43.0,39.3,0.2714,0.7049,-0.1179,-0.4179,-0.3869,-0.1575,-0.1978,-0.0841
5.4,1.2,1.1,4.6,4.7,9.2,13.6,21.7,17.8,0.2049,0.8133,-0.2119,0.0724,0.3739,-0.1463,0.2155,0.0485
5.4,1.4,4.0,1.4,1.2,8.4,7.7,34.8,28.7,0.1684,0.9755,-0.006,0.0006,-0.0031,-0.0001,-0.0933,0.0151
5.4,1.3,4.2,4.9,3.6,19.1,6.5,7.7,39.9,0.2985,-0.1571,-0.1987,0.0257,0.058,0.3122,-0.4096,-0.7308
5.4,4.0,3.4,2.3,1.2,10.6,20.2,24.6,7.6,0.4441,0.8665,-0.0773,-0.1107,0.1541,0.0239,0.0092,0.0125
5.4,2.4,1.3,3.5,1.1,10.7,21.1,40.3,15.8,0.5012,0.2953,-0.3351,-0.1216,-0.4207,0.5199,-0.0355,-0.1902
5.4,3.8,4.3,3.9,3.9,15.0,11.5,14.2,31.3,-0.142,0.3543,0.5906,-0.4242,-0.2404,-0.4606,0.0446,-0.1411
5.4,3.3,3.9,1.4,3.6,14.5,4.5,10.9,23.4,0.5597,0.534,0.492,0.1481,-0.1095,-0.3089,0.0812,0.1024
5.4,2.7,3.0,3.1,1.5,6.1,8.0,14.3,42.1,-0.709,0.4239,0.0042,0.0069,-0.0014,-0.0056,0.2784,0.4744
5.4,3.2,2.8,3.2,1.2,10.4,20.7,5.3,21.0,0.2002,0.909,0.0478,0.2388,0.1852,0.1566,-0.0426,-0.0426
5.4,2.2,1.3,2.4,2.5,18.0,21.6,36.0,12.9,0.0774,0.4306,-0.3266,0.35,-0.356,0.35,-0.0148,-0.5561
5.4,2.6,4.8,3.3,2.1,12.2,8.6,32.5,23.6,0.0737,-0.0347,-0.0155,0.1008,-0.0772,-0.0589,0.7356,0.596
5.4,1.1,1.9,1.9,4.8,9.6,21.0,31.0,20.6,0.2983,0.7574,0.051,0.4393,-0.2784,-0.16,0.1122,0.0712
5.4,4.1,1.7,1.5,4.7,16.3,8.5,17.2,21.0,0.8161,0.5376,0.0364,-0.0235,0.0007,-0.0056,0.0563,-0.0992
5.4,4.7,4.9,3.3,2.6,2.6,10.8,25.9,22.2,0.0222,0.0783,0.0898,0.2326,-0.252,-0.0229,0.9162,0.0882
5.4,2.9,4.1,1.2,4.8,2.3,9.5,15.7,32.1,0.3127,0.9251,0.1325,-0.0646,-0.0381,0.0099,0.0835,-0.0198
5.4,4.8,4.8,4.8,2.4,18.5,12.9,16.7,21.9,-0.1502,-0.089,0.2796,0.0143,0.0491,-0.6706,-0.2926,0.5668
5.4,1.5,1.9,1.6,1.5,20.1,14.7,6.9,30.4,0.2622,0.0058,0.3637,-0.0337,0.2562,-0.5993,-0.4307,0.3984
5.4,1.1,2.7,4.0,3.0,8.3,12.7,6.4,36.1,-0.7553,0.407,-0.0496,-0.0426,0.0106,0.0286,0.2004,0.4152
5.4,3.7,3.2,2.9,3.3,13.7,19.7,30.8,38.2,0.284,0.5972,-0.219,-0.442,0.3608,-0.281,0.2309,-0.1836
5.4,1.8,1.4,1.8,4.6,10.5,6.3,14.1,32.4,0.5668,0.3009,0.4002,-0.4729,-0.0762,-0.223,0.0087,-0.3185
5.4,3.2,2.8,2.6,4.0,21.7,11.1,42.2,9.9,0.2192,0.3719,-0.2017,-0.1362,-0.3297,0.1666,-0.6971,0.3155
5.4,4.4,2.0,1.9,4.9,10.3,16.3,15.9,26.2,0.4328,0.7307,0.2198,0.3,0.0705,-0.3252,-0.0239,0.1294
5.4,3.4,4.7,4.4,3.9,18.2,6.1,36.1,21.4,0.361,0.4465,0.2325,-0.0737,0.2501,-0.0701,0.474,-0.5356
5.4,3.4,2.1,1.6,3.9,13.9,8.1,15.7,19.0,0.5069,0.8496,0.0847,-0.0264,-0.0237,0.0024,0.0056,-0.0005
5.4,1.9,5.0,1.0,1.3,10.3,15.1,19.0,4.6,0.5785,0.7719,-0.0939,0.0108,-0.1698,0.116,-0.0775,0.0339
5.4,4.3,1.2,1.8,5.0,9.4,16.2,23.7,21.7,0.378,0.89,-0.1353,0.146,0.0335,-0.0898,-0.0521,0.0407
5.4,4.1,2.2,2.3,4.0,12.2,11.7,27.0,24.5,0.5418,0.317,-0.0019,0.5657,-0.1983,-0.3215,0.1762,0.2927
5.4,1.1,1.3,4.7,3.4,19.7,19.3,21.2,25.6,0.0717,0.3128,0.4196,-0.1198,-0.4671,0.1352,0.1908,0.6434
5.4,2.0,4.9,2.3,3.4,2.4,18.5,41.1,36.2,0.0547,0.5239,-0.1521,-0.4364,-0.4,-0.2959,-0.3546,-0.3236
5.4,4.2,1.6,2.9,1.6,18.5,7.6,12.7,19.4,0.7175,0.4729,0.3532,-0.0487,-0.0419,-0.1112,0.1292,-0.2059
5.4,4.4,5.0,3.0,1.0,7.1,7.2,41.2,38.4,0.1475,0.6539,0.0245,-0.0042,0.0048,0.0241,-0.6892,0.1781
5.4,2.7,2.0,3.9,2.8,14.7,17.3,32.3,22.4,0.3053,-0.0081,0.4337,0.0791,-0.217,0.7582,0.17,0.0667
5.4,4.6,1.8,1.3,2.9,10.0,2.9,34.3,28.2,0.5475,0.793,0.1977,0.0621,0.1046,0.0955,-0.0221,-0.0187
5.4,3.6,2.7,1.8,2.5,18.6,14.2,32.9,17.5,0.1774,0.5628,0.0724,0.3688,-0.4435,0.2055,0.45,-0.2163
5.4,4.1,4.5,1.7,2.3,19.7,18.0,42.7,14.3,0.3077,-0.0023,-0.0012,0.213,0.0451,0.7473,-0.469,0.133
5.4,4.1,4.3,1.3,2.5,5.1,11.9,13.8,19.2,-0.0603,0.172,0.297,0.3284,0.012,-0.3787,-0.0201,0.7666
5.4,2.5,1.7,4.8,3.6,15.8,20.7,8.6,6.1,0.4742,-0.037,-0.4081,-0.1277,-0.449,0.4868,-0.2781,-0.2406
5.4,2.6,2.1,4.4,4.5,16.3,12.0,21.6,10.2,0.103,0.5382,-0.4434,-0.0384,0.5027,0.0108,0.332,0.3515
5.4,2.9,1.3,4.5,1.4,6.9,9.4,12.1,30.5,-0.7952,0.4596,0.1144,0.0532,-0.0086,-0.0361,0.1755,0.3135
5.4,4.9,4.0,3.3,2.8,16.4,11.2,40.4,37.7,0.5703,0.3604,0.1998,-0.3527,0.0638,-0.2936,0.1008,-0.5003
5.4,4.1,1.8,2.7,3.7,10.3,18.6,27.9,21.7,0.3009,0.7837,0.0483,0.4088,-0.279,-0.144,0.1098,0.0513
5.4,4.3,1.4,1.6,2.4,8.3,17.0,28.4,13.8,0.225,0.9681,-0.0107,-0.012,-0.0022,-0.0127,-0.0528,0.0112
5.4,1.8,3.6,4.1,1.9,13.7,7.2,36.3,19.3,0.2723,0.9044,0.1006,0.0149,0.0967,0.0149,0.2387,-0.0868
5.4,4.2,4.3,2.0,4.0,10.9,9.1,13.0,15.2,0.0932,0.9563,-0.2138,0.0312,0.0659,0.0059,0.0948,0.0077
5.4,3.0,3.1,1.2,2.8,3.8,21.3,13.6,39.4,0.1363,0.5143,-0.6511,-0.0262,0.2277,0.2843,0.2751,0.235
5.4,1.1,4.4,4.4,2.4,3.4,19.9,11.1,18.3,-0.1053,0.3947,0.1471,0.6164,0.3505,-0.3101,-0.3545,0.2624
5.4,3.4,2.4,1.2,3.9,8.9,19.4,29.3,22.6,0.4813,0.8624,-0.0302,0.1108,-0.0183,-0.0504,-0.0112,0.012
5.4,1.2,1.8,3.3,4.7,3.2,4.6,18.2,32.8,-0.3088,0.4518,0.0074,-0.463,-0.0983,0.4431,0.0704,0.5104
5.4,4.6,1.8,3.4,2.3,3.4,5.0,7.9,34.7,-0.1361,0.3847,0.197,-0.4365,-0.5278,0.1323,-0.4663,0.2638
5.4,2.1,1.0,1.2,1.2,17.2,5.0,41.1,7.0,0.6945,0.3545,-0.3335,0.0901,-0.3864,0.1763,-0.0747,-0.2641
5.4,4.1,1.1,4.0,3.0,18.5,9.7,21.3,19.5,0.3072,0.155,-0.145,0.3798,-0.0121,-0.3511,0.0781,0.7464
5.4,3.0,2.5,3.7,1.7,6.2,5.0,31.0,4.4,-0.7134,0.2985,-0.1309,0.1957,-0.1958,0.1396,-0.133,-0.5052
5.4,1.1,1.6,1.7,4.5,14.1,3.5,37.6,35.6,0.281,0.5407,-0.0291,-0.4426,0.0987,-0.4689,0.0701,-0.4205
5.4,3.2,1.5,2.8,4.4,16.2,4.6,11.6,9.7,0.171,-0.1375,-0.6017,0.223,0.2391,0.6163,-0.1696,-0.2345
5.4,2.9,3.8,3.4,1.2,16.7,13.3,32.3,11.4,-0.3065,-0.0692,-0.1924,-0.0422,-0.2703,-0.5176,0.3793,-0.5927
5.4,3.8,3.8,3.1,1.6,19.7,13.8,40.3,32.2,0.1344,0.4655,0.2971,-0.2502,0.3737,-0.32,-0.5238,-0.2577
5.4,3.4,4.1,3.6,4.2,19.0,9.0,5.1,20.8,0.4465,-0.0508,-0.1138,0.261,0.0634,0.1935,-0.2074,-0.7769
5.4,3.5,1.4,4.3,3.1,13.6,17.7,16.5,22.2,-0.1453,0.0988,0.0717,0.0977,-0.2197,-0.7448,-0.5245,-0.1068
5.4,2.0,1.7,2.9,1.3,15.3,17.8,42.4,33.6,-0.0411,-0.128,0.3514,-0.0722,-0.1894,-0.772,-0.4008,-0.043
5.4,4.3,5.0,1.3,3.1,11.0,12.3,6.6,42.5,0.6837,0.7082,0.0905,-0.1035,0.0244,-0.0381,0.0174,-0.0266
5.4,3.7,2.1,1.5,3.6,11.0,19.2,17.3,34.7,0.1906,0.6113,-0.167,-0.3389,-0.4673,-0.0881,-0.3937,-0.0927
5.4,1.4,1.8,2.6,2.8,19.8,7.3,21.7,22.5,0.6925,0.3138,0.1664,-0.1032,-0.2288,0.167,-0.137,0.5056
5.4,1.2,1.2,4.4,4.1,3.7,21.5,32.8,12.8,-0.4553,0.2143,-0.3055,0.3365,-0.4442,0.1994,0.2191,-0.4899
5.4,3.5,3.0,1.9,4.1,8.5,14.6,39.3,25.5,0.3892,0.8875,-0.0222,0.0361,-0.0234,0.0375,-0.1748,0.0806
5.4,4.3,3.8,1.3,3.5,2.2,15.3,25.4,19.3,0.2436,0.2861,0.26,0.4311,-0.4485,-0.1721,0.5557,0.2106
5.4,2.4,2.8,2.6,4.0,16.9,8.2,12.9,28.9,-0.2794,-0.1076,0.0079,0.0267,0.0087,-0.0225,-0.3701,0.8541
5.4,3.4,2.7,3.7,3.4,9.5,3.9,28.1,20.1,0.0432,0.8997,0.0221,0.3139,-0.2605,0.0696,0.0716,-0.0219
5.4,4.6,1.1,4.8,3.8,21.5,14.6,29.9,21.0,-0.1844,-0.0193,0.5438,0.3469,-0.2384,0.422,0.1594,-0.509
5.4,3.6,2.9,2.8,4.6,11.1,21.7,15.2,36.1,0.1383,0.7155,-0.0573,-0.417,-0.3555,0.2703,-0.2083,0.1692
5.4,4.6,1.2,1.1,4.1,18.5,7.1,33.6,16.2,0.0057,0.5101,0.3892,0.366,0.1494,0.4142,-0.2121,-0.4274
5.4,4.9,4.4,3.9,4.8,11.9,6.7,18.2,26.1,0.1828,0.6588,0.0881,-0.0316,-0.1469,0.0111,-0.6577,0.2001
5.4,1.1,2.6,1.4,1.8,5.4,16.8,25.2,15.5,-0.1373,0.5079,-0.1449,0.5146,-0.5586,-0.2489,0.1431,0.1263
5.4,2.8,4.3,3.1,1.7,19.6,21.3,40.8,10.6,0.013,0.1353,0.0029,0.2202,-0.0598,0.3025,-0.8001,-0.4107
5.4,1.7,3.1,2.7,1.3,18.5,19.5,38.9,5.6,0.3176,0.247,-0.4455,-0.0094,-0.4669,0.0033,-0.193,-0.6017
5.4,4.5,1.9,1.7,5.0,16.6,4.9,35.8,36.5,0.1719,0.5488,-0.3282,-0.4148,-0.077,-0.4604,-0.0795,-0.3773
5.4,3.5,4.5,1.3,2.9,6.7,18.4,42.3,4.8,0.4574,0.2555,-0.1256,-0.0125,-0.1324,0.2409,-0.3375,0.6704
5.4,2.3,4.0,2.3,1.1,13.6,7.8,30.6,30.5,0.0076,-0.0023,0.0081,-0.0355,0.0399,0.0025,0.9755,0.0316
5.4,3.1,2.4,2.2,4.5,10.8,7.6,30.8,17.5,0.0943,0.9486,0.2293,0.0567,0.0935,0.0589,-0.0691,-0.0222
5.4,1.7,3.6,1.2,4.3,13.0,19.1,40.8,13.4,0.6476,0.6343,-0.195,0.1768,-0.2099,0.1959,-0.0107,-0.1056
5.4,2.4,4.6,1.9,2.0,5.3,6.9,24.0,17.8,0.2698,0.8035,-0.0116,0.2686,-0.2508,0.2793,0.1358,-0.1472
5.4,2.3,2.3,1.8,3.3,19.0,4.3,24.7,35.5,0.1168,0.59,-0.1155,-0.3965,0.5048,0.0248,0.4351,0.0313
5.4,4.4,1.1,2.6,4.3,17.9,20.3,25.1,39.1,0.3116,0.4888,-0.2769,-0.3378,0.4991,0.0479,0.4464,0.0342
5.4,1.7,3.0,2.2,1.5,10.3,15.8,42.4,27.3,0.5146,0.736,0.0855,0.2964,0.1811,0.1997,-0.0183,-0.0914
5.4,1.1,2.7,4.7,2.1,8.4,19.8,10.0,12.1,-0.6915,0.6886,-0.0011,-0.0122,-0.0045,0.009,0.113,0.1196
5.4,3.0,4.7,4.2,4.0,15.8,20.3,28.4,18.4,0.046,0.5325,0.1262,0.5756,-0.4183,0.2034,0.3299,-0.1501
5.4,1.8,1.2,4.1,2.3,11.3,14.9,15.6,39.9,0.4017,0.5217,-0.2375,-0.3144,-0.3932,0.4391,-0.0343,0.0814
5.4,1.3,3.3,3.6,2.6,12.4,7.1,27.5,24.5,0.6253,-0.11,0.1594,-0.0786,0.0434,0.1169,0.146,0.6955
5.4,4.2,3.2,3.1,1.9,5.2,6.2,10.3,30.7,-0.6323,0.1133,0.0509,-0.2342,-0.1305,0.1793,0.0387,0.6812
5.4,3.3,3.3,3.7,3.6,16.8,17.9,23.3,22.6,0.3639,0.408,0.3668,0.2806,-0.5371,-0.0805,0.344,0.2356
5.4,1.9,4.8,3.9,1.6,12.2,9.6,18.6,34.3,-0.1823,0.8653,0.286,0.1303,-0.1701,0.0132,0.2124,0.1059
5.4,2.3,5.0,1.7,2.6,4.3,19.7,30.5,5.7,-0.1067,0.0207,-0.5718,0.2223,-0.2598,-0.6583,-0.0402,-0.2819
5.4,4.4,2.1,3.7,3.0,18.6,9.8,26.2,30.6,-0.1216,0.0329,0.3861,0.3718,-0.2164,0.3577,0.3131,-0.6144
5.4,4.6,1.4,3.0,2.4,11.2,9.4,7.3,41.6,0.5411,0.8119,0.1509,-0.0666,0.0266,-0.0203,0.0527,-0.0443
5.4,4.4,4.8,4.1,2.0,10.3,4.7,35.7,20.6,0.1105,0.9556,0.1539,0.1338,0.0577,0.1248,-0.0149,-0.0246
5.4,3.2,1.4,3.0,2.5,5.7,19.3,36.1,16.3,-0.2972,0.6784,0.1727,0.2907,0.1496,0.29,-0.3436,-0.3135
5.4,1.4,4.5,3.9,2.1,11.4,8.5,34.0,14.3,-0.6422,0.4178,-0.1116,-0.1301,-0.061,-0.1175,-0.2814,-0.5055
5.4,3.0,2.2,1.9,4.5,4.8,13.0,24.1,28.1,0.4319,0.4577,0.218,-0.0154,-0.3208,0.283,0.4978,-0.3176
5.4,2.5,4.8,1.6,1.4,9.3,11.4,41.0,9.4,0.3749,0.9202,0.0303,-0.0199,0.0121,-0.0093,0.0099,-0.0039
5.4,2.3,1.5,2.8,2.0,13.2,8.0,43.4,16.2,-0.4942,0.2515,0.042,0.3857,0.1061,-0.3075,0.0081,0.5893
5.4,1.7,2.7,2.3,1.3,4.3,8.0,29.1,31.4,-0.6011,0.0535,-0.0196,-0.0503,0.0037,-0.0412,-0.0508,-0.7732
5.4,2.2,3.6,2.4,2.0,16.3,5.4,13.1,35.0,-0.2383,0.4852,-0.1544,-0.5143,-0.1048,0.4389,-0.0239,0.4316
5.4,2.2,2.3,1.9,3.4,5.4,19.3,22.7,8.3,0.3367,0.4797,-0.2595,0.2515,0.3357,-0.3684,0.5101,0.0143
5.4,1.6,1.9,4.2,2.1,18.9,18.5,6.6,5.9,0.2767,-0.0369,-0.288,0.0535,-0.4243,0.4195,-0.5755,-0.3671
5.4,4.6,1.3,1.0,3.7,2.9,20.0,10.7,22.3,0.2092,0.2472,0.4774,0.2876,-0.0165,-0.485,0.0539,0.5703
5.4,3.4,1.2,4.5,3.3,13.8,20.2,6.1,23.7,0.5449,0.4352,0.3224,0.2277,0.5228,-0.0035,-0.1404,-0.2165
5.4,1.2,3.0,1.8,4.4,6.0,16.2,27.5,14.8,-0.0547,0.4688,-0.1124,0.5702,-0.5349,-0.1973,0.2686,0.1455
5.4,3.4,3.2,4.3,1.4,10.4,15.5,10.7,24.6,0.2818,0.8682,0.0717,0.2748,0.2584,0.0315,-0.0286,-0.0234
5.4,1.9,4.2,2.9,1.5,12.0,4.9,5.5,29.4,0.7485,0.1755,0.1585,-0.0618,0.2464,-0.1944,0.0405,-0.504
5.4,3.9,4.2,2.5,4.5,6.6,13.4,15.0,8.1,-0.28,0.8509,-0.2172,0.2295,0.0922,0.1568,0.2276,0.0565
5.4,2.0,1.7,4.7,1.2,14.7,14.6,15.3,13.2,-0.3163,0.1535,-0.407,0.0526,0.4676,-0.0032,-0.3132,0.6139
5.4,3.3,1.7,2.8,4.4,8.3,4.9,23.5,30.5,-0.2486,0.9123,-0.0429,0.0428,-0.1118,0.0191,-0.2211,-0.0797
5.4,4.9,1.4,3.6,2.3,12.1,13.7,35.8,22.1,0.6435,0.5338,-0.0057,0.2729,-0.178,0.35,-0.1177,-0.0004
5.4,4.3,4.8,1.3,3.6,14.0,4.0,27.7,30.2,0.6589,0.2938,0.5124,-0.2751,0.1622,0.1921,-0.1292,0.1947
5.4,2.8,3.6,2.7,3.0,12.8,14.2,16.1,33.4,-0.0492,0.7087,0.131,-0.2562,-0.5218,0.0443,-0.3297,0.0873
5.4,2.4,1.6,2.2,4.4,18.7,11.2,23.7,7.1,0.0979,0.4006,-0.2947,-0.2322,0.4121,0.1146,0.6658,0.2126
5.4,1.2,3.5,4.9,3.6,5.4,18.9,21.2,21.0,-0.0429,0.4938,0.411,0.1379,-0.4888,-0.1066,0.2869,0.4648
5.4,1.6,2.2,3.4,4.3,13.0,10.6,11.9,32.9,0.1382,0.5936,0.6661,-0.2706,-0.0213,-0.2247,0.1401,-0.1148
5.4,1.3,3.2,1.5,4.1,6.0,21.7,9.0,10.3,-0.2532,0.2946,-0.2651,0.3801,0.6944,0.2822,-0.2049,0.0808
5.4,1.9,4.5,2.3,4.5,16.0,16.5,42.4,12.6,0.5346,0.3185,-0.3005,0.0072,-0.3771,0.5186,-0.259,0.095
5.4,4.5,1.6,4.4,2.0,6.7,10.5,6.5,22.9,-0.1132,-0.0724,0.066,0.1029,0.081,-0.0944,-0.5865,0.7667
5.4,2.9,4.6,4.4,4.1,18.5,18.6,35.9,26.2,-0.1119,0.3566,0.4534,-0.0644,0.4912,-0.0542,0.0925,-0.6115
5.4,1.1,3.1,4.1,3.9,4.6,7.1,28.1,20.9,0.1565,-0.1921,0.193,-0.1446,0.1837,0.1823,0.677,0.5534
5.4,3.3,3.9,3.9,2.8,9.9,9.2,41.9,4.3,0.2722,0.9435,0.1466,-0.0255,0.0036,-0.0047,0.0251,-0.0088
5.4,3.5,3.0,3.2,5.0,7.1,9.4,14.6,17.9,-0.4729,0.8103,0.1414,0.0526,-0.0552,-0.0426,0.2323,0.152
5.4,3.3,1.1,3.5,3.3,13.8,13.3,17.3,24.1,-0.028,0.3963,0.0221,0.3241,-0.2913,-0.5409,-0.3891,0.4196
5.4,3.4,3.0,3.4,1.7,2.1,13.0,25.2,31.8,0.042,-0.1185,0.2969,-0.0328,-0.1549,0.6612,0.5456,-0.3155
5.4,1.4,3.4,3.2,1.4,14.9,14.4,22.9,19.6,0.311,0.3468,-0.0365,0.5357,-0.1717,-0.4203,0.1662,0.4906
5.4,1.2,1.7,1.3,4.1,13.9,17.3,22.0,41.8,0.3102,0.5463,-0.4075,-0.2216,0.4212,0.2095,0.2963,0.2428
5.4,4.6,3.1,1.2,3.4,12.3,5.0,8.5,25.5,0.6554,0.6101,0.2995,0.1586,-0.0577,-0.2565,0.0322,0.0615
5.4,1.0,4.0,3.4,3.3,2.4,13.2,23.1,15.3,0.1216,0.0124,-0.4191,0.004,0.0668,-0.8455,0.1511,-0.137
5.4,3.6,4.2,1.4,4.0,21.4,19.1,19.0,36.6,0.076,0.5968,-0.4098,-0.2287,0.3236,0.2718,0.36,0.2929
5.4,3.5,3.7,1.5,3.8,18.6,2.6,31.5,33.2,0.1254,0.519,-0.0551,-0.4351,0.4422,-0.2849,0.3777,-0.2816
5.4,1.6,2.5,3.4,2.7,7.5,12.3,7.1,33.0,-0.5666,0.3968,0.2991,-0.2161,-0.4989,-0.0644,-0.0265,0.3224
5.4,3.4,3.6,1.8,4.5,11.8,3.8,34.8,4.8,0.4175,0.7033,-0.3858,-0.2216,-0.1318,-0.2939,-0.0658,-0.1268
5.4,2.2,4.1,3.1,4.4,3.7,8.3,28.9,18.6,0.8316,0.2257,-0.1635,0.1377,-0.0006,-0.068,-0.0729,0.3809
5.4,1.5,1.3,4.1,3.4,9.4,19.2,22.0,24.5,0.0685,0.9163,0.0598,0.2384,-0.1818,-0.1982,0.0511,0.06
5.4,4.3,3.7,1.7,2.7,14.6,16.2,42.3,15.5,0.3592,0.2748,-0.5808,-0.0248,0.1147,0.5663,0.1873,0.1429
5.4,4.6,1.4,4.2,3.4,16.5,11.5,29.9,15.6,-0.1721,0.2673,-0.3108,0.5181,-0.4993,-0.2357,0.4253,0.1568
5.4,4.6,4.6,4.4,4.5,11.0,7.2,31.7,4.3,0.5169,0.8401,-0.0654,-0.0026,-0.0067,-0.0097,-0.0633,0.0411
5.4,3.6,4.4,4.3,4.9,3.6,2.4,39.1,35.3,-0.1384,0.627,-0.1387,-0.334,-0.3572,-0.2981,-0.3424,-0.3053
5.4,4.5,1.8,3.2,3.9,5.9,14.0,12.7,5.1,-0.5717,0.503,-0.4231,0.1097,0.0546,0.2324,0.2663,0.3007
5.4,4.3,1.2,4.6,2.9,3.3,5.5,29.3,9.1,-0.4167,-0.1208,-0.2972,0.1233,-0.3923,-0.0508,0.4414,-0.5839
5.4,3.1,4.4,4.0,3.9,10.6,12.5,4.1,30.4,0.2807,0.6924,0.3153,0.1185,0.473,0.0012,-0.2785,-0.1056
5.4,3.6,4.5,2.7,4.3,21.7,21.4,13.4,17.3,-0.1789,0.4956,0.3186,0.4942,0.0228,-0.4266,-0.0017,0.4183
5.4,3.8,1.7,4.2,4.9,17.2,11.5,23.7,9.2,0.2552,0.4079,-0.3629,-0.147,0.5396,-0.0436,0.5372,0.1255
5.4,4.5,1.3,2.1,2.8,8.3,18.7,38.3,11.9,0.2214,0.9613,-0.0226,-0.0188,-0.023,-0.0186,-0.1206,0.0277
5.4,2.6,4.2,4.0,1.0,13.5,12.6,29.2,20.5,0.1999,0.1834,0.0669,0.5333,-0.3731,-0.2647,0.4787,0.4116
5.4,1.4,1.4,1.4,4.0,12.2,4.3,23.8,35.9,0.4241,0.4579,0.0684,-0.5399,0.1602,0.3766,0.1013,0.3361
5.4,2.1,4.1,4.0,4.2,13.4,7.6,7.1,17.1,-0.0284,0.9876,0.0326,0.0191,-0.0106,-0.0123,0.0092,0.0022
5.4,1.4,3.7,1.4,2.7,7.6,7.0,19.5,17.2,0.2798,0.9308,0.0961,-0.0145,-0.0878,0.0106,0.1635,-0.0392
5.4,3.5,4.8,4.2,5.0,16.3,8.4,7.2,34.3,0.2563,0.8953,0.3078,0.0033,-0.0443,-0.0345,0.0519,-0.0021
5.4,1.4,1.7,1.5,1.4,21.0,20.0,37.5,21.7,0.1967,0.4369,0.406,0.2767,0.4058,0.277,-0.2432,-0.4513
5.4,3.7,4.3,2.9,3.9,12.0,10.3,39.9,41.3,0.6567,0.6135,0.1821,-0.185,0.0847,-0.1333,0.1511,-0.2341
5.4,4.8,4.9,3.5,2.1,13.6,4.5,20.4,28.3,0.4928,0.4589,0.244,-0.0617,-0.2448,0.0617,-0.3511,0.5251
5.4,1.2,3.9,4.2,3.4,5.9,21.3,7.2,34.7,-0.2083,0.4481,0.1867,-0.4437,-0.5283,0.0743,-0.4559,0.0913
5.4,4.9,4.4,4.8,4.1,12.5,16.6,21.7,41.6,0.3293,0.6333,-0.269,-0.3319,0.3501,0.29,0.0459,0.2823
5.4,4.5,1.6,3.6,2.6,19.8,5.0,27.2,17.0,-0.1238,0.406,-0.0738,0.5491,-0.4566,0.2237,0.4022,-0.2699
5.4,3.9,2.3,3.8,4.5,18.6,8.1,26.5,11.7,-0.1851,-0.1571,0.0076,-0.0462,0.0333,-0.0299,0.6488,-0.6921
5.4,2.7,3.6,1.1,1.3,5.7,5.1,18.3,27.5,-0.0409,0.8545,-0.1733,-0.0996,0.1518,0.1073,0.4173,0.0671
5.4,2.3,2.7,3.1,3.8,17.1,10.4,35.4,26.4,-0.1938,0.1817,0.3942,0.216,0.0093,0.4077,-0.1755,-0.7017
5.4,3.2,4.7,4.2,2.6,12.5,17.2,14.9,6.4,0.1532,-0.0581,-0.2696,0.0444,-0.0424,0.7524,-0.4619,-0.2871
5.4,1.1,2.4,1.4,1.9,4.7,4.1,23.8,41.0,0.5477,0.3926,-0.347,0.026,0.4527,-0.3068,0.316,-0.0122
5.4,3.9,4.9,2.5,1.9,15.2,8.4,9.9,29.0,0.0727,-0.1932,-0.005,0.0547,0.0459,0.0121,-0.9086,-0.3009
5.4,1.5,1.2,4.3,1.7,20.6,9.3,13.6,28.0,-0.5262,-0.0596,0.1037,0.1914,0.028,-0.1438,-0.1444,0.7811
5.4,2.0,4.8,4.4,2.8,10.1,17.5,20.1,21.9,0.1576,0.8386,0.0348,0.3407,-0.0319,-0.3402,-0.0343,0.1486
5.4,3.9,2.4,4.3,2.0,14.9,9.7,15.6,39.1,0.0594,0.3549,0.014,-0.2344,-0.3011,0.0621,-0.8089,0.1912
5.4,4.9,3.1,4.0,2.2,12.5,8.3,22.8,23.5,0.6448,0.6838,-0.0602,0.0074,0.0061,-0.0198,-0.2203,0.2139
5.4,3.2,2.4,3.6,1.5,9.0,9.0,6.6,37.2,-0.212,0.9632,0.0961,0.0226,-0.0273,-0.0115,0.0518,0.016
5.4,2.3,4.4,2.6,3.8,10.9,7.6,9.0,13.4,0.0052,-0.0517,-0.033,0.103,0.1185,0.006,-0.9528,-0.009
5.4,3.5,2.8,1.7,4.4,7.9,17.1,36.3,18.0,0.2139,0.9646,0.0551,-0.0157,0.0226,-0.0033,-0.1035,0.0211
5.4,3.6,1.2,1.8,5.0,7.8,7.7,26.0,22.8,-0.1267,0.9355,0.0435,-0.0802,0.0953,-0.0709,-0.2478,-0.0512
5.4,1.1,2.6,4.8,3.1,20.1,21.7,27.7,32.8,-0.4245,0.118,0.3543,-0.3517,0.5275,-0.0415,0.405,-0.2958
5.4,4.1,3.3,2.6,3.5,7.5,9.1,35.6,37.9,-0.0914,0.9734,-0.0221,-0.001,-0.0124,-0.0022,-0.1813,-0.0178
5.4,2.0,3.2,2.6,1.7,5.8,7.8,30.2,15.9,-0.4937,0.8146,0.0662,0.0407,0.0295,0.0318,-0.2159,-0.1396
5.4,1.4,2.6,2.2,3.1,7.9,4.7,5.7,21.8,-0.2333,0.0074,0.1376,-0.0397,-0.1549,-0.4199,-0.0719,0.8139
5.4,1.7,2.1,4.3,3.5,19.3,5.9,17.5,33.7,-0.4791,0.5363,-0.0804,-0.3523,0.0334,0.3396,0.2055,0.4195
5.4,1.9,3.3,3.7,2.2,17.4,21.0,26.5,12.6,-0.2537,-0.1079,-0.3171,0.0212,-0.4317,-0.4324,0.612,-0.227
5.4,4.1,3.8,3.7,1.4,14.4,4.1,11.7,34.2,-0.271,0.1485,0.3139,-0.3647,-0.5469,0.0172,-0.5298,0.2455
5.4,1.8,3.9,2.1,3.7,4.6,20.8,8.1,43.2,0.2351,-0.1266,-0.3789,0.0961,-0.0499,0.7755,-0.3395,0.1437
5.4,5.0,3.5,3.0,4.3,13.9,16.3,38.0,39.8,0.231,0.5639,-0.1104,-0.4368,-0.121,-0.4393,0.1227,-0.4063
5.4,4.9,4.1,1.1,3.9,17.3,17.0,28.5,35.5,0.4439,0.2337,-0.0647,-0.6117,0.3048,0.2748,0.2957,0.2835
5.4,1.1,4.7,1.5,3.5,16.2,9.1,42.5,14.0,0.3564,0.4877,0.0011,-0.1309,-0.1529,0.1502,-0.5449,0.4726
5.4,3.0,1.7,2.8,2.4,5.9,3.3,5.2,10.4,0.1088,0.188,0.0685,0.0034,0.0664,0.3373,-0.7912,0.4381
5.4,4.9,3.1,3.4,2.6,6.2,13.6,16.6,40.3,-0.5342,0.734,-0.0837,0.0436,0.2198,0.0544,0.2498,0.204
5.4,4.7,4.8,3.7,2.4,13.9,19.8,24.5,16.8,-0.111,0.4674,-0.2332,0.5266,-0.3885,-0.3771,0.2021,0.2796
5.4,1.4,4.9,2.0,1.7,11.4,9.8,30.7,43.0,0.8438,0.3006,0.103,-0.1303,-0.0136,0.0645,-0.0923,0.3373
5.4,1.8,4.6,1.2,1.9,21.2,16.3,21.4,22.6,0.1617,0.2988,0.3961,0.2088,-0.3853,-0.2164,0.5599,0.3855
5.4,4.3,2.6,4.8,3.0,2.7,2.8,38.6,26.9,-0.1749,0.277,0.1145,-0.2495,0.1508,-0.2704,-0.5386,-0.6398
5.4,2.0,3.5,1.8,4.9,5.0,8.4,11.3,9.2,-0.388,0.0024,-0.0286,-0.0426,-0.0003,0.0417,-0.0169,0.9056
5.4,4.0,4.2,3.4,3.1,7.3,7.9,24.5,12.1,-0.6811,0.4211,-0.0048,-0.008,-0.0018,-0.0073,-0.2886,-0.4944
5.4,4.5,2.7,1.7,2.9,5.4,4.7,11.1,31.8,-0.271,0.6002,-0.1684,-0.4308,-0.024,0.4033,0.1846,0.3729
5.4,1.7,4.6,4.4,2.7,15.0,18.8,29.8,27.4,-0.2026,-0.1199,0.2959,0.0108,0.3496,0.4971,0.6509,-0.1874
5.4,1.1,1.1,3.9,3.4,7.3,20.1,17.4,6.4,-0.5517,0.5429,-0.2502,0.1469,0.2896,-0.1296,0.2186,0.3946
5.4,3.9,2.4,1.5,3.7,14.8,6.2,29.3,41.9,0.6572,0.54,-0.4539,0.018,-0.128,-0.1565,-0.0945,0.0143
5.4,3.0,2.2,4.0,3.5,11.3,2.8,40.8,11.5,0.6203,0.4066,-0.3001,-0.0638,-0.4714,0.2222,-0.0497,-0.237
5.4,1.3,3.0,1.9,4.0,20.3,16.6,24.1,12.0,0.5291,0.3305,-0.2701,0.0916,0.3696,-0.5098,0.3208,-0.0817
5.4,2.7,3.2,3.5,2.9,9.0,21.9,29.8,8.3,0.0108,0.9698,-0.0895,-0.1563,0.0178,-0.1165,-0.0055,-0.0178
5.4,3.0,3.6,3.7,3.4,11.7,14.2,5.9,40.5,0.4048,0.5071,-0.0304,-0.5232,-0.2308,-0.3607,-0.1293,-0.2906
5.4,4.4,3.0,4.6,1.1,10.5,18.5,20.7,23.5,0.0771,0.9542,0.0574,0.1686,-0.072,-0.1665,-0.0719,0.0411
5.4,4.8,4.0,4.9,1.7,21.3,21.6,12.4,24.0,-0.4201,-0.2006,0.2288,-0.0613,-0.2926,-0.0678,-0.4643,0.6309
5.4,1.4,1.3,4.5,1.9,18.5,5.4,11.7,21.4,-0.0534,-0.1449,0.2994,0.0327,-0.1902,-0.6221,-0.5952,-0.2673
5.4,1.7,1.1,4.4,3.4,8.5,8.9,4.7,39.6,-0.6127,0.6792,0.082,0.0677,-0.043,-0.0556,0.2235,0.2331
5.4,3.8,1.4,1.1,2.7,20.7,10.0,20.8,26.8,-0.0229,0.7155,0.1557,0.0123,-0.1544,-0.0128,0.6364,0.0678
5.4,2.1,3.8,3.2,1.3,11.3,20.2,25.2,7.8,0.6742,0.5819,-0.1928,-0.1331,0.3044,-0.0538,-0.0732,0.1787
5.4,3.6,4.3,1.3,4.8,7.1,19.6,25.2,40.0,-0.1724,0.2433,-0.3416,-0.0666,-0.1114,-0.2722,-0.4118,-0.672
5.4,4.8,4.1,2.1,1.9,20.7,18.4,32.4,34.1,-0.1176,0.4979,0.0448,-0.5004,0.3569,-0.3854,0.1775,-0.3884
5.4,1.9,2.3,1.2,1.4,14.9,15.3,30.7,31.2,0.1972,0.019,0.6289,-0.1303,0.1569,0.6656,-0.0682,-0.1621
5.4,1.1,4.8,5.0,1.5,11.8,6.4,26.9,22.1,0.5492,-0.0185,0.1865,0.0078,-0.0049,0.213,0.052,0.7493
5.4,2.9,1.9,4.6,1.2,6.0,4.5,7.2,41.0,-0.1399,-0.1467,-0.0684,-0.0825,0.0978,0.2715,-0.7688,0.5038
5.4,3.6,3.0,4.0,2.5,15.1,14.2,35.6,15.0,-0.0323,0.5636,-0.3819,0.2767,-0.4211,0.2685,0.1502,-0.4101
5.4,3.9,1.9,3.7,4.1,4.1,14.5,27.7,4.2,-0.0413,-0.0202,-0.4225,-0.3535,0.2958,-0.3592,0.3994,-0.5486
5.4,1.7,4.2,2.3,3.9,21.8,11.3,29.1,7.6,-0.074,0.0156,-0.2488,-0.3068,0.1799,-0.2779,0.477,-0.6887
5.4,1.6,4.5,2.6,4.8,4.6,6.2,7.2,18.8,0.3027,0.6923,0.1713,0.3736,0.2446,-0.3536,-0.1458,0.1926
5.4,2.6,3.1,4.0,3.9,21.9,15.0,37.0,34.6,-0.1285,0.4514,-0.033,-0.4651,-0.0286,-0.4645,-0.1773,-0.5387
5.4,1.5,2.2,3.6,3.8,2.5,6.3,21.2,15.1,-0.1785,0.6132,0.1499,0.2104,-0.089,-0.2486,0.6006,0.2797
5.4,2.8,1.6,4.4,3.7,13.6,10.4,28.6,10.8,0.0087,0.0375,-0.5633,-0.385,0.2947,-0.4616,0.2134,-0.4001
5.4,3.5,2.0,2.5,4.5,11.0,3.0,15.0,41.3,0.3835,0.7144,-0.2794,-0.3344,-0.0813,0.3344,-0.0218,0.1376
5.4,4.6,3.0,1.2,1.1,19.6,10.4,8.7,38.6,0.7862,0.0543,0.1007,-0.2976,-0.0179,-0.1669,-0.0591,-0.4289
5.4,3.7,4.0,4.4,1.4,11.2,11.7,26.2,43.8,0.5505,0.5794,0.1723,-0.3825,-0.0015,0.277,-0.0796,0.2701
5.4,4.3,2.4,3.1,1.8,13.2,9.7,37.8,9.8,0.4681,0.3626,0.0763,-0.1939,0.098,-0.1962,0.3779,-0.6221
5.4,4.2,2.0,4.5,3.5,20.0,21.2,41.1,28.2,0.0603,0.055,0.021,-0.1404,0.1177,-0.4536,-0.8149,-0.2306
5.4,1.2,2.9,3.4,2.5,9.3,2.4,14.9,26.5,0.0822,0.9459,0.1257,0.1864,0.0026,-0.1639,-0.0007,0.0318
5.4,2.9,4.4,3.5,1.2,21.8,14.0,39.7,39.4,-0.0936,0.3185,-0.24,-0.2062,-0.2909,-0.1817,-0.6067,-0.5224
5.4,2.1,1.0,1.4,4.7,3.7,17.7,21.5,43.2,0.2885,0.7654,-0.3363,0.0924,0.337,-0.0925,0.2607,0.0641
5.4,1.9,4.1,4.0,3.6,17.0,19.1,26.0,10.4,0.0733,-0.2146,-0.305,0.0388,-0.0027,-0.7174,0.5567,0.0695
5.4,1.7,4.3,2.4,1.4,19.7,11.3,13.9,9.7,-0.2598,-0.0085,-0.2039,-0.1883,-0.0368,0.2235,-0.177,0.8686
5.4,2.7,4.6,3.5,4.9,11.5,13.4,35.1,5.6,0.3219,0.5363,-0.1804,-0.3774,0.3257,-0.3916,0.2419,-0.3114
5.4,1.1,3.5,3.9,3.0,14.2,4.1,33.5,29.0,-0.1473,0.1717,0.3349,-0.1843,0.4378,-0.1158,0.4868,-0.5791
5.4,4.8,2.1,1.3,3.7,10.0,16.6,9.6,43.0,0.5494,0.7506,-0.0728,-0.2713,-0.1729,-0.1118,-0.0431,-0.0272
5.4,1.7,3.5,1.5,2.6,5.7,17.9,16.0,34.1,0.0642,0.5561,-0.1386,-0.4754,-0.0377,0.4931,0.0503,0.4168
5.4,1.7,1.6,2.0,1.9,19.6,19.8,14.0,14.2,-0.1152,0.5072,-0.2417,0.3718,0.4925,-0.2731,-0.226,0.3869
5.4,2.6,2.6,4.8,2.2,12.5,9.8,10.2,18.2,0.4464,0.3933,-0.4894,0.3734,-0.0318,0.268,0.0692,-0.3935
5.4,3.5,2.1,2.9,1.6,7.3,5.1,38.9,27.1,-0.0212,0.8724,-0.0279,-0.0309,-0.0201,-0.0366,-0.4631,-0.0073
5.4,4.2,3.6,3.0,3.4,9.2,4.3,32.3,25.5,0.1608,0.9611,0.1263,0.1126,0.036,0.1022,-0.0128,-0.015
5.4,3.0,2.7,2.7,3.4,18.8,20.7,6.0,8.3,0.4828,0.0847,-0.3355,0.1227,-0.4354,0.4757,-0.3909,-0.2184
5.4,4.0,4.1,4.2,1.7,19.7,5.0,39.7,21.0,0.3216,0.112,0.2544,-0.1837,0.3018,-0.2118,-0.1188,-0.7715
5.4,4.2,4.9,2.9,1.4,15.5,8.3,7.8,29.5,0.1446,-0.1686,-0.0146,0.0363,0.0312,0.0197,-0.7499,-0.5968
5.4,4.4,2.5,1.4,2.1,14.1,10.5,40.6,4.4,0.7447,0.6061,0.0765,-0.0941,0.0527,-0.074,0.1223,-0.1678
5.4,2.2,1.4,3.9,3.9,8.4,3.1,23.3,23.1,-0.4661,0.8264,-0.0398,0.0768,-0.0841,-0.0745,-0.1859,-0.1144
5.4,1.2,3.3,1.0,3.9,13.7,16.0,19.6,11.1,0.2983,0.8235,-0.2167,0.1008,0.3486,-0.1438,-0.0351,0.1183
5.4,3.4,1.9,1.5,2.7,21.3,12.0,12.8,5.1,-0.0553,0.0886,-0.3419,-0.258,-0.0689,0.3589,-0.1087,0.7948
5.4,4.7,1.1,1.5,4.7,19.7,18.6,29.7,25.1,0.0781,0.2698,0.6557,0.1535,0.0797,0.4583,-0.1788,-0.433
5.4,4.9,4.2,4.7,3.7,21.6,5.4,4.7,25.3,-0.1306,0.3378,-0.051,-0.106,0.0121,-0.1912,-0.8115,-0.3802
5.4,2.9,4.8,4.6,1.9,6.9,2.5,21.3,9.0,-0.0302,0.5751,0.0152,0.0632,-0.0002,-0.0736,0.7972,0.0382
5.4,1.2,4.4,3.3,2.7,21.4,14.4,16.4,15.6,-0.1401,0.5914,-0.2455,0.3723,0.4289,-0.2985,-0.2012,0.3226
5.4,3.3,4.7,4.8,3.3,12.4,12.4,14.7,16.1,-0.1988,0.5192,-0.1909,0.4217,0.5238,0.1466,-0.3949,-0.0799
5.4,2.0,1.4,2.5,4.4,18.0,8.6,36.5,5.7,0.3766,0.3358,0.014,-0.0325,0.0296,-0.0327,0.5553,-0.6341
5.4,4.9,1.5,3.4,1.4,10.8,19.7,28.3,23.0,0.286,0.8991,0.0563,0.2208,-0.2015,0.0623,0.0342,-0.0131
5.4,4.8,4.2,1.3,1.2,9.2,17.1,35.6,38.7,0.4475,0.8769,0.0637,-0.1185,-0.0004,0.0618,-0.0111,0.0149
5.4,3.7,3.1,1.3,4.0,19.3,7.3,5.9,35.9,0.3964,0.6197,-0.1559,-0.376,-0.0435,0.4355,-0.0182,0.2719
5.4,1.3,1.4,3.2,3.0,11.0,4.1,6.3,41.8,0.4457,0.7244,-0.2004,-0.2426,-0.387,-0.0109,-0.0766,-0.0669
5.4,4.3,1.6,4.1,2.2,10.8,2.2,31.2,21.7,0.2578,0.849,0.1056,0.3147,-0.1867,0.2168,0.0353,-0.0671
5.4,1.3,2.4,1.2,3.9,16.4,4.8,5.8,42.2,0.6697,0.5682,-0.211,-0.0186,-0.3154,0.229,-0.1326,0.0431
5.4,3.6,1.5,1.3,2.3,19.5,18.4,15.0,20.0,0.3306,0.3587,0.2792,0.3761,0.1301,-0.4759,-0.1169,0.5155
5.4,2.8,4.1,3.5,2.1,12.7,19.0,22.5,28.4,0.5833,0.337,0.3636,-0.004,-0.4513,0.0825,0.0452,0.4221
5.4,1.9,4.5,3.3,1.7,7.2,3.9,12.5,28.1,-0.6743,0.6097,0.0284,-0.145,-0.0772,0.1094,0.2172,0.2737
5.4,4.7,4.3,3.7,4.7,15.8,19.3,37.3,32.6,0.0679,0.4925,0.1968,-0.4477,0.2113,-0.4478,-0.032,-0.4935
5.4,3.3,2.7,2.3,4.2,3.3,17.9,12.8,18.9,0.0672,0.3453,0.2413,0.5039,0.2593,-0.408,-0.2966,0.4778
5.4,2.0,1.6,2.2,4.5,7.4,10.8,28.0,32.9,-0.1427,0.6666,0.1028,-0.4268,0.4974,-0.1158,0.1655,-0.1239
5.4,2.8,4.8,2.5,1.9,16.4,9.2,15.6,20.4,-0.0057,0.34,0.0284,0.1274,0.1793,0.0132,-0.8862,-0.0703
5.4,1.4,3.2,4.6,4.7,4.0,7.8,20.5,27.3,-0.4847,0.3967,0.0047,0.0069,-0.0046,-0.007,0.485,0.5974
5.4,4.6,2.1,4.5,3.1,5.5,12.7,23.9,34.6,-0.1065,0.3942,0.1946,-0.3186,0.4989,0.0427,0.6402,-0.0621
5.4,1.2,4.7,3.2,3.4,2.7,10.6,26.1,33.9,0.1182,0.6464,0.625,-0.2449,0.0166,0.2048,-0.1603,0.0921
5.4,3.9,4.6,3.8,3.0,7.6,7.6,41.9,10.0,-0.6817,0.5132,0.0001,0.0033,0.0007,-0.0028,0.2739,0.3948
5.4,3.5,3.6,4.9,4.8,15.8,5.2,22.2,33.7,-0.2429,0.1438,0.0629,0.1031,0.3381,0.6805,0.3903,-0.2626
5.4,4.8,4.4,2.9,3.1,14.4,12.2,16.5,22.1,0.2554,0.49,0.1787,0.2737,0.4266,-0.1733,-0.551,0.2259
5.4,4.5,3.1,3.5,1.2,22.0,13.3,42.3,26.6,0.038,0.3421,0.1585,-0.0248,0.2364,-0.1445,-0.8631,-0.004
5.4,3.9,4.0,2.6,2.8,2.3,2.8,38.6,29.9,-0.0366,0.3726,0.0932,-0.4121,0.0951,-0.4135,-0.4472,-0.5283
5.4,2.8,1.2,4.0,2.0,18.5,7.6,25.9,29.7,-0.0535,-0.0757,0.1588,-0.0593,0.2208,0.0774,0.918,-0.1911
5.4,4.7,2.0,4.3,4.0,20.0,11.9,21.1,44.0,-0.0654,0.4985,-0.3965,-0.0467,0.4273,0.034,0.4646,0.4097
5.4,2.1,1.7,2.2,4.8,16.0,14.7,39.8,28.7,0.2801,0.7228,0.3915,-0.0886,0.3941,-0.0908,-0.1772,-0.1562
5.4,4.7,3.1,3.6,2.6,11.7,19.0,8.5,36.5,0.1351,0.6136,0.0993,-0.5758,-0.306,-0.2801,-0.1956,-0.1768
5.4,1.3,3.8,4.4,4.5,21.2,19.6,22.8,31.1,0.0043,0.3093,-0.0386,-0.2476,-0.125,0.5051,0.6376,0.3712
5.4,2.9,4.2,2.2,4.1,4.9,3.9,35.6,38.6,-0.0658,0.3092,-0.4096,0.3641,-0.447,-0.4993,-0.057,0.1469
5.4,1.5,3.9,4.3,4.5,5.5,11.5,12.2,38.2,-0.2044,-0.0371,-0.1982,-0.4551,-0.2231,0.2689,-0.5087,0.5551
5.4,2.9,3.3,3.4,1.8,6.7,12.3,12.3,33.6,-0.5031,0.5923,0.1692,-0.3561,-0.3532,0.1883,0.0241,0.2447
5.4,2.4,3.7,3.6,2.3,18.0,18.0,29.9,22.7,0.1888,-0.1138,0.4459,0.0379,-0.2406,0.6924,0.4141,-0.0723
5.4,4.4,2.6,4.3,2.5,17.6,2.5,8.2,34.7,-0.1797,0.3754,0.2166,-0.4851,-0.5401,-0.054,-0.4762,0.0181
5.4,5.0,3.8,4.0,3.8,21.5,16.7,39.1,35.0,-0.1492,0.5257,-0.0612,-0.3248,-0.358,-0.3414,-0.4245,-0.3687
5.4,2.1,3.8,1.1,4.3,3.5,21.1,10.9,36.8,0.2864,0.4199,-0.3091,-0.3986,-0.1193,0.4754,-0.1213,0.4562
5.4,3.8,2.6,3.5,3.1,13.4,4.7,41.1,24.3,0.6551,0.5518,0.2417,0.1051,0.3636,-0.0852,0.0354,-0.1885
5.4,1.8,4.4,4.5,3.3,9.8,19.9,8.6,35.7,-0.1633,0.6654,0.1732,-0.5122,-0.3413,-0.2358,-0.1556,-0.1348
5.4,1.2,1.8,2.9,3.0,14.3,3.8,30.6,28.3,-0.158,-0.0418,0.3563,-0.1674,0.4913,0.4397,0.5838,0.0921
5.4,1.3,3.5,2.9,1.5,10.0,10.3,15.4,38.2,0.3729,0.8468,0.2641,-0.1274,0.0677,-0.0685,0.0885,-0.0805
5.4,3.0,4.8,3.4,4.9,3.0,2.2,4.4,4.8,0.2569,0.5392,-0.4468,-0.0456,-0.5154,0.0032,-0.2954,-0.2871
5.4,2.4,1.8,3.3,2.7,16.7,11.8,29.1,36.1,0.0158,0.3216,0.0543,-0.5693,0.4638,0.1442,0.5285,0.157
5.4,4.9,4.2,4.0,1.9,8.0,21.9,4.7,39.7,0.2915,0.5188,-0.0156,-0.0011,-0.0013,-0.0299,-0.6824,0.3966
5.4,3.4,2.0,1.5,3.0,13.8,15.5,7.0,21.7,0.601,0.3437,0.0297,0.5226,0.1801,0.3253,-0.1444,-0.269
5.4,4.3,1.6,2.0,3.0,18.2,2.2,34.4,12.3,-0.0269,0.5286,-0.2774,0.2917,-0.5248,0.2173,0.2661,-0.3796
5.4,3.4,3.2,3.2,2.7,17.3,2.3,30.7,23.8,0.1261,-0.2235,0.3942,-0.072,0.1203,0.7245,0.4056,0.1641
5.4,4.8,2.8,1.5,2.7,10.7,12.7,19.0,13.5,0.5105,0.6787,-0.3579,-0.0289,0.2773,0.0892,0.2094,-0.0109
5.4,1.9,2.7,4.8,3.1,16.5,8.5,20.1,13.4,-0.3537,0.6111,0.0277,-0.0083,0.2049,0.1635,0.5566,0.3109
5.4,3.8,4.7,4.3,1.4,8.0,12.6,21.3,24.4,0.026,0.8083,-0.0067,0.0023,0.0089,-0.0036,0.5639,-0.029
5.4,1.8,4.6,4.1,2.9,16.4,20.7,38.4,12.8,-0.0617,0.2779,-0.1296,0.3546,-0.1453,0.3619,-0.4512,-0.629
5.4,2.2,3.1,4.4,2.7,6.2,5.5,6.3,33.0,-0.4307,0.0854,0.3656,-0.1426,-0.5099,-0.041,-0.3361,0.5052
5.4,1.5,3.8,4.1,1.8,19.1,11.1,43.9,43.8,0.0177,-0.0226,-0.1357,-0.2476,-0.2787,0.0615,-0.8897,0.1135
5.4,2.4,2.6,1.3,3.1,18.1,11.9,38.0,5.6,0.3993,0.1682,-0.0277,-0.3502,-0.1311,-0.3399,0.002,-0.7171
5.4,3.7,1.7,1.6,4.9,21.3,5.2,33.2,43.6,-0.0909,0.3375,-0.2028,0.5199,-0.6109,-0.2075,0.2943,0.0749
5.4,2.7,3.0,3.2,2.9,11.3,15.8,12.1,22.2,0.3204,0.6505,0.1941,0.4127,0.4392,-0.0534,-0.2335,0.0166
5.4,2.0,1.1,2.4,3.3,19.2,2.1,8.6,9.7,0.2275,-0.17,-0.4516,0.0457,-0.0987,0.7717,-0.2934,0.0772
5.4,1.0,1.4,2.4,4.6,5.3,10.8,14.9,19.8,0.0375,0.2444,0.1243,0.4425,0.3073,-0.3152,-0.507,0.5056
5.4,4.1,4.4,1.1,1.0,14.1,7.1,25.6,9.8,0.8792,0.3985,-0.0885,0.04,-0.0281,-0.0235,-0.0879,0.1943
5.4,4.8,2.6,2.5,3.0,16.2,4.2,13.0,42.8,0.5303,-0.0853,-0.5362,0.0741,0.1044,0.5128,-0.0386,-0.3146
5.4,3.3,2.9,3.6,4.7,2.7,13.1,27.0,32.7,-0.1499,0.285,0.3763,-0.5502,0.448,0.3517,0.2379,0.2073
5.4,2.8,1.1,2.9,4.2,8.9,3.9,28.5,39.2,0.0557,0.9424,0.0085,-0.2368,0.192,0.0547,0.0157,0.0103
5.4,4.7,1.1,1.9,4.8,3.4,17.1,40.1,38.9,0.0984,0.6515,-0.3636,-0.1158,-0.3662,-0.112,-0.4794,-0.1548
5.4,1.6,4.6,1.4,1.1,6.5,21.5,11.0,21.4,-0.3005,0.2286,0.4329,-0.3699,-0.4526,-0.4895,0.0994,0.1666
5.4,3.7,1.5,2.9,4.8,21.5,4.4,27.5,10.1,-0.3046,-0.0527,-0.3449,0.1347,-0.4787,-0.5699,0.3418,-0.2587
5.4,2.1,3.2,2.8,2.2,11.3,4.8,40.1,20.0,0.2658,0.8484,0.1652,0.2157,0.3019,0.1234,-0.1111,-0.0565
5.4,3.7,2.4,3.0,2.7,16.7,18.5,28.4,36.1,0.0491,0.4565,-0.0458,-0.5466,0.4928,-0.0472,0.4645,-0.0554
5.4,4.6,3.6,2.0,2.1,15.2,11.5,25.7,15.2,0.0346,0.4019,-0.6418,-0.1617,-0.1133,-0.409,-0.1992,-0.3644
5.4,4.3,1.2,3.5,1.3,15.4,8.4,22.5,16.7,0.1744,0.6508,-0.0409,-0.0024,-0.0636,-0.0215,0.6416,-0.2096
5.4,1.2,3.1,2.9,4.0,17.7,15.1,43.1,22.7,0.2003,0.388,0.2863,0.3697,0.4988,0.0961,-0.5231,-0.1911
5.4,3.0,2.9,4.0,4.4,14.0,7.1,15.6,40.4,0.0227,-0.0041,-0.1021,0.1277,0.1753,0.1126,-0.8015,-0.4656
5.4,1.9,4.8,2.9,4.8,19.9,5.5,12.5,39.2,0.5639,0.3754,-0.6087,0.0229,0.0678,0.293,0.1289,-0.1289
5.4,2.4,3.2,4.9,4.4,3.3,2.3,39.0,27.0,-0.0823,0.2921,0.1974,-0.2978,0.2407,-0.321,-0.4655,-0.6156
5.4,4.1,2.3,1.6,1.1,10.8,20.1,24.1,35.1,0.4859,0.6225,0.4312,0.1693,0.0759,0.3211,-0.0914,-0.0879
5.4,2.4,3.8,3.6,4.8,14.9,17.6,43.9,4.1,0.2838,0.4755,-0.258,-0.4343,-0.51,-0.0371,-0.3937,-0.0743
5.4,3.4,1.3,3.1,3.2,3.4,19.9,35.5,20.3,-0.2356,0.232,0.2701,-0.03,0.3966,0.7068,-0.0411,-0.2428
5.4,1.1,3.3,2.5,4.9,4.9,5.7,19.9,42.7,0.1641,0.347,-0.2949,0.31,0.3179,-0.3119,-0.1539,0.6471
5.4,2.7,3.5,2.9,2.4,12.4,2.6,40.5,25.6,0.5981,0.5945,0.2869,0.1146,0.374,0.0284,-0.0013,-0.187
5.4,1.5,1.7,1.3,4.8,15.4,4.4,38.9,42.5,0.2067,0.7859,-0.2248,0.0433,-0.436,0.0508,0.139,-0.1403
5.4,1.5,4.7,4.9,4.3,20.8,9.7,23.7,25.7,-0.0731,0.2907,0.0525,0.2108,-0.2602,-0.0708,0.824,0.3002
5.4,2.9,3.9,3.8,2.9,2.2,14.6,11.0,30.7,-0.5044,0.1263,0.4024,-0.239,-0.5047,-0.3835,-0.1656,0.2481
5.4,4.9,1.2,1.6,3.8,11.7,20.4,36.1,29.4,0.6148,0.6102,0.4088,-0.1014,0.1401,0.0893,-0.1387,0.068
5.4,1.2,4.7,4.9,2.6,14.2,15.1,5.3,35.3,-0.2363,0.3978,0.3308,-0.4609,-0.2498,-0.4775,-0.063,-0.3698
5.4,4.7,4.3,2.5,3.8,14.4,2.7,19.5,17.8,0.2105,0.582,0.0428,0.4724,-0.0018,-0.4823,0.0419,0.3802
5.4,2.7,1.6,1.1,1.6,3.9,10.2,26.3,5.3,0.1401,0.2671,-0.1017,-0.1032,0.1699,-0.0808,0.8206,-0.3956
5.4,4.8,4.9,2.7,2.3,11.4,21.8,23.9,5.4,0.4763,0.8412,-0.109,-0.0858,0.1911,0.0043,0.0116,0.0194
5.4,1.6,2.7,4.0,3.1,16.0,12.4,21.8,38.3,0.192,0.316,-0.0053,-0.5013,0.1797,0.4286,0.1935,0.5792
5.4,2.2,1.9,2.7,2.5,17.6,16.2,20.5,35.4,0.3299,0.1302,0.0104,-0.203,-0.1119,0.7739,0.2701,0.1346
5.4,1.0,2.8,2.8,4.6,6.5,11.4,11.2,42.0,-0.3171,0.0055,-0.3428,-0.3087,-0.0812,0.2976,-0.2104,0.7218
5.4,3.2,4.7,2.8,4.3,16.0,16.5,17.0,38.8,0.257,0.4295,-0.2683,-0.4133,-0.1666,0.4817,-0.1435,0.4503
5.4,1.2,1.8,2.4,1.6,4.9,13.7,34.1,11.9,-0.3989,0.5739,-0.3299,0.0943,-0.4228,0.0657,-0.1989,-0.3936
5.4,1.2,3.7,3.6,3.0,17.8,15.7,7.4,32.4,-0.2562,0.0071,0.5212,-0.2183,-0.3474,-0.6607,-0.1642,0.006
5.4,3.2,1.0,4.8,2.1,13.2,14.8,11.3,18.0,-0.1141,0.4731,-0.1352,0.5212,0.4988,0.0107,-0.4558,0.0214
